# E(MeV)  S_NSDRNSDR(K=0) for _U249_DDPCX
-3.96266000 4.03013000e-01
-3.93266000 6.11686000e-01
-3.90266000 7.17648000e-01
-3.87266000 5.33112000e-01
-3.84266000 3.67817000e-01
-3.81266000 2.85681000e-01
-3.78266000 2.46802000e-01
-3.75266000 2.28259000e-01
-3.72266000 2.20014000e-01
-3.69266000 2.17514000e-01
-3.66266000 2.18544000e-01
-3.63266000 2.21952000e-01
-3.60266000 2.27116000e-01
-3.57266000 2.33694000e-01
-3.54266000 2.41503000e-01
-3.48517000 2.59673000e-01
-3.45517000 2.70848000e-01
-3.42517000 2.83275000e-01
-3.39517000 2.97076000e-01
-3.36517000 3.12417000e-01
-3.33517000 3.29515000e-01
-3.30517000 3.48646000e-01
-3.27517000 3.70162000e-01
-3.24517000 3.94512000e-01
-3.21517000 4.22273000e-01
-3.18517000 4.54193000e-01
-3.15517000 4.91255000e-01
-3.12517000 5.34771000e-01
-3.09517000 5.86522000e-01
-3.06517000 6.48977000e-01
-3.00768000 8.12675000e-01
-2.97768000 9.32954000e-01
-2.94768000 1.09086000e+00
-2.91768000 1.30486000e+00
-2.88768000 1.60625000e+00
-2.85768000 2.05113000e+00
-2.82768000 2.74704000e+00
-2.79768000 3.91661000e+00
-2.76768000 6.05636000e+00
-2.73768000 1.02821000e+01
-2.70768000 1.80879000e+01
-2.67768000 2.39440000e+01
-2.64768000 1.73951000e+01
-2.61768000 9.92314000e+00
-2.58768000 5.98388000e+00
-2.53018000 3.01725000e+00
-2.50018000 2.38316000e+00
-2.47018000 2.00586000e+00
-2.44018000 1.77946000e+00
-2.41018000 1.65047000e+00
-2.38018000 1.59179000e+00
-2.35018000 1.59242000e+00
-2.32018000 1.65579000e+00
-2.29018000 1.80579000e+00
-2.26018000 2.08048000e+00
-2.23018000 2.34678000e+00
-2.20018000 2.33169000e+00
-2.17018000 2.33247000e+00
-2.14018000 2.48339000e+00
-2.11018000 2.76277000e+00
-2.05269000 3.68470000e+00
-2.02269000 4.45656000e+00
-1.99269000 5.55884000e+00
-1.96269000 7.19567000e+00
-1.93269000 9.76166000e+00
-1.90269000 1.40721000e+01
-1.87269000 2.17943000e+01
-1.84269000 3.48642000e+01
-1.81269000 5.22672000e+01
-1.78269000 8.10379000e+01
-1.75269000 1.04389000e+02
-1.72269000 7.58811000e+01
-1.69269000 4.26635000e+01
-1.66269000 2.49481000e+01
-1.63269000 1.59563000e+01
-1.57520000 8.30913000e+00
-1.54520000 6.39440000e+00
-1.51520000 5.12595000e+00
-1.48520000 4.25400000e+00
-1.45520000 3.64001000e+00
-1.42520000 3.20333000e+00
-1.39520000 2.89559000e+00
-1.36520000 2.68779000e+00
-1.33520000 2.56373000e+00
-1.30520000 2.51688000e+00
-1.27520000 2.54971000e+00
-1.24520000 2.67523000e+00
-1.21520000 2.92193000e+00
-1.18520000 3.34473000e+00
-1.15520000 4.04928000e+00
-1.09770000 7.16378000e+00
-1.06770000 1.10793000e+01
-1.03770000 1.89487000e+01
-1.00770000 3.18115000e+01
-0.97770300 3.48219000e+01
-0.94770300 2.22357000e+01
-0.91770300 1.27482000e+01
-0.88770300 7.95630000e+00
-0.85770300 5.46140000e+00
-0.82770300 4.05790000e+00
-0.79770300 3.21739000e+00
-0.76770300 2.68797000e+00
-0.73770300 2.34418000e+00
-0.70770300 2.12006000e+00
-0.67770300 1.97965000e+00
-0.62021000 1.88040000e+00
-0.59021000 1.89925000e+00
-0.56021000 1.96954000e+00
-0.53021000 2.10239000e+00
-0.50021000 2.31566000e+00
-0.47021000 2.64912000e+00
-0.44021000 3.17420000e+00
-0.41021000 4.02437000e+00
-0.38021000 5.44265000e+00
-0.35021000 8.01022000e+00
-0.32021000 1.31200000e+01
-0.29021000 2.23304000e+01
-0.26021000 2.80660000e+01
-0.23021000 2.02932000e+01
-0.20021000 1.29465000e+01
-0.14271700 1.01029000e+01
-0.11271700 9.56634000e+00
-0.08271650 7.06097000e+00
-0.05271650 5.14112000e+00
-0.02271650 4.16816000e+00
0.00728348 3.79884000e+00
0.03728350 3.84313000e+00
0.06728350 4.33008000e+00
0.09728350 5.50349000e+00
0.12728300 7.58708000e+00
0.15728300 8.91196000e+00
0.18728300 7.33064000e+00
0.21728300 5.93940000e+00
0.24728300 5.70160000e+00
0.27728300 6.44609000e+00
0.33477700 1.16891000e+01
0.36477700 1.41414000e+01
0.39477700 1.25437000e+01
0.42477700 1.18264000e+01
0.45477700 1.37454000e+01
0.48477700 1.91109000e+01
0.51477700 3.06892000e+01
0.54477700 5.14777000e+01
0.57477700 6.24439000e+01
0.60477700 4.36953000e+01
0.63477700 2.67776000e+01
0.66477700 1.86870000e+01
0.69477700 1.55595000e+01
0.72477700 1.54666000e+01
0.75477700 1.79862000e+01
