# E(MeV)  S_NSDRNSDR(Total=K0+2*K1) for _U249_DDPCX
-3.96266000 1.37017700e+00
-3.93266000 1.73229200e+00
-3.90266000 2.05308400e+00
-3.87266000 2.11635400e+00
-3.84266000 2.21528100e+00
-3.81266000 2.55050100e+00
-3.78266000 3.21004200e+00
-3.75266000 4.38961900e+00
-3.72266000 6.58181400e+00
-3.69266000 1.09279340e+01
-3.66266000 1.90969840e+01
-3.63266000 2.59953520e+01
-3.60266000 1.95128760e+01
-3.57266000 1.12279140e+01
-3.54266000 6.78798300e+00
-3.48517000 3.43539300e+00
-3.45517000 2.70824800e+00
-3.42517000 2.26279500e+00
-3.39517000 1.97850400e+00
-3.36517000 1.79305500e+00
-3.33517000 1.67208900e+00
-3.30517000 1.59570200e+00
-3.27517000 1.55196400e+00
-3.24517000 1.53363600e+00
-3.21517000 1.53643900e+00
-3.18517000 1.55811500e+00
-3.15517000 1.59795900e+00
-3.12517000 1.65662900e+00
-3.09517000 1.73620600e+00
-3.06517000 1.84047700e+00
-3.00768000 2.13440900e+00
-2.97768000 2.35963000e+00
-2.94768000 2.66146400e+00
-2.91768000 3.07789800e+00
-2.88768000 3.67499000e+00
-2.85768000 4.57459000e+00
-2.82768000 6.01812000e+00
-2.79768000 8.52239000e+00
-2.76768000 1.32539200e+01
-2.73768000 2.24848200e+01
-2.70768000 3.57788200e+01
-2.67768000 3.86616600e+01
-2.64768000 2.62733600e+01
-2.61768000 1.55145600e+01
-2.58768000 9.95614000e+00
-2.53018000 5.72595000e+00
-2.50018000 4.82872000e+00
-2.47018000 4.31536000e+00
-2.44018000 4.03670000e+00
-2.41018000 3.91803000e+00
-2.38018000 3.92359000e+00
-2.35018000 4.04254000e+00
-2.32018000 4.28711000e+00
-2.29018000 4.70157000e+00
-2.26018000 5.36432000e+00
-2.23018000 6.22182000e+00
-2.20018000 7.16039000e+00
-2.17018000 8.82811000e+00
-2.14018000 1.21158900e+01
-2.11018000 1.71591500e+01
-2.05269000 1.67238200e+01
-2.02269000 1.69466800e+01
-1.99269000 2.12626000e+01
-1.96269000 3.10024700e+01
-1.93269000 4.15282600e+01
-1.90269000 3.94785000e+01
-1.87269000 3.80476400e+01
-1.84269000 4.63418600e+01
-1.81269000 6.16558400e+01
-1.78269000 8.97002400e+01
-1.75269000 1.13144160e+02
-1.72269000 8.53853600e+01
-1.69269000 5.36310000e+01
-1.66269000 3.83668400e+01
-1.63269000 3.34360800e+01
-1.57520000 4.43707300e+01
-1.54520000 6.67742000e+01
-1.51520000 1.09908350e+02
-1.48520000 1.43346600e+02
-1.45520000 1.14024610e+02
-1.42520000 6.97029300e+01
-1.39520000 4.30639900e+01
-1.36520000 2.97091900e+01
-1.33520000 2.28871300e+01
-1.30520000 1.94011000e+01
-1.27520000 1.79015100e+01
-1.24520000 1.78924300e+01
-1.21520000 1.94003900e+01
-1.18520000 2.30084500e+01
-1.15520000 3.00746800e+01
-1.09770000 6.00273800e+01
-1.06770000 8.43185000e+01
-1.03770000 9.23765000e+01
-1.00770000 1.05177100e+02
-0.97770300 1.07719100e+02
-0.94770300 8.08861000e+01
-0.91770300 6.72690000e+01
-0.88770300 7.68333000e+01
-0.85770300 1.09089000e+02
-0.82770300 1.23591100e+02
-0.79770300 8.50013900e+01
-0.76770300 5.17047700e+01
-0.73770300 3.47261800e+01
-0.70770300 2.64104600e+01
-0.67770300 2.22378500e+01
-0.62021000 1.85034000e+01
-0.59021000 1.83322300e+01
-0.56021000 1.93148600e+01
-0.53021000 2.16825900e+01
-0.50021000 2.60120600e+01
-0.47021000 3.37959200e+01
-0.44021000 4.52244000e+01
-0.41021000 5.68139700e+01
-0.38021000 7.79106500e+01
-0.35021000 1.24065420e+02
-0.32021000 1.98405400e+02
-0.29021000 2.23896400e+02
-0.26021000 1.62965800e+02
-0.23021000 1.03860000e+02
-0.20021000 7.36063000e+01
-0.14271700 7.09079000e+01
-0.11271700 9.13853400e+01
-0.08271650 1.06711370e+02
-0.05271650 8.69073200e+01
-0.02271650 6.84511600e+01
0.00728348 6.04232400e+01
0.03728350 6.12045300e+01
0.06728350 7.85674800e+01
0.09728350 1.11288890e+02
0.12728300 1.17004680e+02
0.15728300 9.26811600e+01
0.18728300 6.57294400e+01
0.21728300 4.67800000e+01
0.24728300 3.82158000e+01
0.27728300 3.63654900e+01
0.33477700 4.90677000e+01
0.36477700 6.47792000e+01
0.39477700 8.31607000e+01
0.42477700 9.50496000e+01
0.45477700 1.12601000e+02
0.48477700 1.58012100e+02
0.51477700 1.86350600e+02
0.54477700 1.79830700e+02
0.57477700 1.90227500e+02
0.60477700 1.86871700e+02
0.63477700 1.39704600e+02
0.66477700 9.25286000e+01
0.69477700 6.79915000e+01
0.72477700 5.81860000e+01
0.75477700 5.56098000e+01
