# E(MeV)  S_GAMTGAMT(K=1) for _U249_DDPCX
-3.96266000 5.48620000e-03
-3.93266000 4.97610000e-03
-3.90266000 4.65809000e-03
-3.87266000 4.46392000e-03
-3.84266000 4.36358000e-03
-3.81266000 4.31650000e-03
-3.78266000 4.29734000e-03
-3.75266000 4.29378000e-03
-3.72266000 4.29964000e-03
-3.69266000 4.31161000e-03
-3.66266000 4.32778000e-03
-3.63266000 4.34700000e-03
-3.60266000 4.36856000e-03
-3.57266000 4.39199000e-03
-3.54266000 4.41699000e-03
-3.48517000 4.46862000e-03
-3.45517000 4.49729000e-03
-3.42517000 4.52708000e-03
-3.39517000 4.55798000e-03
-3.36517000 4.58999000e-03
-3.33517000 4.62314000e-03
-3.30517000 4.65748000e-03
-3.27517000 4.69308000e-03
-3.24517000 4.73004000e-03
-3.21517000 4.76845000e-03
-3.18517000 4.80846000e-03
-3.15517000 4.85023000e-03
-3.12517000 4.89395000e-03
-3.09517000 4.93986000e-03
-3.06517000 4.98825000e-03
-3.00768000 5.08926000e-03
-2.97768000 5.14717000e-03
-2.94768000 5.20946000e-03
-2.91768000 5.27692000e-03
-2.88768000 5.35059000e-03
-2.85768000 5.43177000e-03
-2.82768000 5.52217000e-03
-2.79768000 5.62406000e-03
-2.76768000 5.74047000e-03
-2.73768000 5.87559000e-03
-2.70768000 6.03529000e-03
-2.67768000 6.22804000e-03
-2.64768000 6.46643000e-03
-2.61768000 6.76981000e-03
-2.58768000 7.16929000e-03
-2.53018000 8.42885000e-03
-2.50018000 9.59628000e-03
-2.47018000 1.15184000e-02
-2.44018000 1.49763000e-02
-2.41018000 2.16315000e-02
-2.38018000 3.26202000e-02
-2.35018000 3.78621000e-02
-2.32018000 3.35763000e-02
-2.29018000 3.20838000e-02
-2.26018000 3.22943000e-02
-2.23018000 3.38197000e-02
-2.20018000 2.76327000e-02
-2.17018000 1.89501000e-02
-2.14018000 1.38777000e-02
-2.11018000 1.12387000e-02
-2.05269000 8.98288000e-03
-2.02269000 8.42981000e-03
-1.99269000 8.07897000e-03
-1.96269000 7.85706000e-03
-1.93269000 7.72341000e-03
-1.90269000 7.65463000e-03
-1.87269000 7.63746000e-03
-1.84269000 7.66517000e-03
-1.81269000 7.73605000e-03
-1.78269000 7.85319000e-03
-1.75269000 8.02556000e-03
-1.72269000 8.27095000e-03
-1.69269000 8.61698000e-03
-1.66269000 9.08384000e-03
-1.63269000 9.73630000e-03
-1.57520000 1.22917000e-02
-1.54520000 1.52261000e-02
-1.51520000 2.09303000e-02
-1.48520000 3.19313000e-02
-1.45520000 4.38520000e-02
-1.42520000 3.71792000e-02
-1.39520000 2.44421000e-02
-1.36520000 1.72942000e-02
-1.33520000 1.37674000e-02
-1.30520000 1.19369000e-02
-1.27520000 1.09340000e-02
-1.24520000 1.03759000e-02
-1.21520000 1.00851000e-02
-1.18520000 9.97995000e-03
-1.15520000 1.00348000e-02
-1.09770000 1.06928000e-02
-1.06770000 1.11960000e-02
-1.03770000 1.15916000e-02
-1.00770000 1.24882000e-02
-0.97770300 1.44813000e-02
-0.94770300 1.76575000e-02
-0.91770300 1.83222000e-02
-0.88770300 1.58026000e-02
-0.85770300 1.42847000e-02
-0.82770300 1.40424000e-02
-0.79770300 1.47065000e-02
-0.76770300 1.59789000e-02
-0.73770300 1.71036000e-02
-0.70770300 1.87658000e-02
-0.67770300 2.19960000e-02
-0.62021000 3.44854000e-02
-0.59021000 5.04216000e-02
-0.56021000 7.92221000e-02
-0.53021000 9.49964000e-02
-0.50021000 7.04704000e-02
-0.47021000 4.79918000e-02
-0.44021000 3.87002000e-02
-0.41021000 3.80520000e-02
-0.38021000 4.25331000e-02
-0.35021000 4.39435000e-02
-0.32021000 4.33786000e-02
-0.29021000 5.02610000e-02
-0.26021000 6.73258000e-02
-0.23021000 7.48440000e-02
-0.20021000 6.24927000e-02
-0.14271700 5.38861000e-02
-0.11271700 4.08836000e-02
-0.08271650 3.09980000e-02
-0.05271650 2.53772000e-02
-0.02271650 2.19325000e-02
0.00728348 2.00910000e-02
0.03728350 1.93361000e-02
0.06728350 1.93263000e-02
0.09728350 1.94246000e-02
0.12728300 1.93454000e-02
0.15728300 1.97154000e-02
0.18728300 2.07174000e-02
0.21728300 2.24275000e-02
0.24728300 2.51437000e-02
0.27728300 2.97788000e-02
0.33477700 5.26643000e-02
0.36477700 8.18134000e-02
0.39477700 1.17321000e-01
0.42477700 1.04825000e-01
0.45477700 6.87157000e-02
0.48477700 4.68386000e-02
0.51477700 3.56474000e-02
0.54477700 2.99783000e-02
0.57477700 2.70879000e-02
0.60477700 2.56665000e-02
0.63477700 2.52760000e-02
0.66477700 2.58987000e-02
0.69477700 2.76206000e-02
0.72477700 2.96018000e-02
0.75477700 2.99962000e-02
