# E(MeV)  S_NSDRNSDR(K=1) for _U297_DDPCX
-15.64440000 2.82153000e-01
-15.61440000 2.67323000e-01
-15.58440000 2.59620000e-01
-15.55440000 2.57035000e-01
-15.52440000 2.56892000e-01
-15.49440000 2.57962000e-01
-15.46440000 2.59705000e-01
-15.43440000 2.61868000e-01
-15.40440000 2.64327000e-01
-15.37440000 2.67014000e-01
-15.34440000 2.69897000e-01
-15.31440000 2.72959000e-01
-15.28440000 2.76193000e-01
-15.25440000 2.79600000e-01
-15.22440000 2.83186000e-01
-15.19440000 2.86959000e-01
-15.16440000 2.90932000e-01
-15.13440000 2.95122000e-01
-15.10440000 2.99547000e-01
-15.07440000 3.04231000e-01
-15.04440000 3.09201000e-01
-15.01440000 3.14489000e-01
-14.98440000 3.20131000e-01
-14.95440000 3.26173000e-01
-14.92440000 3.32668000e-01
-14.89440000 3.39677000e-01
-14.86440000 3.47277000e-01
-14.83440000 3.55559000e-01
-14.80440000 3.64635000e-01
-14.77440000 3.74645000e-01
-14.74440000 3.85764000e-01
-14.71440000 3.98216000e-01
-14.68440000 4.12294000e-01
-14.65440000 4.28395000e-01
-14.62440000 4.47018000e-01
-14.59440000 4.68550000e-01
-14.56440000 4.93749000e-01
-14.53440000 5.24204000e-01
-14.50440000 5.61766000e-01
-14.47440000 6.09122000e-01
-14.44440000 6.70511000e-01
-14.41440000 7.52884000e-01
-14.38440000 8.68239000e-01
-14.35440000 1.03862000e+00
-14.32440000 1.30759000e+00
-14.29440000 1.76848000e+00
-14.26440000 2.63338000e+00
-14.23440000 4.33098000e+00
-14.20440000 6.79880000e+00
-14.17440000 6.73385000e+00
-14.14440000 4.36356000e+00
-14.11440000 2.84659000e+00
-14.08440000 2.15435000e+00
-14.05440000 1.88025000e+00
-13.99880000 1.93486000e+00
-13.96880000 2.23307000e+00
-13.93880000 2.79915000e+00
-13.90880000 3.80466000e+00
-13.87880000 5.71234000e+00
-13.84880000 9.57303000e+00
-13.81880000 1.65186000e+01
-13.78880000 2.05146000e+01
-13.75880000 1.41727000e+01
-13.72880000 8.07819000e+00
-13.69880000 4.92128000e+00
-13.66880000 3.31895000e+00
-13.63880000 2.44482000e+00
-13.60880000 1.93761000e+00
-13.57880000 1.63727000e+00
-13.54880000 1.48310000e+00
-13.51880000 1.42767000e+00
-13.48880000 1.31055000e+00
-13.45880000 1.14663000e+00
-13.42880000 1.05032000e+00
-13.39880000 1.02057000e+00
-13.36880000 1.04296000e+00
-13.33880000 1.07167000e+00
-13.30880000 1.10885000e+00
-13.27880000 1.10242000e+00
-13.24880000 1.07510000e+00
-13.21880000 1.14343000e+00
-13.18880000 1.33273000e+00
-13.15880000 1.51586000e+00
-13.12880000 1.55254000e+00
-13.09880000 1.58394000e+00
-13.06880000 1.41744000e+00
-13.03880000 1.25296000e+00
-13.00880000 1.21394000e+00
-12.97880000 1.17920000e+00
-12.94880000 1.12819000e+00
-12.91880000 1.12506000e+00
-12.88880000 1.16590000e+00
-12.85880000 1.23499000e+00
-12.82880000 1.32590000e+00
-12.79880000 1.45978000e+00
-12.76880000 1.62358000e+00
-12.73880000 1.80257000e+00
-12.70880000 2.06881000e+00
-12.67880000 2.49625000e+00
-12.64880000 3.20717000e+00
-12.61880000 4.47916000e+00
-12.58880000 6.77950000e+00
-12.55880000 9.33172000e+00
-12.52880000 8.97272000e+00
-12.49880000 8.26382000e+00
-12.46880000 9.60786000e+00
-12.43880000 1.38332000e+01
-12.40880000 2.26142000e+01
-12.35310000 3.03129000e+01
-12.32310000 2.30136000e+01
-12.29310000 2.09030000e+01
-12.26310000 2.38954000e+01
-12.23310000 2.23247000e+01
-12.20310000 1.49150000e+01
-12.17310000 9.77013000e+00
-12.14310000 6.75979000e+00
-12.11310000 5.21697000e+00
-12.08310000 4.39488000e+00
-12.05310000 3.81156000e+00
-12.02310000 3.33814000e+00
-11.99310000 2.87267000e+00
-11.96310000 2.63807000e+00
-11.93310000 2.44687000e+00
-11.90310000 2.10937000e+00
-11.87310000 1.86819000e+00
-11.84310000 1.73379000e+00
-11.81310000 1.63924000e+00
-11.78310000 1.59002000e+00
-11.75310000 1.59475000e+00
-11.72310000 1.63808000e+00
-11.69310000 1.62509000e+00
-11.66310000 1.58514000e+00
-11.63310000 1.60076000e+00
-11.60310000 1.68663000e+00
-11.57310000 1.86453000e+00
-11.54310000 2.09941000e+00
-11.51310000 2.19914000e+00
-11.48310000 2.29840000e+00
-11.45310000 2.64133000e+00
-11.42310000 2.93125000e+00
-11.39310000 2.65539000e+00
-11.36310000 2.36991000e+00
-11.33310000 2.29077000e+00
-11.30310000 2.35203000e+00
-11.27310000 2.48946000e+00
-11.24310000 2.63256000e+00
-11.21310000 2.81725000e+00
-11.18310000 3.10789000e+00
-11.15310000 3.55249000e+00
-11.12310000 4.17703000e+00
-11.09310000 4.81832000e+00
-11.06310000 5.50003000e+00
-11.03310000 6.53439000e+00
-11.00310000 8.33392000e+00
-10.97310000 1.15849000e+01
-10.94310000 1.77419000e+01
-10.91310000 2.76125000e+01
-10.88310000 3.28158000e+01
-10.85310000 2.75500000e+01
-10.82310000 2.29057000e+01
-10.79310000 2.38195000e+01
-10.76310000 3.07791000e+01
-10.70740000 7.01005000e+01
-10.67740000 1.10951000e+02
-10.64740000 1.29890000e+02
-10.61740000 8.81900000e+01
-10.58740000 5.01765000e+01
-10.55740000 3.05662000e+01
-10.52740000 2.05386000e+01
-10.49740000 1.50227000e+01
-10.46740000 1.18918000e+01
-10.43740000 1.00497000e+01
-10.40740000 8.92323000e+00
-10.37740000 8.26024000e+00
-10.34740000 7.56213000e+00
-10.31740000 7.14861000e+00
-10.28740000 7.21066000e+00
-10.25740000 7.70981000e+00
-10.22740000 8.54274000e+00
-10.19740000 9.85441000e+00
-10.16740000 1.18183000e+01
-10.13740000 1.40454000e+01
-10.10740000 1.76255000e+01
-10.07740000 2.47357000e+01
-10.04740000 3.35787000e+01
-10.01740000 4.25985000e+01
-9.98741000 6.38879000e+01
-9.95741000 9.95927000e+01
-9.92741000 1.06570000e+02
-9.89741000 7.80406000e+01
-9.86741000 4.88031000e+01
-9.83741000 3.16857000e+01
-9.80741000 2.44753000e+01
-9.77741000 2.03866000e+01
-9.74741000 1.48711000e+01
-9.71741000 1.07637000e+01
-9.68741000 8.38519000e+00
-9.65741000 6.99501000e+00
-9.62741000 6.14000000e+00
-9.59741000 5.48496000e+00
-9.56741000 4.99480000e+00
-9.53741000 4.72634000e+00
-9.50741000 4.67237000e+00
-9.47741000 4.85160000e+00
-9.44741000 5.28697000e+00
-9.41741000 5.97476000e+00
-9.38741000 6.88034000e+00
-9.35741000 8.23208000e+00
-9.32741000 1.11577000e+01
-9.29741000 1.55827000e+01
-9.26741000 1.97082000e+01
-9.23741000 1.88687000e+01
-9.20741000 1.32536000e+01
-9.17741000 9.16629000e+00
-9.14741000 7.03906000e+00
-9.11741000 5.92543000e+00
-9.06174000 5.62484000e+00
-9.03174000 5.82718000e+00
-9.00174000 6.01800000e+00
-8.97174000 6.82511000e+00
-8.94174000 8.76559000e+00
-8.91174000 1.27431000e+01
-8.88174000 1.78414000e+01
-8.85174000 1.67662000e+01
-8.82174000 1.27144000e+01
-8.79174000 1.03345000e+01
-8.76174000 9.47084000e+00
-8.73174000 1.04647000e+01
-8.70174000 1.33672000e+01
-8.67174000 1.50582000e+01
-8.64174000 1.33281000e+01
-8.61174000 1.30831000e+01
-8.58174000 1.60925000e+01
-8.55174000 2.19046000e+01
-8.52174000 2.43247000e+01
-8.49174000 2.20121000e+01
-8.46174000 1.98557000e+01
-8.43174000 2.12596000e+01
-8.40174000 2.14621000e+01
-8.37174000 1.84041000e+01
-8.34174000 1.77155000e+01
-8.31174000 2.07967000e+01
-8.28174000 2.86950000e+01
-8.25174000 4.02240000e+01
-8.22174000 4.87387000e+01
-8.19174000 5.05335000e+01
-8.16174000 3.94244000e+01
-8.13174000 3.16158000e+01
-8.10174000 3.13974000e+01
-8.07174000 3.79642000e+01
-8.04174000 5.43654000e+01
-8.01174000 8.91203000e+01
-7.98174000 1.40146000e+02
-7.95174000 1.41925000e+02
-7.92174000 9.38469000e+01
-7.89174000 5.70874000e+01
-7.86174000 3.72681000e+01
-7.83174000 2.73263000e+01
-7.80174000 2.23964000e+01
-7.77174000 2.04199000e+01
-7.74174000 2.07677000e+01
-7.71174000 2.34354000e+01
-7.68174000 2.82347000e+01
-7.65174000 3.36460000e+01
-7.62174000 4.26667000e+01
-7.59174000 5.33812000e+01
-7.56174000 4.93677000e+01
-7.53174000 4.02859000e+01
-7.50174000 3.99292000e+01
-7.47174000 4.91454000e+01
-7.41607000 1.04400000e+02
-7.38607000 1.26898000e+02
-7.35607000 1.01473000e+02
-7.32607000 6.77004000e+01
-7.29607000 4.93977000e+01
-7.26607000 4.09325000e+01
-7.23607000 3.82261000e+01
-7.20607000 3.80084000e+01
-7.17607000 4.03444000e+01
-7.14607000 4.55657000e+01
-7.11607000 5.47910000e+01
-7.08607000 7.28429000e+01
-7.05607000 9.40633000e+01
-7.02607000 1.02728000e+02
-6.99607000 9.12788000e+01
-6.96607000 8.24492000e+01
-6.93607000 8.43114000e+01
-6.90607000 9.93536000e+01
-6.87607000 1.28035000e+02
-6.84607000 1.83609000e+02
-6.81607000 2.69590000e+02
-6.78607000 3.55121000e+02
-6.75607000 3.28052000e+02
-6.72607000 2.17992000e+02
-6.69607000 1.36873000e+02
-6.66607000 9.33749000e+01
-6.63607000 7.26267000e+01
-6.60607000 6.53827000e+01
-6.57607000 6.89296000e+01
-6.54607000 8.32854000e+01
-6.51607000 1.08842000e+02
-6.48607000 1.35888000e+02
-6.45607000 1.36195000e+02
-6.42607000 1.44419000e+02
-6.39607000 1.92017000e+02
-6.36607000 2.38725000e+02
-6.33607000 2.38603000e+02
-6.30607000 1.92218000e+02
-6.27607000 1.32478000e+02
-6.24607000 9.90975000e+01
-6.21607000 8.74840000e+01
-6.18607000 9.34933000e+01
-6.15607000 1.14990000e+02
-6.12607000 1.49171000e+02
-6.09607000 1.55242000e+02
-6.06607000 1.40897000e+02
-6.03607000 1.15874000e+02
-6.00607000 9.34237000e+01
-5.97607000 8.61025000e+01
-5.94607000 9.47636000e+01
-5.91607000 1.13740000e+02
-5.88607000 1.34955000e+02
-5.85607000 1.83711000e+02
-5.82607000 2.47882000e+02
-5.77041000 2.72220000e+02
-5.74041000 3.11288000e+02
-5.71041000 2.99515000e+02
-5.68041000 2.39588000e+02
-5.65041000 1.85403000e+02
-5.62041000 1.47888000e+02
-5.59041000 1.17998000e+02
-5.56041000 1.08052000e+02
-5.53041000 1.12204000e+02
-5.50041000 1.34553000e+02
-5.47041000 1.69907000e+02
-5.44041000 2.15002000e+02
-5.41041000 2.29211000e+02
-5.38041000 1.96951000e+02
-5.35041000 1.53334000e+02
-5.32041000 1.20493000e+02
-5.29041000 9.68552000e+01
-5.26041000 8.25153000e+01
-5.23041000 7.63752000e+01
-5.20041000 8.07461000e+01
-5.17041000 9.77840000e+01
-5.14041000 1.17764000e+02
-5.11041000 1.44310000e+02
-5.08041000 1.84246000e+02
-5.05041000 2.30201000e+02
-5.02041000 2.61556000e+02
-4.99041000 3.13479000e+02
-4.96041000 4.17590000e+02
-4.93041000 4.00532000e+02
-4.90041000 2.96225000e+02
-4.87041000 2.55504000e+02
-4.84041000 2.77664000e+02
-4.81041000 2.45477000e+02
-4.78041000 1.61936000e+02
-4.75041000 1.08841000e+02
-4.72041000 8.42589000e+01
-4.69041000 7.39172000e+01
-4.66041000 6.48442000e+01
-4.63041000 5.86919000e+01
-4.60041000 6.07797000e+01
-4.57041000 7.26461000e+01
-4.54041000 8.98380000e+01
-4.51041000 1.10562000e+02
-4.48041000 1.43234000e+02
-4.45041000 1.64626000e+02
-4.42041000 1.79370000e+02
-4.39041000 1.97756000e+02
-4.36041000 2.02862000e+02
-4.33041000 1.75509000e+02
-4.30041000 1.30643000e+02
-4.27041000 9.75148000e+01
-4.24041000 8.59681000e+01
-4.21041000 9.06160000e+01
-4.18041000 1.06977000e+02
-4.12474000 9.95163000e+01
-4.09474000 8.35945000e+01
-4.06474000 6.97609000e+01
-4.03474000 5.99175000e+01
-4.00474000 5.55626000e+01
-3.97474000 5.79125000e+01
-3.94474000 5.76588000e+01
-3.91474000 5.79049000e+01
-3.88474000 7.04757000e+01
-3.85474000 8.90260000e+01
-3.82474000 8.79053000e+01
-3.79474000 7.84297000e+01
-3.76474000 8.36082000e+01
-3.73474000 8.98723000e+01
-3.70474000 8.97990000e+01
-3.67474000 9.00541000e+01
-3.64474000 1.03537000e+02
-3.61474000 1.12834000e+02
-3.58474000 9.82003000e+01
-3.55474000 8.54982000e+01
-3.52474000 6.76073000e+01
-3.49474000 5.28969000e+01
-3.46474000 5.03744000e+01
-3.43474000 5.59691000e+01
-3.40474000 5.89039000e+01
-3.37474000 6.16411000e+01
-3.34474000 6.81347000e+01
-3.31474000 6.70351000e+01
-3.28474000 6.13106000e+01
-3.25474000 5.49791000e+01
-3.22474000 4.82004000e+01
-3.19474000 4.25306000e+01
-3.16474000 4.27933000e+01
-3.13474000 4.68176000e+01
-3.10474000 5.11840000e+01
-3.07474000 6.19599000e+01
-3.04474000 8.78817000e+01
-3.01474000 1.13614000e+02
-2.98474000 1.02683000e+02
-2.95474000 7.52048000e+01
-2.92474000 6.13807000e+01
-2.89474000 5.14918000e+01
-2.86474000 4.14214000e+01
-2.83474000 3.44795000e+01
-2.80474000 3.29780000e+01
-2.77474000 3.66054000e+01
-2.74474000 4.44463000e+01
-2.71474000 5.81870000e+01
-2.68474000 8.43755000e+01
-2.65474000 1.30699000e+02
-2.62474000 1.57679000e+02
-2.59474000 1.28406000e+02
-2.56474000 1.14509000e+02
-2.53474000 1.15978000e+02
-2.47907000 6.66587000e+01
-2.44907000 4.55491000e+01
-2.41907000 3.21517000e+01
-2.38907000 2.52176000e+01
-2.35907000 2.23774000e+01
-2.32907000 2.27894000e+01
-2.29907000 2.67989000e+01
-2.26907000 3.60989000e+01
-2.23907000 5.02756000e+01
-2.20907000 5.02989000e+01
-2.17907000 3.59143000e+01
-2.14907000 2.74438000e+01
-2.11907000 2.65379000e+01
-2.08907000 2.72439000e+01
-2.05907000 2.32632000e+01
-2.02907000 1.97487000e+01
-1.99907000 1.64661000e+01
-1.96907000 1.35843000e+01
-1.93907000 1.20169000e+01
-1.90907000 1.14611000e+01
-1.87907000 1.23025000e+01
-1.84907000 1.46756000e+01
-1.81907000 1.74328000e+01
-1.78907000 1.97159000e+01
-1.75907000 2.42631000e+01
-1.72907000 2.96800000e+01
-1.69907000 2.66890000e+01
-1.66907000 2.11199000e+01
-1.63907000 1.89133000e+01
-1.60907000 1.83414000e+01
-1.57907000 1.88644000e+01
-1.54907000 1.94207000e+01
-1.51907000 2.14958000e+01
-1.48907000 2.76946000e+01
-1.45907000 3.57428000e+01
-1.42907000 3.31673000e+01
-1.39907000 2.49340000e+01
-1.36907000 2.13162000e+01
-1.33907000 2.35471000e+01
-1.30907000 2.80179000e+01
-1.27907000 2.55328000e+01
-1.24907000 2.04963000e+01
-1.21907000 1.87948000e+01
-1.18907000 1.94728000e+01
-1.15907000 2.32300000e+01
-1.12907000 3.02667000e+01
-1.09907000 3.49211000e+01
-1.06907000 3.51167000e+01
-1.03907000 2.84470000e+01
-1.00907000 2.18847000e+01
-0.97906800 1.85442000e+01
-0.94906800 1.50806000e+01
-0.91906800 1.17428000e+01
-0.88906800 9.69001000e+00
-0.83339900 8.92108000e+00
-0.80339900 9.95480000e+00
-0.77339900 1.19789000e+01
-0.74339900 1.49309000e+01
-0.71339900 1.91124000e+01
-0.68339900 2.01600000e+01
-0.65339900 1.66785000e+01
-0.62339900 1.45817000e+01
-0.59339900 1.56924000e+01
-0.56339900 2.00016000e+01
-0.53339900 2.43993000e+01
-0.50339900 2.44548000e+01
-0.47339900 2.71774000e+01
-0.44339900 3.62527000e+01
-0.41339900 5.40240000e+01
-0.38339900 6.57378000e+01
-0.35339900 5.01516000e+01
-0.32339900 3.40004000e+01
-0.29339900 2.56485000e+01
-0.26339900 2.35415000e+01
-0.23339900 2.48033000e+01
-0.20339900 2.37407000e+01
-0.17339900 1.93914000e+01
-0.14339900 1.78092000e+01
-0.11339900 1.91334000e+01
-0.08339900 1.97150000e+01
-0.05339900 2.04294000e+01
-0.02339900 1.89831000e+01
0.00660104 1.62198000e+01
0.03660100 1.54239000e+01
0.06660100 1.69940000e+01
0.09660100 2.16447000e+01
0.12660100 3.15765000e+01
0.15660100 5.15430000e+01
0.18660100 7.57838000e+01
0.21660100 7.39575000e+01
0.24660100 5.59864000e+01
0.27660100 3.81138000e+01
0.30660100 2.71036000e+01
0.33660100 2.22934000e+01
0.36660100 2.18927000e+01
0.39660100 2.16532000e+01
0.42660100 1.79519000e+01
0.45660100 1.53200000e+01
0.48660100 1.55858000e+01
0.51660100 1.61416000e+01
0.54660100 1.51984000e+01
0.57660100 1.61486000e+01
0.60660100 2.11902000e+01
0.63660100 3.13651000e+01
0.66660100 3.98822000e+01
0.69660100 3.17507000e+01
0.72660100 2.04514000e+01
0.75660100 1.44401000e+01
