# E(MeV)  S_GAMTGAMT(K=1) for _U297_DDPCX
-15.64440000 2.96671000e-03
-15.61440000 2.97746000e-03
-15.58440000 2.98830000e-03
-15.55440000 2.99923000e-03
-15.52440000 3.01025000e-03
-15.49440000 3.02138000e-03
-15.46440000 3.03262000e-03
-15.43440000 3.04397000e-03
-15.40440000 3.05545000e-03
-15.37440000 3.06705000e-03
-15.34440000 3.07879000e-03
-15.31440000 3.09067000e-03
-15.28440000 3.10271000e-03
-15.25440000 3.11492000e-03
-15.22440000 3.12730000e-03
-15.19440000 3.13987000e-03
-15.16440000 3.15264000e-03
-15.13440000 3.16563000e-03
-15.10440000 3.17886000e-03
-15.07440000 3.19235000e-03
-15.04440000 3.20614000e-03
-15.01440000 3.22025000e-03
-14.98440000 3.23471000e-03
-14.95440000 3.24958000e-03
-14.92440000 3.26490000e-03
-14.89440000 3.28076000e-03
-14.86440000 3.29725000e-03
-14.83440000 3.31451000e-03
-14.80440000 3.33272000e-03
-14.77440000 3.35219000e-03
-14.74440000 3.37339000e-03
-14.71440000 3.39715000e-03
-14.68440000 3.42505000e-03
-14.65440000 3.46031000e-03
-14.62440000 3.51015000e-03
-14.59440000 3.59004000e-03
-14.56440000 3.71034000e-03
-14.53440000 3.76626000e-03
-14.50440000 3.69953000e-03
-14.47440000 3.65427000e-03
-14.44440000 3.64834000e-03
-14.41440000 3.66419000e-03
-14.38440000 3.69301000e-03
-14.35440000 3.73191000e-03
-14.32440000 3.78095000e-03
-14.29440000 3.84237000e-03
-14.26440000 3.92093000e-03
-14.23440000 4.02572000e-03
-14.20440000 4.17445000e-03
-14.17440000 4.40430000e-03
-14.14440000 4.79857000e-03
-14.11440000 5.53200000e-03
-14.08440000 6.67078000e-03
-14.05440000 6.96174000e-03
-13.99880000 5.56147000e-03
-13.96880000 5.38356000e-03
-13.93880000 5.50883000e-03
-13.90880000 5.88342000e-03
-13.87880000 6.50541000e-03
-13.84880000 7.54233000e-03
-13.81880000 9.13028000e-03
-13.78880000 1.14856000e-02
-13.75880000 1.63362000e-02
-13.72880000 2.45951000e-02
-13.69880000 2.69507000e-02
-13.66880000 1.93801000e-02
-13.63880000 1.39485000e-02
-13.60880000 1.20153000e-02
-13.57880000 1.25321000e-02
-13.54880000 1.57667000e-02
-13.51880000 2.29622000e-02
-13.48880000 2.93986000e-02
-13.45880000 2.41675000e-02
-13.42880000 1.75101000e-02
-13.39880000 1.28012000e-02
-13.36880000 9.59920000e-03
-13.33880000 7.87100000e-03
-13.30880000 6.91293000e-03
-13.27880000 6.34756000e-03
-13.24880000 5.93776000e-03
-13.21880000 5.69849000e-03
-13.18880000 5.67872000e-03
-13.15880000 5.93879000e-03
-13.12880000 6.32440000e-03
-13.09880000 6.11212000e-03
-13.06880000 5.67217000e-03
-13.03880000 5.35237000e-03
-13.00880000 5.17287000e-03
-12.97880000 5.13202000e-03
-12.94880000 5.21180000e-03
-12.91880000 5.43526000e-03
-12.88880000 5.75271000e-03
-12.85880000 5.91076000e-03
-12.82880000 6.13262000e-03
-12.79880000 6.79889000e-03
-12.76880000 7.44592000e-03
-12.73880000 7.03559000e-03
-12.70880000 6.61968000e-03
-12.67880000 6.76994000e-03
-12.64880000 7.50802000e-03
-12.61880000 8.57085000e-03
-12.58880000 8.84538000e-03
-12.55880000 8.22438000e-03
-12.52880000 8.13830000e-03
-12.49880000 8.80718000e-03
-12.46880000 1.03789000e-02
-12.43880000 1.34255000e-02
-12.40880000 1.74472000e-02
-12.35310000 2.72463000e-02
-12.32310000 2.98713000e-02
-12.29310000 2.21454000e-02
-12.26310000 1.59189000e-02
-12.23310000 1.34641000e-02
-12.20310000 1.30934000e-02
-12.17310000 1.41482000e-02
-12.14310000 1.39674000e-02
-12.11310000 1.25226000e-02
-12.08310000 1.22510000e-02
-12.05310000 1.28360000e-02
-12.02310000 1.42416000e-02
-11.99310000 1.76628000e-02
-11.96310000 2.43940000e-02
-11.93310000 2.80707000e-02
-11.90310000 2.41425000e-02
-11.87310000 2.14491000e-02
-11.84310000 1.96721000e-02
-11.81310000 1.78975000e-02
-11.78310000 1.74976000e-02
-11.75310000 2.05231000e-02
-11.72310000 2.27087000e-02
-11.69310000 1.87010000e-02
-11.66310000 1.37012000e-02
-11.63310000 1.07295000e-02
-11.60310000 9.22428000e-03
-11.57310000 8.59349000e-03
-11.54310000 8.58525000e-03
-11.51310000 9.10078000e-03
-11.48310000 1.02183000e-02
-11.45310000 1.19918000e-02
-11.42310000 1.36840000e-02
-11.39310000 1.39190000e-02
-11.36310000 1.20953000e-02
-11.33310000 1.02346000e-02
-11.30310000 9.54854000e-03
-11.27310000 9.89129000e-03
-11.24310000 1.00868000e-02
-11.21310000 9.45995000e-03
-11.18310000 9.20972000e-03
-11.15310000 9.84388000e-03
-11.12310000 1.12278000e-02
-11.09310000 1.23801000e-02
-11.06310000 1.34764000e-02
-11.03310000 1.49530000e-02
-11.00310000 1.75677000e-02
-10.97310000 2.29373000e-02
-10.94310000 2.70534000e-02
-10.91310000 2.24838000e-02
-10.88310000 1.68665000e-02
-10.85310000 1.38975000e-02
-10.82310000 1.26239000e-02
-10.79310000 1.12818000e-02
-10.76310000 1.02958000e-02
-10.70740000 8.89518000e-03
-10.67740000 8.85925000e-03
-10.64740000 9.41035000e-03
-10.61740000 1.07459000e-02
-10.58740000 1.24841000e-02
-10.55740000 1.36026000e-02
-10.52740000 1.54478000e-02
-10.49740000 1.85924000e-02
-10.46740000 2.25158000e-02
-10.43740000 2.46599000e-02
-10.40740000 1.96708000e-02
-10.37740000 1.47082000e-02
-10.34740000 1.20250000e-02
-10.31740000 1.09035000e-02
-10.28740000 1.09951000e-02
-10.25740000 1.19824000e-02
-10.22740000 1.18023000e-02
-10.19740000 1.00482000e-02
-10.16740000 8.89639000e-03
-10.13740000 8.28213000e-03
-10.10740000 7.84261000e-03
-10.07740000 7.62205000e-03
-10.04740000 7.56943000e-03
-10.01740000 7.67751000e-03
-9.98741000 7.96304000e-03
-9.95741000 8.33094000e-03
-9.92741000 8.60432000e-03
-9.89741000 8.87030000e-03
-9.86741000 9.21254000e-03
-9.83741000 1.00528000e-02
-9.80741000 1.18045000e-02
-9.77741000 1.39086000e-02
-9.74741000 1.46874000e-02
-9.71741000 1.33932000e-02
-9.68741000 1.27521000e-02
-9.65741000 1.36527000e-02
-9.62741000 1.55661000e-02
-9.59741000 1.76584000e-02
-9.56741000 1.84510000e-02
-9.53741000 1.58747000e-02
-9.50741000 1.36394000e-02
-9.47741000 1.31371000e-02
-9.44741000 1.42098000e-02
-9.41741000 1.56986000e-02
-9.38741000 1.50679000e-02
-9.35741000 1.46132000e-02
-9.32741000 1.59871000e-02
-9.29741000 1.84105000e-02
-9.26741000 2.17134000e-02
-9.23741000 2.31586000e-02
-9.20741000 2.40193000e-02
-9.17741000 2.89671000e-02
-9.14741000 3.48776000e-02
-9.11741000 3.29895000e-02
-9.06174000 2.32263000e-02
-9.03174000 2.13251000e-02
-9.00174000 1.82739000e-02
-8.97174000 1.57955000e-02
-8.94174000 1.49529000e-02
-8.91174000 1.45826000e-02
-8.88174000 1.37278000e-02
-8.85174000 1.28736000e-02
-8.82174000 1.28079000e-02
-8.79174000 1.38158000e-02
-8.76174000 1.63948000e-02
-8.73174000 2.05421000e-02
-8.70174000 2.35987000e-02
-8.67174000 2.21580000e-02
-8.64174000 1.76131000e-02
-8.61174000 1.49766000e-02
-8.58174000 1.42671000e-02
-8.55174000 1.50792000e-02
-8.52174000 1.77788000e-02
-8.49174000 2.21308000e-02
-8.46174000 2.26491000e-02
-8.43174000 1.89449000e-02
-8.40174000 1.65259000e-02
-8.37174000 1.58718000e-02
-8.34174000 1.68141000e-02
-8.31174000 1.95631000e-02
-8.28174000 2.50495000e-02
-8.25174000 3.45105000e-02
-8.22174000 4.31437000e-02
-8.19174000 3.76043000e-02
-8.16174000 2.86066000e-02
-8.13174000 2.42129000e-02
-8.10174000 2.38514000e-02
-8.07174000 2.72629000e-02
-8.04174000 3.17173000e-02
-8.01174000 3.29393000e-02
-7.98174000 3.31955000e-02
-7.95174000 3.10901000e-02
-7.92174000 3.18934000e-02
-7.89174000 3.27595000e-02
-7.86174000 2.91798000e-02
-7.83174000 2.58231000e-02
-7.80174000 2.35181000e-02
-7.77174000 2.06386000e-02
-7.74174000 1.89728000e-02
-7.71174000 1.87690000e-02
-7.68174000 1.98635000e-02
-7.65174000 2.13586000e-02
-7.62174000 2.32016000e-02
-7.59174000 2.55498000e-02
-7.56174000 3.00886000e-02
-7.53174000 3.87577000e-02
-7.50174000 4.99770000e-02
-7.47174000 6.55160000e-02
-7.41607000 1.00995000e-01
-7.38607000 8.22612000e-02
-7.35607000 6.06083000e-02
-7.32607000 5.34762000e-02
-7.29607000 6.10755000e-02
-7.26607000 7.69777000e-02
-7.23607000 7.49765000e-02
-7.20607000 5.67771000e-02
-7.17607000 4.17615000e-02
-7.14607000 3.47879000e-02
-7.11607000 3.26427000e-02
-7.08607000 3.05416000e-02
-7.05607000 2.92814000e-02
-7.02607000 2.98814000e-02
-6.99607000 3.27410000e-02
-6.96607000 3.98688000e-02
-6.93607000 5.56317000e-02
-6.90607000 8.60848000e-02
-6.87607000 1.12744000e-01
-6.84607000 9.47456000e-02
-6.81607000 6.64579000e-02
-6.78607000 4.70018000e-02
-6.75607000 3.59447000e-02
-6.72607000 3.06325000e-02
-6.69607000 2.87290000e-02
-6.66607000 2.95413000e-02
-6.63607000 3.36981000e-02
-6.60607000 4.15742000e-02
-6.57607000 4.77690000e-02
-6.54607000 4.41752000e-02
-6.51607000 4.14660000e-02
-6.48607000 4.17464000e-02
-6.45607000 3.69807000e-02
-6.42607000 3.24782000e-02
-6.39607000 3.13778000e-02
-6.36607000 3.35365000e-02
-6.33607000 3.58500000e-02
-6.30607000 3.65931000e-02
-6.27607000 3.73578000e-02
-6.24607000 3.89461000e-02
-6.21607000 4.44013000e-02
-6.18607000 5.62881000e-02
-6.15607000 7.86021000e-02
-6.12607000 1.09706000e-01
-6.09607000 1.33836000e-01
-6.06607000 1.34698000e-01
-6.03607000 1.33059000e-01
-6.00607000 1.26163000e-01
-5.97607000 1.09348000e-01
-5.94607000 8.33195000e-02
-5.91607000 6.70119000e-02
-5.88607000 6.05907000e-02
-5.85607000 6.18787000e-02
-5.82607000 6.22424000e-02
-5.77041000 5.52268000e-02
-5.74041000 6.14818000e-02
-5.71041000 6.26402000e-02
-5.68041000 5.55971000e-02
-5.65041000 5.37731000e-02
-5.62041000 5.97785000e-02
-5.59041000 7.15699000e-02
-5.56041000 7.56928000e-02
-5.53041000 7.15990000e-02
-5.50041000 7.57594000e-02
-5.47041000 8.90341000e-02
-5.44041000 1.06191000e-01
-5.41041000 1.41485000e-01
-5.38041000 1.86233000e-01
-5.35041000 1.77958000e-01
-5.32041000 1.41137000e-01
-5.29041000 1.09998000e-01
-5.26041000 9.29686000e-02
-5.23041000 8.71281000e-02
-5.20041000 8.46275000e-02
-5.17041000 8.40379000e-02
-5.14041000 9.30783000e-02
-5.11041000 1.05261000e-01
-5.08041000 9.76439000e-02
-5.05041000 8.05737000e-02
-5.02041000 7.18590000e-02
-4.99041000 7.05028000e-02
-4.96041000 7.56135000e-02
-4.93041000 8.83837000e-02
-4.90041000 1.18222000e-01
-4.87041000 1.74963000e-01
-4.84041000 2.14924000e-01
-4.81041000 1.70423000e-01
-4.78041000 1.22613000e-01
-4.75041000 1.02104000e-01
-4.72041000 9.30531000e-02
-4.69041000 8.95633000e-02
-4.66041000 9.27828000e-02
-4.63041000 9.60568000e-02
-4.60041000 8.81850000e-02
-4.57041000 8.52769000e-02
-4.54041000 9.46603000e-02
-4.51041000 1.16672000e-01
-4.48041000 1.37994000e-01
-4.45041000 1.29861000e-01
-4.42041000 1.13204000e-01
-4.39041000 1.02371000e-01
-4.36041000 1.03222000e-01
-4.33041000 1.14916000e-01
-4.30041000 1.19665000e-01
-4.27041000 1.17236000e-01
-4.24041000 1.24047000e-01
-4.21041000 1.48696000e-01
-4.18041000 1.98953000e-01
-4.12474000 2.09370000e-01
-4.09474000 1.74337000e-01
-4.06474000 1.61252000e-01
-4.03474000 1.64518000e-01
-4.00474000 1.78420000e-01
-3.97474000 1.94192000e-01
-3.94474000 2.16014000e-01
-3.91474000 2.53277000e-01
-3.88474000 3.19985000e-01
-3.85474000 4.41644000e-01
-3.82474000 6.53130000e-01
-3.79474000 9.00735000e-01
-3.76474000 8.89574000e-01
-3.73474000 7.79224000e-01
-3.70474000 8.01815000e-01
-3.67474000 9.93551000e-01
-3.64474000 1.42202000e+00
-3.61474000 2.05544000e+00
-3.58474000 2.62537000e+00
-3.55474000 2.73634000e+00
-3.52474000 1.99705000e+00
-3.49474000 1.31501000e+00
-3.46474000 9.72974000e-01
-3.43474000 8.67579000e-01
-3.40474000 9.16542000e-01
-3.37474000 1.04349000e+00
-3.34474000 1.31812000e+00
-3.31474000 1.87547000e+00
-3.28474000 2.81486000e+00
-3.25474000 3.78681000e+00
-3.22474000 3.45686000e+00
-3.19474000 2.35187000e+00
-3.16474000 1.59421000e+00
-3.13474000 1.13576000e+00
-3.10474000 8.61573000e-01
-3.07474000 7.10764000e-01
-3.04474000 6.58833000e-01
-3.01474000 7.00934000e-01
-2.98474000 8.61623000e-01
-2.95474000 1.22985000e+00
-2.92474000 1.68305000e+00
-2.89474000 1.57711000e+00
-2.86474000 1.18712000e+00
-2.83474000 8.80617000e-01
-2.80474000 7.31837000e-01
-2.77474000 6.94551000e-01
-2.74474000 7.60537000e-01
-2.71474000 9.63401000e-01
-2.68474000 1.39638000e+00
-2.65474000 2.15513000e+00
-2.62474000 3.10123000e+00
-2.59474000 3.82766000e+00
-2.56474000 3.45862000e+00
-2.53474000 2.79917000e+00
-2.47907000 1.48942000e+00
-2.44907000 1.17627000e+00
-2.41907000 1.12136000e+00
-2.38907000 1.12157000e+00
-2.35907000 1.06515000e+00
-2.32907000 1.06469000e+00
-2.29907000 1.11471000e+00
-2.26907000 1.16951000e+00
-2.23907000 1.10663000e+00
-2.20907000 9.25559000e-01
-2.17907000 7.07064000e-01
-2.14907000 5.52818000e-01
-2.11907000 5.02092000e-01
-2.08907000 5.09859000e-01
-2.05907000 5.03827000e-01
-2.02907000 5.21864000e-01
-1.99907000 6.23023000e-01
-1.96907000 8.48336000e-01
-1.93907000 1.20307000e+00
-1.90907000 1.39442000e+00
-1.87907000 1.27862000e+00
-1.84907000 1.28829000e+00
-1.81907000 1.69037000e+00
-1.78907000 2.62972000e+00
-1.75907000 3.60558000e+00
-1.72907000 2.99060000e+00
-1.69907000 1.91323000e+00
-1.66907000 1.28155000e+00
-1.63907000 9.09552000e-01
-1.60907000 6.53320000e-01
-1.57907000 5.00188000e-01
-1.54907000 4.14579000e-01
-1.51907000 3.76523000e-01
-1.48907000 3.76282000e-01
-1.45907000 3.98583000e-01
-1.42907000 4.25742000e-01
-1.39907000 4.05123000e-01
-1.36907000 3.45351000e-01
-1.33907000 2.81895000e-01
-1.30907000 2.41326000e-01
-1.27907000 2.28288000e-01
-1.24907000 2.37173000e-01
-1.21907000 2.47163000e-01
-1.18907000 2.45985000e-01
-1.15907000 2.51709000e-01
-1.12907000 2.71881000e-01
-1.09907000 2.92114000e-01
-1.06907000 3.31668000e-01
-1.03907000 4.08511000e-01
-1.00907000 5.46458000e-01
-0.97906800 8.06997000e-01
-0.94906800 1.26207000e+00
-0.91906800 1.65737000e+00
-0.88906800 1.84479000e+00
-0.83339900 2.17632000e+00
-0.80339900 1.52489000e+00
-0.77339900 1.08258000e+00
-0.74339900 7.85122000e-01
-0.71339900 5.94938000e-01
-0.68339900 4.60505000e-01
-0.65339900 3.47284000e-01
-0.62339900 2.74912000e-01
-0.59339900 2.34686000e-01
-0.56339900 2.14773000e-01
-0.53339900 2.14361000e-01
-0.50339900 2.31596000e-01
-0.47339900 2.48157000e-01
-0.44339900 2.49876000e-01
-0.41339900 2.32419000e-01
-0.38339900 2.28393000e-01
-0.35339900 2.28911000e-01
-0.32339900 2.07955000e-01
-0.29339900 1.82209000e-01
-0.26339900 1.59088000e-01
-0.23339900 1.48447000e-01
-0.20339900 1.50016000e-01
-0.17339900 1.57098000e-01
-0.14339900 1.67243000e-01
-0.11339900 1.79112000e-01
-0.08339900 2.01500000e-01
-0.05339900 2.48697000e-01
-0.02339900 3.17147000e-01
0.00660104 3.35985000e-01
0.03660100 3.13997000e-01
0.06660100 3.19893000e-01
0.09660100 3.42089000e-01
0.12660100 3.81285000e-01
0.15660100 4.67421000e-01
0.18660100 4.88779000e-01
0.21660100 4.35105000e-01
0.24660100 4.24373000e-01
0.27660100 4.78267000e-01
0.30660100 5.84766000e-01
0.33660100 5.88189000e-01
0.36660100 5.44310000e-01
0.39660100 5.12191000e-01
0.42660100 4.68368000e-01
0.45660100 4.53129000e-01
0.48660100 4.88257000e-01
0.51660100 5.57402000e-01
0.54660100 6.54414000e-01
0.57660100 7.63156000e-01
0.60660100 9.24902000e-01
0.63660100 1.18513000e+00
0.66660100 1.59533000e+00
0.69660100 1.91967000e+00
0.72660100 1.65710000e+00
0.75660100 1.22002000e+00
