# E(MeV)  S_NSDRNSDR(Total=K0+2*K1) for _U297_DDPCX
-15.64440000 7.96321000e-01
-15.61440000 7.92124000e-01
-15.58440000 8.25881000e-01
-15.55440000 9.07161000e-01
-15.52440000 9.56109000e-01
-15.49440000 8.82465000e-01
-15.46440000 8.14103000e-01
-15.43440000 7.82100000e-01
-15.40440000 7.69402000e-01
-15.37440000 7.65890000e-01
-15.34440000 7.67114000e-01
-15.31440000 7.71049000e-01
-15.28440000 7.76706000e-01
-15.25440000 7.83571000e-01
-15.22440000 7.91366000e-01
-15.19440000 7.99936000e-01
-15.16440000 8.09200000e-01
-15.13440000 8.19124000e-01
-15.10440000 8.29700000e-01
-15.07440000 8.40944000e-01
-15.04440000 8.52889000e-01
-15.01440000 8.65587000e-01
-14.98440000 8.79099000e-01
-14.95440000 8.93510000e-01
-14.92440000 9.08923000e-01
-14.89440000 9.25457000e-01
-14.86440000 9.43266000e-01
-14.83440000 9.62532000e-01
-14.80440000 9.83480000e-01
-14.77440000 1.00639200e+00
-14.74440000 1.03162200e+00
-14.71440000 1.05962100e+00
-14.68440000 1.09098000e+00
-14.65440000 1.12649800e+00
-14.62440000 1.16717900e+00
-14.59440000 1.21380400e+00
-14.56440000 1.26789900e+00
-14.53440000 1.33265000e+00
-14.50440000 1.41177100e+00
-14.47440000 1.51065000e+00
-14.44440000 1.63778000e+00
-14.41440000 1.80708400e+00
-14.38440000 2.04258100e+00
-14.35440000 2.38839000e+00
-14.32440000 2.93167500e+00
-14.29440000 3.85914900e+00
-14.26440000 5.59506100e+00
-14.23440000 8.99688600e+00
-14.20440000 1.39398000e+01
-14.17440000 1.38180290e+01
-14.14440000 9.08675200e+00
-14.11440000 6.06381500e+00
-14.08440000 4.69294800e+00
-14.05440000 4.16267000e+00
-13.99880000 4.33097300e+00
-13.96880000 4.99387700e+00
-13.93880000 6.25101900e+00
-13.90880000 8.43587100e+00
-13.87880000 1.22411790e+01
-13.84880000 1.98049050e+01
-13.81880000 3.35991180e+01
-13.78880000 4.15482890e+01
-13.75880000 2.88478910e+01
-13.72880000 1.66552860e+01
-13.69880000 1.03452210e+01
-13.66880000 7.14922200e+00
-13.63880000 5.41365000e+00
-13.60880000 4.41611200e+00
-13.57880000 3.83790000e+00
-13.54880000 3.56123500e+00
-13.51880000 3.49792300e+00
-13.48880000 3.32060700e+00
-13.45880000 3.01765400e+00
-13.42880000 2.85076900e+00
-13.39880000 2.85840900e+00
-13.36880000 3.01044100e+00
-13.33880000 3.16768000e+00
-13.30880000 3.31438000e+00
-13.27880000 3.28673000e+00
-13.24880000 3.21470000e+00
-13.21880000 3.40328000e+00
-13.18880000 3.89752000e+00
-13.15880000 4.39635000e+00
-13.12880000 4.46445000e+00
-13.09880000 4.52787000e+00
-13.06880000 4.16959000e+00
-13.03880000 3.80077000e+00
-13.00880000 3.73758000e+00
-12.97880000 3.72573000e+00
-12.94880000 3.71134000e+00
-12.91880000 3.81905000e+00
-12.88880000 4.04266000e+00
-12.85880000 4.35607000e+00
-12.82880000 4.75570000e+00
-12.79880000 5.29859000e+00
-12.76880000 5.98176000e+00
-12.73880000 6.81752000e+00
-12.70880000 8.03090000e+00
-12.67880000 9.92433000e+00
-12.64880000 1.28974900e+01
-12.61880000 1.69173900e+01
-12.58880000 2.27009500e+01
-12.55880000 3.01753400e+01
-12.52880000 3.41179400e+01
-12.49880000 4.16909400e+01
-12.46880000 6.24058200e+01
-12.43880000 1.02547100e+02
-12.40880000 1.36176200e+02
-12.35310000 9.90397000e+01
-12.32310000 6.96404000e+01
-12.29310000 5.82270000e+01
-12.26310000 6.06714000e+01
-12.23310000 5.59537000e+01
-12.20310000 4.08666000e+01
-12.17310000 3.14869600e+01
-12.14310000 2.78462800e+01
-12.11310000 2.95232400e+01
-12.08310000 3.72115600e+01
-12.05310000 5.46752200e+01
-12.02310000 8.80076800e+01
-11.99310000 1.14778340e+02
-11.96310000 8.63609400e+01
-11.93310000 5.08194400e+01
-11.90310000 3.12301400e+01
-11.87310000 2.12022800e+01
-11.84310000 1.57838800e+01
-11.81310000 1.26660400e+01
-11.78310000 1.09439800e+01
-11.75310000 1.01496200e+01
-11.72310000 9.73958000e+00
-11.69310000 9.11526000e+00
-11.66310000 8.86134000e+00
-11.63310000 8.78625000e+00
-11.60310000 7.82737000e+00
-11.57310000 7.13159000e+00
-11.54310000 6.97639000e+00
-11.51310000 6.79494000e+00
-11.48310000 6.74245000e+00
-11.45310000 7.25553000e+00
-11.42310000 7.71800000e+00
-11.39310000 7.09744000e+00
-11.36310000 6.51374000e+00
-11.33310000 6.42719000e+00
-11.30310000 6.73679000e+00
-11.27310000 7.16027000e+00
-11.24310000 7.35760000e+00
-11.21310000 7.73900000e+00
-11.18310000 8.65293000e+00
-11.15310000 1.03361400e+01
-11.12310000 1.23188900e+01
-11.09310000 1.29492300e+01
-11.06310000 1.34443400e+01
-11.03310000 1.50804300e+01
-11.00310000 1.85003300e+01
-10.97310000 2.49637600e+01
-10.94310000 3.73904300e+01
-10.91310000 5.74578700e+01
-10.88310000 6.85859100e+01
-10.85310000 5.94586300e+01
-10.82310000 5.14665900e+01
-10.79310000 5.22918600e+01
-10.76310000 6.47324100e+01
-10.70740000 1.42294860e+02
-10.67740000 2.23881380e+02
-10.64740000 2.61854390e+02
-10.61740000 1.78818600e+02
-10.58740000 1.03566470e+02
-10.55740000 6.50694500e+01
-10.52740000 4.45144400e+01
-10.49740000 3.28035000e+01
-10.46740000 2.62782300e+01
-10.43740000 2.26837700e+01
-10.40740000 2.08791100e+01
-10.37740000 2.04720300e+01
-10.34740000 2.01850000e+01
-10.31740000 1.95977900e+01
-10.28740000 1.98528100e+01
-10.25740000 2.22437300e+01
-10.22740000 2.75430800e+01
-10.19740000 3.57603200e+01
-10.16740000 3.94084000e+01
-10.13740000 3.81463000e+01
-10.10740000 4.15985400e+01
-10.07740000 5.40574900e+01
-10.04740000 7.09772500e+01
-10.01740000 8.88180400e+01
-9.98741000 1.31669680e+02
-9.95741000 2.04061410e+02
-9.92741000 2.20264690e+02
-9.89741000 1.66231800e+02
-9.86741000 1.06852270e+02
-9.83741000 6.93843600e+01
-9.80741000 5.30165400e+01
-9.77741000 4.38943500e+01
-9.74741000 3.24213600e+01
-9.71741000 2.40302800e+01
-9.68741000 1.92039200e+01
-9.65741000 1.64201100e+01
-9.62741000 1.47897800e+01
-9.59741000 1.36437000e+01
-9.56741000 1.27135600e+01
-9.53741000 1.20103700e+01
-9.50741000 1.17795700e+01
-9.47741000 1.21864200e+01
-9.44741000 1.32717900e+01
-9.41741000 1.50810200e+01
-9.38741000 1.77178100e+01
-9.35741000 2.20470100e+01
-9.32741000 3.06611800e+01
-9.29741000 4.10261000e+01
-9.26741000 4.78275400e+01
-9.23741000 4.41042400e+01
-9.20741000 3.13151200e+01
-9.17741000 2.24110600e+01
-9.14741000 1.79153100e+01
-9.11741000 1.55981800e+01
-9.06174000 1.45969000e+01
-9.03174000 1.49599400e+01
-9.00174000 1.54317900e+01
-8.97174000 1.72263300e+01
-8.94174000 2.12961400e+01
-8.91174000 2.94845400e+01
-8.88174000 4.00128500e+01
-8.85174000 3.83167800e+01
-8.82174000 3.08425900e+01
-8.79174000 2.69648300e+01
-8.76174000 2.65126900e+01
-8.73174000 3.04379500e+01
-8.70174000 3.93972000e+01
-8.67174000 4.83147000e+01
-8.64174000 5.53052000e+01
-8.61174000 7.47836000e+01
-8.58174000 1.02742600e+02
-8.55174000 1.03484300e+02
-8.52174000 8.67407000e+01
-8.49174000 7.06226000e+01
-8.46174000 6.17008000e+01
-8.43174000 6.51473000e+01
-8.40174000 7.20508000e+01
-8.37174000 7.69023000e+01
-8.34174000 7.54410000e+01
-8.31174000 7.15055000e+01
-8.28174000 7.92439000e+01
-8.25174000 9.75045000e+01
-8.22174000 1.12249200e+02
-8.19174000 1.15224600e+02
-8.16174000 9.34754000e+01
-8.13174000 7.92397000e+01
-8.10174000 8.14919000e+01
-8.07174000 9.95132000e+01
-8.04174000 1.41021500e+02
-8.01174000 2.22061100e+02
-7.98174000 3.31081200e+02
-7.95174000 3.46771200e+02
-7.92174000 2.77652700e+02
-7.89174000 2.35391800e+02
-7.86174000 1.92594200e+02
-7.83174000 1.46289200e+02
-7.80174000 1.29430000e+02
-7.77174000 1.41978800e+02
-7.74174000 1.91222400e+02
-7.71174000 2.93948800e+02
-7.68174000 3.87023400e+02
-7.65174000 3.31496000e+02
-7.62174000 2.49839400e+02
-7.59174000 2.20368400e+02
-7.56174000 1.94623700e+02
-7.53174000 1.71697800e+02
-7.50174000 1.82070400e+02
-7.47174000 2.21017800e+02
-7.41607000 3.23933000e+02
-7.38607000 3.95019000e+02
-7.35607000 4.17556000e+02
-7.32607000 4.20118800e+02
-7.29607000 3.16853400e+02
-7.26607000 2.09187000e+02
-7.23607000 1.54249500e+02
-7.20607000 1.28853200e+02
-7.17607000 1.20336200e+02
-7.14607000 1.23672700e+02
-7.11607000 1.38471700e+02
-7.08607000 1.73038800e+02
-7.05607000 2.15432100e+02
-7.02607000 2.33737600e+02
-6.99607000 2.08565200e+02
-6.96607000 1.88346800e+02
-6.93607000 1.91282700e+02
-6.90607000 2.22556700e+02
-6.87607000 2.83855400e+02
-6.84607000 4.03263400e+02
-6.81607000 5.90055600e+02
-6.78607000 7.80414200e+02
-6.75607000 7.53305400e+02
-6.72607000 5.64350000e+02
-6.69607000 4.15335000e+02
-6.66607000 3.09654800e+02
-6.63607000 2.25516000e+02
-6.60607000 1.85538700e+02
-6.57607000 1.83180500e+02
-6.54607000 2.08201800e+02
-6.51607000 2.52947100e+02
-6.48607000 3.03138000e+02
-6.45607000 3.04374700e+02
-6.42607000 3.26720800e+02
-6.39607000 4.35427700e+02
-6.36607000 5.46888900e+02
-6.33607000 5.48679000e+02
-6.30607000 4.42068500e+02
-6.27607000 3.17048400e+02
-6.24607000 2.56740400e+02
-6.21607000 2.54547100e+02
-6.18607000 3.05644600e+02
-6.15607000 3.72380000e+02
-6.12607000 4.23861000e+02
-6.09607000 4.32574000e+02
-6.06607000 4.33196000e+02
-6.03607000 4.61206000e+02
-6.00607000 5.24175400e+02
-5.97607000 4.86552000e+02
-5.94607000 4.15323200e+02
-5.91607000 4.02477000e+02
-5.88607000 4.05822000e+02
-5.85607000 4.81329000e+02
-5.82607000 6.05220000e+02
-5.77041000 6.42039200e+02
-5.74041000 7.25511000e+02
-5.71041000 7.03508000e+02
-5.68041000 5.68546300e+02
-5.65041000 4.47583400e+02
-5.62041000 3.76209300e+02
-5.59041000 3.36982000e+02
-5.56041000 3.34354000e+02
-5.53041000 3.44808000e+02
-5.50041000 4.10469000e+02
-5.47041000 5.33801000e+02
-5.44041000 7.29990000e+02
-5.41041000 8.60217000e+02
-5.38041000 7.25278000e+02
-5.35041000 5.25898000e+02
-5.32041000 3.83890000e+02
-5.29041000 2.96417400e+02
-5.26041000 2.49572400e+02
-5.23041000 2.24855100e+02
-5.20041000 2.26497300e+02
-5.17041000 2.61439100e+02
-5.14041000 3.10378600e+02
-5.11041000 3.83222000e+02
-5.08041000 4.90456000e+02
-5.05041000 6.15980000e+02
-5.02041000 7.39127000e+02
-4.99041000 9.27953000e+02
-4.96041000 1.26197600e+03
-4.93041000 1.31972100e+03
-4.90041000 9.64462000e+02
-4.87041000 7.25856000e+02
-4.84041000 6.88036000e+02
-4.81041000 5.84536400e+02
-4.78041000 4.01569000e+02
-4.75041000 2.93782600e+02
-4.72041000 2.39493200e+02
-4.69041000 2.02636400e+02
-4.66041000 1.72823000e+02
-4.63041000 1.55112900e+02
-4.60041000 1.58879000e+02
-4.57041000 1.80683400e+02
-4.54041000 2.10209000e+02
-4.51041000 2.49982200e+02
-4.48041000 3.17408100e+02
-4.45041000 3.67093600e+02
-4.42041000 4.03786500e+02
-4.39041000 4.36619800e+02
-4.36041000 4.43130500e+02
-4.33041000 3.87691800e+02
-4.30041000 3.01956600e+02
-4.27041000 2.39752300e+02
-4.24041000 2.16619400e+02
-4.21041000 2.30716000e+02
-4.18041000 2.67474500e+02
-4.12474000 2.78228400e+02
-4.09474000 2.75581000e+02
-4.06474000 2.52602800e+02
-4.03474000 2.10927000e+02
-4.00474000 1.76025100e+02
-3.97474000 1.68740500e+02
-3.94474000 1.72926000e+02
-3.91474000 1.83564800e+02
-3.88474000 1.96832800e+02
-3.85474000 2.16189100e+02
-3.82474000 2.04240600e+02
-3.79474000 1.79633200e+02
-3.76474000 1.86808500e+02
-3.73474000 1.98928300e+02
-3.70474000 2.00730400e+02
-3.67474000 2.02585300e+02
-3.64474000 2.28089700e+02
-3.61474000 2.45597700e+02
-3.58474000 2.16602700e+02
-3.55474000 1.90853600e+02
-3.52474000 1.55506400e+02
-3.49474000 1.26734100e+02
-3.46474000 1.18933700e+02
-3.43474000 1.25772300e+02
-3.40474000 1.28881600e+02
-3.37474000 1.33210010e+02
-3.34474000 1.46323500e+02
-3.31474000 1.44688100e+02
-3.28474000 1.34902300e+02
-3.25474000 1.24853800e+02
-3.22474000 1.13088800e+02
-3.19474000 1.00196300e+02
-3.16474000 9.88472000e+01
-3.13474000 1.05646200e+02
-3.10474000 1.13834000e+02
-3.07474000 1.35087800e+02
-3.04474000 1.88290600e+02
-3.01474000 2.42630000e+02
-2.98474000 2.23451300e+02
-2.95474000 1.66422800e+02
-2.92474000 1.35220800e+02
-2.89474000 1.13874200e+02
-2.86474000 9.34680000e+01
-2.83474000 8.02280000e+01
-2.80474000 7.95383000e+01
-2.77474000 9.11946000e+01
-2.74474000 1.12922600e+02
-2.71474000 1.41896000e+02
-2.68474000 1.92113100e+02
-2.65474000 2.87410700e+02
-2.62474000 3.51619000e+02
-2.59474000 3.08164600e+02
-2.56474000 2.81275000e+02
-2.53474000 2.75008000e+02
-2.47907000 1.87602000e+02
-2.44907000 1.70509900e+02
-2.41907000 1.75773400e+02
-2.38907000 1.53930200e+02
-2.35907000 1.12675300e+02
-2.32907000 8.70319000e+01
-2.29907000 8.01989000e+01
-2.26907000 9.13931000e+01
-2.23907000 1.16158900e+02
-2.20907000 1.13617700e+02
-2.17907000 8.31050000e+01
-2.14907000 6.60628000e+01
-2.11907000 6.59034000e+01
-2.08907000 6.84357000e+01
-2.05907000 5.76258000e+01
-2.02907000 4.80218000e+01
-1.99907000 4.04392100e+01
-1.96907000 3.42710800e+01
-1.93907000 3.04409500e+01
-1.90907000 2.82316600e+01
-1.87907000 2.93891300e+01
-1.84907000 3.43610500e+01
-1.81907000 4.07341900e+01
-1.78907000 4.53707000e+01
-1.75907000 5.34734100e+01
-1.72907000 6.38201700e+01
-1.69907000 5.76671600e+01
-1.66907000 4.62222100e+01
-1.63907000 4.15793000e+01
-1.60907000 4.05405200e+01
-1.57907000 4.19343900e+01
-1.54907000 4.37117200e+01
-1.51907000 4.88537200e+01
-1.48907000 6.16177000e+01
-1.45907000 7.66609800e+01
-1.42907000 7.03420400e+01
-1.39907000 5.32727300e+01
-1.36907000 4.55723000e+01
-1.33907000 4.98057500e+01
-1.30907000 5.88089800e+01
-1.27907000 5.42838100e+01
-1.24907000 4.49208100e+01
-1.21907000 4.19036500e+01
-1.18907000 4.34544900e+01
-1.15907000 5.08818500e+01
-1.12907000 6.50363400e+01
-1.09907000 7.43689300e+01
-1.06907000 7.42338500e+01
-1.03907000 6.01254700e+01
-1.00907000 4.67008500e+01
-0.97906800 3.99275500e+01
-0.94906800 3.27660900e+01
-0.91906800 2.60152800e+01
-0.88906800 2.21444300e+01
-0.83339900 2.21327900e+01
-0.80339900 2.52916800e+01
-0.77339900 2.95748500e+01
-0.74339900 3.58812700e+01
-0.71339900 4.55166800e+01
-0.68339900 5.00959300e+01
-0.65339900 4.64473000e+01
-0.62339900 4.19719000e+01
-0.59339900 4.21960000e+01
-0.56339900 4.89727100e+01
-0.53339900 5.61077700e+01
-0.50339900 5.48790500e+01
-0.47339900 5.93842600e+01
-0.44339900 7.70323900e+01
-0.41339900 1.12360770e+02
-0.38339900 1.35754550e+02
-0.35339900 1.03996910e+02
-0.32339900 7.10490900e+01
-0.29339900 5.41525800e+01
-0.26339900 4.99413100e+01
-0.23339900 5.24817400e+01
-0.20339900 5.07825300e+01
-0.17339900 4.30958500e+01
-0.14339900 4.06792600e+01
-0.11339900 4.24874900e+01
-0.08339900 4.25750000e+01
-0.05339900 4.36110000e+01
-0.02339900 4.08731200e+01
0.00660104 3.56124400e+01
0.03660100 3.41242000e+01
0.06660100 3.77912800e+01
0.09660100 4.76188200e+01
0.12660100 6.70271600e+01
0.15660100 1.06423900e+02
0.18660100 1.55162980e+02
0.21660100 1.52639160e+02
0.24660100 1.17465070e+02
0.27660100 8.06078200e+01
0.30660100 5.75726700e+01
0.33660100 4.75083100e+01
0.36660100 4.66140200e+01
0.39660100 4.60239200e+01
0.42660100 3.84733400e+01
0.45660100 3.32788000e+01
0.48660100 3.42105400e+01
0.51660100 3.62016400e+01
0.54660100 3.60634800e+01
0.57660100 3.92002000e+01
0.60660100 4.79916300e+01
0.63660100 6.66909800e+01
0.66660100 8.27295600e+01
0.69660100 6.60980700e+01
0.72660100 4.35621900e+01
0.75660100 3.19878400e+01
