# E(MeV)  S_NSDRNSDR(K=0) for _U297_DDPCX
-15.64440000 2.32015000e-01
-15.61440000 2.57478000e-01
-15.58440000 3.06641000e-01
-15.55440000 3.93091000e-01
-15.52440000 4.42325000e-01
-15.49440000 3.66541000e-01
-15.46440000 2.94693000e-01
-15.43440000 2.58364000e-01
-15.40440000 2.40748000e-01
-15.37440000 2.31862000e-01
-15.34440000 2.27320000e-01
-15.31440000 2.25131000e-01
-15.28440000 2.24320000e-01
-15.25440000 2.24371000e-01
-15.22440000 2.24994000e-01
-15.19440000 2.26018000e-01
-15.16440000 2.27336000e-01
-15.13440000 2.28880000e-01
-15.10440000 2.30606000e-01
-15.07440000 2.32482000e-01
-15.04440000 2.34487000e-01
-15.01440000 2.36609000e-01
-14.98440000 2.38837000e-01
-14.95440000 2.41164000e-01
-14.92440000 2.43587000e-01
-14.89440000 2.46103000e-01
-14.86440000 2.48712000e-01
-14.83440000 2.51414000e-01
-14.80440000 2.54210000e-01
-14.77440000 2.57102000e-01
-14.74440000 2.60094000e-01
-14.71440000 2.63189000e-01
-14.68440000 2.66392000e-01
-14.65440000 2.69708000e-01
-14.62440000 2.73143000e-01
-14.59440000 2.76704000e-01
-14.56440000 2.80401000e-01
-14.53440000 2.84242000e-01
-14.50440000 2.88239000e-01
-14.47440000 2.92406000e-01
-14.44440000 2.96758000e-01
-14.41440000 3.01316000e-01
-14.38440000 3.06103000e-01
-14.35440000 3.11150000e-01
-14.32440000 3.16495000e-01
-14.29440000 3.22189000e-01
-14.26440000 3.28301000e-01
-14.23440000 3.34926000e-01
-14.20440000 3.42200000e-01
-14.17440000 3.50329000e-01
-14.14440000 3.59632000e-01
-14.11440000 3.70635000e-01
-14.08440000 3.84248000e-01
-14.05440000 4.02170000e-01
-13.99880000 4.61253000e-01
-13.96880000 5.27737000e-01
-13.93880000 6.52719000e-01
-13.90880000 8.26551000e-01
-13.87880000 8.16499000e-01
-13.84880000 6.58845000e-01
-13.81880000 5.61918000e-01
-13.78880000 5.19089000e-01
-13.75880000 5.02491000e-01
-13.72880000 4.98906000e-01
-13.69880000 5.02661000e-01
-13.66880000 5.11322000e-01
-13.63880000 5.24010000e-01
-13.60880000 5.40892000e-01
-13.57880000 5.63360000e-01
-13.54880000 5.95035000e-01
-13.51880000 6.42583000e-01
-13.48880000 6.99507000e-01
-13.45880000 7.24394000e-01
-13.42880000 7.50129000e-01
-13.39880000 8.17269000e-01
-13.36880000 9.24521000e-01
-13.33880000 1.02434000e+00
-13.30880000 1.09668000e+00
-13.27880000 1.08189000e+00
-13.24880000 1.06450000e+00
-13.21880000 1.11642000e+00
-13.18880000 1.23206000e+00
-13.15880000 1.36463000e+00
-13.12880000 1.35937000e+00
-13.09880000 1.35999000e+00
-13.06880000 1.33471000e+00
-13.03880000 1.29485000e+00
-13.00880000 1.30970000e+00
-12.97880000 1.36733000e+00
-12.94880000 1.45496000e+00
-12.91880000 1.56893000e+00
-12.88880000 1.71086000e+00
-12.85880000 1.88609000e+00
-12.82880000 2.10390000e+00
-12.79880000 2.37903000e+00
-12.76880000 2.73460000e+00
-12.73880000 3.21238000e+00
-12.70880000 3.89328000e+00
-12.67880000 4.93183000e+00
-12.64880000 6.48315000e+00
-12.61880000 7.95907000e+00
-12.58880000 9.14195000e+00
-12.55880000 1.15119000e+01
-12.52880000 1.61725000e+01
-12.49880000 2.51633000e+01
-12.46880000 4.31901000e+01
-12.43880000 7.48807000e+01
-12.40880000 9.09478000e+01
-12.35310000 3.84139000e+01
-12.32310000 2.36132000e+01
-12.29310000 1.64210000e+01
-12.26310000 1.28806000e+01
-12.23310000 1.13043000e+01
-12.20310000 1.10366000e+01
-12.17310000 1.19467000e+01
-12.14310000 1.43267000e+01
-12.11310000 1.90893000e+01
-12.08310000 2.84218000e+01
-12.05310000 4.70521000e+01
-12.02310000 8.13314000e+01
-11.99310000 1.09033000e+02
-11.96310000 8.10848000e+01
-11.93310000 4.59257000e+01
-11.90310000 2.70114000e+01
-11.87310000 1.74659000e+01
-11.84310000 1.23163000e+01
-11.81310000 9.38756000e+00
-11.78310000 7.76394000e+00
-11.75310000 6.96012000e+00
-11.72310000 6.46342000e+00
-11.69310000 5.86508000e+00
-11.66310000 5.69106000e+00
-11.63310000 5.58473000e+00
-11.60310000 4.45411000e+00
-11.57310000 3.40253000e+00
-11.54310000 2.77757000e+00
-11.51310000 2.39666000e+00
-11.48310000 2.14565000e+00
-11.45310000 1.97287000e+00
-11.42310000 1.85550000e+00
-11.39310000 1.78666000e+00
-11.36310000 1.77392000e+00
-11.33310000 1.84565000e+00
-11.30310000 2.03273000e+00
-11.27310000 2.18135000e+00
-11.24310000 2.09248000e+00
-11.21310000 2.10450000e+00
-11.18310000 2.43715000e+00
-11.15310000 3.23116000e+00
-11.12310000 3.96483000e+00
-11.09310000 3.31259000e+00
-11.06310000 2.44428000e+00
-11.03310000 2.01165000e+00
-11.00310000 1.83249000e+00
-10.97310000 1.79396000e+00
-10.94310000 1.90663000e+00
-10.91310000 2.23287000e+00
-10.88310000 2.95431000e+00
-10.85310000 4.35863000e+00
-10.82310000 5.65519000e+00
-10.79310000 4.65286000e+00
-10.76310000 3.17421000e+00
-10.70740000 2.09386000e+00
-10.67740000 1.97938000e+00
-10.64740000 2.07439000e+00
-10.61740000 2.43860000e+00
-10.58740000 3.21347000e+00
-10.55740000 3.93705000e+00
-10.52740000 3.43724000e+00
-10.49740000 2.75810000e+00
-10.46740000 2.49463000e+00
-10.43740000 2.58437000e+00
-10.40740000 3.03265000e+00
-10.37740000 3.95155000e+00
-10.34740000 5.06074000e+00
-10.31740000 5.30057000e+00
-10.28740000 5.43149000e+00
-10.25740000 6.82411000e+00
-10.22740000 1.04576000e+01
-10.19740000 1.60515000e+01
-10.16740000 1.57718000e+01
-10.13740000 1.00555000e+01
-10.10740000 6.34754000e+00
-10.07740000 4.58609000e+00
-10.04740000 3.81985000e+00
-10.01740000 3.62104000e+00
-9.98741000 3.89388000e+00
-9.95741000 4.87601000e+00
-9.92741000 7.12469000e+00
-9.89741000 1.01506000e+01
-9.86741000 9.24607000e+00
-9.83741000 6.01296000e+00
-9.80741000 4.06594000e+00
-9.77741000 3.12115000e+00
-9.74741000 2.67916000e+00
-9.71741000 2.50288000e+00
-9.68741000 2.43354000e+00
-9.65741000 2.43009000e+00
-9.62741000 2.50978000e+00
-9.59741000 2.67378000e+00
-9.56741000 2.72396000e+00
-9.53741000 2.55769000e+00
-9.50741000 2.43483000e+00
-9.47741000 2.48322000e+00
-9.44741000 2.69785000e+00
-9.41741000 3.13150000e+00
-9.38741000 3.95713000e+00
-9.35741000 5.58285000e+00
-9.32741000 8.34578000e+00
-9.29741000 9.86070000e+00
-9.26741000 8.41114000e+00
-9.23741000 6.36684000e+00
-9.20741000 4.80792000e+00
-9.17741000 4.07848000e+00
-9.14741000 3.83719000e+00
-9.11741000 3.74732000e+00
-9.06174000 3.34722000e+00
-9.03174000 3.30558000e+00
-9.00174000 3.39579000e+00
-8.97174000 3.57611000e+00
-8.94174000 3.76496000e+00
-8.91174000 3.99834000e+00
-8.88174000 4.33005000e+00
-8.85174000 4.78438000e+00
-8.82174000 5.41379000e+00
-8.79174000 6.29583000e+00
-8.76174000 7.57101000e+00
-8.73174000 9.50855000e+00
-8.70174000 1.26628000e+01
-8.67174000 1.81983000e+01
-8.64174000 2.86490000e+01
-8.61174000 4.86174000e+01
-8.58174000 7.05576000e+01
-8.55174000 5.96751000e+01
-8.52174000 3.80913000e+01
-8.49174000 2.65984000e+01
-8.46174000 2.19894000e+01
-8.43174000 2.26281000e+01
-8.40174000 2.91266000e+01
-8.37174000 4.00941000e+01
-8.34174000 4.00100000e+01
-8.31174000 2.99121000e+01
-8.28174000 2.18539000e+01
-8.25174000 1.70565000e+01
-8.22174000 1.47718000e+01
-8.19174000 1.41576000e+01
-8.16174000 1.46266000e+01
-8.13174000 1.60081000e+01
-8.10174000 1.86971000e+01
-8.07174000 2.35848000e+01
-8.04174000 3.22907000e+01
-8.01174000 4.38205000e+01
-7.98174000 5.07892000e+01
-7.95174000 6.29212000e+01
-7.92174000 8.99589000e+01
-7.89174000 1.21217000e+02
-7.86174000 1.18058000e+02
-7.83174000 9.16366000e+01
-7.80174000 8.46372000e+01
-7.77174000 1.01139000e+02
-7.74174000 1.49687000e+02
-7.71174000 2.47078000e+02
-7.68174000 3.30554000e+02
-7.65174000 2.64204000e+02
-7.62174000 1.64506000e+02
-7.59174000 1.13606000e+02
-7.56174000 9.58883000e+01
-7.53174000 9.11260000e+01
-7.50174000 1.02212000e+02
-7.47174000 1.22727000e+02
-7.41607000 1.15133000e+02
-7.38607000 1.41223000e+02
-7.35607000 2.14610000e+02
-7.32607000 2.84718000e+02
-7.29607000 2.18058000e+02
-7.26607000 1.27322000e+02
-7.23607000 7.77973000e+01
-7.20607000 5.28364000e+01
-7.17607000 3.96474000e+01
-7.14607000 3.25413000e+01
-7.11607000 2.88897000e+01
-7.08607000 2.73530000e+01
-7.05607000 2.73055000e+01
-7.02607000 2.82816000e+01
-6.99607000 2.60076000e+01
-6.96607000 2.34484000e+01
-6.93607000 2.26599000e+01
-6.90607000 2.38495000e+01
-6.87607000 2.77854000e+01
-6.84607000 3.60454000e+01
-6.81607000 5.08756000e+01
-6.78607000 7.01722000e+01
-6.75607000 9.72014000e+01
-6.72607000 1.28366000e+02
-6.69607000 1.41589000e+02
-6.66607000 1.22905000e+02
-6.63607000 8.02626000e+01
-6.60607000 5.47733000e+01
-6.57607000 4.53213000e+01
-6.54607000 4.16310000e+01
-6.51607000 3.52631000e+01
-6.48607000 3.13620000e+01
-6.45607000 3.19847000e+01
-6.42607000 3.78828000e+01
-6.39607000 5.13937000e+01
-6.36607000 6.94389000e+01
-6.33607000 7.14730000e+01
-6.30607000 5.76325000e+01
-6.27607000 5.20924000e+01
-6.24607000 5.85454000e+01
-6.21607000 7.95791000e+01
-6.18607000 1.18658000e+02
-6.15607000 1.42400000e+02
-6.12607000 1.25519000e+02
-6.09607000 1.22090000e+02
-6.06607000 1.51402000e+02
-6.03607000 2.29458000e+02
-6.00607000 3.37328000e+02
-5.97607000 3.14347000e+02
-5.94607000 2.25796000e+02
-5.91607000 1.74997000e+02
-5.88607000 1.35912000e+02
-5.85607000 1.13907000e+02
-5.82607000 1.09456000e+02
-5.77041000 9.75992000e+01
-5.74041000 1.02935000e+02
-5.71041000 1.04478000e+02
-5.68041000 8.93703000e+01
-5.65041000 7.67774000e+01
-5.62041000 8.04333000e+01
-5.59041000 1.00986000e+02
-5.56041000 1.18250000e+02
-5.53041000 1.20400000e+02
-5.50041000 1.41363000e+02
-5.47041000 1.93987000e+02
-5.44041000 2.99986000e+02
-5.41041000 4.01795000e+02
-5.38041000 3.31376000e+02
-5.35041000 2.19230000e+02
-5.32041000 1.42904000e+02
-5.29041000 1.02707000e+02
-5.26041000 8.45418000e+01
-5.23041000 7.21047000e+01
-5.20041000 6.50051000e+01
-5.17041000 6.58711000e+01
-5.14041000 7.48506000e+01
-5.11041000 9.46020000e+01
-5.08041000 1.21964000e+02
-5.05041000 1.55578000e+02
-5.02041000 2.16015000e+02
-4.99041000 3.00995000e+02
-4.96041000 4.26796000e+02
-4.93041000 5.18657000e+02
-4.90041000 3.72012000e+02
-4.87041000 2.14848000e+02
-4.84041000 1.32708000e+02
-4.81041000 9.35824000e+01
-4.78041000 7.76970000e+01
-4.75041000 7.61006000e+01
-4.72041000 7.09754000e+01
-4.69041000 5.48020000e+01
-4.66041000 4.31346000e+01
-4.63041000 3.77291000e+01
-4.60041000 3.73196000e+01
-4.57041000 3.53912000e+01
-4.54041000 3.05330000e+01
-4.51041000 2.88582000e+01
-4.48041000 3.09401000e+01
-4.45041000 3.78416000e+01
-4.42041000 4.50465000e+01
-4.39041000 4.11078000e+01
-4.36041000 3.74065000e+01
-4.33041000 3.66738000e+01
-4.30041000 4.06706000e+01
-4.27041000 4.47227000e+01
-4.24041000 4.46832000e+01
-4.21041000 4.94840000e+01
-4.18041000 5.35205000e+01
-4.12474000 7.91958000e+01
-4.09474000 1.08392000e+02
-4.06474000 1.13081000e+02
-4.03474000 9.10920000e+01
-4.00474000 6.48999000e+01
-3.97474000 5.29155000e+01
-3.94474000 5.76084000e+01
-3.91474000 6.77550000e+01
-3.88474000 5.58814000e+01
-3.85474000 3.81371000e+01
-3.82474000 2.84300000e+01
-3.79474000 2.27738000e+01
-3.76474000 1.95921000e+01
-3.73474000 1.91837000e+01
-3.70474000 2.11324000e+01
-3.67474000 2.24771000e+01
-3.64474000 2.10157000e+01
-3.61474000 1.99297000e+01
-3.58474000 2.02021000e+01
-3.55474000 1.98572000e+01
-3.52474000 2.02918000e+01
-3.49474000 2.09403000e+01
-3.46474000 1.81849000e+01
-3.43474000 1.38341000e+01
-3.40474000 1.10738000e+01
-3.37474000 9.92781000e+00
-3.34474000 1.00541000e+01
-3.31474000 1.06179000e+01
-3.28474000 1.22811000e+01
-3.25474000 1.48956000e+01
-3.22474000 1.66880000e+01
-3.19474000 1.51351000e+01
-3.16474000 1.32606000e+01
-3.13474000 1.20110000e+01
-3.10474000 1.14660000e+01
-3.07474000 1.11680000e+01
-3.04474000 1.25272000e+01
-3.01474000 1.54020000e+01
-2.98474000 1.80853000e+01
-2.95474000 1.60132000e+01
-2.92474000 1.24594000e+01
-2.89474000 1.08906000e+01
-2.86474000 1.06252000e+01
-2.83474000 1.12690000e+01
-2.80474000 1.35823000e+01
-2.77474000 1.79838000e+01
-2.74474000 2.40300000e+01
-2.71474000 2.55220000e+01
-2.68474000 2.33621000e+01
-2.65474000 2.60127000e+01
-2.62474000 3.62610000e+01
-2.59474000 5.13526000e+01
-2.56474000 5.22570000e+01
-2.53474000 4.30520000e+01
-2.47907000 5.42846000e+01
-2.44907000 7.94117000e+01
-2.41907000 1.11470000e+02
-2.38907000 1.03495000e+02
-2.35907000 6.79205000e+01
-2.32907000 4.14531000e+01
-2.29907000 2.66011000e+01
-2.26907000 1.91953000e+01
-2.23907000 1.56077000e+01
-2.20907000 1.30199000e+01
-2.17907000 1.12764000e+01
-2.14907000 1.11752000e+01
-2.11907000 1.28276000e+01
-2.08907000 1.39479000e+01
-2.05907000 1.10994000e+01
-2.02907000 8.52440000e+00
-1.99907000 7.50701000e+00
-1.96907000 7.10248000e+00
-1.93907000 6.40715000e+00
-1.90907000 5.30946000e+00
-1.87907000 4.78413000e+00
-1.84907000 5.00985000e+00
-1.81907000 5.86859000e+00
-1.78907000 5.93890000e+00
-1.75907000 4.94721000e+00
-1.72907000 4.46017000e+00
-1.69907000 4.28916000e+00
-1.66907000 3.98241000e+00
-1.63907000 3.75270000e+00
-1.60907000 3.85772000e+00
-1.57907000 4.20559000e+00
-1.54907000 4.87032000e+00
-1.51907000 5.86212000e+00
-1.48907000 6.22850000e+00
-1.45907000 5.17538000e+00
-1.42907000 4.00744000e+00
-1.39907000 3.40473000e+00
-1.36907000 2.93990000e+00
-1.33907000 2.71155000e+00
-1.30907000 2.77318000e+00
-1.27907000 3.21821000e+00
-1.24907000 3.92821000e+00
-1.21907000 4.31405000e+00
-1.18907000 4.50889000e+00
-1.15907000 4.42185000e+00
-1.12907000 4.50294000e+00
-1.09907000 4.52673000e+00
-1.06907000 4.00045000e+00
-1.03907000 3.23147000e+00
-1.00907000 2.93145000e+00
-0.97906800 2.83915000e+00
-0.94906800 2.60489000e+00
-0.91906800 2.52968000e+00
-0.88906800 2.76441000e+00
-0.83339900 4.29063000e+00
-0.80339900 5.38208000e+00
-0.77339900 5.61705000e+00
-0.74339900 6.01947000e+00
-0.71339900 7.29188000e+00
-0.68339900 9.77593000e+00
-0.65339900 1.30903000e+01
-0.62339900 1.28085000e+01
-0.59339900 1.08112000e+01
-0.56339900 8.96951000e+00
-0.53339900 7.30917000e+00
-0.50339900 5.96945000e+00
-0.47339900 5.02946000e+00
-0.44339900 4.52699000e+00
-0.41339900 4.31277000e+00
-0.38339900 4.27895000e+00
-0.35339900 3.69371000e+00
-0.32339900 3.04829000e+00
-0.29339900 2.85558000e+00
-0.26339900 2.85831000e+00
-0.23339900 2.87514000e+00
-0.20339900 3.30113000e+00
-0.17339900 4.31305000e+00
-0.14339900 5.06086000e+00
-0.11339900 4.22069000e+00
-0.08339900 3.14500000e+00
-0.05339900 2.75220000e+00
-0.02339900 2.90692000e+00
0.00660104 3.17284000e+00
0.03660100 3.27640000e+00
0.06660100 3.80328000e+00
0.09660100 4.32942000e+00
0.12660100 3.87416000e+00
0.15660100 3.33790000e+00
0.18660100 3.59538000e+00
0.21660100 4.72416000e+00
0.24660100 5.49227000e+00
0.27660100 4.38022000e+00
0.30660100 3.36547000e+00
0.33660100 2.92151000e+00
0.36660100 2.82862000e+00
0.39660100 2.71752000e+00
0.42660100 2.56954000e+00
0.45660100 2.63880000e+00
0.48660100 3.03894000e+00
0.51660100 3.91844000e+00
0.54660100 5.66668000e+00
0.57660100 6.90300000e+00
0.60660100 5.61123000e+00
0.63660100 3.96078000e+00
0.66660100 2.96516000e+00
0.69660100 2.59667000e+00
0.72660100 2.65939000e+00
0.75660100 3.10764000e+00
