# E(MeV)  S_GAMTGAMT(K=0) for _U297_DDPCX
-15.64440000 3.05316000e-03
-15.61440000 3.02486000e-03
-15.58440000 3.01427000e-03
-15.55440000 3.01448000e-03
-15.52440000 3.01975000e-03
-15.49440000 3.02754000e-03
-15.46440000 3.03669000e-03
-15.43440000 3.04667000e-03
-15.40440000 3.05719000e-03
-15.37440000 3.06810000e-03
-15.34440000 3.07933000e-03
-15.31440000 3.09080000e-03
-15.28440000 3.10251000e-03
-15.25440000 3.11442000e-03
-15.22440000 3.12654000e-03
-15.19440000 3.13886000e-03
-15.16440000 3.15137000e-03
-15.13440000 3.16410000e-03
-15.10440000 3.17704000e-03
-15.07440000 3.19020000e-03
-15.04440000 3.20360000e-03
-15.01440000 3.21726000e-03
-14.98440000 3.23118000e-03
-14.95440000 3.24539000e-03
-14.92440000 3.25990000e-03
-14.89440000 3.27476000e-03
-14.86440000 3.28997000e-03
-14.83440000 3.30558000e-03
-14.80440000 3.32162000e-03
-14.77440000 3.33813000e-03
-14.74440000 3.35517000e-03
-14.71440000 3.37277000e-03
-14.68440000 3.39102000e-03
-14.65440000 3.40997000e-03
-14.62440000 3.42973000e-03
-14.59440000 3.45038000e-03
-14.56440000 3.47206000e-03
-14.53440000 3.49490000e-03
-14.50440000 3.51908000e-03
-14.47440000 3.54481000e-03
-14.44440000 3.57236000e-03
-14.41440000 3.60206000e-03
-14.38440000 3.63434000e-03
-14.35440000 3.66975000e-03
-14.32440000 3.70905000e-03
-14.29440000 3.75327000e-03
-14.26440000 3.80397000e-03
-14.23440000 3.86351000e-03
-14.20440000 3.93593000e-03
-14.17440000 4.02867000e-03
-14.14440000 4.15694000e-03
-14.11440000 4.35132000e-03
-14.08440000 4.63037000e-03
-14.05440000 4.81124000e-03
-13.99880000 4.93791000e-03
-13.96880000 5.20918000e-03
-13.93880000 5.68138000e-03
-13.90880000 6.47751000e-03
-13.87880000 7.89919000e-03
-13.84880000 1.06398000e-02
-13.81880000 1.57617000e-02
-13.78880000 2.04676000e-02
-13.75880000 1.70050000e-02
-13.72880000 1.22115000e-02
-13.69880000 1.00434000e-02
-13.66880000 9.72329000e-03
-13.63880000 1.07596000e-02
-13.60880000 1.24615000e-02
-13.57880000 1.51010000e-02
-13.54880000 2.14933000e-02
-13.51880000 3.22287000e-02
-13.48880000 3.34354000e-02
-13.45880000 2.24769000e-02
-13.42880000 1.47969000e-02
-13.39880000 1.10972000e-02
-13.36880000 9.45785000e-03
-13.33880000 9.02427000e-03
-13.30880000 9.68786000e-03
-13.27880000 1.19696000e-02
-13.24880000 1.64023000e-02
-13.21880000 1.82818000e-02
-13.18880000 1.36785000e-02
-13.15880000 9.73425000e-03
-13.12880000 7.70781000e-03
-13.09880000 6.67671000e-03
-13.06880000 6.12506000e-03
-13.03880000 5.82947000e-03
-13.00880000 5.69411000e-03
-12.97880000 5.68401000e-03
-12.94880000 5.80368000e-03
-12.91880000 6.07661000e-03
-12.88880000 6.46692000e-03
-12.85880000 7.10175000e-03
-12.82880000 8.38886000e-03
-12.79880000 1.04311000e-02
-12.76880000 1.21243000e-02
-12.73880000 1.47148000e-02
-12.70880000 1.81838000e-02
-12.67880000 1.66582000e-02
-12.64880000 1.26587000e-02
-12.61880000 1.04210000e-02
-12.58880000 1.01589000e-02
-12.55880000 1.17618000e-02
-12.52880000 1.44508000e-02
-12.49880000 1.46072000e-02
-12.46880000 1.37530000e-02
-12.43880000 1.25195000e-02
-12.40880000 9.86910000e-03
-12.35310000 7.00242000e-03
-12.32310000 6.44462000e-03
-12.29310000 6.13201000e-03
-12.26310000 5.97827000e-03
-12.23310000 6.00394000e-03
-12.20310000 6.30216000e-03
-12.17310000 6.84970000e-03
-12.14310000 6.89392000e-03
-12.11310000 6.47138000e-03
-12.08310000 6.39021000e-03
-12.05310000 6.80450000e-03
-12.02310000 7.78943000e-03
-11.99310000 8.40240000e-03
-11.96310000 7.53447000e-03
-11.93310000 6.72406000e-03
-11.90310000 6.40328000e-03
-11.87310000 6.47722000e-03
-11.84310000 6.78183000e-03
-11.81310000 6.78897000e-03
-11.78310000 6.70403000e-03
-11.75310000 6.98012000e-03
-11.72310000 7.54883000e-03
-11.69310000 7.57482000e-03
-11.66310000 7.26961000e-03
-11.63310000 7.20467000e-03
-11.60310000 7.46796000e-03
-11.57310000 8.15405000e-03
-11.54310000 9.46997000e-03
-11.51310000 1.13213000e-02
-11.48310000 1.30813000e-02
-11.45310000 1.58913000e-02
-11.42310000 1.86528000e-02
-11.39310000 2.23132000e-02
-11.36310000 2.94455000e-02
-11.33310000 3.02455000e-02
-11.30310000 2.18688000e-02
-11.27310000 1.63202000e-02
-11.24310000 1.44442000e-02
-11.21310000 1.49139000e-02
-11.18310000 1.72766000e-02
-11.15310000 2.20031000e-02
-11.12310000 2.43821000e-02
-11.09310000 2.23018000e-02
-11.06310000 2.17712000e-02
-11.03310000 2.02699000e-02
-11.00310000 1.97769000e-02
-10.97310000 2.20647000e-02
-10.94310000 2.02665000e-02
-10.91310000 1.59805000e-02
-10.88310000 1.36893000e-02
-10.85310000 1.28528000e-02
-10.82310000 1.16407000e-02
-10.79310000 1.02559000e-02
-10.76310000 9.80996000e-03
-10.70740000 1.13546000e-02
-10.67740000 1.12770000e-02
-10.64740000 1.06990000e-02
-10.61740000 9.98764000e-03
-10.58740000 9.50236000e-03
-10.55740000 9.41341000e-03
-10.52740000 9.83546000e-03
-10.49740000 9.57859000e-03
-10.46740000 8.68180000e-03
-10.43740000 8.17902000e-03
-10.40740000 7.95681000e-03
-10.37740000 8.10254000e-03
-10.34740000 8.50710000e-03
-10.31740000 8.53688000e-03
-10.28740000 8.59539000e-03
-10.25740000 8.98872000e-03
-10.22740000 9.17998000e-03
-10.19740000 8.80030000e-03
-10.16740000 8.55882000e-03
-10.13740000 8.90926000e-03
-10.10740000 1.00340000e-02
-10.07740000 1.16974000e-02
-10.04740000 1.19890000e-02
-10.01740000 1.10510000e-02
-9.98741000 1.01357000e-02
-9.95741000 9.64962000e-03
-9.92741000 9.65252000e-03
-9.89741000 9.87861000e-03
-9.86741000 9.81367000e-03
-9.83741000 1.00447000e-02
-9.80741000 1.09699000e-02
-9.77741000 1.29098000e-02
-9.74741000 1.64107000e-02
-9.71741000 2.24899000e-02
-9.68741000 2.60253000e-02
-9.65741000 2.07456000e-02
-9.62741000 1.55420000e-02
-9.59741000 1.31985000e-02
-9.56741000 1.27526000e-02
-9.53741000 1.38402000e-02
-9.50741000 1.57957000e-02
-9.47741000 1.56558000e-02
-9.44741000 1.39236000e-02
-9.41741000 1.25924000e-02
-9.38741000 1.22271000e-02
-9.35741000 1.25678000e-02
-9.32741000 1.27553000e-02
-9.29741000 1.28423000e-02
-9.26741000 1.34937000e-02
-9.23741000 1.45094000e-02
-9.20741000 1.53938000e-02
-9.17741000 1.66971000e-02
-9.14741000 1.88835000e-02
-9.11741000 2.13252000e-02
-9.06174000 3.12541000e-02
-9.03174000 4.44956000e-02
-9.00174000 6.89337000e-02
-8.97174000 9.70630000e-02
-8.94174000 8.98254000e-02
-8.91174000 6.01054000e-02
-8.88174000 4.14788000e-02
-8.85174000 3.08496000e-02
-8.82174000 2.53744000e-02
-8.79174000 2.36707000e-02
-8.76174000 2.38563000e-02
-8.73174000 2.40909000e-02
-8.70174000 2.62415000e-02
-8.67174000 3.12713000e-02
-8.64174000 3.34750000e-02
-8.61174000 3.17991000e-02
-8.58174000 3.26042000e-02
-8.55174000 4.01405000e-02
-8.52174000 4.90722000e-02
-8.49174000 4.32770000e-02
-8.46174000 3.47538000e-02
-8.43174000 3.20440000e-02
-8.40174000 3.45112000e-02
-8.37174000 4.22686000e-02
-8.34174000 5.73056000e-02
-8.31174000 8.78359000e-02
-8.28174000 1.43027000e-01
-8.25174000 1.74495000e-01
-8.22174000 1.31697000e-01
-8.19174000 8.69010000e-02
-8.16174000 6.07451000e-02
-8.13174000 4.44380000e-02
-8.10174000 3.39548000e-02
-8.07174000 2.79353000e-02
-8.04174000 2.48936000e-02
-8.01174000 2.37924000e-02
-7.98174000 2.41600000e-02
-7.95174000 2.61408000e-02
-7.92174000 3.02642000e-02
-7.89174000 3.75538000e-02
-7.86174000 4.27701000e-02
-7.83174000 4.51145000e-02
-7.80174000 5.38329000e-02
-7.77174000 7.04624000e-02
-7.74174000 7.75220000e-02
-7.71174000 7.06837000e-02
-7.68174000 5.56363000e-02
-7.65174000 4.11723000e-02
-7.62174000 3.48581000e-02
-7.59174000 3.52058000e-02
-7.56174000 4.17383000e-02
-7.53174000 5.13274000e-02
-7.50174000 6.06970000e-02
-7.47174000 6.56254000e-02
-7.41607000 4.42839000e-02
-7.38607000 3.61110000e-02
-7.35607000 3.14095000e-02
-7.32607000 2.98506000e-02
-7.29607000 2.93860000e-02
-7.26607000 2.64109000e-02
-7.23607000 2.32903000e-02
-7.20607000 2.17726000e-02
-7.17607000 2.10751000e-02
-7.14607000 2.12866000e-02
-7.11607000 2.23395000e-02
-7.08607000 2.36759000e-02
-7.05607000 2.63971000e-02
-7.02607000 3.13240000e-02
-6.99607000 3.91162000e-02
-6.96607000 5.40601000e-02
-6.93607000 6.84825000e-02
-6.90607000 6.12648000e-02
-6.87607000 4.83246000e-02
-6.84607000 3.87854000e-02
-6.81607000 3.30192000e-02
-6.78607000 3.10144000e-02
-6.75607000 3.13236000e-02
-6.72607000 3.33395000e-02
-6.69607000 3.53037000e-02
-6.66607000 3.78525000e-02
-6.63607000 4.38038000e-02
-6.60607000 5.59761000e-02
-6.57607000 7.70112000e-02
-6.54607000 1.10623000e-01
-6.51607000 1.48450000e-01
-6.48607000 1.58186000e-01
-6.45607000 1.64583000e-01
-6.42607000 1.46019000e-01
-6.39607000 1.02781000e-01
-6.36607000 7.30272000e-02
-6.33607000 5.69401000e-02
-6.30607000 4.97780000e-02
-6.27607000 4.77486000e-02
-6.24607000 4.78224000e-02
-6.21607000 4.66852000e-02
-6.18607000 4.85552000e-02
-6.15607000 5.72186000e-02
-6.12607000 6.95463000e-02
-6.09607000 6.80630000e-02
-6.06607000 5.60130000e-02
-6.03607000 4.90439000e-02
-6.00607000 4.79997000e-02
-5.97607000 4.94893000e-02
-5.94607000 5.38759000e-02
-5.91607000 6.10686000e-02
-5.88607000 6.39198000e-02
-5.85607000 6.22166000e-02
-5.82607000 6.16459000e-02
-5.77041000 6.84796000e-02
-5.74041000 7.61798000e-02
-5.71041000 8.99402000e-02
-5.68041000 1.10250000e-01
-5.65041000 1.43704000e-01
-5.62041000 1.99117000e-01
-5.59041000 2.60140000e-01
-5.56041000 2.99314000e-01
-5.53041000 3.64716000e-01
-5.50041000 5.12152000e-01
-5.47041000 6.96606000e-01
-5.44041000 7.18475000e-01
-5.41041000 5.47685000e-01
-5.38041000 4.36487000e-01
-5.35041000 4.13726000e-01
-5.32041000 3.81197000e-01
-5.29041000 3.22318000e-01
-5.26041000 3.01084000e-01
-5.23041000 2.95401000e-01
-5.20041000 3.20854000e-01
-5.17041000 3.77165000e-01
-5.14041000 4.97798000e-01
-5.11041000 7.70162000e-01
-5.08041000 1.31375000e+00
-5.05041000 1.88586000e+00
-5.02041000 1.52924000e+00
-4.99041000 8.95681000e-01
-4.96041000 5.45375000e-01
-4.93041000 3.80376000e-01
-4.90041000 3.10412000e-01
-4.87041000 2.84293000e-01
-4.84041000 2.54136000e-01
-4.81041000 2.06615000e-01
-4.78041000 1.71673000e-01
-4.75041000 1.56657000e-01
-4.72041000 1.57475000e-01
-4.69041000 1.72110000e-01
-4.66041000 1.99571000e-01
-4.63041000 2.06255000e-01
-4.60041000 1.86468000e-01
-4.57041000 1.82359000e-01
-4.54041000 2.00460000e-01
-4.51041000 2.45225000e-01
-4.48041000 3.37069000e-01
-4.45041000 4.99677000e-01
-4.42041000 6.44523000e-01
-4.39041000 5.77854000e-01
-4.36041000 4.78679000e-01
-4.33041000 4.79513000e-01
-4.30041000 5.90717000e-01
-4.27041000 8.43437000e-01
-4.24041000 1.05897000e+00
-4.21041000 1.00032000e+00
-4.18041000 1.03529000e+00
-4.12474000 1.83561000e+00
-4.09474000 2.08618000e+00
-4.06474000 1.82359000e+00
-4.03474000 1.95206000e+00
-4.00474000 2.77745000e+00
-3.97474000 3.50624000e+00
-3.94474000 2.58636000e+00
-3.91474000 1.50719000e+00
-3.88474000 9.27632000e-01
-3.85474000 6.33075000e-01
-3.82474000 4.78378000e-01
-3.79474000 3.99916000e-01
-3.76474000 3.62195000e-01
-3.73474000 3.45729000e-01
-3.70474000 3.37181000e-01
-3.67474000 3.36446000e-01
-3.64474000 3.50411000e-01
-3.61474000 4.03445000e-01
-3.58474000 4.34795000e-01
-3.55474000 3.70130000e-01
-3.52474000 3.24977000e-01
-3.49474000 3.20796000e-01
-3.46474000 3.46560000e-01
-3.43474000 4.14838000e-01
-3.40474000 5.28889000e-01
-3.37474000 6.93528000e-01
-3.34474000 9.18311000e-01
-3.31474000 1.21956000e+00
-3.28474000 1.65365000e+00
-3.25474000 2.26843000e+00
-3.22474000 2.43088000e+00
-3.19474000 2.27511000e+00
-3.16474000 2.02868000e+00
-3.13474000 2.06198000e+00
-3.10474000 1.91483000e+00
-3.07474000 1.26129000e+00
-3.04474000 7.77550000e-01
-3.01474000 5.23737000e-01
-2.98474000 3.91730000e-01
-2.95474000 3.21125000e-01
-2.92474000 2.86871000e-01
-2.89474000 2.78672000e-01
-2.86474000 2.83907000e-01
-2.83474000 2.72720000e-01
-2.80474000 2.44719000e-01
-2.77474000 2.38127000e-01
-2.74474000 2.48556000e-01
-2.71474000 2.81731000e-01
-2.68474000 3.54148000e-01
-2.65474000 4.93460000e-01
-2.62474000 7.60697000e-01
-2.59474000 1.17338000e+00
-2.56474000 1.32990000e+00
-2.53474000 1.02553000e+00
-2.47907000 4.66228000e-01
-2.44907000 3.18084000e-01
-2.41907000 2.28726000e-01
-2.38907000 1.77543000e-01
-2.35907000 1.49401000e-01
-2.32907000 1.33833000e-01
-2.29907000 1.25939000e-01
-2.26907000 1.29350000e-01
-2.23907000 1.47891000e-01
-2.20907000 1.59187000e-01
-2.17907000 1.35126000e-01
-2.14907000 1.10664000e-01
-2.11907000 1.00120000e-01
-2.08907000 1.01217000e-01
-2.05907000 1.08907000e-01
-2.02907000 1.14261000e-01
-1.99907000 1.18122000e-01
-1.96907000 1.30185000e-01
-1.93907000 1.56168000e-01
-1.90907000 1.73923000e-01
-1.87907000 1.76991000e-01
-1.84907000 2.09307000e-01
-1.81907000 2.69641000e-01
-1.78907000 2.63663000e-01
-1.75907000 2.15054000e-01
-1.72907000 1.64165000e-01
-1.69907000 1.28446000e-01
-1.66907000 1.09633000e-01
-1.63907000 9.92199000e-02
-1.60907000 9.53157000e-02
-1.57907000 9.37849000e-02
-1.54907000 9.34265000e-02
-1.51907000 9.65166000e-02
-1.48907000 1.02545000e-01
-1.45907000 1.10995000e-01
-1.42907000 1.26229000e-01
-1.39907000 1.52335000e-01
-1.36907000 1.96635000e-01
-1.33907000 2.75697000e-01
-1.30907000 4.23569000e-01
-1.27907000 6.89113000e-01
-1.24907000 9.75301000e-01
-1.21907000 9.74023000e-01
-1.18907000 7.12570000e-01
-1.15907000 4.95811000e-01
-1.12907000 4.03802000e-01
-1.09907000 3.83033000e-01
-1.06907000 3.31616000e-01
-1.03907000 2.69993000e-01
-1.00907000 2.53312000e-01
-0.97906800 2.87607000e-01
-0.94906800 3.92893000e-01
-0.91906800 5.96989000e-01
-0.88906800 7.24612000e-01
-0.83339900 4.03998000e-01
-0.80339900 3.18659000e-01
-0.77339900 2.83431000e-01
-0.74339900 2.51642000e-01
-0.71339900 2.44381000e-01
-0.68339900 2.54416000e-01
-0.65339900 2.72391000e-01
-0.62339900 3.21098000e-01
-0.59339900 4.06207000e-01
-0.56339900 5.36677000e-01
-0.53339900 6.06294000e-01
-0.50339900 4.96279000e-01
-0.47339900 4.30677000e-01
-0.44339900 4.67713000e-01
-0.41339900 5.60373000e-01
-0.38339900 5.44303000e-01
-0.35339900 4.95018000e-01
-0.32339900 5.23330000e-01
-0.29339900 6.41947000e-01
-0.26339900 8.48048000e-01
-0.23339900 9.23086000e-01
-0.20339900 8.24445000e-01
-0.17339900 6.92954000e-01
-0.14339900 6.19514000e-01
-0.11339900 6.60214000e-01
-0.08339900 6.97199000e-01
-0.05339900 6.97209000e-01
-0.02339900 6.43915000e-01
0.00660104 5.81672000e-01
0.03660100 6.20602000e-01
0.06660100 7.89609000e-01
0.09660100 9.56912000e-01
0.12660100 8.99146000e-01
0.15660100 8.66681000e-01
0.18660100 8.19330000e-01
0.21660100 6.51639000e-01
0.24660100 5.58497000e-01
0.27660100 5.37207000e-01
0.30660100 5.00902000e-01
0.33660100 4.41514000e-01
0.36660100 4.40202000e-01
0.39660100 5.23222000e-01
0.42660100 7.26793000e-01
0.45660100 1.10138000e+00
0.48660100 1.44919000e+00
0.51660100 1.52940000e+00
0.54660100 1.38227000e+00
0.57660100 1.33054000e+00
0.60660100 1.33387000e+00
0.63660100 1.08463000e+00
0.66660100 7.76581000e-01
0.69660100 6.25935000e-01
0.72660100 6.15378000e-01
0.75660100 7.16957000e-01
