# E(MeV)  S_NSDRNSDR(Total=K0+2*K1) for _V53_DDPCX
-2.84578000 -1.39658200e-02
-2.81578000 -1.37626400e-02
-2.78578000 -1.35607900e-02
-2.75578000 -1.33602400e-02
-2.72578000 -1.31610100e-02
-2.69578000 -1.29630300e-02
-2.66578000 -1.27663200e-02
-2.63578000 -1.25708300e-02
-2.60578000 -1.23765800e-02
-2.57578000 -1.21835000e-02
-2.54578000 -1.19916100e-02
-2.51578000 -1.18008800e-02
-2.47998000 -1.15747500e-02
-2.44998000 -1.13864900e-02
-2.41998000 -1.11993600e-02
-2.38998000 -1.10132900e-02
-2.35998000 -1.08283100e-02
-2.32998000 -1.06443700e-02
-2.29998000 -1.04614800e-02
-2.26998000 -1.02796000e-02
-2.23998000 -1.00987200e-02
-2.20998000 -9.91884000e-03
-2.17998000 -9.73993000e-03
-2.14998000 -9.56199000e-03
-2.11417000 -9.35083000e-03
-2.08417000 -9.17493000e-03
-2.05417000 -8.99992000e-03
-2.02417000 -8.82582000e-03
-1.99417000 -8.65261000e-03
-1.96417000 -8.48027000e-03
-1.93417000 -8.30876000e-03
-1.90417000 -8.13811000e-03
-1.87417000 -7.96828000e-03
-1.84417000 -7.79927000e-03
-1.81417000 -7.63105000e-03
-1.78417000 -7.46364000e-03
-1.74837000 -7.26481000e-03
-1.71837000 -7.09907000e-03
-1.68837000 -6.93407000e-03
-1.65837000 -6.76979000e-03
-1.62837000 -6.60626000e-03
-1.59837000 -6.44340000e-03
-1.56837000 -6.28127000e-03
-1.53837000 -6.11981000e-03
-1.50837000 -5.95903000e-03
-1.47837000 -5.79889000e-03
-1.44837000 -5.63942000e-03
-1.41837000 -5.48059000e-03
-1.38256000 -5.29184000e-03
-1.35256000 -5.13435000e-03
-1.32256000 -4.97747000e-03
-1.29256000 -4.82118000e-03
-1.26256000 -4.66548000e-03
-1.23256000 -4.51034000e-03
-1.20256000 -4.35574000e-03
-1.17256000 -4.20170000e-03
-1.14256000 -4.04818000e-03
-1.11256000 -3.89519000e-03
-1.08256000 -3.74272800e-03
-1.05256000 -3.59075200e-03
-1.01676000 -3.41000400e-03
-0.98675600 -3.25908800e-03
-0.95675600 -3.10863000e-03
-0.92675600 -2.95863800e-03
-0.89675600 -2.80907600e-03
-0.86675600 -2.65995400e-03
-0.83675600 -2.51125400e-03
-0.80675600 -2.36295600e-03
-0.77675600 -2.21506400e-03
-0.74675600 -2.06755400e-03
-0.71675600 -1.92041000e-03
-0.68675600 -1.77363200e-03
-0.65095100 -1.59891200e-03
-0.62095100 -1.45288400e-03
-0.59095100 -1.30718200e-03
-0.56095100 -1.16178100e-03
-0.53095100 -1.01667314e-03
-0.50095100 -8.71850800e-04
-0.47095100 -7.27293200e-04
-0.44095100 -5.82985000e-04
-0.41095100 -4.38915000e-04
-0.38095100 -2.95062000e-04
-0.35095100 -1.51411000e-04
-0.32095100 -7.94300000e-06
-0.28514600 1.63074000e-04
-0.25514600 3.06208000e-04
-0.22514600 4.49222000e-04
-0.19514600 5.92143000e-04
-0.16514600 7.34995000e-04
-0.13514600 8.77802000e-04
-0.10514600 1.02059900e-03
-0.07514550 1.16341600e-03
-0.04514550 1.30628600e-03
-0.01514550 1.44925200e-03
0.01485450 1.59235400e-03
0.04485450 1.73564200e-03
0.08065970 1.90698200e-03
0.11066000 2.05086400e-03
0.14066000 2.19514690e-03
0.17066000 2.33989540e-03
0.20066000 2.48519300e-03
0.23066000 2.63116350e-03
0.26066000 2.77791120e-03
0.29066000 2.92560000e-03
0.32066000 3.07439600e-03
0.35066000 3.22450200e-03
0.38066000 3.37614500e-03
0.41066000 3.52965000e-03
0.44646500 3.71578800e-03
0.47646500 3.87469400e-03
0.50646500 4.03692200e-03
0.53646500 4.20316000e-03
0.56646500 4.37433500e-03
0.59646500 4.55159700e-03
0.62646500 4.73645400e-03
0.65646500 4.93093900e-03
0.68646500 5.13776100e-03
0.71646500 5.36063400e-03
0.74646500 5.60481200e-03
0.77646500 5.87779200e-03
