# E(MeV)  S_NSDRNSDR(K=1) for _V53_DDPCX
-2.84578000 -4.58679000e-03
-2.81578000 -4.51509000e-03
-2.78578000 -4.44386000e-03
-2.75578000 -4.37309000e-03
-2.72578000 -4.30279000e-03
-2.69578000 -4.23293000e-03
-2.66578000 -4.16352000e-03
-2.63578000 -4.09454000e-03
-2.60578000 -4.02600000e-03
-2.57578000 -3.95787000e-03
-2.54578000 -3.89016000e-03
-2.51578000 -3.82286000e-03
-2.47998000 -3.74307000e-03
-2.44998000 -3.67664000e-03
-2.41998000 -3.61061000e-03
-2.38998000 -3.54495000e-03
-2.35998000 -3.47967000e-03
-2.32998000 -3.41476000e-03
-2.29998000 -3.35022000e-03
-2.26998000 -3.28603000e-03
-2.23998000 -3.22219000e-03
-2.20998000 -3.15870000e-03
-2.17998000 -3.09555000e-03
-2.14998000 -3.03274000e-03
-2.11417000 -2.95820000e-03
-2.08417000 -2.89610000e-03
-2.05417000 -2.83431000e-03
-2.02417000 -2.77284000e-03
-1.99417000 -2.71168000e-03
-1.96417000 -2.65082000e-03
-1.93417000 -2.59025000e-03
-1.90417000 -2.52998000e-03
-1.87417000 -2.46999000e-03
-1.84417000 -2.41029000e-03
-1.81417000 -2.35086000e-03
-1.78417000 -2.29171000e-03
-1.74837000 -2.22145000e-03
-1.71837000 -2.16288000e-03
-1.68837000 -2.10456000e-03
-1.65837000 -2.04649000e-03
-1.62837000 -1.98868000e-03
-1.59837000 -1.93110000e-03
-1.56837000 -1.87377000e-03
-1.53837000 -1.81667000e-03
-1.50837000 -1.75980000e-03
-1.47837000 -1.70315000e-03
-1.44837000 -1.64673000e-03
-1.41837000 -1.59053000e-03
-1.38256000 -1.52373000e-03
-1.35256000 -1.46798000e-03
-1.32256000 -1.41244000e-03
-1.29256000 -1.35710000e-03
-1.26256000 -1.30196000e-03
-1.23256000 -1.24701000e-03
-1.20256000 -1.19224000e-03
-1.17256000 -1.13766000e-03
-1.14256000 -1.08325000e-03
-1.11256000 -1.02902000e-03
-1.08256000 -9.74964000e-04
-1.05256000 -9.21071000e-04
-1.01676000 -8.56962000e-04
-0.98675600 -8.03419000e-04
-0.95675600 -7.50030000e-04
-0.92675600 -6.96789000e-04
-0.89675600 -6.43693000e-04
-0.86675600 -5.90737000e-04
-0.83675600 -5.37917000e-04
-0.80675600 -4.85228000e-04
-0.77675600 -4.32667000e-04
-0.74675600 -3.80227000e-04
-0.71675600 -3.27905000e-04
-0.68675600 -2.75696000e-04
-0.65095100 -2.13526000e-04
-0.62095100 -1.61547000e-04
-0.59095100 -1.09666000e-04
-0.56095100 -5.78755000e-05
-0.53095100 -6.17157000e-06
-0.50095100 4.54521000e-05
-0.47095100 9.70014000e-05
-0.44095100 1.48483000e-04
-0.41095100 1.99902000e-04
-0.38095100 2.51267000e-04
-0.35095100 3.02585000e-04
-0.32095100 3.53863000e-04
-0.28514600 4.15024000e-04
-0.25514600 4.66245000e-04
-0.22514600 5.17454000e-04
-0.19514600 5.68663000e-04
-0.16514600 6.19883000e-04
-0.13514600 6.71124000e-04
-0.10514600 7.22402000e-04
-0.07514550 7.73731000e-04
-0.04514550 8.25126000e-04
-0.01514550 8.76607000e-04
0.01485450 9.28192000e-04
0.04485450 9.79905000e-04
0.08065970 1.04183000e-03
0.11066000 1.09391000e-03
0.14066000 1.14622000e-03
0.17066000 1.19879000e-03
0.20066000 1.25166000e-03
0.23066000 1.30489000e-03
0.26066000 1.35853000e-03
0.29066000 1.41266000e-03
0.32066000 1.46736000e-03
0.35066000 1.52273000e-03
0.38066000 1.57888000e-03
0.41066000 1.63597000e-03
0.44646500 1.70558000e-03
0.47646500 1.76538000e-03
0.50646500 1.82684000e-03
0.53646500 1.89030000e-03
0.56646500 1.95622000e-03
0.59646500 2.02517000e-03
0.62646500 2.09790000e-03
0.65646500 2.17542000e-03
0.68646500 2.25908000e-03
0.71646500 2.35073000e-03
0.74646500 2.45299000e-03
0.77646500 2.56960000e-03
