# E(MeV)  S_NSDRNSDR(Total=K0+2*K1) for _W233_DDPCX
-16.26060000 9.53197800e+00
-16.23060000 1.09181960e+01
-16.20060000 7.04247000e+00
-16.17060000 3.95726200e+00
-16.14060000 2.40664400e+00
-16.11060000 1.62365200e+00
-16.08060000 1.19790500e+00
-16.05060000 9.49911000e-01
-16.02060000 7.97549000e-01
-15.99060000 7.00253000e-01
-15.96060000 6.36503000e-01
-15.93060000 5.94152000e-01
-15.90060000 5.65990000e-01
-15.87060000 5.47548000e-01
-15.84060000 5.35954000e-01
-15.81060000 5.29317000e-01
-15.78060000 5.26346000e-01
-15.75060000 5.26158000e-01
-15.72060000 5.28126000e-01
-15.69060000 5.31806000e-01
-15.66060000 5.36884000e-01
-15.63060000 5.43131000e-01
-15.60060000 5.50386000e-01
-15.57060000 5.58535000e-01
-15.54060000 5.67508000e-01
-15.51060000 5.77255000e-01
-15.48060000 5.87755000e-01
-15.45060000 5.99010000e-01
-15.42060000 6.11034000e-01
-15.39060000 6.23861000e-01
-15.36060000 6.37539000e-01
-15.33060000 6.52132000e-01
-15.30060000 6.67723000e-01
-15.27060000 6.84410000e-01
-15.24060000 7.02316000e-01
-15.21060000 7.21580000e-01
-15.18060000 7.42380000e-01
-15.15060000 7.64921000e-01
-15.12060000 7.89452000e-01
-15.09060000 8.16269000e-01
-15.06060000 8.45738000e-01
-15.03060000 8.78308000e-01
-15.00060000 9.14536000e-01
-14.97060000 9.55127000e-01
-14.94060000 1.00099900e+00
-14.91060000 1.05338300e+00
-14.88060000 1.11402400e+00
-14.85060000 1.18557500e+00
-14.82060000 1.27251600e+00
-14.79060000 1.38319700e+00
-14.76060000 1.53097600e+00
-14.73060000 1.70314900e+00
-14.70060000 1.82822200e+00
-14.67060000 1.96417000e+00
-14.64060000 2.17001600e+00
-14.61060000 2.45634600e+00
-14.55330000 3.31771600e+00
-14.52330000 4.03889800e+00
-14.49330000 5.09092200e+00
-14.46330000 6.70647000e+00
-14.43330000 9.35474000e+00
-14.40330000 1.40573200e+01
-14.37330000 2.31060600e+01
-14.34330000 4.02048800e+01
-14.31330000 5.84451200e+01
-14.28330000 5.58599000e+01
-14.25330000 4.43772000e+01
-14.22330000 2.94736600e+01
-14.19330000 2.10281700e+01
-14.16330000 1.82574900e+01
-14.13330000 1.41959700e+01
-14.10330000 9.44947000e+00
-14.07330000 6.57391000e+00
-14.04330000 4.95604000e+00
-14.01330000 3.98378000e+00
-13.98330000 3.35341000e+00
-13.95330000 2.92575400e+00
-13.92330000 2.63718000e+00
-13.89330000 2.45188800e+00
-13.86330000 2.35598600e+00
-13.83330000 2.35403800e+00
-13.80330000 2.46606800e+00
-13.77330000 2.78206000e+00
-13.74330000 3.46421600e+00
-13.71330000 4.40963200e+00
-13.68330000 4.84801400e+00
-13.65330000 3.97233600e+00
-13.62330000 3.12957600e+00
-13.59330000 2.83642200e+00
-13.56330000 2.98288800e+00
-13.53330000 3.58178000e+00
-13.50330000 4.70229000e+00
-13.47330000 5.67883000e+00
-13.44330000 5.90868000e+00
-13.41330000 6.72431800e+00
-13.38330000 6.20074600e+00
-13.35330000 4.26699400e+00
-13.32330000 3.01560800e+00
-13.29330000 2.37733200e+00
-13.26330000 2.03756200e+00
-13.23330000 1.84345800e+00
-13.20330000 1.72679800e+00
-13.17330000 1.65519100e+00
-13.14330000 1.61208500e+00
-13.11330000 1.58856500e+00
-13.08330000 1.57978800e+00
-13.05330000 1.58347200e+00
-13.02330000 1.59951100e+00
-12.99330000 1.63008400e+00
-12.96330000 1.67717100e+00
-12.93330000 1.74476500e+00
-12.90330000 1.84012500e+00
-12.84600000 2.16074600e+00
-12.81600000 2.25663500e+00
-12.78600000 2.13325900e+00
-12.75600000 2.06230700e+00
-12.72600000 2.07683600e+00
-12.69600000 2.13555700e+00
-12.66600000 2.21755400e+00
-12.63600000 2.31915200e+00
-12.60600000 2.43457700e+00
-12.57600000 2.61081500e+00
-12.54600000 2.87059400e+00
-12.51600000 3.12191200e+00
-12.48600000 3.31408800e+00
-12.45600000 3.61402000e+00
-12.42600000 4.10146100e+00
-12.39600000 4.81113400e+00
-12.36600000 5.78363900e+00
-12.33600000 7.25764300e+00
-12.30600000 9.78903800e+00
-12.27600000 1.45563290e+01
-12.24600000 2.40235180e+01
-12.21600000 3.99148380e+01
-12.18600000 4.57310670e+01
-12.15600000 3.10722150e+01
-12.12600000 1.93057400e+01
-12.09600000 1.38636080e+01
-12.06600000 1.20490560e+01
-12.03600000 1.28762100e+01
-12.00600000 1.67411200e+01
-11.97600000 2.16290100e+01
-11.94600000 1.89983500e+01
-11.91600000 1.39110600e+01
-11.88600000 1.18755300e+01
-11.85600000 1.26672300e+01
-11.82600000 1.58985700e+01
-11.79600000 1.73866900e+01
-11.76600000 1.44525100e+01
-11.73600000 1.27597800e+01
-11.70600000 1.34580900e+01
-11.67600000 1.65812000e+01
-11.64600000 2.34885200e+01
-11.61600000 3.77960800e+01
-11.58600000 6.05276400e+01
-11.55600000 6.56359200e+01
-11.52600000 4.35154000e+01
-11.49600000 2.68449000e+01
-11.46600000 1.88805500e+01
-11.43600000 1.55574700e+01
-11.40600000 1.46854000e+01
-11.37600000 1.48275500e+01
-11.34600000 1.59855800e+01
-11.31600000 1.98709200e+01
-11.28600000 2.89206400e+01
-11.25600000 4.53619200e+01
-11.22600000 5.90944300e+01
-11.19600000 5.23883900e+01
-11.13870000 2.21114400e+01
-11.10870000 1.55369900e+01
-11.07870000 1.21757600e+01
-11.04870000 1.03796200e+01
-11.01870000 9.43490000e+00
-10.98870000 9.04243000e+00
-10.95870000 9.03785000e+00
-10.92870000 9.19842000e+00
-10.89870000 9.70946000e+00
-10.86870000 1.08682200e+01
-10.83870000 1.28712500e+01
-10.80870000 1.48981800e+01
-10.77870000 1.59133600e+01
-10.74870000 1.66035500e+01
-10.71870000 1.83912100e+01
-10.68870000 2.27749000e+01
-10.65870000 3.18020000e+01
-10.62870000 4.83677800e+01
-10.59870000 6.61932000e+01
-10.56870000 7.59170000e+01
-10.53870000 7.47520000e+01
-10.50870000 5.37736000e+01
-10.47870000 3.89833000e+01
-10.44870000 3.35949000e+01
-10.41870000 3.15980000e+01
-10.38870000 2.95669000e+01
-10.35870000 2.94180600e+01
-10.32870000 3.17294000e+01
-10.29870000 3.80217800e+01
-10.26870000 5.08780400e+01
-10.23870000 7.54477000e+01
-10.20870000 1.10888300e+02
-10.17870000 1.29647900e+02
-10.14870000 1.27075300e+02
-10.11870000 1.24645400e+02
-10.08870000 1.19439900e+02
-10.05870000 1.41495900e+02
-10.02870000 2.05584600e+02
-9.99872000 2.56450600e+02
-9.96872000 2.12489000e+02
-9.93872000 1.79221200e+02
-9.90872000 1.99724800e+02
-9.87872000 2.80552300e+02
-9.84872000 3.37816100e+02
-9.81872000 2.61037600e+02
-9.78872000 1.63826000e+02
-9.75872000 1.09534900e+02
-9.72872000 8.65360000e+01
-9.69872000 7.46581000e+01
-9.66872000 6.11511000e+01
-9.63872000 5.26907000e+01
-9.60872000 4.98534000e+01
-9.57872000 5.08888000e+01
-9.54872000 5.81970000e+01
-9.51872000 6.58288000e+01
-9.48872000 6.21081000e+01
-9.43143000 6.41726000e+01
-9.40143000 7.93346000e+01
-9.37143000 1.09417200e+02
-9.34143000 1.53625500e+02
-9.31143000 2.06769800e+02
-9.28143000 2.49999800e+02
-9.25143000 2.70502600e+02
-9.22143000 2.99263900e+02
-9.19143000 3.26335500e+02
-9.16143000 2.55082400e+02
-9.13143000 1.80965500e+02
-9.10143000 1.48872100e+02
-9.07143000 1.50887400e+02
-9.04143000 1.65217300e+02
-9.01143000 1.82871500e+02
-8.98143000 2.30751200e+02
-8.95143000 3.11960400e+02
-8.92143000 4.05278600e+02
-8.89143000 3.96773800e+02
-8.86143000 3.09967800e+02
-8.83143000 2.92224000e+02
-8.80143000 3.41083700e+02
-8.77143000 3.85429300e+02
-8.74143000 4.21516200e+02
-8.71143000 5.52772200e+02
-8.68143000 7.68739900e+02
-8.65143000 7.14342100e+02
-8.62143000 4.96842600e+02
-8.59143000 3.66877900e+02
-8.56143000 2.78733600e+02
-8.53143000 2.24750100e+02
-8.50143000 2.12996700e+02
-8.47143000 2.33639100e+02
-8.44143000 2.62345500e+02
-8.41143000 3.15410700e+02
-8.38143000 3.94745000e+02
-8.35143000 4.71156000e+02
-8.32143000 4.90179000e+02
-8.29143000 4.16405800e+02
-8.26143000 3.27196000e+02
-8.23143000 3.01328200e+02
-8.20143000 3.07584600e+02
-8.17143000 3.15089000e+02
-8.14143000 2.97569600e+02
-8.11143000 3.01761800e+02
-8.08143000 3.69832000e+02
-8.05143000 4.32132000e+02
-8.02143000 3.77909000e+02
-7.99143000 2.70144600e+02
-7.96143000 2.04766400e+02
-7.93143000 1.91171600e+02
-7.90143000 1.69171600e+02
-7.87143000 1.30622200e+02
-7.84143000 1.14835200e+02
-7.81143000 1.16404900e+02
-7.78143000 1.07411500e+02
-7.72415000 7.53330000e+01
-7.69415000 6.07750000e+01
-7.66415000 5.22366000e+01
-7.63415000 4.84373000e+01
-7.60415000 4.94550000e+01
-7.57415000 5.15490000e+01
-7.54415000 5.56225000e+01
-7.51415000 5.85121000e+01
-7.48415000 5.45285000e+01
-7.45415000 4.88112000e+01
-7.42415000 4.88698000e+01
-7.39415000 5.51362000e+01
-7.36415000 6.99989000e+01
-7.33415000 9.87206000e+01
-7.30415000 1.31952500e+02
-7.27415000 1.34560700e+02
-7.24415000 1.32335600e+02
-7.21415000 1.41085400e+02
-7.18415000 1.39239300e+02
-7.15415000 1.49469100e+02
-7.12415000 1.87092200e+02
-7.09415000 2.44755100e+02
-7.06415000 3.41444400e+02
-7.03415000 5.47868300e+02
-7.00415000 8.84240500e+02
-6.97415000 1.02399030e+03
-6.94415000 6.95263700e+02
-6.91415000 4.06000400e+02
-6.88415000 2.67670300e+02
-6.85415000 2.11110500e+02
-6.82415000 1.65327300e+02
-6.79415000 1.15398600e+02
-6.76415000 8.32470800e+01
-6.73415000 6.41432200e+01
-6.70415000 5.18223600e+01
-6.67415000 4.37714100e+01
-6.64415000 3.86549800e+01
-6.61415000 3.59567200e+01
-6.58415000 3.59044700e+01
-6.55415000 3.75987000e+01
-6.52415000 3.55570500e+01
-6.49415000 3.22512200e+01
-6.46415000 3.13317900e+01
-6.43415000 3.14710000e+01
-6.40415000 3.12566900e+01
-6.37415000 3.07219100e+01
-6.34415000 3.20321100e+01
-6.31415000 3.66136000e+01
-6.28415000 4.64418000e+01
-6.25415000 6.56278000e+01
-6.22415000 9.25662000e+01
-6.19415000 1.06412700e+02
-6.16415000 1.23107800e+02
-6.13415000 1.57993700e+02
-6.10415000 1.90354600e+02
-6.07415000 1.90691000e+02
-6.01687000 1.19228000e+02
-5.98687000 1.07462500e+02
-5.95687000 1.13691300e+02
-5.92687000 1.24759400e+02
-5.89687000 1.10234600e+02
-5.86687000 8.44494000e+01
-5.83687000 6.82284000e+01
-5.80687000 6.53596000e+01
-5.77687000 7.61612000e+01
-5.74687000 9.91399000e+01
-5.71687000 1.18151100e+02
-5.68687000 1.27113700e+02
-5.65687000 1.17742200e+02
-5.62687000 1.18726500e+02
-5.59687000 1.18298000e+02
-5.56687000 8.75266800e+01
-5.53687000 5.88009300e+01
-5.50687000 4.18488500e+01
-5.47687000 3.39603900e+01
-5.44687000 3.21637400e+01
-5.41687000 3.62826500e+01
-5.38687000 4.54469400e+01
-5.35687000 4.72322200e+01
-5.32687000 4.31996000e+01
-5.29687000 4.66106000e+01
-5.26687000 5.03562000e+01
-5.23687000 4.33564000e+01
-5.20687000 3.83879000e+01
-5.17687000 3.62227200e+01
-5.14687000 3.20994300e+01
-5.11687000 3.23359500e+01
-5.08687000 3.90985800e+01
-5.05687000 4.54666500e+01
-5.02687000 4.49434000e+01
-4.99687000 4.65530000e+01
-4.96687000 4.90605000e+01
-4.93687000 5.43717000e+01
-4.90687000 7.31310200e+01
-4.87687000 1.10609620e+02
-4.84687000 1.30792710e+02
-4.81687000 1.00074600e+02
-4.78687000 6.80950000e+01
-4.75687000 4.95004000e+01
-4.72687000 4.26711000e+01
-4.69687000 3.82016000e+01
-4.66687000 3.35156600e+01
-4.63687000 3.06636600e+01
-4.60687000 2.62542200e+01
-4.57687000 2.36656100e+01
-4.54687000 2.48364600e+01
-4.51687000 2.98378000e+01
-4.48687000 3.82393200e+01
-4.45687000 5.29504300e+01
-4.42687000 8.20241800e+01
-4.39687000 1.08840630e+02
-4.36687000 8.61469400e+01
-4.30958000 3.49342000e+01
-4.27958000 2.56972300e+01
-4.24958000 2.19862000e+01
-4.21958000 2.15744700e+01
-4.18958000 2.12754400e+01
-4.15958000 2.04981900e+01
-4.12958000 2.09523400e+01
-4.09958000 2.30530300e+01
-4.06958000 2.56634700e+01
-4.03958000 3.01154600e+01
-4.00958000 4.09610600e+01
-3.97958000 6.46971100e+01
-3.94958000 1.07646770e+02
-3.91958000 1.32320210e+02
-3.88958000 9.45935600e+01
-3.85958000 5.69262810e+01
-3.82958000 3.75266900e+01
-3.79958000 2.86557400e+01
-3.76958000 2.46704400e+01
-3.73958000 2.18946300e+01
-3.70958000 1.88464500e+01
-3.67958000 1.73147300e+01
-3.64958000 1.64385800e+01
-3.61958000 1.64457200e+01
-3.58958000 1.66381300e+01
-3.55958000 1.53143800e+01
-3.52958000 1.38497700e+01
-3.49958000 1.38031300e+01
-3.46958000 1.55531000e+01
-3.43958000 2.01507600e+01
-3.40958000 2.85795000e+01
-3.37958000 3.29874600e+01
-3.34958000 2.64059800e+01
-3.31958000 2.17068200e+01
-3.28958000 2.16801300e+01
-3.25958000 2.50949300e+01
-3.22958000 3.10345500e+01
-3.19958000 3.73989900e+01
-3.16958000 4.16742400e+01
-3.13958000 4.95478900e+01
-3.10958000 6.89341300e+01
-3.07958000 7.99720100e+01
-3.04958000 6.73568700e+01
-3.01958000 6.18832500e+01
-2.98958000 5.15564300e+01
-2.95958000 3.53165800e+01
-2.92958000 2.59511100e+01
-2.89958000 1.93742400e+01
-2.86958000 1.46008700e+01
-2.83958000 1.21943300e+01
-2.80958000 1.11808400e+01
-2.77958000 1.11005400e+01
-2.74958000 1.11251450e+01
-2.71958000 1.14127720e+01
-2.68958000 1.18438700e+01
-2.65958000 1.19914950e+01
-2.60230000 1.54246890e+01
-2.57230000 1.38556300e+01
-2.54230000 1.18165500e+01
-2.51230000 1.14243290e+01
-2.48230000 1.12132830e+01
-2.45230000 1.06378940e+01
-2.42230000 9.64277300e+00
-2.39230000 9.54307000e+00
-2.36230000 9.78441200e+00
-2.33230000 9.92619800e+00
-2.30230000 1.07231800e+01
-2.27230000 1.12266580e+01
-2.24230000 1.12059790e+01
-2.21230000 1.13992060e+01
-2.18230000 1.24093180e+01
-2.15230000 1.35687600e+01
-2.12230000 1.40197600e+01
-2.09230000 1.55671600e+01
-2.06230000 1.85175400e+01
-2.03230000 2.33571400e+01
-2.00230000 2.76105800e+01
-1.97230000 3.29022400e+01
-1.94230000 4.38740300e+01
-1.91230000 5.74393000e+01
-1.88230000 5.76557000e+01
-1.85230000 5.20714500e+01
-1.82230000 4.66987300e+01
-1.79230000 3.46053400e+01
-1.76230000 2.62548800e+01
-1.73230000 2.27773500e+01
-1.70230000 2.29412500e+01
-1.67230000 2.56413600e+01
-1.64230000 2.88430400e+01
-1.61230000 3.06333100e+01
-1.58230000 2.91117700e+01
-1.55230000 2.61677500e+01
-1.52230000 2.29358700e+01
-1.49230000 2.12180210e+01
-1.46230000 1.98025180e+01
-1.43230000 1.98281780e+01
-1.40230000 2.14861110e+01
-1.37230000 2.18279710e+01
-1.34230000 2.22532860e+01
-1.31230000 2.67122780e+01
-1.28230000 3.66998360e+01
-1.25230000 5.40893200e+01
-1.22230000 8.07131500e+01
-1.19230000 9.71652200e+01
-1.16230000 7.71716100e+01
-1.13230000 5.72354200e+01
-1.10230000 5.48615300e+01
-1.07230000 5.62366500e+01
-1.04230000 4.42154700e+01
-1.01230000 3.36797200e+01
-0.98229800 2.79385200e+01
-0.95229800 2.47378800e+01
-0.89501400 1.64306200e+01
-0.86501400 1.31998200e+01
-0.83501400 1.14961900e+01
-0.80501400 1.15141100e+01
-0.77501400 1.25742600e+01
-0.74501400 1.36470800e+01
-0.71501400 1.67447860e+01
-0.68501400 1.96059900e+01
-0.65501400 1.53943540e+01
-0.62501400 1.04502800e+01
-0.59501400 7.84133700e+00
-0.56501400 6.70020000e+00
-0.53501400 6.13736000e+00
-0.50501400 5.80914000e+00
-0.47501400 5.87663000e+00
-0.44501400 6.28153000e+00
-0.41501400 7.03133000e+00
-0.38501400 7.27042000e+00
-0.35501400 7.14135000e+00
-0.32501400 7.79324000e+00
-0.29501400 9.09843000e+00
-0.26501400 9.76511000e+00
-0.23501400 8.92153000e+00
-0.20501400 7.81542000e+00
-0.17501400 7.45717000e+00
-0.14501400 7.15320000e+00
-0.11501400 7.22060000e+00
-0.08501380 8.23240000e+00
-0.05501380 9.81601000e+00
-0.02501380 1.17791200e+01
0.00498624 1.38151600e+01
0.03498620 1.59243600e+01
0.06498620 2.05695900e+01
0.09498620 2.83292200e+01
0.12498600 3.60676400e+01
0.15498600 3.89621400e+01
0.18498600 4.13923300e+01
0.21498600 3.79956900e+01
0.24498600 2.96040100e+01
0.27498600 2.37896700e+01
0.30498600 1.73314800e+01
0.33498600 1.29602700e+01
0.36498600 1.02948800e+01
0.39498600 8.48985100e+00
0.42498600 7.61874300e+00
0.45498600 7.18027300e+00
0.48498600 6.97429900e+00
0.51498600 7.54580000e+00
0.54498600 9.12977100e+00
0.57498600 1.09401090e+01
0.60498600 1.13147350e+01
0.63498600 9.50684300e+00
0.66498600 8.52691800e+00
0.69498600 9.16640900e+00
0.72498600 9.77768400e+00
0.75498600 9.25609200e+00
