# E(MeV)  S_NSDRNSDR(K=1) for _W233_DDPCX
-16.26060000 1.50309000e-01
-16.23060000 1.51748000e-01
-16.20060000 1.53205000e-01
-16.17060000 1.54681000e-01
-16.14060000 1.56177000e-01
-16.11060000 1.57696000e-01
-16.08060000 1.59239000e-01
-16.05060000 1.60807000e-01
-16.02060000 1.62404000e-01
-15.99060000 1.64029000e-01
-15.96060000 1.65686000e-01
-15.93060000 1.67376000e-01
-15.90060000 1.69103000e-01
-15.87060000 1.70868000e-01
-15.84060000 1.72673000e-01
-15.81060000 1.74523000e-01
-15.78060000 1.76419000e-01
-15.75060000 1.78366000e-01
-15.72060000 1.80367000e-01
-15.69060000 1.82425000e-01
-15.66060000 1.84546000e-01
-15.63060000 1.86734000e-01
-15.60060000 1.88994000e-01
-15.57060000 1.91331000e-01
-15.54060000 1.93754000e-01
-15.51060000 1.96268000e-01
-15.48060000 1.98881000e-01
-15.45060000 2.01603000e-01
-15.42060000 2.04444000e-01
-15.39060000 2.07415000e-01
-15.36060000 2.10529000e-01
-15.33060000 2.13801000e-01
-15.30060000 2.17248000e-01
-15.27060000 2.20889000e-01
-15.24060000 2.24748000e-01
-15.21060000 2.28849000e-01
-15.18060000 2.33225000e-01
-15.15060000 2.37912000e-01
-15.12060000 2.42955000e-01
-15.09060000 2.48406000e-01
-15.06060000 2.54331000e-01
-15.03060000 2.60813000e-01
-15.00060000 2.67958000e-01
-14.97060000 2.75906000e-01
-14.94060000 2.84851000e-01
-14.91060000 2.95078000e-01
-14.88060000 3.07039000e-01
-14.85060000 3.21524000e-01
-14.82060000 3.40075000e-01
-14.79060000 3.65950000e-01
-14.76060000 4.04602000e-01
-14.73060000 4.48011000e-01
-14.70060000 4.58115000e-01
-14.67060000 4.60620000e-01
-14.64060000 4.80248000e-01
-14.61060000 5.15123000e-01
-14.55330000 6.23738000e-01
-14.52330000 7.10619000e-01
-14.49330000 8.30131000e-01
-14.46330000 1.00014000e+00
-14.43330000 1.25303000e+00
-14.40330000 1.65146000e+00
-14.37330000 2.32618000e+00
-14.34330000 3.56999000e+00
-14.31330000 6.02071000e+00
-14.28330000 1.02348000e+01
-14.25330000 1.22319000e+01
-14.22330000 8.98743000e+00
-14.19330000 6.88265000e+00
-14.16330000 6.64374000e+00
-14.13330000 5.28627000e+00
-14.10330000 3.33617000e+00
-14.07330000 2.17878000e+00
-14.04330000 1.56319000e+00
-14.01330000 1.21414000e+00
-13.98330000 9.97590000e-01
-13.95330000 8.54437000e-01
-13.92330000 7.58745000e-01
-13.89330000 6.94919000e-01
-13.86330000 6.54578000e-01
-13.83330000 6.34709000e-01
-13.80330000 6.37749000e-01
-13.77330000 6.74760000e-01
-13.74330000 7.67448000e-01
-13.71330000 9.06936000e-01
-13.68330000 9.96387000e-01
-13.65330000 9.03298000e-01
-13.62330000 7.97443000e-01
-13.59330000 7.96996000e-01
-13.56330000 9.13149000e-01
-13.53330000 1.18210000e+00
-13.50330000 1.62622000e+00
-13.47330000 1.84877000e+00
-13.44330000 1.40463000e+00
-13.41330000 9.79969000e-01
-13.38330000 7.57683000e-01
-13.35330000 6.45402000e-01
-13.32330000 5.85139000e-01
-13.29330000 5.51146000e-01
-13.26330000 5.31701000e-01
-13.23330000 5.21057000e-01
-13.20330000 5.16197000e-01
-13.17330000 5.15461000e-01
-13.14330000 5.17921000e-01
-13.11330000 5.23097000e-01
-13.08330000 5.30829000e-01
-13.05330000 5.41260000e-01
-13.02330000 5.54948000e-01
-12.99330000 5.73188000e-01
-12.96330000 5.98783000e-01
-12.93330000 6.36689000e-01
-12.90330000 6.87764000e-01
-12.84600000 8.49996000e-01
-12.81600000 8.97272000e-01
-12.78600000 8.33965000e-01
-12.75600000 7.95200000e-01
-12.72600000 7.96646000e-01
-12.69600000 8.20849000e-01
-12.66600000 8.63135000e-01
-12.63600000 9.15230000e-01
-12.60600000 9.71795000e-01
-12.57600000 1.05714000e+00
-12.54600000 1.18310000e+00
-12.51600000 1.30373000e+00
-12.48600000 1.39341000e+00
-12.45600000 1.53481000e+00
-12.42600000 1.76597000e+00
-12.39600000 2.10084000e+00
-12.36600000 2.56313000e+00
-12.33600000 3.29849000e+00
-12.30600000 4.57316000e+00
-12.27600000 6.95736000e+00
-12.24600000 1.16848000e+01
-12.21600000 1.96200000e+01
-12.18600000 2.25141000e+01
-12.15600000 1.51669000e+01
-12.12600000 9.26124000e+00
-12.09600000 6.51143000e+00
-12.06600000 5.56629000e+00
-12.03600000 5.92892000e+00
-12.00600000 7.79053000e+00
-11.97600000 1.01295000e+01
-11.94600000 8.65692000e+00
-11.91600000 5.85777000e+00
-11.88600000 4.36063000e+00
-11.85600000 3.79759000e+00
-11.82600000 3.77637000e+00
-11.79600000 3.88026000e+00
-11.76600000 3.95743000e+00
-11.73600000 4.39188000e+00
-11.70600000 5.38761000e+00
-11.67600000 7.27249000e+00
-11.64600000 1.08959000e+01
-11.61600000 1.81432000e+01
-11.58600000 2.95692000e+01
-11.55600000 3.21599000e+01
-11.52600000 2.11159000e+01
-11.49600000 1.27813000e+01
-11.46600000 8.78528000e+00
-11.43600000 7.09191000e+00
-11.40600000 6.59817000e+00
-11.37600000 6.59924000e+00
-11.34600000 7.14310000e+00
-11.31600000 9.02879000e+00
-11.28600000 1.34140000e+01
-11.25600000 2.13453000e+01
-11.22600000 2.76706000e+01
-11.19600000 2.38505000e+01
-11.13870000 9.55177000e+00
-11.10870000 6.52152000e+00
-11.07870000 4.94208000e+00
-11.04870000 4.07247000e+00
-11.01870000 3.59251000e+00
-10.98870000 3.36564000e+00
-10.95870000 3.30642000e+00
-10.92870000 3.30418000e+00
-10.89870000 3.44955000e+00
-10.86870000 3.88436000e+00
-10.83870000 4.69386000e+00
-10.80870000 5.44462000e+00
-10.77870000 5.57705000e+00
-10.74870000 5.35865000e+00
-10.71870000 5.33966000e+00
-10.68870000 5.89745000e+00
-10.65870000 7.26135000e+00
-10.62870000 9.99724000e+00
-10.59870000 1.55871000e+01
-10.56870000 2.51264000e+01
-10.53870000 2.90094000e+01
-10.50870000 2.06540000e+01
-10.47870000 1.41433000e+01
-10.44870000 1.16208000e+01
-10.41870000 1.02502000e+01
-10.38870000 8.37295000e+00
-10.35870000 7.26108000e+00
-10.32870000 6.98400000e+00
-10.29870000 7.34744000e+00
-10.26870000 8.37362000e+00
-10.23870000 1.02659000e+01
-10.20870000 1.31955000e+01
-10.17870000 1.81581000e+01
-10.14870000 2.69308000e+01
-10.11870000 3.18872000e+01
-10.08870000 2.63506000e+01
-10.05870000 2.31697000e+01
-10.02870000 2.55013000e+01
-9.99872000 3.05348000e+01
-9.96872000 3.53865000e+01
-9.93872000 4.60248000e+01
-9.90872000 6.83407000e+01
-9.87872000 1.10215000e+02
-9.84872000 1.32412000e+02
-9.81872000 9.25027000e+01
-9.78872000 5.54556000e+01
-9.75872000 3.73772000e+01
-9.72872000 3.04810000e+01
-9.69872000 2.69325000e+01
-9.66872000 2.14698000e+01
-9.63872000 1.74996000e+01
-9.60872000 1.59324000e+01
-9.57872000 1.64962000e+01
-9.54872000 1.94056000e+01
-9.51872000 2.25725000e+01
-9.48872000 2.11275000e+01
-9.43143000 2.02506000e+01
-9.40143000 2.42519000e+01
-9.37143000 3.22821000e+01
-9.34143000 4.06234000e+01
-9.31143000 4.62614000e+01
-9.28143000 5.96569000e+01
-9.25143000 8.32993000e+01
-9.22143000 1.16010000e+02
-9.19143000 1.40189000e+02
-9.16143000 1.09204000e+02
-9.13143000 7.34425000e+01
-9.10143000 5.63813000e+01
-9.07143000 5.39974000e+01
-9.04143000 5.41325000e+01
-9.01143000 4.90643000e+01
-8.98143000 4.68556000e+01
-8.95143000 5.11637000e+01
-8.92143000 6.09703000e+01
-8.89143000 6.44584000e+01
-8.86143000 6.98509000e+01
-8.83143000 9.05930000e+01
-8.80143000 1.26510000e+02
-8.77143000 1.52696000e+02
-8.74143000 1.78563000e+02
-8.71143000 2.53670000e+02
-8.68143000 3.67324000e+02
-8.65143000 3.42987000e+02
-8.62143000 2.35477000e+02
-8.59143000 1.70602000e+02
-8.56143000 1.25689000e+02
-8.53143000 9.71392000e+01
-8.50143000 8.82864000e+01
-8.47143000 9.26738000e+01
-8.44143000 9.69003000e+01
-8.41143000 1.13512000e+02
-8.38143000 1.41832000e+02
-8.35143000 1.51747000e+02
-8.32143000 1.20692000e+02
-8.29143000 8.77424000e+01
-8.26143000 7.77035000e+01
-8.23143000 7.80181000e+01
-8.20143000 7.12218000e+01
-8.17143000 6.70685000e+01
-8.14143000 7.20978000e+01
-8.11143000 9.23854000e+01
-8.08143000 1.29517000e+02
-8.05143000 1.47083000e+02
-8.02143000 1.13510000e+02
-7.99143000 8.21848000e+01
-7.96143000 6.99027000e+01
-7.93143000 7.37150000e+01
-7.90143000 6.81050000e+01
-7.87143000 5.15722000e+01
-7.84143000 4.42302000e+01
-7.81143000 4.41584000e+01
-7.78143000 4.05971000e+01
-7.72415000 2.81832000e+01
-7.69415000 2.09563000e+01
-7.66415000 1.69371000e+01
-7.63415000 1.48081000e+01
-7.60415000 1.37707000e+01
-7.57415000 1.33532000e+01
-7.54415000 1.36882000e+01
-7.51415000 1.45119000e+01
-7.48415000 1.47960000e+01
-7.45415000 1.51778000e+01
-7.42415000 1.66808000e+01
-7.39415000 1.96513000e+01
-7.36415000 2.51689000e+01
-7.33415000 3.52716000e+01
-7.30415000 4.84964000e+01
-7.27415000 5.29500000e+01
-7.24415000 5.52578000e+01
-7.21415000 6.04079000e+01
-7.18415000 5.77779000e+01
-7.15415000 5.78667000e+01
-7.12415000 6.77322000e+01
-7.09415000 9.19561000e+01
-7.06415000 1.41330000e+02
-7.03415000 2.41209000e+02
-7.00415000 4.14011000e+02
-6.97415000 4.94294000e+02
-6.94415000 3.36385000e+02
-6.91415000 1.95382000e+02
-6.88415000 1.28343000e+02
-6.85415000 1.01319000e+02
-6.82415000 7.92071000e+01
-6.79415000 5.47501000e+01
-6.76415000 3.90243000e+01
-6.73415000 2.97332000e+01
-6.70415000 2.37559000e+01
-6.67415000 1.98510000e+01
-6.64415000 1.73625000e+01
-6.61415000 1.60347000e+01
-6.58415000 1.59727000e+01
-6.55415000 1.67026000e+01
-6.52415000 1.54442000e+01
-6.49415000 1.35030000e+01
-6.46415000 1.29644000e+01
-6.43415000 1.29384000e+01
-6.40415000 1.24993000e+01
-6.37415000 1.15957000e+01
-6.34415000 1.11581000e+01
-6.31415000 1.15096000e+01
-6.28415000 1.26865000e+01
-6.25415000 1.50521000e+01
-6.22415000 1.95050000e+01
-6.19415000 2.78979000e+01
-6.16415000 4.29574000e+01
-6.13415000 6.25417000e+01
-6.10415000 7.96427000e+01
-6.07415000 8.21033000e+01
-6.01687000 4.56195000e+01
-5.98687000 3.89922000e+01
-5.95687000 4.43240000e+01
-5.92687000 5.35502000e+01
-5.89687000 4.86233000e+01
-5.86687000 3.67624000e+01
-5.83687000 2.88227000e+01
-5.80687000 2.65618000e+01
-5.77687000 2.96646000e+01
-5.74687000 3.72078000e+01
-5.71687000 4.28653000e+01
-5.68687000 4.55458000e+01
-5.65687000 4.46937000e+01
-5.62687000 5.06566000e+01
-5.59687000 5.35986000e+01
-5.56687000 3.98223000e+01
-5.53687000 2.63011000e+01
-5.50687000 1.82627000e+01
-5.47687000 1.45030000e+01
-5.44687000 1.35811000e+01
-5.41687000 1.53753000e+01
-5.38687000 1.93214000e+01
-5.35687000 1.89741000e+01
-5.32687000 1.46775000e+01
-5.29687000 1.24416000e+01
-5.26687000 1.22026000e+01
-5.23687000 1.24796000e+01
-5.20687000 1.35135000e+01
-5.17687000 1.42061000e+01
-5.14687000 1.29369000e+01
-5.11687000 1.32894000e+01
-5.08687000 1.64511000e+01
-5.05687000 1.88137000e+01
-5.02687000 1.66917000e+01
-4.99687000 1.47537000e+01
-4.96687000 1.60189000e+01
-4.93687000 2.10713000e+01
-4.90687000 3.19321000e+01
-4.87687000 5.11225000e+01
-4.84687000 6.08580000e+01
-4.81687000 4.42812000e+01
-4.78687000 2.72072000e+01
-4.75687000 1.75186000e+01
-4.72687000 1.28881000e+01
-4.69687000 1.06768000e+01
-4.66687000 9.03498000e+00
-4.63687000 7.97188000e+00
-4.60687000 7.71636000e+00
-4.57687000 8.21722000e+00
-4.54687000 9.61171000e+00
-4.51687000 1.24103000e+01
-4.48687000 1.70620000e+01
-4.45687000 2.48054000e+01
-4.42687000 3.95527000e+01
-4.39687000 5.32175000e+01
-4.36687000 4.20730000e+01
-4.30958000 1.65997000e+01
-4.27958000 1.20023000e+01
-4.24958000 1.01368000e+01
-4.21958000 9.82886000e+00
-4.18958000 9.41800000e+00
-4.15958000 8.58883000e+00
-4.12958000 8.51890000e+00
-4.09958000 9.56555000e+00
-4.06958000 1.13023000e+01
-4.03958000 1.39531000e+01
-4.00958000 1.96426000e+01
-3.97958000 3.16703000e+01
-3.94958000 5.32365000e+01
-3.91958000 6.56241000e+01
-3.88958000 4.67874000e+01
-3.85958000 2.79644000e+01
-3.82958000 1.82617000e+01
-3.79958000 1.38086000e+01
-3.76958000 1.17795000e+01
-3.73958000 1.03250000e+01
-3.70958000 8.69904000e+00
-3.67958000 7.80214000e+00
-3.64958000 7.22773000e+00
-3.61958000 7.21525000e+00
-3.58958000 7.29689000e+00
-3.55958000 6.50598000e+00
-3.52958000 5.48790000e+00
-3.49958000 4.92745000e+00
-3.46958000 4.78171000e+00
-3.43958000 5.07876000e+00
-3.40958000 5.83260000e+00
-3.37958000 6.48168000e+00
-3.34958000 6.39569000e+00
-3.31958000 6.79399000e+00
-3.28958000 8.18085000e+00
-3.25958000 1.06174000e+01
-3.22958000 1.39218000e+01
-3.19958000 1.71695000e+01
-3.16958000 1.92164000e+01
-3.13958000 2.29679000e+01
-3.10958000 3.22613000e+01
-3.07958000 3.77188000e+01
-3.04958000 3.17878000e+01
-3.01958000 2.93200000e+01
-2.98958000 2.41065000e+01
-2.95958000 1.56692000e+01
-2.92958000 1.06397000e+01
-2.89958000 7.81406000e+00
-2.86958000 6.09978000e+00
-2.83958000 5.27947000e+00
-2.80958000 4.97153000e+00
-2.77958000 5.04045000e+00
-2.74958000 5.12010000e+00
-2.71958000 5.31155000e+00
-2.68958000 5.56347000e+00
-2.65958000 5.66200000e+00
-2.60230000 7.39842000e+00
-2.57230000 6.60713000e+00
-2.54230000 5.57377000e+00
-2.51230000 5.36803000e+00
-2.48230000 5.26058000e+00
-2.45230000 4.97990000e+00
-2.42230000 4.50406000e+00
-2.39230000 4.47244000e+00
-2.36230000 4.60032000e+00
-2.33230000 4.66894000e+00
-2.30230000 5.04967000e+00
-2.27230000 5.26342000e+00
-2.24230000 5.22126000e+00
-2.21230000 5.30820000e+00
-2.18230000 5.77463000e+00
-2.15230000 6.25476000e+00
-2.12230000 6.27838000e+00
-2.09230000 6.75309000e+00
-2.06230000 8.11818000e+00
-2.03230000 1.07369000e+01
-2.00230000 1.29711000e+01
-1.97230000 1.55325000e+01
-1.94230000 2.07808000e+01
-1.91230000 2.72296000e+01
-1.88230000 2.69362000e+01
-1.85230000 2.42347000e+01
-1.82230000 2.20784000e+01
-1.79230000 1.63215000e+01
-1.76230000 1.22126000e+01
-1.73230000 1.04909000e+01
-1.70230000 1.06563000e+01
-1.67230000 1.20494000e+01
-1.64230000 1.35790000e+01
-1.61230000 1.43912000e+01
-1.58230000 1.37465000e+01
-1.55230000 1.24312000e+01
-1.52230000 1.09538000e+01
-1.49230000 1.01874000e+01
-1.46230000 9.51904000e+00
-1.43230000 9.54150000e+00
-1.40230000 1.03764000e+01
-1.37230000 1.05500000e+01
-1.34230000 1.07492000e+01
-1.31230000 1.29449000e+01
-1.28230000 1.78768000e+01
-1.25230000 2.64556000e+01
-1.22230000 3.96011000e+01
-1.19230000 4.76957000e+01
-1.16230000 3.76200000e+01
-1.13230000 2.75505000e+01
-1.10230000 2.62084000e+01
-1.07230000 2.65089000e+01
-1.04230000 1.97079000e+01
-1.01230000 1.37977000e+01
-0.98229800 1.14451000e+01
-0.95229800 1.05658000e+01
-0.89501400 6.75404000e+00
-0.86501400 5.48704000e+00
-0.83501400 4.95370000e+00
-0.80501400 5.11343000e+00
-0.77501400 5.69711000e+00
-0.74501400 6.28961000e+00
-0.71501400 7.91404000e+00
-0.68501400 9.39740000e+00
-0.65501400 7.30352000e+00
-0.62501400 4.81139000e+00
-0.59501400 3.46111000e+00
-0.56501400 2.80638000e+00
-0.53501400 2.43411000e+00
-0.50501400 2.22615000e+00
-0.47501400 2.19230000e+00
-0.44501400 2.33973000e+00
-0.41501400 2.64060000e+00
-0.38501400 2.74809000e+00
-0.35501400 2.75132000e+00
-0.32501400 3.15004000e+00
-0.29501400 3.77354000e+00
-0.26501400 4.05367000e+00
-0.23501400 3.72922000e+00
-0.20501400 3.29128000e+00
-0.17501400 3.14165000e+00
-0.14501400 2.92941000e+00
-0.11501400 2.77662000e+00
-0.08501380 2.93744000e+00
-0.05501380 3.45542000e+00
-0.02501380 4.43826000e+00
0.00498624 5.55040000e+00
0.03498620 6.75577000e+00
0.06498620 9.05231000e+00
0.09498620 1.26958000e+01
0.12498600 1.60935000e+01
0.15498600 1.71876000e+01
0.18498600 1.85781000e+01
0.21498600 1.73628000e+01
0.24498600 1.36116000e+01
0.27498600 1.10389000e+01
0.30498600 7.98786000e+00
0.33498600 5.88445000e+00
0.36498600 4.62221000e+00
0.39498600 3.80725000e+00
0.42498600 3.43979000e+00
0.45498600 3.25307000e+00
0.48498600 3.14755000e+00
0.51498600 3.39041000e+00
0.54498600 4.11056000e+00
0.57498600 5.00535000e+00
0.60498600 5.26055000e+00
0.63498600 4.39995000e+00
0.66498600 3.93120000e+00
0.69498600 4.24874000e+00
0.72498600 4.51405000e+00
0.75498600 4.15902000e+00
