# E(MeV)  S_GAMTGAMT(K=1) for _W233_DDPCX
-16.26060000 2.50028000e-03
-16.23060000 2.50903000e-03
-16.20060000 2.51782000e-03
-16.17060000 2.52664000e-03
-16.14060000 2.53550000e-03
-16.11060000 2.54440000e-03
-16.08060000 2.55334000e-03
-16.05060000 2.56232000e-03
-16.02060000 2.57135000e-03
-15.99060000 2.58041000e-03
-15.96060000 2.58953000e-03
-15.93060000 2.59868000e-03
-15.90060000 2.60788000e-03
-15.87060000 2.61713000e-03
-15.84060000 2.62643000e-03
-15.81060000 2.63577000e-03
-15.78060000 2.64516000e-03
-15.75060000 2.65461000e-03
-15.72060000 2.66410000e-03
-15.69060000 2.67365000e-03
-15.66060000 2.68326000e-03
-15.63060000 2.69292000e-03
-15.60060000 2.70264000e-03
-15.57060000 2.71242000e-03
-15.54060000 2.72227000e-03
-15.51060000 2.73218000e-03
-15.48060000 2.74217000e-03
-15.45060000 2.75225000e-03
-15.42060000 2.76242000e-03
-15.39060000 2.77272000e-03
-15.36060000 2.78320000e-03
-15.33060000 2.79395000e-03
-15.30060000 2.80520000e-03
-15.27060000 2.81744000e-03
-15.24060000 2.83134000e-03
-15.21060000 2.84436000e-03
-15.18060000 2.85200000e-03
-15.15060000 2.85938000e-03
-15.12060000 2.86838000e-03
-15.09060000 2.87832000e-03
-15.06060000 2.88874000e-03
-15.03060000 2.89944000e-03
-15.00060000 2.91032000e-03
-14.97060000 2.92136000e-03
-14.94060000 2.93252000e-03
-14.91060000 2.94380000e-03
-14.88060000 2.95520000e-03
-14.85060000 2.96670000e-03
-14.82060000 2.97832000e-03
-14.79060000 2.99005000e-03
-14.76060000 3.00190000e-03
-14.73060000 3.01387000e-03
-14.70060000 3.02597000e-03
-14.67060000 3.03820000e-03
-14.64060000 3.05056000e-03
-14.61060000 3.06307000e-03
-14.55330000 3.08739000e-03
-14.52330000 3.10036000e-03
-14.49330000 3.11352000e-03
-14.46330000 3.12688000e-03
-14.43330000 3.14047000e-03
-14.40330000 3.15431000e-03
-14.37330000 3.16843000e-03
-14.34330000 3.18269000e-03
-14.31330000 3.19714000e-03
-14.28330000 3.21194000e-03
-14.25330000 3.22713000e-03
-14.22330000 3.24273000e-03
-14.19330000 3.25879000e-03
-14.16330000 3.27537000e-03
-14.13330000 3.29255000e-03
-14.10330000 3.31044000e-03
-14.07330000 3.32919000e-03
-14.04330000 3.34901000e-03
-14.01330000 3.37020000e-03
-13.98330000 3.39323000e-03
-13.95330000 3.41887000e-03
-13.92330000 3.44853000e-03
-13.89330000 3.48464000e-03
-13.86330000 3.53000000e-03
-13.83330000 3.59168000e-03
-13.80330000 3.69185000e-03
-13.77330000 3.83597000e-03
-13.74330000 3.88387000e-03
-13.71330000 3.81574000e-03
-13.68330000 3.78826000e-03
-13.65330000 3.80976000e-03
-13.62330000 3.86456000e-03
-13.59330000 3.94942000e-03
-13.56330000 4.07107000e-03
-13.53330000 4.24688000e-03
-13.50330000 4.51200000e-03
-13.47330000 4.93840000e-03
-13.44330000 5.68120000e-03
-13.41330000 7.06308000e-03
-13.38330000 9.54355000e-03
-13.35330000 1.31466000e-02
-13.32330000 1.37403000e-02
-13.29330000 1.00430000e-02
-13.26330000 7.38032000e-03
-13.23330000 6.13122000e-03
-13.20330000 5.66161000e-03
-13.17330000 5.69530000e-03
-13.14330000 5.84903000e-03
-13.11330000 5.65677000e-03
-13.08330000 5.65011000e-03
-13.05330000 5.80187000e-03
-13.02330000 5.43421000e-03
-12.99330000 4.95953000e-03
-12.96330000 4.71188000e-03
-12.93330000 4.66323000e-03
-12.90330000 4.74573000e-03
-12.84600000 5.44313000e-03
-12.81600000 5.56319000e-03
-12.78600000 5.06761000e-03
-12.75600000 4.70404000e-03
-12.72600000 4.54882000e-03
-12.69600000 4.51693000e-03
-12.66600000 4.57981000e-03
-12.63600000 4.68457000e-03
-12.60600000 4.65360000e-03
-12.57600000 4.55190000e-03
-12.54600000 4.51089000e-03
-12.51600000 4.52342000e-03
-12.48600000 4.57617000e-03
-12.45600000 4.67529000e-03
-12.42600000 4.85044000e-03
-12.39600000 5.13557000e-03
-12.36600000 5.39234000e-03
-12.33600000 5.36946000e-03
-12.30600000 5.30620000e-03
-12.27600000 5.41441000e-03
-12.24600000 5.71639000e-03
-12.21600000 6.29699000e-03
-12.18600000 7.38631000e-03
-12.15600000 9.27597000e-03
-12.12600000 1.18079000e-02
-12.09600000 1.35915000e-02
-12.06600000 1.38287000e-02
-12.03600000 1.20171000e-02
-12.00600000 9.29538000e-03
-11.97600000 7.79105000e-03
-11.94600000 7.34636000e-03
-11.91600000 7.61413000e-03
-11.88600000 7.82816000e-03
-11.85600000 7.45022000e-03
-11.82600000 7.24996000e-03
-11.79600000 7.34479000e-03
-11.76600000 7.29075000e-03
-11.73600000 7.09883000e-03
-11.70600000 6.60896000e-03
-11.67600000 6.30873000e-03
-11.64600000 6.25044000e-03
-11.61600000 6.28377000e-03
-11.58600000 6.43953000e-03
-11.55600000 6.78375000e-03
-11.52600000 7.40913000e-03
-11.49600000 8.48854000e-03
-11.46600000 1.02955000e-02
-11.43600000 1.36328000e-02
-11.40600000 1.77502000e-02
-11.37600000 1.78804000e-02
-11.34600000 1.79580000e-02
-11.31600000 1.99889000e-02
-11.28600000 1.73259000e-02
-11.25600000 1.29919000e-02
-11.22600000 1.08200000e-02
-11.19600000 1.04894000e-02
-11.13870000 1.12908000e-02
-11.10870000 9.68848000e-03
-11.07870000 8.30556000e-03
-11.04870000 7.60763000e-03
-11.01870000 7.31516000e-03
-10.98870000 7.26712000e-03
-10.95870000 7.39655000e-03
-10.92870000 7.68649000e-03
-10.89870000 8.19802000e-03
-10.86870000 8.50373000e-03
-10.83870000 8.42390000e-03
-10.80870000 8.57012000e-03
-10.77870000 8.63862000e-03
-10.74870000 8.72662000e-03
-10.71870000 9.15771000e-03
-10.68870000 1.00018000e-02
-10.65870000 1.13682000e-02
-10.62870000 1.33551000e-02
-10.59870000 1.56478000e-02
-10.56870000 1.93414000e-02
-10.53870000 2.58355000e-02
-10.50870000 3.55694000e-02
-10.47870000 4.41034000e-02
-10.44870000 4.22108000e-02
-10.41870000 3.64744000e-02
-10.38870000 3.61353000e-02
-10.35870000 4.22651000e-02
-10.32870000 4.12658000e-02
-10.29870000 3.00905000e-02
-10.26870000 2.27057000e-02
-10.23870000 1.89452000e-02
-10.20870000 1.70925000e-02
-10.17870000 1.67823000e-02
-10.14870000 1.80166000e-02
-10.11870000 2.12410000e-02
-10.08870000 2.79163000e-02
-10.05870000 4.16007000e-02
-10.02870000 6.70070000e-02
-9.99872000 8.66898000e-02
-9.96872000 6.75310000e-02
-9.93872000 4.60162000e-02
-9.90872000 3.69683000e-02
-9.87872000 3.49184000e-02
-9.84872000 3.26438000e-02
-9.81872000 2.60367000e-02
-9.78872000 2.03632000e-02
-9.75872000 1.64359000e-02
-9.72872000 1.41202000e-02
-9.69872000 1.28955000e-02
-9.66872000 1.23580000e-02
-9.63872000 1.23859000e-02
-9.60872000 1.27858000e-02
-9.57872000 1.34367000e-02
-9.54872000 1.48549000e-02
-9.51872000 1.61172000e-02
-9.48872000 1.74276000e-02
-9.43143000 2.15405000e-02
-9.40143000 1.89590000e-02
-9.37143000 1.65474000e-02
-9.34143000 1.61591000e-02
-9.31143000 1.67015000e-02
-9.28143000 1.57184000e-02
-9.25143000 1.35624000e-02
-9.22143000 1.21562000e-02
-9.19143000 1.15471000e-02
-9.16143000 1.14246000e-02
-9.13143000 1.15530000e-02
-9.10143000 1.16723000e-02
-9.07143000 1.19166000e-02
-9.04143000 1.21979000e-02
-9.01143000 1.24077000e-02
-8.98143000 1.27889000e-02
-8.95143000 1.32476000e-02
-8.92143000 1.39503000e-02
-8.89143000 1.51328000e-02
-8.86143000 1.69844000e-02
-8.83143000 1.99181000e-02
-8.80143000 2.43269000e-02
-8.77143000 2.89959000e-02
-8.74143000 3.33997000e-02
-8.71143000 3.88407000e-02
-8.68143000 5.20181000e-02
-8.65143000 7.02374000e-02
-8.62143000 7.35000000e-02
-8.59143000 7.28975000e-02
-8.56143000 8.02739000e-02
-8.53143000 7.60035000e-02
-8.50143000 7.30311000e-02
-8.47143000 8.00912000e-02
-8.44143000 6.94398000e-02
-8.41143000 5.07064000e-02
-8.38143000 4.15198000e-02
-8.35143000 3.93920000e-02
-8.32143000 4.08572000e-02
-8.29143000 4.84622000e-02
-8.26143000 6.47023000e-02
-8.23143000 7.88630000e-02
-8.20143000 7.85525000e-02
-8.17143000 7.63280000e-02
-8.14143000 8.31230000e-02
-8.11143000 9.51659000e-02
-8.08143000 9.30933000e-02
-8.05143000 9.43540000e-02
-8.02143000 1.10914000e-01
-7.99143000 1.23521000e-01
-7.96143000 1.00632000e-01
-7.93143000 7.59739000e-02
-7.90143000 6.73455000e-02
-7.87143000 6.88450000e-02
-7.84143000 7.68105000e-02
-7.81143000 9.63736000e-02
-7.78143000 1.02633000e-01
-7.72415000 9.03384000e-02
-7.69415000 8.23868000e-02
-7.66415000 8.29799000e-02
-7.63415000 1.06378000e-01
-7.60415000 1.57257000e-01
-7.57415000 1.85698000e-01
-7.54415000 1.34118000e-01
-7.51415000 8.43265000e-02
-7.48415000 5.87094000e-02
-7.45415000 4.64966000e-02
-7.42415000 4.09411000e-02
-7.39415000 3.84844000e-02
-7.36415000 3.65512000e-02
-7.33415000 3.71057000e-02
-7.30415000 4.03586000e-02
-7.27415000 4.71909000e-02
-7.24415000 5.64129000e-02
-7.21415000 5.86253000e-02
-7.18415000 5.07491000e-02
-7.15415000 4.16403000e-02
-7.12415000 3.67942000e-02
-7.09415000 3.40864000e-02
-7.06415000 3.21464000e-02
-7.03415000 3.11296000e-02
-7.00415000 2.98162000e-02
-6.97415000 2.92082000e-02
-6.94415000 2.97672000e-02
-6.91415000 3.10725000e-02
-6.88415000 3.35784000e-02
-6.85415000 3.83117000e-02
-6.82415000 4.75556000e-02
-6.79415000 6.52541000e-02
-6.76415000 8.40845000e-02
-6.73415000 7.59223000e-02
-6.70415000 6.02575000e-02
-6.67415000 5.30740000e-02
-6.64415000 5.10595000e-02
-6.61415000 4.87578000e-02
-6.58415000 4.52421000e-02
-6.55415000 4.38591000e-02
-6.52415000 4.42628000e-02
-6.49415000 4.62460000e-02
-6.46415000 4.90787000e-02
-6.43415000 5.19026000e-02
-6.40415000 5.47740000e-02
-6.37415000 5.93323000e-02
-6.34415000 6.81458000e-02
-6.31415000 8.19410000e-02
-6.28415000 9.52238000e-02
-6.25415000 1.02751000e-01
-6.22415000 1.11378000e-01
-6.19415000 1.35054000e-01
-6.16415000 1.81269000e-01
-6.13415000 2.63211000e-01
-6.10415000 3.50564000e-01
-6.07415000 3.21901000e-01
-6.01687000 2.68481000e-01
-5.98687000 3.30382000e-01
-5.95687000 4.80429000e-01
-5.92687000 7.24257000e-01
-5.89687000 8.54891000e-01
-5.86687000 8.20429000e-01
-5.83687000 6.21411000e-01
-5.80687000 4.06298000e-01
-5.77687000 2.94350000e-01
-5.74687000 2.48537000e-01
-5.71687000 2.34052000e-01
-5.68687000 2.39618000e-01
-5.65687000 2.71393000e-01
-5.62687000 3.38866000e-01
-5.59687000 4.57790000e-01
-5.56687000 6.73271000e-01
-5.53687000 9.58454000e-01
-5.50687000 1.27392000e+00
-5.47687000 1.62628000e+00
-5.44687000 1.36626000e+00
-5.41687000 8.45362000e-01
-5.38687000 5.46229000e-01
-5.35687000 4.03582000e-01
-5.32687000 3.39294000e-01
-5.29687000 3.20867000e-01
-5.26687000 3.42028000e-01
-5.23687000 4.14414000e-01
-5.20687000 5.32718000e-01
-5.17687000 5.61164000e-01
-5.14687000 5.12013000e-01
-5.11687000 5.24875000e-01
-5.08687000 6.24759000e-01
-5.05687000 7.97270000e-01
-5.02687000 9.60967000e-01
-4.99687000 1.14884000e+00
-4.96687000 1.53972000e+00
-4.93687000 2.11515000e+00
-4.90687000 2.68134000e+00
-4.87687000 2.52364000e+00
-4.84687000 2.08407000e+00
-4.81687000 1.94577000e+00
-4.78687000 2.06822000e+00
-4.75687000 2.68236000e+00
-4.72687000 4.16245000e+00
-4.69687000 7.10926000e+00
-4.66687000 1.01250000e+01
-4.63687000 8.47831000e+00
-4.60687000 5.03523000e+00
-4.57687000 2.94351000e+00
-4.54687000 1.87746000e+00
-4.51687000 1.29192000e+00
-4.48687000 9.54744000e-01
-4.45687000 7.62994000e-01
-4.42687000 6.15601000e-01
-4.39687000 4.82343000e-01
-4.36687000 3.85242000e-01
-4.30958000 2.77775000e-01
-4.27958000 2.45931000e-01
-4.24958000 2.18326000e-01
-4.21958000 1.91453000e-01
-4.18958000 1.70889000e-01
-4.15958000 1.56518000e-01
-4.12958000 1.47477000e-01
-4.09958000 1.44009000e-01
-4.06958000 1.45243000e-01
-4.03958000 1.40491000e-01
-4.00958000 1.29592000e-01
-3.97958000 1.20389000e-01
-3.94958000 1.13599000e-01
-3.91958000 1.11392000e-01
-3.88958000 1.13305000e-01
-3.85958000 1.13806000e-01
-3.82958000 1.14440000e-01
-3.79958000 1.19842000e-01
-3.76958000 1.34151000e-01
-3.73958000 1.64045000e-01
-3.70958000 2.21360000e-01
-3.67958000 2.94464000e-01
-3.64958000 3.30249000e-01
-3.61958000 2.99723000e-01
-3.58958000 2.38807000e-01
-3.55958000 1.94572000e-01
-3.52958000 1.77661000e-01
-3.49958000 1.89640000e-01
-3.46958000 2.35247000e-01
-3.43958000 3.11694000e-01
-3.40958000 3.74700000e-01
-3.37958000 3.65245000e-01
-3.34958000 3.17873000e-01
-3.31958000 3.13343000e-01
-3.28958000 3.15472000e-01
-3.25958000 3.43323000e-01
-3.22958000 3.87927000e-01
-3.19958000 4.51726000e-01
-3.16958000 6.00336000e-01
-3.13958000 9.09208000e-01
-3.10958000 1.49539000e+00
-3.07958000 2.10032000e+00
-3.04958000 1.75286000e+00
-3.01958000 1.08640000e+00
-2.98958000 6.98357000e-01
-2.95958000 4.65650000e-01
-2.92958000 3.28274000e-01
-2.89958000 2.46685000e-01
-2.86958000 2.00226000e-01
-2.83958000 1.78206000e-01
-2.80958000 1.76871000e-01
-2.77958000 1.99033000e-01
-2.74958000 2.47762000e-01
-2.71958000 2.71399000e-01
-2.68958000 2.12812000e-01
-2.65958000 1.55719000e-01
-2.60230000 1.17700000e-01
-2.57230000 1.09005000e-01
-2.54230000 1.06466000e-01
-2.51230000 1.13324000e-01
-2.48230000 1.20445000e-01
-2.45230000 1.20066000e-01
-2.42230000 1.25650000e-01
-2.39230000 1.36219000e-01
-2.36230000 1.33458000e-01
-2.33230000 1.28225000e-01
-2.30230000 1.25012000e-01
-2.27230000 1.31394000e-01
-2.24230000 1.55093000e-01
-2.21230000 1.88639000e-01
-2.18230000 1.99433000e-01
-2.15230000 2.13370000e-01
-2.12230000 2.67336000e-01
-2.09230000 3.53392000e-01
-2.06230000 3.75277000e-01
-2.03230000 3.15798000e-01
-2.00230000 2.90700000e-01
-1.97230000 2.75582000e-01
-1.94230000 2.32390000e-01
-1.91230000 1.98555000e-01
-1.88230000 1.94271000e-01
-1.85230000 1.83932000e-01
-1.82230000 1.62352000e-01
-1.79230000 1.48760000e-01
-1.76230000 1.45982000e-01
-1.73230000 1.64264000e-01
-1.70230000 2.04223000e-01
-1.67230000 2.47027000e-01
-1.64230000 2.91573000e-01
-1.61230000 3.69101000e-01
-1.58230000 3.77616000e-01
-1.55230000 2.95602000e-01
-1.52230000 2.50733000e-01
-1.49230000 2.30702000e-01
-1.46230000 2.18790000e-01
-1.43230000 2.01943000e-01
-1.40230000 1.70177000e-01
-1.37230000 1.49060000e-01
-1.34230000 1.44765000e-01
-1.31230000 1.50795000e-01
-1.28230000 1.59061000e-01
-1.25230000 1.77063000e-01
-1.22230000 2.09112000e-01
-1.19230000 2.50164000e-01
-1.16230000 2.92594000e-01
-1.13230000 3.30194000e-01
-1.10230000 3.97596000e-01
-1.07230000 5.50926000e-01
-1.04230000 8.46623000e-01
-1.01230000 1.18797000e+00
-0.98229800 1.16713000e+00
-0.95229800 9.55711000e-01
-0.89501400 4.73456000e-01
-0.86501400 3.71324000e-01
-0.83501400 3.33433000e-01
-0.80501400 3.17928000e-01
-0.77501400 3.24892000e-01
-0.74501400 3.57186000e-01
-0.71501400 4.41086000e-01
-0.68501400 5.32030000e-01
-0.65501400 4.94762000e-01
-0.62501400 4.22579000e-01
-0.59501400 4.09935000e-01
-0.56501400 4.41658000e-01
-0.53501400 4.84361000e-01
-0.50501400 4.67485000e-01
-0.47501400 4.32593000e-01
-0.44501400 4.44766000e-01
-0.41501400 5.08173000e-01
-0.38501400 6.48911000e-01
-0.35501400 8.44289000e-01
-0.32501400 1.00468000e+00
-0.29501400 1.16722000e+00
-0.26501400 1.42172000e+00
-0.23501400 1.58360000e+00
-0.20501400 1.26829000e+00
-0.17501400 9.40825000e-01
-0.14501400 8.42990000e-01
-0.11501400 8.26019000e-01
-0.08501380 8.42594000e-01
-0.05501380 9.67445000e-01
-0.02501380 1.17809000e+00
0.00498624 1.54850000e+00
0.03498620 2.05762000e+00
0.06498620 2.29120000e+00
0.09498620 1.98794000e+00
0.12498600 1.66926000e+00
0.15498600 1.39674000e+00
0.18498600 1.19343000e+00
0.21498600 1.22100000e+00
0.24498600 1.36280000e+00
0.27498600 1.35369000e+00
0.30498600 1.13749000e+00
0.33498600 1.00066000e+00
0.36498600 9.81256000e-01
0.39498600 1.09410000e+00
0.42498600 1.29707000e+00
0.45498600 1.45532000e+00
0.48498600 1.53732000e+00
0.51498600 1.75861000e+00
0.54498600 2.31932000e+00
0.57498600 3.12661000e+00
0.60498600 4.17512000e+00
0.63498600 5.70457000e+00
0.66498600 7.04484000e+00
0.69498600 6.40103000e+00
0.72498600 4.26435000e+00
0.75498600 2.61422000e+00
