# E(MeV)  S_GAMTGAMT(Total=K0+2*K1) for _W233_DDPCX
-16.26060000 7.48998000e-03
-16.23060000 7.51635000e-03
-16.20060000 7.54284000e-03
-16.17060000 7.56943000e-03
-16.14060000 7.59615000e-03
-16.11060000 7.62300000e-03
-16.08060000 7.64997000e-03
-16.05060000 7.67708000e-03
-16.02060000 7.70433000e-03
-15.99060000 7.73169000e-03
-15.96060000 7.75923000e-03
-15.93060000 7.78688000e-03
-15.90060000 7.81469000e-03
-15.87060000 7.84265000e-03
-15.84060000 7.87078000e-03
-15.81060000 7.89904000e-03
-15.78060000 7.92747000e-03
-15.75060000 7.95608000e-03
-15.72060000 7.98484000e-03
-15.69060000 8.01378000e-03
-15.66060000 8.04292000e-03
-15.63060000 8.07223000e-03
-15.60060000 8.10173000e-03
-15.57060000 8.13144000e-03
-15.54060000 8.16136000e-03
-15.51060000 8.19149000e-03
-15.48060000 8.22187000e-03
-15.45060000 8.25253000e-03
-15.42060000 8.28345000e-03
-15.39060000 8.31474000e-03
-15.36060000 8.34650000e-03
-15.33060000 8.37891000e-03
-15.30060000 8.41244000e-03
-15.27060000 8.44807000e-03
-15.24060000 8.48715000e-03
-15.21060000 8.52462000e-03
-15.18060000 8.55149000e-03
-15.15060000 8.57799000e-03
-15.12060000 8.60791000e-03
-15.09060000 8.63991000e-03
-15.06060000 8.67307000e-03
-15.03060000 8.70703000e-03
-15.00060000 8.74160000e-03
-14.97060000 8.77677000e-03
-14.94060000 8.81249000e-03
-14.91060000 8.84880000e-03
-14.88060000 8.88576000e-03
-14.85060000 8.92336000e-03
-14.82060000 8.96174000e-03
-14.79060000 9.00093000e-03
-14.76060000 9.04108000e-03
-14.73060000 9.08232000e-03
-14.70060000 9.12482000e-03
-14.67060000 9.16880000e-03
-14.64060000 9.21454000e-03
-14.61060000 9.26245000e-03
-14.55330000 9.36190000e-03
-14.52330000 9.41969000e-03
-14.49330000 9.48304000e-03
-14.46330000 9.55388000e-03
-14.43330000 9.63519000e-03
-14.40330000 9.73154000e-03
-14.37330000 9.85045000e-03
-14.34330000 1.00044700e-02
-14.31330000 1.02171100e-02
-14.28330000 1.05345600e-02
-14.25330000 1.10540500e-02
-14.22330000 1.19955200e-02
-14.19330000 1.38326200e-02
-14.16330000 1.68566400e-02
-14.13330000 1.77776000e-02
-14.10330000 1.49433300e-02
-14.07330000 1.27409000e-02
-14.04330000 1.16515700e-02
-14.01330000 1.11194600e-02
-13.98330000 1.08507800e-02
-13.95330000 1.07180200e-02
-13.92330000 1.06647800e-02
-13.89330000 1.06666300e-02
-13.86330000 1.07137700e-02
-13.83330000 1.08120200e-02
-13.80330000 1.10016100e-02
-13.77330000 1.12929100e-02
-13.74330000 1.14097100e-02
-13.71330000 1.13219100e-02
-13.68330000 1.13240500e-02
-13.65330000 1.13477000e-02
-13.62330000 1.14132200e-02
-13.59330000 1.15655800e-02
-13.56330000 1.18099800e-02
-13.53330000 1.21730400e-02
-13.50330000 1.27218600e-02
-13.47330000 1.35998400e-02
-13.44330000 1.51184800e-02
-13.41330000 1.79249100e-02
-13.38330000 2.29365500e-02
-13.35330000 3.02098200e-02
-13.32330000 3.15021400e-02
-13.29330000 2.42856100e-02
-13.26330000 1.92866800e-02
-13.23330000 1.73286700e-02
-13.20330000 1.67436600e-02
-13.17330000 1.68322000e-02
-13.14330000 1.74437400e-02
-13.11330000 1.69320200e-02
-13.08330000 1.62677600e-02
-13.05330000 1.61542700e-02
-13.02330000 1.52249300e-02
-12.99330000 1.41938800e-02
-12.96330000 1.36769400e-02
-12.93330000 1.35986100e-02
-12.90330000 1.38214900e-02
-12.84600000 1.55120200e-02
-12.81600000 1.61304400e-02
-12.78600000 1.57456700e-02
-12.75600000 1.53125700e-02
-12.72600000 1.47097600e-02
-12.69600000 1.41955900e-02
-12.66600000 1.40628600e-02
-12.63600000 1.42053100e-02
-12.60600000 1.41580600e-02
-12.57600000 1.39988900e-02
-12.54600000 1.40439700e-02
-12.51600000 1.43276500e-02
-12.48600000 1.49234700e-02
-12.45600000 1.60791800e-02
-12.42600000 1.80551900e-02
-12.39600000 1.93662000e-02
-12.36600000 1.85355300e-02
-12.33600000 1.74174200e-02
-12.30600000 1.69101000e-02
-12.27600000 1.72030100e-02
-12.24600000 1.81954700e-02
-12.21600000 1.97457500e-02
-12.18600000 2.24987400e-02
-12.15600000 2.74641600e-02
-12.12600000 3.48996000e-02
-12.09600000 4.21334000e-02
-12.06600000 4.64038000e-02
-12.03600000 4.39667000e-02
-12.00600000 3.38292600e-02
-11.97600000 2.67080000e-02
-11.94600000 2.39004900e-02
-11.91600000 2.37840200e-02
-11.88600000 2.39868800e-02
-11.85600000 2.31621900e-02
-11.82600000 2.32444000e-02
-11.79600000 2.49788800e-02
-11.76600000 2.82472000e-02
-11.73600000 3.20149600e-02
-11.70600000 2.93398200e-02
-11.67600000 2.43787600e-02
-11.64600000 2.17730200e-02
-11.61600000 2.06606500e-02
-11.58600000 2.04072800e-02
-11.55600000 2.08857900e-02
-11.52600000 2.21767100e-02
-11.49600000 2.46086100e-02
-11.46600000 2.87947600e-02
-11.43600000 3.65050200e-02
-11.40600000 4.66397000e-02
-11.37600000 5.07090000e-02
-11.34600000 5.78461000e-02
-11.31600000 6.66984000e-02
-11.28600000 5.56990000e-02
-11.25600000 4.10135000e-02
-11.22600000 3.33049000e-02
-11.19600000 3.09549800e-02
-11.13870000 3.11310700e-02
-11.10870000 2.77310200e-02
-11.07870000 2.50280300e-02
-11.04870000 2.39049100e-02
-11.01870000 2.39686700e-02
-10.98870000 2.51079400e-02
-10.95870000 2.68155000e-02
-10.92870000 2.88445800e-02
-10.89870000 3.22452400e-02
-10.86870000 3.29544600e-02
-10.83870000 3.03906000e-02
-10.80870000 2.89857400e-02
-10.77870000 2.85246400e-02
-10.74870000 2.87243400e-02
-10.71870000 2.99727200e-02
-10.68870000 3.24345000e-02
-10.65870000 3.64033000e-02
-10.62870000 4.22679000e-02
-10.59870000 4.98107000e-02
-10.56870000 6.20248000e-02
-10.53870000 8.33282000e-02
-10.50870000 1.16802100e-01
-10.47870000 1.50780700e-01
-10.44870000 1.59807600e-01
-10.41870000 1.46256400e-01
-10.38870000 1.49698600e-01
-10.35870000 1.90780200e-01
-10.32870000 2.47189600e-01
-10.29870000 2.49843000e-01
-10.26870000 1.76752400e-01
-10.23870000 1.20201400e-01
-10.20870000 9.22125000e-02
-10.17870000 8.25551000e-02
-10.14870000 8.00405000e-02
-10.11870000 7.63182000e-02
-10.08870000 8.18565000e-02
-10.05870000 1.05266600e-01
-10.02870000 1.54382200e-01
-9.99872000 1.92837500e-01
-9.96872000 1.54331000e-01
-9.93872000 1.11983700e-01
-9.90872000 9.62569000e-02
-9.87872000 9.69806000e-02
-9.84872000 9.91575000e-02
-9.81872000 9.90831000e-02
-9.78872000 1.10535300e-01
-9.75872000 1.06586800e-01
-9.72872000 7.93411000e-02
-9.69872000 6.12922000e-02
-9.66872000 5.24306000e-02
-9.63872000 4.66330000e-02
-9.60872000 4.37534000e-02
-9.57872000 4.33267000e-02
-9.54872000 4.57534000e-02
-9.51872000 4.83650000e-02
-9.48872000 5.11821000e-02
-9.43143000 5.97864000e-02
-9.40143000 5.40157000e-02
-9.37143000 4.86831000e-02
-9.34143000 4.82608000e-02
-9.31143000 5.13206000e-02
-9.28143000 5.29621000e-02
-9.25143000 4.93807000e-02
-9.22143000 4.37685000e-02
-9.19143000 4.05161000e-02
-9.16143000 3.89995000e-02
-9.13143000 3.89066000e-02
-9.10143000 3.95710000e-02
-9.07143000 4.09470000e-02
-9.04143000 4.31678000e-02
-9.01143000 4.62093000e-02
-8.98143000 4.90472000e-02
-8.95143000 5.00742000e-02
-8.92143000 5.12319000e-02
-8.89143000 5.47252000e-02
-8.86143000 5.97716000e-02
-8.83143000 6.67650000e-02
-8.80143000 7.70036000e-02
-8.77143000 8.93156000e-02
-8.74143000 1.03418900e-01
-8.71143000 1.23165800e-01
-8.68143000 1.64483100e-01
-8.65143000 2.26577400e-01
-8.62143000 2.79166000e-01
-8.59143000 3.29210000e-01
-8.56143000 3.34461800e-01
-8.53143000 2.98739000e-01
-8.50143000 2.96984200e-01
-8.47143000 3.52450400e-01
-8.44143000 3.95774600e-01
-8.41143000 4.70573800e-01
-8.38143000 6.05026600e-01
-8.35143000 5.75221000e-01
-8.32143000 3.99332400e-01
-8.29143000 2.91974400e-01
-8.26143000 2.56276600e-01
-8.23143000 2.49447500e-01
-8.20143000 2.31962500e-01
-8.17143000 2.17662300e-01
-8.14143000 2.21454600e-01
-8.11143000 2.40397100e-01
-8.08143000 2.36095800e-01
-8.05143000 2.36730400e-01
-8.02143000 2.67391000e-01
-7.99143000 2.91199900e-01
-7.96143000 2.40619500e-01
-7.93143000 1.86964400e-01
-7.90143000 1.66541800e-01
-7.87143000 1.67458500e-01
-7.84143000 1.82569600e-01
-7.81143000 2.21854300e-01
-7.78143000 2.35379700e-01
-7.72415000 2.16193100e-01
-7.69415000 2.06449300e-01
-7.66415000 2.12150800e-01
-7.63415000 2.57489000e-01
-7.60415000 3.59257700e-01
-7.57415000 4.20087300e-01
-7.54415000 3.24980300e-01
-7.51415000 2.38935800e-01
-7.48415000 2.12980500e-01
-7.45415000 2.32736200e-01
-7.42415000 2.52180200e-01
-7.39415000 2.27739800e-01
-7.36415000 2.09968400e-01
-7.33415000 2.04606400e-01
-7.30415000 2.01456200e-01
-7.27415000 2.20281800e-01
-7.24415000 2.64228800e-01
-7.21415000 3.20871600e-01
-7.18415000 3.73210200e-01
-7.15415000 3.88360600e-01
-7.12415000 4.31528400e-01
-7.09415000 5.77243800e-01
-7.06415000 8.97264800e-01
-7.03415000 1.38848920e+00
-7.00415000 1.60442240e+00
-6.97415000 1.34668640e+00
-6.94415000 9.79011400e-01
-6.91415000 6.52106000e-01
-6.88415000 4.33667800e-01
-6.85415000 3.20493400e-01
-6.82415000 2.71414200e-01
-6.79415000 2.67331200e-01
-6.76415000 2.80730000e-01
-6.73415000 2.48192300e-01
-6.70415000 2.04418000e-01
-6.67415000 1.80759500e-01
-6.64415000 1.70101800e-01
-6.61415000 1.60689900e-01
-6.58415000 1.50435100e-01
-6.55415000 1.46744800e-01
-6.52415000 1.48363300e-01
-6.49415000 1.56165100e-01
-6.46415000 1.66584900e-01
-6.43415000 1.68523800e-01
-6.40415000 1.69032300e-01
-6.37415000 1.75529800e-01
-6.34415000 1.93387000e-01
-6.31415000 2.22513800e-01
-6.28415000 2.50838600e-01
-6.25415000 2.67467700e-01
-6.22415000 2.88404900e-01
-6.19415000 3.42533400e-01
-6.16415000 4.44635400e-01
-6.13415000 6.18516200e-01
-6.10415000 8.02605000e-01
-6.07415000 7.55341000e-01
-6.01687000 6.90748000e-01
-5.98687000 8.56799000e-01
-5.95687000 1.22210500e+00
-5.92687000 1.81619400e+00
-5.89687000 2.26754800e+00
-5.86687000 2.56774000e+00
-5.83687000 2.86239200e+00
-5.80687000 2.99201600e+00
-5.77687000 2.19889000e+00
-5.74687000 1.41435600e+00
-5.71687000 1.01639100e+00
-5.68687000 8.42396000e-01
-5.65687000 8.06483000e-01
-5.62687000 8.84881000e-01
-5.59687000 1.08899300e+00
-5.56687000 1.49740100e+00
-5.53687000 2.05342800e+00
-5.50687000 2.67704800e+00
-5.47687000 3.37968700e+00
-5.44687000 2.86043800e+00
-5.41687000 1.82293100e+00
-5.38687000 1.23319000e+00
-5.35687000 9.61564000e-01
-5.32687000 8.55102000e-01
-5.29687000 8.53596000e-01
-5.26687000 9.54177000e-01
-5.23687000 1.20082500e+00
-5.20687000 1.62826600e+00
-5.17687000 2.04945800e+00
-5.14687000 2.38302600e+00
-5.11687000 2.24696000e+00
-5.08687000 2.03351400e+00
-5.05687000 2.15874700e+00
-5.02687000 2.40711200e+00
-4.99687000 2.78365000e+00
-4.96687000 3.62724300e+00
-4.93687000 4.90911500e+00
-4.90687000 6.27763400e+00
-4.87687000 6.38435000e+00
-4.84687000 6.30121000e+00
-4.81687000 7.61948000e+00
-4.78687000 1.03875200e+01
-4.75687000 1.20141100e+01
-4.72687000 1.24676300e+01
-4.69687000 1.65399400e+01
-4.66687000 2.16510900e+01
-4.63687000 1.78813660e+01
-4.60687000 1.07292110e+01
-4.57687000 6.38865300e+00
-4.54687000 4.16439500e+00
-4.51687000 2.94954900e+00
-4.48687000 2.27493600e+00
-4.45687000 1.89376300e+00
-4.42687000 1.53422000e+00
-4.39687000 1.19870700e+00
-4.36687000 9.63537000e-01
-4.30958000 7.17478000e-01
-4.27958000 6.51296000e-01
-4.24958000 6.10036000e-01
-4.21958000 5.98900000e-01
-4.18958000 6.20065000e-01
-4.15958000 5.65634000e-01
-4.12958000 4.69585000e-01
-4.09958000 4.15213000e-01
-4.06958000 3.94983000e-01
-4.03958000 3.76051100e-01
-4.00958000 3.52213900e-01
-3.97958000 3.33472100e-01
-3.94958000 3.13004400e-01
-3.91958000 2.96990200e-01
-3.88958000 2.91276500e-01
-3.85958000 2.87694300e-01
-3.82958000 2.88159300e-01
-3.79958000 3.01259100e-01
-3.76958000 3.30063000e-01
-3.73958000 3.84444200e-01
-3.70958000 4.94929600e-01
-3.67958000 6.40005300e-01
-3.64958000 7.12779300e-01
-3.61958000 6.56517500e-01
-3.58958000 5.42151100e-01
-3.55958000 4.56094700e-01
-3.52958000 4.20188700e-01
-3.49958000 4.41645300e-01
-3.46958000 5.34893900e-01
-3.43958000 6.97614300e-01
-3.40958000 8.39728100e-01
-3.37958000 8.25639100e-01
-3.34958000 7.16761000e-01
-3.31958000 6.97719300e-01
-3.28958000 7.00295400e-01
-3.25958000 7.52687600e-01
-3.22958000 8.37262200e-01
-3.19958000 9.63955700e-01
-3.16958000 1.26565490e+00
-3.13958000 1.89376480e+00
-3.10958000 3.07523370e+00
-3.07958000 4.28768740e+00
-3.04958000 3.60220690e+00
-3.01958000 2.29294000e+00
-2.98958000 1.56575400e+00
-2.95958000 1.19676300e+00
-2.92958000 1.07274300e+00
-2.89958000 9.93162000e-01
-2.86958000 7.64986000e-01
-2.83958000 5.82203000e-01
-2.80958000 5.09786000e-01
-2.77958000 5.23859000e-01
-2.74958000 6.13622000e-01
-2.71958000 6.72863000e-01
-2.68958000 5.82831000e-01
-2.65958000 4.85544000e-01
-2.60230000 4.13640000e-01
-2.57230000 3.75002000e-01
-2.54230000 3.67255000e-01
-2.51230000 4.01664000e-01
-2.48230000 4.19074000e-01
-2.45230000 3.97784000e-01
-2.42230000 3.89264000e-01
-2.39230000 4.05631000e-01
-2.36230000 4.13234000e-01
-2.33230000 4.20044000e-01
-2.30230000 4.19141000e-01
-2.27230000 4.26440000e-01
-2.24230000 4.87615000e-01
-2.21230000 6.02157000e-01
-2.18230000 7.25367000e-01
-2.15230000 9.38464000e-01
-2.12230000 1.27631300e+00
-2.09230000 1.50423700e+00
-2.06230000 1.37246500e+00
-2.03230000 1.06462900e+00
-2.00230000 8.98528000e-01
-1.97230000 8.10441000e-01
-1.94230000 7.09500000e-01
-1.91230000 6.56511000e-01
-1.88230000 6.80706000e-01
-1.85230000 7.11024000e-01
-1.82230000 7.29055000e-01
-1.79230000 7.23719000e-01
-1.76230000 7.05400000e-01
-1.73230000 7.26944000e-01
-1.70230000 8.48093000e-01
-1.67230000 1.03626700e+00
-1.64230000 1.29078200e+00
-1.61230000 1.80010200e+00
-1.58230000 2.18297200e+00
-1.55230000 1.90337400e+00
-1.52230000 1.65968600e+00
-1.49230000 1.39202500e+00
-1.46230000 1.03352000e+00
-1.43230000 7.92162000e-01
-1.40230000 6.23689000e-01
-1.37230000 5.22856000e-01
-1.34230000 4.79330000e-01
-1.31230000 4.71576000e-01
-1.28230000 4.75878000e-01
-1.25230000 5.10679000e-01
-1.22230000 5.91277000e-01
-1.19230000 7.07626000e-01
-1.16230000 8.02517000e-01
-1.13230000 8.42079000e-01
-1.10230000 9.47126000e-01
-1.07230000 1.24024600e+00
-1.04230000 1.82419600e+00
-1.01230000 2.50675700e+00
-0.98229800 2.46985600e+00
-0.95229800 2.05230300e+00
-0.89501400 1.12665300e+00
-0.86501400 9.68860000e-01
-0.83501400 9.45040000e-01
-0.80501400 9.77970000e-01
-0.77501400 1.12593200e+00
-0.74501400 1.45176100e+00
-0.71501400 1.99572200e+00
-0.68501400 2.32026000e+00
-0.65501400 1.90162400e+00
-0.62501400 1.43069300e+00
-0.59501400 1.23615600e+00
-0.56501400 1.23014700e+00
-0.53501400 1.30358000e+00
-0.50501400 1.29642300e+00
-0.47501400 1.25802500e+00
-0.44501400 1.30069200e+00
-0.41501400 1.48464600e+00
-0.38501400 1.85073400e+00
-0.35501400 2.25153400e+00
-0.32501400 2.57352200e+00
-0.29501400 2.99403300e+00
-0.26501400 3.72000500e+00
-0.23501400 4.31618000e+00
-0.20501400 3.97629000e+00
-0.17501400 3.56322000e+00
-0.14501400 3.36051000e+00
-0.11501400 3.58843800e+00
-0.08501380 4.15135800e+00
-0.05501380 4.85584000e+00
-0.02501380 5.04875000e+00
0.00498624 5.11666000e+00
0.03498620 5.52170000e+00
0.06498620 5.68432000e+00
0.09498620 4.95583700e+00
0.12498600 4.26805300e+00
0.15498600 3.83927000e+00
0.18498600 3.80040000e+00
0.21498600 4.03222000e+00
0.24498600 4.00164000e+00
0.27498600 3.68356300e+00
0.30498600 3.11194000e+00
0.33498600 2.91561800e+00
0.36498600 2.95987300e+00
0.39498600 2.97299100e+00
0.42498600 3.15450700e+00
0.45498600 3.38499600e+00
0.48498600 3.56278300e+00
0.51498600 4.00605200e+00
0.54498600 5.05539200e+00
0.57498600 6.62148600e+00
0.60498600 8.69938300e+00
0.63498600 1.17292020e+01
0.66498600 1.43797820e+01
0.69498600 1.30674950e+01
0.72498600 8.78104400e+00
0.75498600 5.47752400e+00
