# E(MeV)  S_GAMTGAMT(K=0) for _W233_DDPCX
-16.26060000 2.48942000e-03
-16.23060000 2.49829000e-03
-16.20060000 2.50720000e-03
-16.17060000 2.51615000e-03
-16.14060000 2.52515000e-03
-16.11060000 2.53420000e-03
-16.08060000 2.54329000e-03
-16.05060000 2.55244000e-03
-16.02060000 2.56163000e-03
-15.99060000 2.57087000e-03
-15.96060000 2.58017000e-03
-15.93060000 2.58952000e-03
-15.90060000 2.59893000e-03
-15.87060000 2.60839000e-03
-15.84060000 2.61792000e-03
-15.81060000 2.62750000e-03
-15.78060000 2.63715000e-03
-15.75060000 2.64686000e-03
-15.72060000 2.65664000e-03
-15.69060000 2.66648000e-03
-15.66060000 2.67640000e-03
-15.63060000 2.68639000e-03
-15.60060000 2.69645000e-03
-15.57060000 2.70660000e-03
-15.54060000 2.71682000e-03
-15.51060000 2.72713000e-03
-15.48060000 2.73753000e-03
-15.45060000 2.74803000e-03
-15.42060000 2.75861000e-03
-15.39060000 2.76930000e-03
-15.36060000 2.78010000e-03
-15.33060000 2.79101000e-03
-15.30060000 2.80204000e-03
-15.27060000 2.81319000e-03
-15.24060000 2.82447000e-03
-15.21060000 2.83590000e-03
-15.18060000 2.84749000e-03
-15.15060000 2.85923000e-03
-15.12060000 2.87115000e-03
-15.09060000 2.88327000e-03
-15.06060000 2.89559000e-03
-15.03060000 2.90815000e-03
-15.00060000 2.92096000e-03
-14.97060000 2.93405000e-03
-14.94060000 2.94745000e-03
-14.91060000 2.96120000e-03
-14.88060000 2.97536000e-03
-14.85060000 2.98996000e-03
-14.82060000 3.00510000e-03
-14.79060000 3.02083000e-03
-14.76060000 3.03728000e-03
-14.73060000 3.05458000e-03
-14.70060000 3.07288000e-03
-14.67060000 3.09240000e-03
-14.64060000 3.11342000e-03
-14.61060000 3.13631000e-03
-14.55330000 3.18712000e-03
-14.52330000 3.21897000e-03
-14.49330000 3.25600000e-03
-14.46330000 3.30012000e-03
-14.43330000 3.35425000e-03
-14.40330000 3.42292000e-03
-14.37330000 3.51359000e-03
-14.34330000 3.63909000e-03
-14.31330000 3.82283000e-03
-14.28330000 4.11068000e-03
-14.25330000 4.59979000e-03
-14.22330000 5.51006000e-03
-14.19330000 7.31504000e-03
-14.16330000 1.03059000e-02
-14.13330000 1.11925000e-02
-14.10330000 8.32245000e-03
-14.07330000 6.08252000e-03
-14.04330000 4.95355000e-03
-14.01330000 4.37906000e-03
-13.98330000 4.06432000e-03
-13.95330000 3.88028000e-03
-13.92330000 3.76772000e-03
-13.89330000 3.69735000e-03
-13.86330000 3.65377000e-03
-13.83330000 3.62866000e-03
-13.80330000 3.61791000e-03
-13.77330000 3.62097000e-03
-13.74330000 3.64197000e-03
-13.71330000 3.69043000e-03
-13.68330000 3.74753000e-03
-13.65330000 3.72818000e-03
-13.62330000 3.68410000e-03
-13.59330000 3.66674000e-03
-13.56330000 3.66784000e-03
-13.53330000 3.67928000e-03
-13.50330000 3.69786000e-03
-13.47330000 3.72304000e-03
-13.44330000 3.75608000e-03
-13.41330000 3.79875000e-03
-13.38330000 3.84945000e-03
-13.35330000 3.91662000e-03
-13.32330000 4.02154000e-03
-13.29330000 4.19961000e-03
-13.26330000 4.52604000e-03
-13.23330000 5.06623000e-03
-13.20330000 5.42044000e-03
-13.17330000 5.44160000e-03
-13.14330000 5.74568000e-03
-13.11330000 5.61848000e-03
-13.08330000 4.96754000e-03
-13.05330000 4.55053000e-03
-13.02330000 4.35651000e-03
-12.99330000 4.27482000e-03
-12.96330000 4.25318000e-03
-12.93330000 4.27215000e-03
-12.90330000 4.33003000e-03
-12.84600000 4.62576000e-03
-12.81600000 5.00406000e-03
-12.78600000 5.61045000e-03
-12.75600000 5.90449000e-03
-12.72600000 5.61212000e-03
-12.69600000 5.16173000e-03
-12.66600000 4.90324000e-03
-12.63600000 4.83617000e-03
-12.60600000 4.85086000e-03
-12.57600000 4.89509000e-03
-12.54600000 5.02219000e-03
-12.51600000 5.28081000e-03
-12.48600000 5.77113000e-03
-12.45600000 6.72860000e-03
-12.42600000 8.35431000e-03
-12.39600000 9.09506000e-03
-12.36600000 7.75085000e-03
-12.33600000 6.67850000e-03
-12.30600000 6.29770000e-03
-12.27600000 6.37419000e-03
-12.24600000 6.76269000e-03
-12.21600000 7.15177000e-03
-12.18600000 7.72612000e-03
-12.15600000 8.91222000e-03
-12.12600000 1.12838000e-02
-12.09600000 1.49504000e-02
-12.06600000 1.87464000e-02
-12.03600000 1.99325000e-02
-12.00600000 1.52385000e-02
-11.97600000 1.11259000e-02
-11.94600000 9.20777000e-03
-11.91600000 8.55576000e-03
-11.88600000 8.33056000e-03
-11.85600000 8.26175000e-03
-11.82600000 8.74448000e-03
-11.79600000 1.02893000e-02
-11.76600000 1.36657000e-02
-11.73600000 1.78173000e-02
-11.70600000 1.61219000e-02
-11.67600000 1.17613000e-02
-11.64600000 9.27214000e-03
-11.61600000 8.09311000e-03
-11.58600000 7.52822000e-03
-11.55600000 7.31829000e-03
-11.52600000 7.35845000e-03
-11.49600000 7.63153000e-03
-11.46600000 8.20376000e-03
-11.43600000 9.23942000e-03
-11.40600000 1.11393000e-02
-11.37600000 1.49482000e-02
-11.34600000 2.19301000e-02
-11.31600000 2.67206000e-02
-11.28600000 2.10472000e-02
-11.25600000 1.50297000e-02
-11.22600000 1.16649000e-02
-11.19600000 9.97618000e-03
-11.13870000 8.54947000e-03
-11.10870000 8.35406000e-03
-11.07870000 8.41691000e-03
-11.04870000 8.68965000e-03
-11.01870000 9.33835000e-03
-10.98870000 1.05737000e-02
-10.95870000 1.20224000e-02
-10.92870000 1.34716000e-02
-10.89870000 1.58492000e-02
-10.86870000 1.59470000e-02
-10.83870000 1.35428000e-02
-10.80870000 1.18455000e-02
-10.77870000 1.12474000e-02
-10.74870000 1.12711000e-02
-10.71870000 1.16573000e-02
-10.68870000 1.24309000e-02
-10.65870000 1.36669000e-02
-10.62870000 1.55577000e-02
-10.59870000 1.85151000e-02
-10.56870000 2.33420000e-02
-10.53870000 3.16572000e-02
-10.50870000 4.56633000e-02
-10.47870000 6.25739000e-02
-10.44870000 7.53860000e-02
-10.41870000 7.33076000e-02
-10.38870000 7.74280000e-02
-10.35870000 1.06250000e-01
-10.32870000 1.64658000e-01
-10.29870000 1.89662000e-01
-10.26870000 1.31341000e-01
-10.23870000 8.23110000e-02
-10.20870000 5.80275000e-02
-10.17870000 4.89905000e-02
-10.14870000 4.40073000e-02
-10.11870000 3.38362000e-02
-10.08870000 2.60239000e-02
-10.05870000 2.20652000e-02
-10.02870000 2.03682000e-02
-9.99872000 1.94579000e-02
-9.96872000 1.92690000e-02
-9.93872000 1.99513000e-02
-9.90872000 2.23203000e-02
-9.87872000 2.71438000e-02
-9.84872000 3.38699000e-02
-9.81872000 4.70097000e-02
-9.78872000 6.98089000e-02
-9.75872000 7.37150000e-02
-9.72872000 5.11007000e-02
-9.69872000 3.55012000e-02
-9.66872000 2.77146000e-02
-9.63872000 2.18612000e-02
-9.60872000 1.81818000e-02
-9.57872000 1.64533000e-02
-9.54872000 1.60436000e-02
-9.51872000 1.61306000e-02
-9.48872000 1.63269000e-02
-9.43143000 1.67054000e-02
-9.40143000 1.60977000e-02
-9.37143000 1.55883000e-02
-9.34143000 1.59426000e-02
-9.31143000 1.79176000e-02
-9.28143000 2.15253000e-02
-9.25143000 2.22559000e-02
-9.22143000 1.94561000e-02
-9.19143000 1.74219000e-02
-9.16143000 1.61503000e-02
-9.13143000 1.58006000e-02
-9.10143000 1.62264000e-02
-9.07143000 1.71138000e-02
-9.04143000 1.87720000e-02
-9.01143000 2.13939000e-02
-8.98143000 2.34694000e-02
-8.95143000 2.35790000e-02
-8.92143000 2.33313000e-02
-8.89143000 2.44596000e-02
-8.86143000 2.58028000e-02
-8.83143000 2.69288000e-02
-8.80143000 2.83498000e-02
-8.77143000 3.13238000e-02
-8.74143000 3.66195000e-02
-8.71143000 4.54844000e-02
-8.68143000 6.04469000e-02
-8.65143000 8.61026000e-02
-8.62143000 1.32166000e-01
-8.59143000 1.83415000e-01
-8.56143000 1.73914000e-01
-8.53143000 1.46732000e-01
-8.50143000 1.50922000e-01
-8.47143000 1.92268000e-01
-8.44143000 2.56895000e-01
-8.41143000 3.69161000e-01
-8.38143000 5.21987000e-01
-8.35143000 4.96437000e-01
-8.32143000 3.17618000e-01
-8.29143000 1.95050000e-01
-8.26143000 1.26872000e-01
-8.23143000 9.17215000e-02
-8.20143000 7.48575000e-02
-8.17143000 6.50063000e-02
-8.14143000 5.52086000e-02
-8.11143000 5.00653000e-02
-8.08143000 4.99092000e-02
-8.05143000 4.80224000e-02
-8.02143000 4.55630000e-02
-7.99143000 4.41579000e-02
-7.96143000 3.93555000e-02
-7.93143000 3.50166000e-02
-7.90143000 3.18508000e-02
-7.87143000 2.97685000e-02
-7.84143000 2.89486000e-02
-7.81143000 2.91071000e-02
-7.78143000 3.01137000e-02
-7.72415000 3.55163000e-02
-7.69415000 4.16757000e-02
-7.66415000 4.61910000e-02
-7.63415000 4.47330000e-02
-7.60415000 4.47437000e-02
-7.57415000 4.86913000e-02
-7.54415000 5.67443000e-02
-7.51415000 7.02828000e-02
-7.48415000 9.55617000e-02
-7.45415000 1.39743000e-01
-7.42415000 1.70298000e-01
-7.39415000 1.50771000e-01
-7.36415000 1.36866000e-01
-7.33415000 1.30395000e-01
-7.30415000 1.20739000e-01
-7.27415000 1.25900000e-01
-7.24415000 1.51403000e-01
-7.21415000 2.03621000e-01
-7.18415000 2.71712000e-01
-7.15415000 3.05080000e-01
-7.12415000 3.57940000e-01
-7.09415000 5.09071000e-01
-7.06415000 8.32972000e-01
-7.03415000 1.32623000e+00
-7.00415000 1.54479000e+00
-6.97415000 1.28827000e+00
-6.94415000 9.19477000e-01
-6.91415000 5.89961000e-01
-6.88415000 3.66511000e-01
-6.85415000 2.43870000e-01
-6.82415000 1.76303000e-01
-6.79415000 1.36823000e-01
-6.76415000 1.12561000e-01
-6.73415000 9.63477000e-02
-6.70415000 8.39030000e-02
-6.67415000 7.46115000e-02
-6.64415000 6.79828000e-02
-6.61415000 6.31743000e-02
-6.58415000 5.99509000e-02
-6.55415000 5.90266000e-02
-6.52415000 5.98377000e-02
-6.49415000 6.36731000e-02
-6.46415000 6.84275000e-02
-6.43415000 6.47186000e-02
-6.40415000 5.94843000e-02
-6.37415000 5.68652000e-02
-6.34415000 5.70954000e-02
-6.31415000 5.86318000e-02
-6.28415000 6.03910000e-02
-6.25415000 6.19657000e-02
-6.22415000 6.56489000e-02
-6.19415000 7.24254000e-02
-6.16415000 8.20974000e-02
-6.13415000 9.20942000e-02
-6.10415000 1.01477000e-01
-6.07415000 1.11539000e-01
-6.01687000 1.53786000e-01
-5.98687000 1.96035000e-01
-5.95687000 2.61247000e-01
-5.92687000 3.67680000e-01
-5.89687000 5.57766000e-01
-5.86687000 9.26882000e-01
-5.83687000 1.61957000e+00
-5.80687000 2.17942000e+00
-5.77687000 1.61019000e+00
-5.74687000 9.17282000e-01
-5.71687000 5.48287000e-01
-5.68687000 3.63160000e-01
-5.65687000 2.63697000e-01
-5.62687000 2.07149000e-01
-5.59687000 1.73413000e-01
-5.56687000 1.50859000e-01
-5.53687000 1.36520000e-01
-5.50687000 1.29208000e-01
-5.47687000 1.27127000e-01
-5.44687000 1.27918000e-01
-5.41687000 1.32207000e-01
-5.38687000 1.40732000e-01
-5.35687000 1.54400000e-01
-5.32687000 1.76514000e-01
-5.29687000 2.11862000e-01
-5.26687000 2.70121000e-01
-5.23687000 3.71997000e-01
-5.20687000 5.62830000e-01
-5.17687000 9.27130000e-01
-5.14687000 1.35900000e+00
-5.11687000 1.19721000e+00
-5.08687000 7.83996000e-01
-5.05687000 5.64207000e-01
-5.02687000 4.85178000e-01
-4.99687000 4.85970000e-01
-4.96687000 5.47803000e-01
-4.93687000 6.78815000e-01
-4.90687000 9.14954000e-01
-4.87687000 1.33707000e+00
-4.84687000 2.13307000e+00
-4.81687000 3.72794000e+00
-4.78687000 6.25108000e+00
-4.75687000 6.64939000e+00
-4.72687000 4.14273000e+00
-4.69687000 2.32142000e+00
-4.66687000 1.40109000e+00
-4.63687000 9.24746000e-01
-4.60687000 6.58751000e-01
-4.57687000 5.01633000e-01
-4.54687000 4.09475000e-01
-4.51687000 3.65709000e-01
-4.48687000 3.65448000e-01
-4.45687000 3.67775000e-01
-4.42687000 3.03018000e-01
-4.39687000 2.34021000e-01
-4.36687000 1.93053000e-01
-4.30958000 1.61928000e-01
-4.27958000 1.59434000e-01
-4.24958000 1.73384000e-01
-4.21958000 2.15994000e-01
-4.18958000 2.78287000e-01
-4.15958000 2.52598000e-01
-4.12958000 1.74631000e-01
-4.09958000 1.27195000e-01
-4.06958000 1.04497000e-01
-4.03958000 9.50691000e-02
-4.00958000 9.30299000e-02
-3.97958000 9.26941000e-02
-3.94958000 8.58064000e-02
-3.91958000 7.42062000e-02
-3.88958000 6.46665000e-02
-3.85958000 6.00823000e-02
-3.82958000 5.92793000e-02
-3.79958000 6.15751000e-02
-3.76958000 6.17610000e-02
-3.73958000 5.63542000e-02
-3.70958000 5.22096000e-02
-3.67958000 5.10773000e-02
-3.64958000 5.22813000e-02
-3.61958000 5.70715000e-02
-3.58958000 6.45371000e-02
-3.55958000 6.69507000e-02
-3.52958000 6.48667000e-02
-3.49958000 6.23653000e-02
-3.46958000 6.43999000e-02
-3.43958000 7.42263000e-02
-3.40958000 9.03281000e-02
-3.37958000 9.51491000e-02
-3.34958000 8.10150000e-02
-3.31958000 7.10333000e-02
-3.28958000 6.93514000e-02
-3.25958000 6.60416000e-02
-3.22958000 6.14082000e-02
-3.19958000 6.05037000e-02
-3.16958000 6.49829000e-02
-3.13958000 7.53488000e-02
-3.10958000 8.44537000e-02
-3.07958000 8.70474000e-02
-3.04958000 9.64869000e-02
-3.01958000 1.20140000e-01
-2.98958000 1.69040000e-01
-2.95958000 2.65463000e-01
-2.92958000 4.16195000e-01
-2.89958000 4.99792000e-01
-2.86958000 3.64534000e-01
-2.83958000 2.25791000e-01
-2.80958000 1.56044000e-01
-2.77958000 1.25793000e-01
-2.74958000 1.18098000e-01
-2.71958000 1.30065000e-01
-2.68958000 1.57207000e-01
-2.65958000 1.74106000e-01
-2.60230000 1.78240000e-01
-2.57230000 1.56992000e-01
-2.54230000 1.54323000e-01
-2.51230000 1.75016000e-01
-2.48230000 1.78184000e-01
-2.45230000 1.57652000e-01
-2.42230000 1.37964000e-01
-2.39230000 1.33193000e-01
-2.36230000 1.46318000e-01
-2.33230000 1.63594000e-01
-2.30230000 1.69117000e-01
-2.27230000 1.63652000e-01
-2.24230000 1.77429000e-01
-2.21230000 2.24879000e-01
-2.18230000 3.26501000e-01
-2.15230000 5.11724000e-01
-2.12230000 7.41641000e-01
-2.09230000 7.97453000e-01
-2.06230000 6.21911000e-01
-2.03230000 4.33033000e-01
-2.00230000 3.17128000e-01
-1.97230000 2.59277000e-01
-1.94230000 2.44720000e-01
-1.91230000 2.59401000e-01
-1.88230000 2.92164000e-01
-1.85230000 3.43160000e-01
-1.82230000 4.04351000e-01
-1.79230000 4.26199000e-01
-1.76230000 4.13436000e-01
-1.73230000 3.98416000e-01
-1.70230000 4.39647000e-01
-1.67230000 5.42213000e-01
-1.64230000 7.07636000e-01
-1.61230000 1.06190000e+00
-1.58230000 1.42774000e+00
-1.55230000 1.31217000e+00
-1.52230000 1.15822000e+00
-1.49230000 9.30621000e-01
-1.46230000 5.95940000e-01
-1.43230000 3.88276000e-01
-1.40230000 2.83335000e-01
-1.37230000 2.24736000e-01
-1.34230000 1.89800000e-01
-1.31230000 1.69986000e-01
-1.28230000 1.57756000e-01
-1.25230000 1.56553000e-01
-1.22230000 1.73053000e-01
-1.19230000 2.07298000e-01
-1.16230000 2.17329000e-01
-1.13230000 1.81691000e-01
-1.10230000 1.51934000e-01
-1.07230000 1.38394000e-01
-1.04230000 1.30950000e-01
-1.01230000 1.30817000e-01
-0.98229800 1.35596000e-01
-0.95229800 1.40881000e-01
-0.89501400 1.79741000e-01
-0.86501400 2.26212000e-01
-0.83501400 2.78174000e-01
-0.80501400 3.42114000e-01
-0.77501400 4.76148000e-01
-0.74501400 7.37389000e-01
-0.71501400 1.11355000e+00
-0.68501400 1.25620000e+00
-0.65501400 9.12100000e-01
-0.62501400 5.85535000e-01
-0.59501400 4.16286000e-01
-0.56501400 3.46831000e-01
-0.53501400 3.34858000e-01
-0.50501400 3.61453000e-01
-0.47501400 3.92839000e-01
-0.44501400 4.11160000e-01
-0.41501400 4.68300000e-01
-0.38501400 5.52912000e-01
-0.35501400 5.62956000e-01
-0.32501400 5.64162000e-01
-0.29501400 6.59593000e-01
-0.26501400 8.76565000e-01
-0.23501400 1.14898000e+00
-0.20501400 1.43971000e+00
-0.17501400 1.68157000e+00
-0.14501400 1.67453000e+00
-0.11501400 1.93640000e+00
-0.08501380 2.46617000e+00
-0.05501380 2.92095000e+00
-0.02501380 2.69257000e+00
0.00498624 2.01966000e+00
0.03498620 1.40646000e+00
0.06498620 1.10192000e+00
0.09498620 9.79957000e-01
0.12498600 9.29533000e-01
0.15498600 1.04579000e+00
0.18498600 1.41354000e+00
0.21498600 1.59022000e+00
0.24498600 1.27604000e+00
0.27498600 9.76183000e-01
0.30498600 8.36960000e-01
0.33498600 9.14298000e-01
0.36498600 9.97361000e-01
0.39498600 7.84791000e-01
0.42498600 5.60367000e-01
0.45498600 4.74356000e-01
0.48498600 4.88143000e-01
0.51498600 4.88832000e-01
0.54498600 4.16752000e-01
0.57498600 3.68266000e-01
0.60498600 3.49143000e-01
0.63498600 3.20062000e-01
0.66498600 2.90102000e-01
0.69498600 2.65435000e-01
0.72498600 2.52344000e-01
0.75498600 2.49084000e-01
