# E(MeV)  S_GAMTGAMT(K=0) for _Y109_DDPCX
-12.99140000 2.76098000e-03
-12.96140000 2.78016000e-03
-12.93140000 2.79960000e-03
-12.90140000 2.81929000e-03
-12.87140000 2.83924000e-03
-12.84140000 2.85945000e-03
-12.81140000 2.87993000e-03
-12.78140000 2.90069000e-03
-12.75140000 2.92172000e-03
-12.72140000 2.94305000e-03
-12.69140000 2.96467000e-03
-12.66140000 2.98659000e-03
-12.63140000 3.00882000e-03
-12.60140000 3.03136000e-03
-12.57140000 3.05422000e-03
-12.54140000 3.07741000e-03
-12.51140000 3.10094000e-03
-12.48140000 3.12481000e-03
-12.45140000 3.14903000e-03
-12.42140000 3.17361000e-03
-12.39140000 3.19855000e-03
-12.36140000 3.22388000e-03
-12.33140000 3.24959000e-03
-12.30140000 3.27569000e-03
-12.27140000 3.30220000e-03
-12.24140000 3.32913000e-03
-12.21140000 3.35648000e-03
-12.18140000 3.38427000e-03
-12.15140000 3.41250000e-03
-12.12140000 3.44119000e-03
-12.09140000 3.47036000e-03
-12.06140000 3.50001000e-03
-12.03140000 3.53015000e-03
-12.00140000 3.56080000e-03
-11.97140000 3.59198000e-03
-11.94140000 3.62369000e-03
-11.91140000 3.65596000e-03
-11.88140000 3.68879000e-03
-11.85140000 3.72221000e-03
-11.82140000 3.75623000e-03
-11.79140000 3.79086000e-03
-11.76140000 3.82614000e-03
-11.73140000 3.86206000e-03
-11.70140000 3.89867000e-03
-11.67140000 3.93596000e-03
-11.64140000 3.97398000e-03
-11.61110000 4.01321000e-03
-11.58110000 4.05274000e-03
-11.55110000 4.09305000e-03
-11.52110000 4.13418000e-03
-11.49110000 4.17614000e-03
-11.46110000 4.21897000e-03
-11.43110000 4.26269000e-03
-11.40110000 4.30734000e-03
-11.37110000 4.35295000e-03
-11.34110000 4.39955000e-03
-11.31110000 4.44718000e-03
-11.28110000 4.49587000e-03
-11.25110000 4.54566000e-03
-11.22110000 4.59660000e-03
-11.19110000 4.64872000e-03
-11.16110000 4.70208000e-03
-11.13110000 4.75671000e-03
-11.10110000 4.81267000e-03
-11.07110000 4.87001000e-03
-11.04110000 4.92879000e-03
-11.01110000 4.98907000e-03
-10.98110000 5.05091000e-03
-10.95110000 5.11438000e-03
-10.92110000 5.17954000e-03
-10.89110000 5.24648000e-03
-10.86110000 5.31526000e-03
-10.83110000 5.38598000e-03
-10.80110000 5.45873000e-03
-10.77110000 5.53360000e-03
-10.74110000 5.61069000e-03
-10.71110000 5.69012000e-03
-10.68110000 5.77199000e-03
-10.65110000 5.85644000e-03
-10.62110000 5.94359000e-03
-10.59110000 6.03360000e-03
-10.56110000 6.12662000e-03
-10.53110000 6.22280000e-03
-10.50110000 6.32234000e-03
-10.47110000 6.42543000e-03
-10.44110000 6.53227000e-03
-10.41110000 6.64309000e-03
-10.38110000 6.75814000e-03
-10.35110000 6.87768000e-03
-10.32110000 7.00201000e-03
-10.29110000 7.13144000e-03
-10.26110000 7.26632000e-03
-10.23070000 7.40880000e-03
-10.20070000 7.55583000e-03
-10.17070000 7.70958000e-03
-10.14070000 7.87053000e-03
-10.11070000 8.03926000e-03
-10.08070000 8.21637000e-03
-10.05070000 8.40256000e-03
-10.02070000 8.59859000e-03
-9.99069000 8.80531000e-03
-9.96069000 9.02369000e-03
-9.93069000 9.25478000e-03
-9.90069000 9.49980000e-03
-9.87069000 9.76013000e-03
-9.84069000 1.00373000e-02
-9.81069000 1.03331000e-02
-9.78069000 1.06496000e-02
-9.75069000 1.09890000e-02
-9.72069000 1.13541000e-02
-9.69069000 1.17479000e-02
-9.66069000 1.21742000e-02
-9.63069000 1.26371000e-02
-9.60069000 1.31418000e-02
-9.57069000 1.36941000e-02
-9.54069000 1.43012000e-02
-9.51069000 1.49716000e-02
-9.48069000 1.57159000e-02
-9.45069000 1.65466000e-02
-9.42069000 1.74796000e-02
-9.39069000 1.85345000e-02
-9.36069000 1.97361000e-02
-9.33069000 2.11161000e-02
-9.30069000 2.27156000e-02
-9.27069000 2.45887000e-02
-9.24069000 2.68076000e-02
-9.21069000 2.94712000e-02
-9.18069000 3.27172000e-02
-9.15069000 3.67429000e-02
-9.12069000 4.18387000e-02
-9.09069000 4.84474000e-02
-9.06069000 5.72707000e-02
-9.03069000 6.94752000e-02
-9.00069000 8.71112000e-02
-8.97069000 1.14030000e-01
-8.94069000 1.58043000e-01
-8.91069000 2.36284000e-01
-8.88069000 3.87404000e-01
-8.85032000 6.77004000e-01
-8.82032000 9.51094000e-01
-8.79032000 7.68866000e-01
-8.76032000 5.10378000e-01
-8.73032000 4.23303000e-01
-8.70032000 4.79265000e-01
-8.67032000 5.49679000e-01
-8.64032000 4.49288000e-01
-8.61032000 3.69660000e-01
-8.58032000 4.11593000e-01
-8.55032000 5.57212000e-01
-8.52032000 5.63278000e-01
-8.49032000 3.69678000e-01
-8.46032000 2.33021000e-01
-8.43032000 1.65998000e-01
-8.40032000 1.35557000e-01
-8.37032000 1.26650000e-01
-8.34032000 1.36625000e-01
-8.31032000 1.73421000e-01
-8.28032000 2.59321000e-01
-8.25032000 3.97712000e-01
-8.22032000 4.06922000e-01
-8.19032000 2.62397000e-01
-8.16032000 1.61368000e-01
-8.13032000 1.10197000e-01
-8.10032000 8.34055000e-02
-8.07032000 6.82752000e-02
-8.04032000 5.92262000e-02
-8.01032000 5.36863000e-02
-7.98032000 5.04026000e-02
-7.95032000 4.87707000e-02
-7.92032000 4.85734000e-02
-7.89032000 4.99253000e-02
-7.86032000 5.33988000e-02
-7.83032000 6.04711000e-02
-7.80032000 7.46765000e-02
-7.77032000 1.03033000e-01
-7.74032000 1.42093000e-01
-7.71032000 1.36443000e-01
-7.68032000 9.87375000e-02
-7.65032000 7.58663000e-02
-7.62032000 6.55115000e-02
-7.59032000 6.12927000e-02
-7.56032000 6.02233000e-02
-7.53032000 6.10322000e-02
-7.50032000 6.31799000e-02
-7.46995000 6.65134000e-02
-7.43995000 7.09382000e-02
-7.40995000 7.66083000e-02
-7.37995000 8.37710000e-02
-7.34995000 9.28289000e-02
-7.31995000 1.04407000e-01
-7.28995000 1.19477000e-01
-7.25995000 1.39599000e-01
-7.22995000 1.67367000e-01
-7.19995000 2.07338000e-01
-7.16995000 2.67901000e-01
-7.13995000 3.65462000e-01
-7.10995000 5.36633000e-01
-7.07995000 8.65304000e-01
-7.04995000 1.50730000e+00
-7.01995000 2.31347000e+00
-6.98995000 2.05940000e+00
-6.95995000 1.24944000e+00
-6.92995000 7.78269000e-01
-6.89995000 5.61929000e-01
-6.86995000 4.76446000e-01
-6.83995000 4.67562000e-01
-6.80995000 5.11690000e-01
-6.77995000 6.45735000e-01
-6.74995000 9.50518000e-01
-6.71995000 1.34645000e+00
-6.68995000 1.23543000e+00
-6.65995000 8.75207000e-01
-6.62995000 6.97318000e-01
-6.59995000 6.62866000e-01
-6.56995000 7.32912000e-01
-6.53995000 9.17941000e-01
-6.50995000 1.28503000e+00
-6.47995000 2.01032000e+00
-6.44995000 3.46239000e+00
-6.41995000 5.66868000e+00
-6.38995000 6.17698000e+00
-6.35995000 4.24399000e+00
-6.32995000 2.45995000e+00
-6.29995000 1.51544000e+00
-6.26995000 1.04060000e+00
-6.23995000 7.91314000e-01
-6.20995000 6.60042000e-01
-6.17995000 6.00702000e-01
-6.14995000 5.95584000e-01
-6.11995000 6.44042000e-01
-6.08958000 7.64299000e-01
-6.05958000 9.97903000e-01
-6.02958000 1.45030000e+00
-5.99958000 2.36252000e+00
-5.96958000 4.12185000e+00
-5.93958000 5.88992000e+00
-5.90958000 4.76473000e+00
-5.87958000 2.77879000e+00
-5.84958000 1.67456000e+00
-5.81958000 1.16832000e+00
-5.78958000 9.75581000e-01
-5.75958000 8.46231000e-01
-5.72958000 6.27244000e-01
-5.69958000 4.63813000e-01
-5.66958000 3.71617000e-01
-5.63958000 3.21549000e-01
-5.60958000 2.98901000e-01
-5.57958000 3.00194000e-01
-5.54958000 3.31346000e-01
-5.51958000 4.12726000e-01
-5.48958000 5.89535000e-01
-5.45958000 8.89669000e-01
-5.42958000 1.13027000e+00
-5.39958000 9.42953000e-01
-5.36958000 6.02254000e-01
-5.33958000 4.10952000e-01
-5.30958000 3.22838000e-01
-5.27958000 2.86384000e-01
-5.24958000 2.80851000e-01
-5.21958000 3.05037000e-01
-5.18958000 3.66870000e-01
-5.15958000 4.90651000e-01
-5.12958000 7.36579000e-01
-5.09958000 1.23890000e+00
-5.06958000 2.10850000e+00
-5.03958000 2.46065000e+00
-5.00958000 1.62699000e+00
-4.97958000 9.25366000e-01
-4.94958000 5.64369000e-01
-4.91958000 3.77342000e-01
-4.88958000 2.74350000e-01
-4.85958000 2.14749000e-01
-4.82958000 1.74073000e-01
-4.79958000 1.40741000e-01
-4.76958000 1.16664000e-01
-4.73958000 9.96215000e-02
-4.70921000 8.69099000e-02
-4.67921000 7.73109000e-02
-4.64921000 6.97644000e-02
-4.61921000 6.37264000e-02
-4.58921000 5.88542000e-02
-4.55921000 5.49476000e-02
-4.52921000 5.19317000e-02
-4.49921000 4.97541000e-02
-4.46921000 4.82272000e-02
-4.43921000 4.72381000e-02
-4.40921000 4.66439000e-02
-4.37921000 4.62223000e-02
-4.34921000 4.33881000e-02
-4.31921000 4.06546000e-02
-4.28921000 3.95468000e-02
-4.25921000 4.02172000e-02
-4.22921000 4.35353000e-02
-4.19921000 4.93998000e-02
-4.16921000 4.89455000e-02
-4.13921000 4.20614000e-02
-4.10921000 3.74787000e-02
-4.07921000 3.45153000e-02
-4.04921000 3.27130000e-02
-4.01921000 3.20509000e-02
-3.98921000 3.25448000e-02
-3.95921000 3.47100000e-02
-3.92921000 3.79988000e-02
-3.89921000 3.67484000e-02
-3.86921000 3.25564000e-02
-3.83921000 2.99304000e-02
-3.80921000 2.85657000e-02
-3.77921000 2.78276000e-02
-3.74921000 2.74214000e-02
-3.71921000 2.72255000e-02
-3.68921000 2.72031000e-02
-3.65921000 2.73820000e-02
-3.62921000 2.78326000e-02
-3.59921000 2.82821000e-02
-3.56921000 2.80894000e-02
-3.53921000 2.78547000e-02
-3.50921000 2.78766000e-02
-3.47921000 2.80715000e-02
-3.44921000 2.83801000e-02
-3.41921000 2.87791000e-02
-3.38921000 2.92618000e-02
-3.35921000 2.98297000e-02
-3.32884000 3.04981000e-02
-3.29884000 3.12614000e-02
-3.26884000 3.21422000e-02
-3.23884000 3.31605000e-02
-3.20884000 3.43432000e-02
-3.17884000 3.57264000e-02
-3.14884000 3.73600000e-02
-3.11884000 3.93137000e-02
-3.08884000 4.16885000e-02
-3.05884000 4.46355000e-02
-3.02884000 4.83909000e-02
-2.99884000 5.33436000e-02
-2.96884000 6.01699000e-02
-2.93884000 7.00393000e-02
-2.90884000 8.45609000e-02
-2.87884000 1.07201000e-01
-2.84884000 1.48274000e-01
-2.81884000 2.29009000e-01
-2.78884000 3.71337000e-01
-2.75884000 4.52324000e-01
-2.72884000 3.30542000e-01
-2.69884000 2.15658000e-01
-2.66884000 1.58896000e-01
-2.63884000 1.34734000e-01
-2.60884000 1.26190000e-01
-2.57884000 1.26549000e-01
-2.54884000 1.35564000e-01
-2.51884000 1.54248000e-01
-2.48884000 1.86316000e-01
-2.45884000 2.40322000e-01
-2.42884000 3.35474000e-01
-2.39884000 5.00439000e-01
-2.36884000 7.27895000e-01
-2.33884000 1.07502000e+00
-2.30884000 1.53896000e+00
-2.27884000 1.38478000e+00
-2.24884000 8.66579000e-01
-2.21884000 5.58385000e-01
-2.18884000 4.18520000e-01
-2.15884000 3.70071000e-01
-2.12884000 3.83633000e-01
-2.09884000 4.59891000e-01
-2.06884000 6.31619000e-01
-2.03884000 9.54848000e-01
-2.00884000 1.27187000e+00
-1.97884000 1.18004000e+00
-1.94847000 9.33989000e-01
-1.91847000 9.51171000e-01
-1.88847000 1.29276000e+00
-1.85847000 1.77331000e+00
-1.82847000 1.70659000e+00
-1.79847000 1.15824000e+00
-1.76847000 7.29945000e-01
-1.73847000 5.17796000e-01
-1.70847000 4.26359000e-01
-1.67847000 4.06799000e-01
-1.64847000 4.51672000e-01
-1.61847000 5.90417000e-01
-1.58847000 8.99746000e-01
-1.55847000 1.35562000e+00
-1.52847000 1.32555000e+00
-1.49847000 8.87061000e-01
-1.46847000 6.13870000e-01
-1.43847000 4.77115000e-01
-1.40847000 4.07942000e-01
-1.37847000 3.63889000e-01
-1.34847000 3.44411000e-01
-1.31847000 3.60208000e-01
-1.28847000 4.19105000e-01
-1.25847000 5.45285000e-01
-1.22847000 7.59852000e-01
-1.19847000 9.39667000e-01
-1.16847000 1.00731000e+00
-1.13847000 1.15810000e+00
-1.10847000 1.23763000e+00
-1.07847000 1.34072000e+00
-1.04847000 1.77317000e+00
-1.01847000 2.80829000e+00
-0.98847000 4.78574000e+00
-0.95847000 6.37871000e+00
-0.92847000 4.71423000e+00
-0.89847000 2.68683000e+00
-0.86847000 1.59247000e+00
-0.83847000 1.04030000e+00
-0.80847000 7.44721000e-01
-0.77847000 5.77395000e-01
-0.74847000 4.80036000e-01
-0.71847000 4.31383000e-01
-0.68847000 4.30173000e-01
-0.65847000 4.88738000e-01
-0.62847000 5.98793000e-01
-0.59847000 7.25021000e-01
-0.56810000 8.78017000e-01
-0.53810000 7.75151000e-01
-0.50810000 5.56343000e-01
-0.47810000 4.03149000e-01
-0.44810000 3.22049000e-01
-0.41810000 2.84113000e-01
-0.38810000 2.75622000e-01
-0.35810000 2.95700000e-01
-0.32810000 3.36572000e-01
-0.29810000 3.57858000e-01
-0.26810000 3.51488000e-01
-0.23810000 3.30234000e-01
-0.20810000 3.30663000e-01
-0.17810000 3.72024000e-01
-0.14810000 4.63400000e-01
-0.11810000 6.27098000e-01
-0.08810000 8.59907000e-01
-0.05810000 1.23998000e+00
-0.02810000 1.85518000e+00
0.00190000 1.94369000e+00
0.03190000 1.45906000e+00
0.06190000 1.26686000e+00
0.09190000 1.48146000e+00
0.12190000 2.14300000e+00
0.15190000 3.11723000e+00
0.18190000 3.00248000e+00
0.21190000 2.00148000e+00
0.24190000 1.28082000e+00
0.27190000 9.21686000e-01
0.30190000 7.90927000e-01
0.33190000 6.82733000e-01
0.36190000 5.65430000e-01
0.39190000 5.35476000e-01
0.42190000 5.25059000e-01
0.45190000 4.61717000e-01
0.48190000 4.00243000e-01
0.51190000 3.82259000e-01
0.54190000 4.09242000e-01
0.57190000 4.33405000e-01
0.60190000 4.42103000e-01
0.63190000 5.15935000e-01
0.66190000 7.07943000e-01
0.69190000 9.27980000e-01
0.72190000 8.19267000e-01
0.75190000 6.14090000e-01
0.78190000 5.40529000e-01
