# E(MeV)  S_GAMTGAMT(K=1) for _Y109_DDPCX
-12.99140000 2.71821000e-03
-12.96140000 2.73898000e-03
-12.93140000 2.76008000e-03
-12.90140000 2.78149000e-03
-12.87140000 2.80325000e-03
-12.84140000 2.82534000e-03
-12.81140000 2.84778000e-03
-12.78140000 2.87058000e-03
-12.75140000 2.89375000e-03
-12.72140000 2.91730000e-03
-12.69140000 2.94123000e-03
-12.66140000 2.96557000e-03
-12.63140000 2.99031000e-03
-12.60140000 3.01547000e-03
-12.57140000 3.04106000e-03
-12.54140000 3.06710000e-03
-12.51140000 3.09359000e-03
-12.48140000 3.12054000e-03
-12.45140000 3.14798000e-03
-12.42140000 3.17591000e-03
-12.39140000 3.20436000e-03
-12.36140000 3.23332000e-03
-12.33140000 3.26283000e-03
-12.30140000 3.29289000e-03
-12.27140000 3.32352000e-03
-12.24140000 3.35474000e-03
-12.21140000 3.38657000e-03
-12.18140000 3.41902000e-03
-12.15140000 3.45213000e-03
-12.12140000 3.48589000e-03
-12.09140000 3.52035000e-03
-12.06140000 3.55552000e-03
-12.03140000 3.59142000e-03
-12.00140000 3.62808000e-03
-11.97140000 3.66552000e-03
-11.94140000 3.70377000e-03
-11.91140000 3.74286000e-03
-11.88140000 3.78282000e-03
-11.85140000 3.82368000e-03
-11.82140000 3.86547000e-03
-11.79140000 3.90823000e-03
-11.76140000 3.95199000e-03
-11.73140000 3.99678000e-03
-11.70140000 4.04265000e-03
-11.67140000 4.08964000e-03
-11.64140000 4.13779000e-03
-11.61110000 4.18777000e-03
-11.58110000 4.23841000e-03
-11.55110000 4.29035000e-03
-11.52110000 4.34365000e-03
-11.49110000 4.39838000e-03
-11.46110000 4.45458000e-03
-11.43110000 4.51233000e-03
-11.40110000 4.57169000e-03
-11.37110000 4.63274000e-03
-11.34110000 4.69554000e-03
-11.31110000 4.76019000e-03
-11.28110000 4.82677000e-03
-11.25110000 4.89537000e-03
-11.22110000 4.96609000e-03
-11.19110000 5.03903000e-03
-11.16110000 5.11432000e-03
-11.13110000 5.19206000e-03
-11.10110000 5.27238000e-03
-11.07110000 5.35544000e-03
-11.04110000 5.44137000e-03
-11.01110000 5.53034000e-03
-10.98110000 5.62252000e-03
-10.95110000 5.71809000e-03
-10.92110000 5.81727000e-03
-10.89110000 5.92027000e-03
-10.86110000 6.02733000e-03
-10.83110000 6.13871000e-03
-10.80110000 6.25469000e-03
-10.77110000 6.37560000e-03
-10.74110000 6.50176000e-03
-10.71110000 6.63355000e-03
-10.68110000 6.77139000e-03
-10.65110000 6.91573000e-03
-10.62110000 7.06708000e-03
-10.59110000 7.22600000e-03
-10.56110000 7.39312000e-03
-10.53110000 7.56914000e-03
-10.50110000 7.75484000e-03
-10.47110000 7.95113000e-03
-10.44110000 8.15900000e-03
-10.41110000 8.37960000e-03
-10.38110000 8.61425000e-03
-10.35110000 8.86444000e-03
-10.32110000 9.13192000e-03
-10.29110000 9.41870000e-03
-10.26110000 9.72715000e-03
-10.23070000 1.00643000e-02
-10.20070000 1.04253000e-02
-10.17070000 1.08181000e-02
-10.14070000 1.12473000e-02
-10.11070000 1.17189000e-02
-10.08070000 1.22398000e-02
-10.05070000 1.28189000e-02
-10.02070000 1.34674000e-02
-9.99069000 1.41993000e-02
-9.96069000 1.50328000e-02
-9.93069000 1.59919000e-02
-9.90069000 1.71086000e-02
-9.87069000 1.84262000e-02
-9.84069000 2.00052000e-02
-9.81069000 2.19320000e-02
-9.78069000 2.43330000e-02
-9.75069000 2.74001000e-02
-9.72069000 3.14353000e-02
-9.69069000 3.69356000e-02
-9.66069000 4.47623000e-02
-9.63069000 5.65038000e-02
-9.60069000 7.53072000e-02
-9.57069000 1.07920000e-01
-9.54069000 1.69703000e-01
-9.51069000 2.92173000e-01
-9.48069000 4.75563000e-01
-9.45069000 4.79194000e-01
-9.42069000 2.98074000e-01
-9.39069000 1.76317000e-01
-9.36069000 1.15984000e-01
-9.33069000 8.53454000e-02
-9.30069000 6.88737000e-02
-9.27069000 5.97971000e-02
-9.24069000 5.50256000e-02
-9.21069000 5.30963000e-02
-9.18069000 5.33694000e-02
-9.15069000 5.57489000e-02
-9.12069000 6.07234000e-02
-9.09069000 6.97791000e-02
-9.06069000 8.58654000e-02
-9.03069000 1.06988000e-01
-9.00069000 1.12662000e-01
-8.97069000 1.13315000e-01
-8.94069000 1.26860000e-01
-8.91069000 1.44547000e-01
-8.88069000 1.60814000e-01
-8.85032000 1.93092000e-01
-8.82032000 2.52002000e-01
-8.79032000 3.56877000e-01
-8.76032000 5.53522000e-01
-8.73032000 9.36894000e-01
-8.70032000 1.51874000e+00
-8.67032000 1.66032000e+00
-8.64032000 1.42648000e+00
-8.61032000 1.49598000e+00
-8.58032000 1.35047000e+00
-8.55032000 8.52692000e-01
-8.52032000 5.22647000e-01
-8.49032000 3.55052000e-01
-8.46032000 2.68848000e-01
-8.43032000 2.24664000e-01
-8.40032000 2.06580000e-01
-8.37032000 2.10772000e-01
-8.34032000 2.43305000e-01
-8.31032000 3.15387000e-01
-8.28032000 3.78133000e-01
-8.25032000 3.53500000e-01
-8.22032000 3.38958000e-01
-8.19032000 3.79252000e-01
-8.16032000 4.97858000e-01
-8.13032000 7.51807000e-01
-8.10032000 1.27480000e+00
-8.07032000 2.12845000e+00
-8.04032000 2.36272000e+00
-8.01032000 1.67108000e+00
-7.98032000 1.04327000e+00
-7.95032000 6.33234000e-01
-7.92032000 4.13519000e-01
-7.89032000 2.95658000e-01
-7.86032000 2.29308000e-01
-7.83032000 1.92414000e-01
-7.80032000 1.77090000e-01
-7.77032000 1.84152000e-01
-7.74032000 2.07006000e-01
-7.71032000 1.91978000e-01
-7.68032000 1.50643000e-01
-7.65032000 1.25854000e-01
-7.62032000 1.15094000e-01
-7.59032000 1.12519000e-01
-7.56032000 1.15789000e-01
-7.53032000 1.24661000e-01
-7.50032000 1.40442000e-01
-7.46995000 1.66900000e-01
-7.43995000 2.10663000e-01
-7.40995000 2.84786000e-01
-7.37995000 3.90752000e-01
-7.34995000 5.18265000e-01
-7.31995000 7.73281000e-01
-7.28995000 1.28543000e+00
-7.25995000 1.74396000e+00
-7.22995000 1.42278000e+00
-7.19995000 1.07421000e+00
-7.16995000 1.11067000e+00
-7.13995000 1.29098000e+00
-7.10995000 1.04302000e+00
-7.07995000 6.99847000e-01
-7.04995000 4.65173000e-01
-7.01995000 3.17733000e-01
-6.98995000 2.36147000e-01
-6.95995000 1.90292000e-01
-6.92995000 1.65042000e-01
-6.89995000 1.53379000e-01
-6.86995000 1.53192000e-01
-6.83995000 1.65038000e-01
-6.80995000 1.83717000e-01
-6.77995000 2.00168000e-01
-6.74995000 2.26704000e-01
-6.71995000 2.86941000e-01
-6.68995000 3.95824000e-01
-6.65995000 5.76901000e-01
-6.62995000 9.30315000e-01
-6.59995000 1.37269000e+00
-6.56995000 1.40602000e+00
-6.53995000 1.21032000e+00
-6.50995000 8.46861000e-01
-6.47995000 5.19697000e-01
-6.44995000 3.41397000e-01
-6.41995000 2.49737000e-01
-6.38995000 2.00726000e-01
-6.35995000 1.74888000e-01
-6.32995000 1.63795000e-01
-6.29995000 1.64177000e-01
-6.26995000 1.76080000e-01
-6.23995000 2.02958000e-01
-6.20995000 2.53959000e-01
-6.17995000 3.50199000e-01
-6.14995000 5.32190000e-01
-6.11995000 7.93752000e-01
-6.08958000 9.67972000e-01
-6.05958000 1.23763000e+00
-6.02958000 1.54276000e+00
-5.99958000 1.25384000e+00
-5.96958000 8.40014000e-01
-5.93958000 6.37039000e-01
-5.90958000 5.83103000e-01
-5.87958000 6.17279000e-01
-5.84958000 8.27566000e-01
-5.81958000 1.21739000e+00
-5.78958000 1.20802000e+00
-5.75958000 7.56608000e-01
-5.72958000 4.48024000e-01
-5.69958000 2.90534000e-01
-5.66958000 2.06835000e-01
-5.63958000 1.58750000e-01
-5.60958000 1.29554000e-01
-5.57958000 1.11673000e-01
-5.54958000 1.01778000e-01
-5.51958000 9.90284000e-02
-5.48958000 1.05179000e-01
-5.45958000 1.26713000e-01
-5.42958000 1.76118000e-01
-5.39958000 2.36946000e-01
-5.36958000 2.08276000e-01
-5.33958000 1.41753000e-01
-5.30958000 1.06229000e-01
-5.27958000 9.58404000e-02
-5.24958000 1.02766000e-01
-5.21958000 1.04996000e-01
-5.18958000 8.49766000e-02
-5.15958000 6.84238000e-02
-5.12958000 6.05570000e-02
-5.09958000 5.79805000e-02
-5.06958000 5.86974000e-02
-5.03958000 6.26156000e-02
-5.00958000 7.09067000e-02
-4.97958000 8.62926000e-02
-4.94958000 1.08478000e-01
-4.91958000 1.25613000e-01
-4.88958000 1.50648000e-01
-4.85958000 2.08217000e-01
-4.82958000 3.27714000e-01
-4.79958000 5.61053000e-01
-4.76958000 8.16972000e-01
-4.73958000 7.08789000e-01
-4.70921000 4.20210000e-01
-4.67921000 2.46922000e-01
-4.64921000 1.59700000e-01
-4.61921000 1.13513000e-01
-4.58921000 8.72786000e-02
-4.55921000 7.18970000e-02
-4.52921000 6.31365000e-02
-4.49921000 5.75232000e-02
-4.46921000 5.25683000e-02
-4.43921000 4.74722000e-02
-4.40921000 4.39944000e-02
-4.37921000 4.24539000e-02
-4.34921000 4.29173000e-02
-4.31921000 4.56980000e-02
-4.28921000 5.21130000e-02
-4.25921000 6.52750000e-02
-4.22921000 9.25341000e-02
-4.19921000 1.43467000e-01
-4.16921000 1.80080000e-01
-4.13921000 1.36806000e-01
-4.10921000 8.95255000e-02
-4.07921000 6.52465000e-02
-4.04921000 5.40684000e-02
-4.01921000 5.01291000e-02
-3.98921000 5.12864000e-02
-3.95921000 5.75605000e-02
-3.92921000 7.17447000e-02
-3.89921000 1.02316000e-01
-3.86921000 1.62917000e-01
-3.83921000 2.24119000e-01
-3.80921000 1.81535000e-01
-3.77921000 1.12464000e-01
-3.74921000 7.43188000e-02
-3.71921000 5.53908000e-02
-3.68921000 4.52203000e-02
-3.65921000 3.94788000e-02
-3.62921000 3.65230000e-02
-3.59921000 3.57460000e-02
-3.56921000 3.74512000e-02
-3.53921000 4.16330000e-02
-3.50921000 4.19517000e-02
-3.47921000 3.67623000e-02
-3.44921000 3.32093000e-02
-3.41921000 3.16896000e-02
-3.38921000 3.12901000e-02
-3.35921000 3.15819000e-02
-3.32884000 3.24065000e-02
-3.29884000 3.37089000e-02
-3.26884000 3.56130000e-02
-3.23884000 3.83574000e-02
-3.20884000 4.23861000e-02
-3.17884000 4.84011000e-02
-3.14884000 5.78059000e-02
-3.11884000 7.46993000e-02
-3.08884000 1.05804000e-01
-3.05884000 1.41481000e-01
-3.02884000 1.37549000e-01
-2.99884000 1.27964000e-01
-2.96884000 1.48725000e-01
-2.93884000 2.10376000e-01
-2.90884000 2.68377000e-01
-2.87884000 2.22371000e-01
-2.84884000 1.56459000e-01
-2.81884000 1.18727000e-01
-2.78884000 1.03728000e-01
-2.75884000 1.01881000e-01
-2.72884000 1.07754000e-01
-2.69884000 1.22815000e-01
-2.66884000 1.53657000e-01
-2.63884000 2.09213000e-01
-2.60884000 2.73034000e-01
-2.57884000 2.93688000e-01
-2.54884000 3.37339000e-01
-2.51884000 4.74681000e-01
-2.48884000 7.76116000e-01
-2.45884000 1.22684000e+00
-2.42884000 1.23727000e+00
-2.39884000 8.40956000e-01
-2.36884000 6.30461000e-01
-2.33884000 5.83981000e-01
-2.30884000 6.30700000e-01
-2.27884000 6.82522000e-01
-2.24884000 5.52895000e-01
-2.21884000 3.68626000e-01
-2.18884000 2.49448000e-01
-2.15884000 1.87777000e-01
-2.12884000 1.57087000e-01
-2.09884000 1.44564000e-01
-2.06884000 1.41898000e-01
-2.03884000 1.48289000e-01
-2.00884000 1.67161000e-01
-1.97884000 1.84899000e-01
-1.94847000 2.14596000e-01
-1.91847000 2.52988000e-01
-1.88847000 2.97933000e-01
-1.85847000 3.66360000e-01
-1.82847000 3.70368000e-01
-1.79847000 3.05183000e-01
-1.76847000 2.47321000e-01
-1.73847000 2.22332000e-01
-1.70847000 2.26748000e-01
-1.67847000 2.56144000e-01
-1.64847000 3.32822000e-01
-1.61847000 4.81870000e-01
-1.58847000 6.17345000e-01
-1.55847000 6.21623000e-01
-1.52847000 6.98083000e-01
-1.49847000 8.44799000e-01
-1.46847000 9.29673000e-01
-1.43847000 8.89371000e-01
-1.40847000 7.31557000e-01
-1.37847000 6.83041000e-01
-1.34847000 8.02295000e-01
-1.31847000 9.97657000e-01
-1.28847000 9.92089000e-01
-1.25847000 7.38971000e-01
-1.22847000 5.81993000e-01
-1.19847000 5.46771000e-01
-1.16847000 5.70994000e-01
-1.13847000 6.55201000e-01
-1.10847000 8.45554000e-01
-1.07847000 1.03999000e+00
-1.04847000 1.24173000e+00
-1.01847000 1.64811000e+00
-0.98847000 2.48603000e+00
-0.95847000 3.29363000e+00
-0.92847000 2.73075000e+00
-0.89847000 1.95593000e+00
-0.86847000 1.50162000e+00
-0.83847000 1.26581000e+00
-0.80847000 1.25774000e+00
-0.77847000 1.20438000e+00
-0.74847000 1.00572000e+00
-0.71847000 9.38079000e-01
-0.68847000 1.10066000e+00
-0.65847000 1.57063000e+00
-0.62847000 2.02477000e+00
-0.59847000 1.75959000e+00
-0.56810000 1.40853000e+00
-0.53810000 1.38016000e+00
-0.50810000 1.39394000e+00
-0.47810000 1.35379000e+00
-0.44810000 1.34013000e+00
-0.41810000 1.54401000e+00
-0.38810000 1.68064000e+00
-0.35810000 1.53516000e+00
-0.32810000 1.45985000e+00
-0.29810000 1.56906000e+00
-0.26810000 1.50283000e+00
-0.23810000 1.04890000e+00
-0.20810000 7.05353000e-01
-0.17810000 5.46329000e-01
-0.14810000 5.06615000e-01
-0.11810000 5.66521000e-01
-0.08810000 6.75712000e-01
-0.05810000 6.74535000e-01
-0.02810000 5.78391000e-01
0.00190000 5.60589000e-01
0.03190000 6.81329000e-01
0.06190000 9.28811000e-01
0.09190000 1.05974000e+00
0.12190000 9.19687000e-01
0.15190000 7.28736000e-01
0.18190000 5.49725000e-01
0.21190000 4.62376000e-01
0.24190000 4.58165000e-01
0.27190000 4.95073000e-01
0.30190000 5.04282000e-01
0.33190000 5.61969000e-01
0.36190000 6.99846000e-01
0.39190000 7.60310000e-01
0.42190000 7.67229000e-01
0.45190000 8.30889000e-01
0.48190000 7.76082000e-01
0.51190000 6.98908000e-01
0.54190000 6.62713000e-01
0.57190000 6.67232000e-01
0.60190000 7.38977000e-01
0.63190000 7.94761000e-01
0.66190000 7.95057000e-01
0.69190000 7.61202000e-01
0.72190000 7.44170000e-01
0.75190000 7.20079000e-01
0.78190000 7.10107000e-01
