# E(MeV)  S_NSDRNSDR(K=1) for _Y109_DDPCX
-12.99140000 1.35228000e-01
-12.96140000 1.53797000e-01
-12.93140000 1.81130000e-01
-12.90140000 2.16780000e-01
-12.87140000 2.32647000e-01
-12.84140000 2.32239000e-01
-12.81140000 2.42877000e-01
-12.78140000 2.65056000e-01
-12.75140000 2.96634000e-01
-12.72140000 3.37835000e-01
-12.69140000 3.90642000e-01
-12.66140000 4.58680000e-01
-12.63140000 5.47732000e-01
-12.60140000 6.66953000e-01
-12.57140000 8.31236000e-01
-12.54140000 1.06587000e+00
-12.51140000 1.41626000e+00
-12.48140000 1.96939000e+00
-12.45140000 2.90526000e+00
-12.42140000 4.62497000e+00
-12.39140000 8.03140000e+00
-12.36140000 1.43636000e+01
-12.33140000 1.92734000e+01
-12.30140000 1.40029000e+01
-12.27140000 7.80975000e+00
-12.24140000 4.51858000e+00
-12.21140000 2.85395000e+00
-12.18140000 1.94512000e+00
-12.15140000 1.40672000e+00
-12.12140000 1.06530000e+00
-12.09140000 8.36698000e-01
-12.06140000 6.76828000e-01
-12.03140000 5.61035000e-01
-12.00140000 4.74736000e-01
-11.97140000 4.08885000e-01
-11.94140000 3.57648000e-01
-11.91140000 3.17131000e-01
-11.88140000 2.84656000e-01
-11.85140000 2.58337000e-01
-11.82140000 2.36817000e-01
-11.79140000 2.19097000e-01
-11.76140000 2.04432000e-01
-11.73140000 1.92257000e-01
-11.70140000 1.82141000e-01
-11.67140000 1.73745000e-01
-11.64140000 1.66808000e-01
-11.61110000 1.61058000e-01
-11.58110000 1.56471000e-01
-11.55110000 1.52837000e-01
-11.52110000 1.50055000e-01
-11.49110000 1.48041000e-01
-11.46110000 1.46732000e-01
-11.43110000 1.46078000e-01
-11.40110000 1.46043000e-01
-11.37110000 1.46603000e-01
-11.34110000 1.47740000e-01
-11.31110000 1.49450000e-01
-11.28110000 1.51734000e-01
-11.25110000 1.54605000e-01
-11.22110000 1.58082000e-01
-11.19110000 1.62196000e-01
-11.16110000 1.66986000e-01
-11.13110000 1.72503000e-01
-11.10110000 1.78813000e-01
-11.07110000 1.85995000e-01
-11.04110000 1.94147000e-01
-11.01110000 2.03392000e-01
-10.98110000 2.13877000e-01
-10.95110000 2.25788000e-01
-10.92110000 2.39354000e-01
-10.89110000 2.54864000e-01
-10.86110000 2.72688000e-01
-10.83110000 2.93304000e-01
-10.80110000 3.17345000e-01
-10.77110000 3.45667000e-01
-10.74110000 3.79467000e-01
-10.71110000 4.20478000e-01
-10.68110000 4.71336000e-01
-10.65110000 5.36287000e-01
-10.62110000 6.22694000e-01
-10.59110000 7.44495000e-01
-10.56110000 9.30615000e-01
-10.53110000 1.24354000e+00
-10.50110000 1.77587000e+00
-10.47110000 2.30377000e+00
-10.44110000 2.28996000e+00
-10.41110000 2.26451000e+00
-10.38110000 2.34890000e+00
-10.35110000 2.67759000e+00
-10.32110000 3.44231000e+00
-10.29110000 4.91095000e+00
-10.26110000 7.76348000e+00
-10.23070000 1.34608000e+01
-10.20070000 2.11509000e+01
-10.17070000 2.03631000e+01
-10.14070000 1.42630000e+01
-10.11070000 1.22460000e+01
-10.08070000 1.46854000e+01
-10.05070000 1.70845000e+01
-10.02070000 1.26812000e+01
-9.99069000 8.13656000e+00
-9.96069000 6.10940000e+00
-9.93069000 5.85539000e+00
-9.90069000 7.21922000e+00
-9.87069000 9.84303000e+00
-9.84069000 9.32146000e+00
-9.81069000 6.01872000e+00
-9.78069000 3.90187000e+00
-9.75069000 2.88354000e+00
-9.72069000 2.44144000e+00
-9.69069000 2.35480000e+00
-9.66069000 2.60668000e+00
-9.63069000 3.36435000e+00
-9.60069000 5.05403000e+00
-9.57069000 7.69100000e+00
-9.54069000 7.85809000e+00
-9.51069000 5.41559000e+00
-9.48069000 3.94162000e+00
-9.45069000 3.58320000e+00
-9.42069000 4.09533000e+00
-9.39069000 5.74117000e+00
-9.36069000 9.41225000e+00
-9.33069000 1.49081000e+01
-9.30069000 1.45365000e+01
-9.27069000 8.82404000e+00
-9.24069000 5.06559000e+00
-9.21069000 3.16694000e+00
-9.18069000 2.16119000e+00
-9.15069000 1.58015000e+00
-9.12069000 1.21763000e+00
-9.09069000 9.77084000e-01
-9.06069000 8.09577000e-01
-9.03069000 6.88496000e-01
-9.00069000 5.98502000e-01
-8.97069000 5.30397000e-01
-8.94069000 4.78598000e-01
-8.91069000 4.39073000e-01
-8.88069000 4.06713000e-01
-8.85032000 3.80339000e-01
-8.82032000 3.61786000e-01
-8.79032000 3.50218000e-01
-8.76032000 3.45653000e-01
-8.73032000 3.49122000e-01
-8.70032000 3.63132000e-01
-8.67032000 3.92874000e-01
-8.64032000 4.49162000e-01
-8.61032000 5.55645000e-01
-8.58032000 7.63025000e-01
-8.55032000 1.12657000e+00
-8.52032000 1.46879000e+00
-8.49032000 1.63916000e+00
-8.46032000 1.65554000e+00
-8.43032000 1.60757000e+00
-8.40032000 1.27853000e+00
-8.37032000 9.57388000e-01
-8.34032000 7.28005000e-01
-8.31032000 6.09406000e-01
-8.28032000 5.84879000e-01
-8.25032000 6.38834000e-01
-8.22032000 7.92431000e-01
-8.19032000 1.09035000e+00
-8.16032000 1.44571000e+00
-8.13032000 1.86569000e+00
-8.10032000 2.80011000e+00
-8.07032000 3.62933000e+00
-8.04032000 2.95694000e+00
-8.01032000 2.05153000e+00
-7.98032000 1.42033000e+00
-7.95032000 1.12055000e+00
-7.92032000 9.03800000e-01
-7.89032000 7.17923000e-01
-7.86032000 6.46840000e-01
-7.83032000 6.90905000e-01
-7.80032000 8.83927000e-01
-7.77032000 1.23763000e+00
-7.74032000 1.34183000e+00
-7.71032000 1.11069000e+00
-7.68032000 1.00131000e+00
-7.65032000 1.06237000e+00
-7.62032000 1.01667000e+00
-7.59032000 9.28447000e-01
-7.56032000 1.07019000e+00
-7.53032000 1.39281000e+00
-7.50032000 1.37618000e+00
-7.46995000 1.07803000e+00
-7.43995000 9.64706000e-01
-7.40995000 1.13949000e+00
-7.37995000 1.61947000e+00
-7.34995000 1.91089000e+00
-7.31995000 1.57225000e+00
-7.28995000 1.16694000e+00
-7.25995000 8.63584000e-01
-7.22995000 7.71823000e-01
-7.19995000 8.65417000e-01
-7.16995000 9.38310000e-01
-7.13995000 8.46549000e-01
-7.10995000 7.09246000e-01
-7.07995000 5.27954000e-01
-7.04995000 4.21349000e-01
-7.01995000 3.82167000e-01
-6.98995000 3.66093000e-01
-6.95995000 3.43612000e-01
-6.92995000 3.38236000e-01
-6.89995000 3.56707000e-01
-6.86995000 3.97394000e-01
-6.83995000 4.65152000e-01
-6.80995000 5.93165000e-01
-6.77995000 7.98291000e-01
-6.74995000 9.21836000e-01
-6.71995000 9.45737000e-01
-6.68995000 1.07294000e+00
-6.65995000 1.14530000e+00
-6.62995000 1.21966000e+00
-6.59995000 1.50721000e+00
-6.56995000 2.12704000e+00
-6.53995000 3.29728000e+00
-6.50995000 5.59154000e+00
-6.47995000 9.35056000e+00
-6.44995000 1.01370000e+01
-6.41995000 6.45018000e+00
-6.38995000 3.68505000e+00
-6.35995000 2.27966000e+00
-6.32995000 1.56996000e+00
-6.29995000 1.21705000e+00
-6.26995000 1.08183000e+00
-6.23995000 9.78790000e-01
-6.20995000 7.68025000e-01
-6.17995000 6.06556000e-01
-6.14995000 5.19446000e-01
-6.11995000 4.81308000e-01
-6.08958000 4.83568000e-01
-6.05958000 5.36014000e-01
-6.02958000 6.72755000e-01
-5.99958000 9.34076000e-01
-5.96958000 1.19479000e+00
-5.93958000 1.11059000e+00
-5.90958000 8.60104000e-01
-5.87958000 7.82830000e-01
-5.84958000 9.16713000e-01
-5.81958000 1.30015000e+00
-5.78958000 1.65019000e+00
-5.75958000 1.32710000e+00
-5.72958000 9.12707000e-01
-5.69958000 7.20716000e-01
-5.66958000 6.83061000e-01
-5.63958000 7.66034000e-01
-5.60958000 1.00900000e+00
-5.57958000 1.54284000e+00
-5.54958000 2.42014000e+00
-5.51958000 2.60677000e+00
-5.48958000 1.80212000e+00
-5.45958000 1.26310000e+00
-5.42958000 1.10896000e+00
-5.39958000 1.24795000e+00
-5.36958000 1.54667000e+00
-5.33958000 1.50940000e+00
-5.30958000 1.36458000e+00
-5.27958000 1.53231000e+00
-5.24958000 2.16063000e+00
-5.21958000 3.45723000e+00
-5.18958000 4.63604000e+00
-5.15958000 4.14435000e+00
-5.12958000 3.39985000e+00
-5.09958000 2.98665000e+00
-5.06958000 3.18633000e+00
-5.03958000 2.84000000e+00
-5.00958000 1.82797000e+00
-4.97958000 1.18230000e+00
-4.94958000 8.66280000e-01
-4.91958000 6.76175000e-01
-4.88958000 5.37420000e-01
-4.85958000 4.46480000e-01
-4.82958000 3.93064000e-01
-4.79958000 3.67995000e-01
-4.76958000 3.65883000e-01
-4.73958000 3.87547000e-01
-4.70921000 4.42818000e-01
-4.67921000 5.52680000e-01
-4.64921000 7.69050000e-01
-4.61921000 1.21005000e+00
-4.58921000 2.05338000e+00
-4.55921000 2.79943000e+00
-4.52921000 2.15294000e+00
-4.49921000 1.29685000e+00
-4.46921000 8.34169000e-01
-4.43921000 5.71915000e-01
-4.40921000 4.25077000e-01
-4.37921000 3.41767000e-01
-4.34921000 2.94960000e-01
-4.31921000 2.81192000e-01
-4.28921000 2.99989000e-01
-4.25921000 3.21819000e-01
-4.22921000 2.84585000e-01
-4.19921000 2.51837000e-01
-4.16921000 2.60171000e-01
-4.13921000 2.78227000e-01
-4.10921000 2.50984000e-01
-4.07921000 2.25815000e-01
-4.04921000 2.18572000e-01
-4.01921000 2.12275000e-01
-3.98921000 2.07080000e-01
-3.95921000 2.19263000e-01
-3.92921000 2.57959000e-01
-3.89921000 3.41361000e-01
-3.86921000 5.13203000e-01
-3.83921000 8.31013000e-01
-3.80921000 1.06693000e+00
-3.77921000 8.19505000e-01
-3.74921000 5.34364000e-01
-3.71921000 3.86364000e-01
-3.68921000 3.39092000e-01
-3.65921000 3.70874000e-01
-3.62921000 5.00466000e-01
-3.59921000 6.91399000e-01
-3.56921000 6.37819000e-01
-3.53921000 4.21021000e-01
-3.50921000 2.83769000e-01
-3.47921000 2.18443000e-01
-3.44921000 1.89538000e-01
-3.41921000 1.76651000e-01
-3.38921000 1.71864000e-01
-3.35921000 1.79267000e-01
-3.32884000 2.12277000e-01
-3.29884000 2.37663000e-01
-3.26884000 2.04608000e-01
-3.23884000 1.69214000e-01
-3.20884000 1.52255000e-01
-3.17884000 1.51332000e-01
-3.14884000 1.64373000e-01
-3.11884000 1.95615000e-01
-3.08884000 2.59922000e-01
-3.05884000 3.90354000e-01
-3.02884000 5.94341000e-01
-2.99884000 6.28454000e-01
-2.96884000 4.63955000e-01
-2.93884000 3.82728000e-01
-2.90884000 3.88750000e-01
-2.87884000 3.85927000e-01
-2.84884000 3.17702000e-01
-2.81884000 2.72524000e-01
-2.78884000 2.87347000e-01
-2.75884000 3.61052000e-01
-2.72884000 4.26907000e-01
-2.69884000 4.34103000e-01
-2.66884000 4.35465000e-01
-2.63884000 4.25873000e-01
-2.60884000 4.40169000e-01
-2.57884000 4.37184000e-01
-2.54884000 3.48738000e-01
-2.51884000 2.77639000e-01
-2.48884000 2.60709000e-01
-2.45884000 2.89043000e-01
-2.42884000 3.34923000e-01
-2.39884000 3.52712000e-01
-2.36884000 4.07725000e-01
-2.33884000 5.61801000e-01
-2.30884000 8.28334000e-01
-2.27884000 1.14769000e+00
-2.24884000 1.27348000e+00
-2.21884000 1.00026000e+00
-2.18884000 8.37707000e-01
-2.15884000 7.06476000e-01
-2.12884000 5.49852000e-01
-2.09884000 5.11456000e-01
-2.06884000 6.17359000e-01
-2.03884000 8.54180000e-01
-2.00884000 9.09549000e-01
-1.97884000 7.19814000e-01
-1.94847000 5.87058000e-01
-1.91847000 4.27219000e-01
-1.88847000 3.05376000e-01
-1.85847000 2.42930000e-01
-1.82847000 2.15008000e-01
-1.79847000 2.07347000e-01
-1.76847000 2.16872000e-01
-1.73847000 2.46534000e-01
-1.70847000 2.93134000e-01
-1.67847000 3.64805000e-01
-1.64847000 4.93675000e-01
-1.61847000 7.24244000e-01
-1.58847000 1.01187000e+00
-1.55847000 8.93951000e-01
-1.52847000 5.93748000e-01
-1.49847000 4.41077000e-01
-1.46847000 4.15435000e-01
-1.43847000 4.94949000e-01
-1.40847000 5.96794000e-01
-1.37847000 5.35134000e-01
-1.34847000 4.44999000e-01
-1.31847000 4.49409000e-01
-1.28847000 5.27784000e-01
-1.25847000 5.25008000e-01
-1.22847000 4.90251000e-01
-1.19847000 4.63460000e-01
-1.16847000 3.85297000e-01
-1.13847000 3.55207000e-01
-1.10847000 4.00199000e-01
-1.07847000 5.08591000e-01
-1.04847000 5.81708000e-01
-1.01847000 6.72655000e-01
-0.98847000 8.05902000e-01
-0.95847000 8.35535000e-01
-0.92847000 9.40985000e-01
-0.89847000 1.10250000e+00
-0.86847000 1.04739000e+00
-0.83847000 7.59209000e-01
-0.80847000 5.54935000e-01
-0.77847000 5.08686000e-01
-0.74847000 5.96962000e-01
-0.71847000 6.94515000e-01
-0.68847000 5.94563000e-01
-0.65847000 4.77867000e-01
-0.62847000 4.70830000e-01
-0.59847000 5.39071000e-01
-0.56810000 5.62256000e-01
-0.53810000 4.51372000e-01
-0.50810000 3.12567000e-01
-0.47810000 2.35419000e-01
-0.44810000 2.02489000e-01
-0.41810000 1.99086000e-01
-0.38810000 2.19922000e-01
-0.35810000 2.27451000e-01
-0.32810000 2.01518000e-01
-0.29810000 1.94253000e-01
-0.26810000 2.17461000e-01
-0.23810000 2.35732000e-01
-0.20810000 2.05622000e-01
-0.17810000 1.80403000e-01
-0.14810000 1.76421000e-01
-0.11810000 1.91092000e-01
-0.08810000 2.29328000e-01
-0.05810000 2.98829000e-01
-0.02810000 3.57233000e-01
0.00190000 3.79306000e-01
0.03190000 4.58044000e-01
0.06190000 6.02120000e-01
0.09190000 7.33594000e-01
0.12190000 8.91087000e-01
0.15190000 1.17243000e+00
0.18190000 1.21806000e+00
0.21190000 9.12575000e-01
0.24190000 7.39717000e-01
0.27190000 7.98381000e-01
0.30190000 9.90943000e-01
0.33190000 9.26640000e-01
0.36190000 6.58896000e-01
0.39190000 4.50589000e-01
0.42190000 3.56223000e-01
0.45190000 3.30998000e-01
0.48190000 3.07461000e-01
0.51190000 2.46310000e-01
0.54190000 2.03609000e-01
0.57190000 1.86653000e-01
0.60190000 1.88852000e-01
0.63190000 2.10290000e-01
0.66190000 2.41103000e-01
0.69190000 2.86141000e-01
0.72190000 3.96255000e-01
0.75190000 5.62873000e-01
0.78190000 5.50923000e-01
