# E(MeV)  S_NSDRNSDR(K=1) for Ac256_DDPCX
-10.26180000 -2.64038000e-01
-10.23180000 -1.28521000e-01
-10.20180000 -5.23344000e-02
-10.17180000 -5.99287000e-03
-10.14180000 2.40018000e-02
-10.11180000 4.42949000e-02
-10.08180000 5.83519000e-02
-10.05180000 6.80054000e-02
-10.02180000 7.41096000e-02
-9.99180000 7.67351000e-02
-9.96180000 7.49696000e-02
-9.93180000 6.60608000e-02
-9.90180000 4.31917000e-02
-9.87180000 -6.35131000e-03
-9.84180000 -6.73557000e-02
-9.81180000 -3.85866000e-02
-9.78180000 3.14740000e-02
-9.75180000 7.34001000e-02
-9.72180000 9.54155000e-02
-9.69180000 1.08022000e-01
-9.66180000 1.16048000e-01
-9.63180000 1.21641000e-01
-9.60180000 1.25820000e-01
-9.57180000 1.29112000e-01
-9.54180000 1.31805000e-01
-9.51180000 1.34065000e-01
-9.48180000 1.35993000e-01
-9.45180000 1.37647000e-01
-9.42180000 1.39061000e-01
-9.39180000 1.40252000e-01
-9.36180000 1.41220000e-01
-9.33180000 1.41958000e-01
-9.30180000 1.42443000e-01
-9.27180000 1.42641000e-01
-9.24180000 1.42504000e-01
-9.21180000 1.41962000e-01
-9.15439000 1.39427000e-01
-9.12439000 1.37030000e-01
-9.09439000 1.33599000e-01
-9.06439000 1.28783000e-01
-9.03439000 1.22066000e-01
-9.00439000 1.12671000e-01
-8.97439000 9.93859000e-02
-8.94439000 8.02384000e-02
-8.91439000 5.18693000e-02
-8.88439000 8.21716000e-03
-8.85439000 -6.24170000e-02
-8.82439000 -1.84413000e-01
-8.79439000 -4.12404000e-01
-8.76439000 -8.68171000e-01
-8.73439000 -1.69473000e+00
-8.70439000 -2.21597000e+00
-8.67439000 -1.47487000e+00
-8.64439000 -7.22466000e-01
-8.61439000 -3.27876000e-01
-8.58439000 -1.25211000e-01
-8.55439000 -1.15622000e-02
-8.52439000 5.84625000e-02
-8.49439000 1.05523000e-01
-8.46439000 1.39874000e-01
-8.43439000 1.67147000e-01
-8.40439000 1.90861000e-01
-8.37439000 2.13672000e-01
-8.34439000 2.38200000e-01
-8.31439000 2.67895000e-01
-8.28439000 3.08528000e-01
-8.25439000 3.71467000e-01
-8.22439000 4.81701000e-01
-8.19439000 6.94469000e-01
-8.16439000 1.07242000e+00
-8.13439000 1.30256000e+00
-8.10439000 9.72510000e-01
-8.04699000 4.86847000e-01
-8.01699000 3.98017000e-01
-7.98699000 3.51225000e-01
-7.95699000 3.25048000e-01
-7.92699000 3.09842000e-01
-7.89699000 3.00927000e-01
-7.86699000 2.95855000e-01
-7.83699000 2.93260000e-01
-7.80699000 2.92338000e-01
-7.77699000 2.92592000e-01
-7.74699000 2.93704000e-01
-7.71699000 2.95463000e-01
-7.68699000 2.97729000e-01
-7.65699000 3.00402000e-01
-7.62699000 3.03414000e-01
-7.59699000 3.06715000e-01
-7.56699000 3.10271000e-01
-7.53699000 3.14057000e-01
-7.50699000 3.18056000e-01
-7.47699000 3.22256000e-01
-7.44699000 3.26651000e-01
-7.41699000 3.31237000e-01
-7.38699000 3.36014000e-01
-7.35699000 3.40984000e-01
-7.32699000 3.46153000e-01
-7.29699000 3.51528000e-01
-7.26699000 3.57120000e-01
-7.23699000 3.62945000e-01
-7.20699000 3.69024000e-01
-7.17699000 3.75390000e-01
-7.14699000 3.82095000e-01
-7.11699000 3.89236000e-01
-7.08699000 3.97010000e-01
-7.05699000 4.05796000e-01
-7.02699000 4.15601000e-01
-6.99699000 4.23788000e-01
-6.93958000 4.37716000e-01
-6.90958000 4.46888000e-01
-6.87958000 4.57181000e-01
-6.84958000 4.68597000e-01
-6.81958000 4.81310000e-01
-6.78958000 4.95659000e-01
-6.75958000 5.12189000e-01
-6.72958000 5.31787000e-01
-6.69958000 5.55935000e-01
-6.66958000 5.87250000e-01
-6.63958000 6.30664000e-01
-6.60958000 6.96204000e-01
-6.57958000 8.05915000e-01
-6.54958000 1.00988000e+00
-6.51958000 1.39163000e+00
-6.48958000 1.78986000e+00
-6.45958000 1.56865000e+00
-6.42958000 1.16306000e+00
-6.39958000 9.42738000e-01
-6.36958000 8.41942000e-01
-6.33958000 7.97795000e-01
-6.30958000 7.81983000e-01
-6.27958000 7.82099000e-01
-6.24958000 7.92472000e-01
-6.21958000 8.10532000e-01
-6.18958000 8.35375000e-01
-6.15958000 8.67275000e-01
-6.12958000 9.07753000e-01
-6.09958000 9.60269000e-01
-6.06958000 1.03217000e+00
-6.03958000 1.13970000e+00
-6.00958000 1.31896000e+00
-5.97958000 1.61905000e+00
-5.94958000 1.86985000e+00
-5.91958000 1.73658000e+00
-5.88958000 1.58470000e+00
-5.83217000 1.62686000e+00
-5.80217000 1.76070000e+00
-5.77217000 1.96674000e+00
-5.74217000 2.27006000e+00
-5.71217000 2.73087000e+00
-5.68217000 3.47319000e+00
-5.65217000 4.76825000e+00
-5.62217000 7.23492000e+00
-5.59217000 1.20012000e+01
-5.56217000 1.77384000e+01
-5.53217000 1.56402000e+01
-5.50217000 1.00124000e+01
-5.47217000 6.93096000e+00
-5.44217000 5.77248000e+00
-5.41217000 5.76962000e+00
-5.38217000 6.34293000e+00
-5.35217000 6.78333000e+00
-5.32217000 7.53515000e+00
-5.29217000 1.00208000e+01
-5.26217000 1.52129000e+01
-5.23217000 1.92759000e+01
-5.20217000 1.50709000e+01
-5.17217000 9.99760000e+00
-5.14217000 7.50265000e+00
-5.11217000 6.60272000e+00
-5.08217000 6.65971000e+00
-5.05217000 7.50574000e+00
-5.02217000 9.42215000e+00
-4.99217000 1.24543000e+01
-4.96217000 1.31038000e+01
-4.93217000 1.16094000e+01
-4.90217000 1.16906000e+01
-4.87217000 1.38807000e+01
-4.84217000 1.88574000e+01
-4.81217000 2.76424000e+01
-4.78217000 3.66602000e+01
-4.72476000 7.00243000e+01
-4.69476000 1.01580000e+02
-4.66476000 8.70930000e+01
-4.63476000 5.16722000e+01
-4.60476000 3.10517000e+01
-4.57476000 2.08485000e+01
-4.54476000 1.55870000e+01
-4.51476000 1.27624000e+01
-4.48476000 1.12844000e+01
-4.45476000 1.06687000e+01
-4.42476000 1.07200000e+01
-4.39476000 1.14062000e+01
-4.36476000 1.28572000e+01
-4.33476000 1.54983000e+01
-4.30476000 2.00721000e+01
-4.27476000 2.75923000e+01
-4.24476000 4.17175000e+01
-4.21476000 6.92905000e+01
-4.18476000 9.79034000e+01
-4.15476000 8.07841000e+01
-4.12476000 5.14695000e+01
-4.09476000 3.63693000e+01
-4.06476000 3.09378000e+01
-4.03476000 3.13971000e+01
-4.00476000 3.73407000e+01
-3.97476000 5.12273000e+01
-3.94476000 7.52852000e+01
-3.91476000 9.63104000e+01
-3.88476000 1.11340000e+02
-3.85476000 1.53932000e+02
-3.82476000 2.04158000e+02
-3.79476000 2.11258000e+02
-3.76476000 1.69449000e+02
-3.73476000 1.18949000e+02
-3.70476000 8.68947000e+01
-3.67476000 6.03845000e+01
-3.61736000 3.45369000e+01
-3.58736000 3.05698000e+01
-3.55736000 2.65800000e+01
-3.52736000 2.17451000e+01
-3.49736000 1.93457000e+01
-3.46736000 1.82019000e+01
-3.43736000 1.65699000e+01
-3.40736000 1.57835000e+01
-3.37736000 1.62136000e+01
-3.34736000 1.79201000e+01
-3.31736000 2.06640000e+01
-3.28736000 2.38916000e+01
-3.25736000 2.99212000e+01
-3.22736000 4.12598000e+01
-3.19736000 5.79174000e+01
-3.16736000 7.31373000e+01
-3.13736000 7.59788000e+01
-3.10736000 8.50767000e+01
-3.07736000 1.22679000e+02
-3.04736000 1.82683000e+02
-3.01736000 1.84469000e+02
-2.98736000 1.50795000e+02
-2.95736000 1.37488000e+02
-2.92736000 1.08097000e+02
-2.89736000 8.01899000e+01
-2.86736000 5.50870000e+01
-2.83736000 3.82431000e+01
-2.80736000 2.94839000e+01
-2.77736000 2.53937000e+01
-2.74736000 2.44277000e+01
-2.71736000 2.66788000e+01
-2.68736000 3.33906000e+01
-2.65736000 4.16764000e+01
-2.62736000 4.01446000e+01
-2.59736000 3.77865000e+01
-2.56736000 4.29263000e+01
-2.50995000 8.46019000e+01
-2.47995000 1.13362000e+02
-2.44995000 9.93954000e+01
-2.41995000 7.49661000e+01
-2.38995000 5.96853000e+01
-2.35995000 5.66889000e+01
-2.32995000 6.72511000e+01
-2.29995000 9.23996000e+01
-2.26995000 1.34450000e+02
-2.23995000 1.77906000e+02
-2.20995000 1.81625000e+02
-2.17995000 1.30715000e+02
-2.14995000 8.32564000e+01
-2.11995000 6.06150000e+01
-2.08995000 5.35258000e+01
-2.05995000 5.62403000e+01
-2.02995000 7.06815000e+01
-1.99995000 9.58416000e+01
-1.96995000 1.21453000e+02
-1.93995000 1.26639000e+02
-1.90995000 1.27251000e+02
-1.87995000 1.46225000e+02
-1.84995000 1.36558000e+02
-1.81995000 9.10181000e+01
-1.78995000 5.74318000e+01
-1.75995000 4.01889000e+01
-1.72995000 3.14729000e+01
-1.69995000 2.64049000e+01
-1.66995000 2.31932000e+01
-1.63995000 2.20418000e+01
-1.60995000 2.31048000e+01
-1.57995000 2.70870000e+01
-1.54995000 3.50936000e+01
-1.51995000 4.46122000e+01
-1.48995000 4.97711000e+01
-1.45995000 5.08375000e+01
-1.40254000 8.83795000e+01
-1.37254000 1.46544000e+02
-1.34254000 1.98283000e+02
-1.31254000 1.54832000e+02
-1.28254000 9.88477000e+01
-1.25254000 7.52403000e+01
-1.22254000 7.76342000e+01
-1.19254000 9.93524000e+01
-1.16254000 1.00319000e+02
-1.13254000 6.79637000e+01
-1.10254000 4.48194000e+01
-1.07254000 3.27185000e+01
-1.04254000 2.65426000e+01
-1.01254000 2.42628000e+01
-0.98254400 2.53970000e+01
-0.95254400 3.11559000e+01
-0.92254400 4.25863000e+01
-0.89254400 5.17972000e+01
-0.86254400 5.34462000e+01
-0.83254400 5.65003000e+01
-0.80254400 6.83362000e+01
-0.77254400 8.12395000e+01
-0.74254400 7.17935000e+01
-0.71254400 6.12133000e+01
-0.68254400 5.65368000e+01
-0.65254400 5.45439000e+01
-0.62254400 6.09856000e+01
-0.59254400 5.96585000e+01
-0.56254400 5.09586000e+01
-0.53254400 4.02018000e+01
-0.50254400 3.46559000e+01
-0.47254400 3.00625000e+01
-0.44254400 2.31770000e+01
-0.41254400 1.82068000e+01
-0.38254400 1.59306000e+01
-0.35254400 1.35014000e+01
-0.29513700 8.88344000e+00
-0.26513700 8.02956000e+00
-0.23513700 7.95111000e+00
-0.20513700 8.59852000e+00
-0.17513700 9.71540000e+00
-0.14513700 1.11635000e+01
-0.11513700 1.33034000e+01
-0.08513690 1.78859000e+01
-0.05513690 2.37212000e+01
-0.02513690 2.64031000e+01
0.00486311 2.27816000e+01
0.03486310 1.96182000e+01
0.06486310 2.18276000e+01
0.09486310 3.02609000e+01
0.12486300 4.16574000e+01
0.15486300 4.13005000e+01
0.18486300 2.89677000e+01
0.21486300 1.88764000e+01
0.24486300 1.35025000e+01
0.27486300 1.07873000e+01
0.30486300 9.05639000e+00
0.33486300 8.90404000e+00
0.36486300 1.05396000e+01
0.39486300 1.23489000e+01
0.42486300 1.04101000e+01
0.45486300 7.38482000e+00
0.48486300 5.72887000e+00
0.51486300 4.92492000e+00
0.54486300 4.57811000e+00
0.57486300 4.16638000e+00
0.60486300 3.64990000e+00
0.63486300 3.32048000e+00
0.66486300 3.31496000e+00
0.69486300 3.78722000e+00
0.72486300 4.94920000e+00
0.75486300 6.21036000e+00
