# E(MeV)  S_NSDRNSDR(K=0) for Ac256_DDPCX
-10.26180000 4.97789000e-02
-10.23180000 4.84857000e-02
-10.20180000 4.62707000e-02
-10.17180000 4.28079000e-02
-10.14180000 3.75860000e-02
-10.11180000 2.97761000e-02
-10.08180000 1.79752000e-02
-10.05180000 -3.22399000e-04
-10.02180000 -2.98901000e-02
-9.99180000 -8.05298000e-02
-9.96180000 -1.73949000e-01
-9.93180000 -3.59243000e-01
-9.90180000 -7.11108000e-01
-9.87180000 -1.03214000e+00
-9.84180000 -7.85595000e-01
-9.81180000 -4.16893000e-01
-9.78180000 -1.99623000e-01
-9.75180000 -8.76634000e-02
-9.72180000 -2.68578000e-02
-9.69180000 9.12918000e-03
-9.66180000 3.21393000e-02
-9.63180000 4.78262000e-02
-9.60180000 5.91040000e-02
-9.57180000 6.75815000e-02
-9.54180000 7.42010000e-02
-9.51180000 7.95421000e-02
-9.48180000 8.39765000e-02
-9.45180000 8.77513000e-02
-9.42180000 9.10358000e-02
-9.39180000 9.39492000e-02
-9.36180000 9.65772000e-02
-9.33180000 9.89832000e-02
-9.30180000 1.01214000e-01
-9.27180000 1.03307000e-01
-9.24180000 1.05289000e-01
-9.21180000 1.07182000e-01
-9.15439000 1.10620000e-01
-9.12439000 1.12343000e-01
-9.09439000 1.14030000e-01
-9.06439000 1.15689000e-01
-9.03439000 1.17326000e-01
-9.00439000 1.18948000e-01
-8.97439000 1.20559000e-01
-8.94439000 1.22164000e-01
-8.91439000 1.23766000e-01
-8.88439000 1.25371000e-01
-8.85439000 1.26979000e-01
-8.82439000 1.28596000e-01
-8.79439000 1.30222000e-01
-8.76439000 1.31862000e-01
-8.73439000 1.33517000e-01
-8.70439000 1.35190000e-01
-8.67439000 1.36883000e-01
-8.64439000 1.38599000e-01
-8.61439000 1.40339000e-01
-8.58439000 1.42107000e-01
-8.55439000 1.43904000e-01
-8.52439000 1.45734000e-01
-8.49439000 1.47598000e-01
-8.46439000 1.49499000e-01
-8.43439000 1.51441000e-01
-8.40439000 1.53425000e-01
-8.37439000 1.55456000e-01
-8.34439000 1.57537000e-01
-8.31439000 1.59670000e-01
-8.28439000 1.61861000e-01
-8.25439000 1.64114000e-01
-8.22439000 1.66433000e-01
-8.19439000 1.68823000e-01
-8.16439000 1.71291000e-01
-8.13439000 1.73842000e-01
-8.10439000 1.76485000e-01
-8.04699000 1.81824000e-01
-8.01699000 1.84779000e-01
-7.98699000 1.87863000e-01
-7.95699000 1.91089000e-01
-7.92699000 1.94470000e-01
-7.89699000 1.98025000e-01
-7.86699000 2.01774000e-01
-7.83699000 2.05738000e-01
-7.80699000 2.09947000e-01
-7.77699000 2.14432000e-01
-7.74699000 2.19231000e-01
-7.71699000 2.24391000e-01
-7.68699000 2.29967000e-01
-7.65699000 2.36027000e-01
-7.62699000 2.42654000e-01
-7.59699000 2.49951000e-01
-7.56699000 2.58048000e-01
-7.53699000 2.67109000e-01
-7.50699000 2.77345000e-01
-7.47699000 2.89030000e-01
-7.44699000 3.02526000e-01
-7.41699000 3.18322000e-01
-7.38699000 3.37084000e-01
-7.35699000 3.59746000e-01
-7.32699000 3.87643000e-01
-7.29699000 4.22744000e-01
-7.26699000 4.68037000e-01
-7.23699000 5.28237000e-01
-7.20699000 6.11106000e-01
-7.17699000 7.30109000e-01
-7.14699000 9.10078000e-01
-7.11699000 1.20022000e+00
-7.08699000 1.70571000e+00
-7.05699000 2.66050000e+00
-7.02699000 4.49358000e+00
-6.99699000 7.24801000e+00
-6.93958000 5.46849000e+00
-6.90958000 3.16051000e+00
-6.87958000 1.97614000e+00
-6.84958000 1.37085000e+00
-6.81958000 1.03619000e+00
-6.78958000 8.36627000e-01
-6.75958000 7.10242000e-01
-6.72958000 6.26473000e-01
-6.69958000 5.69072000e-01
-6.66958000 5.28833000e-01
-6.63958000 5.00255000e-01
-6.60958000 4.79899000e-01
-6.57958000 4.65535000e-01
-6.54958000 4.55668000e-01
-6.51958000 4.49271000e-01
-6.48958000 4.45624000e-01
-6.45958000 4.44211000e-01
-6.42958000 4.44661000e-01
-6.39958000 4.46702000e-01
-6.36958000 4.50137000e-01
-6.33958000 4.54824000e-01
-6.30958000 4.60662000e-01
-6.27958000 4.67585000e-01
-6.24958000 4.75554000e-01
-6.21958000 4.84551000e-01
-6.18958000 4.94582000e-01
-6.15958000 5.05670000e-01
-6.12958000 5.17862000e-01
-6.09958000 5.31221000e-01
-6.06958000 5.45838000e-01
-6.03958000 5.61836000e-01
-6.00958000 5.79376000e-01
-5.97958000 5.98683000e-01
-5.94958000 6.20080000e-01
-5.91958000 6.44079000e-01
-5.88958000 6.71574000e-01
-5.83217000 7.41646000e-01
-5.80217000 7.91434000e-01
-5.77217000 8.30557000e-01
-5.74217000 8.56650000e-01
-5.71217000 8.93786000e-01
-5.68217000 9.44435000e-01
-5.65217000 1.00790000e+00
-5.62217000 1.08594000e+00
-5.59217000 1.18275000e+00
-5.56217000 1.30552000e+00
-5.53217000 1.46641000e+00
-5.50217000 1.68662000e+00
-5.47217000 2.00563000e+00
-5.44217000 2.50267000e+00
-5.41217000 3.34685000e+00
-5.38217000 4.88162000e+00
-5.35217000 7.64642000e+00
-5.32217000 1.11756000e+01
-5.29217000 1.04332000e+01
-5.26217000 7.16735000e+00
-5.23217000 5.40967000e+00
-5.20217000 4.92189000e+00
-5.17217000 5.30660000e+00
-5.14217000 6.60572000e+00
-5.11217000 9.11238000e+00
-5.08217000 1.37690000e+01
-5.05217000 2.11398000e+01
-5.02217000 2.39138000e+01
-4.99217000 1.72074000e+01
-4.96217000 1.10763000e+01
-4.93217000 8.01837000e+00
-4.90217000 6.67397000e+00
-4.87217000 6.31539000e+00
-4.84217000 6.60834000e+00
-4.81217000 7.56011000e+00
-4.78217000 9.56032000e+00
-4.72476000 2.05275000e+01
-4.69476000 3.26240000e+01
-4.66476000 3.58362000e+01
-4.63476000 2.54374000e+01
-4.60476000 1.81238000e+01
-4.57476000 1.56460000e+01
-4.54476000 1.63621000e+01
-4.51476000 2.00580000e+01
-4.48476000 2.82412000e+01
-4.45476000 4.52337000e+01
-4.42476000 7.84495000e+01
-4.39476000 1.12659000e+02
-4.36476000 9.06174000e+01
-4.33476000 5.34857000e+01
-4.30476000 3.34859000e+01
-4.27476000 2.46518000e+01
-4.24476000 2.20218000e+01
-4.21476000 2.46565000e+01
-4.18476000 3.33809000e+01
-4.15476000 3.98651000e+01
-4.12476000 3.31791000e+01
-4.09476000 2.54677000e+01
-4.06476000 1.78580000e+01
-4.03476000 1.29055000e+01
-4.00476000 1.04403000e+01
-3.97476000 9.35649000e+00
-3.94476000 9.11647000e+00
-3.91476000 9.55021000e+00
-3.88476000 1.07144000e+01
-3.85476000 1.29015000e+01
-3.82476000 1.68045000e+01
-3.79476000 2.39276000e+01
-3.76476000 3.74320000e+01
-3.73476000 6.39562000e+01
-3.70476000 1.00890000e+02
-3.67476000 9.54188000e+01
-3.61736000 3.71702000e+01
-3.58736000 2.48351000e+01
-3.55736000 1.85717000e+01
-3.52736000 1.58552000e+01
-3.49736000 1.56306000e+01
-3.46736000 1.72984000e+01
-3.43736000 1.87753000e+01
-3.40736000 2.02183000e+01
-3.37736000 2.58423000e+01
-3.34736000 3.95210000e+01
-3.31736000 6.03426000e+01
-3.28736000 5.93027000e+01
-3.25736000 3.80812000e+01
-3.22736000 2.41767000e+01
-3.19736000 1.75132000e+01
-3.16736000 1.45888000e+01
-3.13736000 1.38384000e+01
-3.10736000 1.49756000e+01
-3.07736000 1.85953000e+01
-3.04736000 2.39133000e+01
-3.01736000 2.36528000e+01
-2.98736000 2.02738000e+01
-2.95736000 1.97394000e+01
-2.92736000 2.21217000e+01
-2.89736000 2.75928000e+01
-2.86736000 3.78096000e+01
-2.83736000 5.69829000e+01
-2.80736000 9.44176000e+01
-2.77736000 1.63236000e+02
-2.74736000 2.16855000e+02
-2.71736000 1.65399000e+02
-2.68736000 9.92504000e+01
-2.65736000 6.44357000e+01
-2.62736000 4.99232000e+01
-2.59736000 4.74438000e+01
-2.56736000 5.33536000e+01
-2.50995000 9.55819000e+01
-2.47995000 1.35695000e+02
-2.44995000 1.22875000e+02
-2.41995000 7.88772000e+01
-2.38995000 5.31159000e+01
-2.35995000 4.44672000e+01
-2.32995000 4.59549000e+01
-2.29995000 4.46210000e+01
-2.26995000 3.95035000e+01
-2.23995000 4.18058000e+01
-2.20995000 5.58416000e+01
-2.17995000 6.71349000e+01
-2.14995000 5.02571000e+01
-2.11995000 3.20785000e+01
-2.08995000 2.28024000e+01
-2.05995000 1.78637000e+01
-2.02995000 1.53310000e+01
-1.99995000 1.46745000e+01
-1.96995000 1.53430000e+01
-1.93995000 1.76207000e+01
-1.90995000 1.86746000e+01
-1.87995000 1.77298000e+01
-1.84995000 1.88075000e+01
-1.81995000 2.31197000e+01
-1.78995000 3.24203000e+01
-1.75995000 5.15379000e+01
-1.72995000 8.87562000e+01
-1.69995000 1.28042000e+02
-1.66995000 1.06058000e+02
-1.63995000 6.64678000e+01
-1.60995000 4.77729000e+01
-1.57995000 3.91337000e+01
-1.54995000 2.77651000e+01
-1.51995000 1.90912000e+01
-1.48995000 1.42844000e+01
-1.45995000 1.16385000e+01
-1.40254000 9.49906000e+00
-1.37254000 9.31256000e+00
-1.34254000 9.66859000e+00
-1.31254000 1.06046000e+01
-1.28254000 1.23964000e+01
-1.25254000 1.57038000e+01
-1.22254000 2.18963000e+01
-1.19254000 3.40831000e+01
-1.16254000 5.75773000e+01
-1.13254000 8.47693000e+01
-1.10254000 7.96566000e+01
-1.07254000 6.10874000e+01
-1.04254000 4.09060000e+01
-1.01254000 2.66362000e+01
-0.98254400 1.97228000e+01
-0.95254400 1.72657000e+01
-0.92254400 1.82502000e+01
-0.89254400 2.35912000e+01
-0.86254400 3.32587000e+01
-0.83254400 3.39369000e+01
-0.80254400 2.35928000e+01
-0.77254400 1.66843000e+01
-0.74254400 1.38100000e+01
-0.71254400 1.33009000e+01
-0.68254400 1.46323000e+01
-0.65254400 1.82081000e+01
-0.62254400 2.47968000e+01
-0.59254400 3.43216000e+01
-0.56254400 5.11655000e+01
-0.53254400 7.55404000e+01
-0.50254400 7.97102000e+01
-0.47254400 6.69091000e+01
-0.44254400 6.01586000e+01
-0.41254400 6.40276000e+01
-0.38254400 5.47000000e+01
-0.35254400 3.84990000e+01
-0.29513700 2.35021000e+01
-0.26513700 2.24192000e+01
-0.23513700 2.36510000e+01
-0.20513700 2.69333000e+01
-0.17513700 3.68268000e+01
-0.14513700 5.75616000e+01
-0.11513700 7.79155000e+01
-0.08513690 6.13322000e+01
-0.05513690 3.58201000e+01
-0.02513690 2.16156000e+01
0.00486311 1.43807000e+01
0.03486310 1.04396000e+01
0.06486310 8.13498000e+00
0.09486310 6.74088000e+00
0.12486300 5.97731000e+00
0.15486300 5.77908000e+00
0.18486300 6.11636000e+00
0.21486300 6.94692000e+00
0.24486300 7.24364000e+00
0.27486300 6.68286000e+00
0.30486300 6.37861000e+00
0.33486300 5.73951000e+00
0.36486300 5.65999000e+00
0.39486300 6.82746000e+00
0.42486300 7.87899000e+00
0.45486300 6.40462000e+00
0.48486300 5.01556000e+00
0.51486300 4.91144000e+00
0.54486300 5.33180000e+00
0.57486300 4.41140000e+00
0.60486300 3.15045000e+00
0.63486300 2.45457000e+00
0.66486300 2.16036000e+00
0.69486300 2.10177000e+00
0.72486300 1.95816000e+00
0.75486300 1.65767000e+00
