# E(MeV)  S_NSDRNSDR(K=0) for Ac295_DDPCX
-18.40420000 1.42522000e-01
-18.37420000 1.45582000e-01
-18.34420000 1.47584000e-01
-18.31420000 1.49094000e-01
-18.28420000 1.50381000e-01
-18.25420000 1.51567000e-01
-18.22420000 1.52711000e-01
-18.19420000 1.53849000e-01
-18.16420000 1.55006000e-01
-18.13420000 1.56209000e-01
-18.10420000 1.57489000e-01
-18.07420000 1.58897000e-01
-18.04420000 1.60524000e-01
-18.01420000 1.62547000e-01
-17.98420000 1.65344000e-01
-17.95420000 1.69777000e-01
-17.92420000 1.77561000e-01
-17.89420000 1.88113000e-01
-17.86420000 1.88058000e-01
-17.83420000 1.79574000e-01
-17.80420000 1.74565000e-01
-17.77420000 1.72628000e-01
-17.74420000 1.72161000e-01
-17.71420000 1.72400000e-01
-17.68420000 1.73011000e-01
-17.65420000 1.73837000e-01
-17.62420000 1.74797000e-01
-17.59420000 1.75851000e-01
-17.56420000 1.76973000e-01
-17.53420000 1.78150000e-01
-17.50420000 1.79374000e-01
-17.47420000 1.80638000e-01
-17.44420000 1.81941000e-01
-17.41420000 1.83281000e-01
-17.38420000 1.84658000e-01
-17.35420000 1.86073000e-01
-17.32420000 1.87528000e-01
-17.29420000 1.89025000e-01
-17.26420000 1.90568000e-01
-17.23420000 1.92163000e-01
-17.20420000 1.93815000e-01
-17.17420000 1.95536000e-01
-17.14420000 1.97336000e-01
-17.11420000 1.99236000e-01
-17.08420000 2.01261000e-01
-17.05420000 2.03449000e-01
-17.02420000 2.05862000e-01
-16.99420000 2.08597000e-01
-16.96420000 2.11817000e-01
-16.93420000 2.15816000e-01
-16.90420000 2.21156000e-01
-16.87420000 2.29002000e-01
-16.84420000 2.41954000e-01
-16.81420000 2.65842000e-01
-16.78420000 3.08346000e-01
-16.75420000 3.40035000e-01
-16.72420000 3.07529000e-01
-16.69420000 2.70944000e-01
-16.66420000 2.52666000e-01
-16.63420000 2.44527000e-01
-16.60420000 2.41133000e-01
-16.57420000 2.40103000e-01
-16.54420000 2.40365000e-01
-16.51420000 2.41401000e-01
-16.48260000 2.43036000e-01
-16.45260000 2.44947000e-01
-16.42260000 2.47123000e-01
-16.39260000 2.49517000e-01
-16.36260000 2.52099000e-01
-16.33260000 2.54853000e-01
-16.30260000 2.57773000e-01
-16.27260000 2.60857000e-01
-16.24260000 2.64110000e-01
-16.21260000 2.67541000e-01
-16.18260000 2.71163000e-01
-16.15260000 2.74993000e-01
-16.12260000 2.79057000e-01
-16.09260000 2.83386000e-01
-16.06260000 2.88019000e-01
-16.03260000 2.93011000e-01
-16.00260000 2.98436000e-01
-15.97260000 3.04393000e-01
-15.94260000 3.11027000e-01
-15.91260000 3.18555000e-01
-15.88260000 3.27319000e-01
-15.85260000 3.37900000e-01
-15.82260000 3.51369000e-01
-15.79260000 3.69893000e-01
-15.76260000 3.97996000e-01
-15.73260000 4.41802000e-01
-15.70260000 4.85030000e-01
-15.67260000 5.02838000e-01
-15.64260000 5.45878000e-01
-15.61260000 6.44720000e-01
-15.58260000 7.70176000e-01
-15.55260000 8.85001000e-01
-15.52260000 9.28029000e-01
-15.49260000 9.64199000e-01
-15.46260000 9.56703000e-01
-15.43260000 8.59266000e-01
-15.40260000 8.60400000e-01
-15.37260000 9.97009000e-01
-15.34260000 1.30732000e+00
-15.31260000 1.81015000e+00
-15.28260000 1.87535000e+00
-15.25260000 1.46471000e+00
-15.22260000 1.29550000e+00
-15.19260000 1.44543000e+00
-15.16260000 1.77477000e+00
-15.13260000 1.74044000e+00
-15.10260000 1.26992000e+00
-15.07260000 9.45423000e-01
-15.04260000 7.84484000e-01
-15.01260000 7.05075000e-01
-14.98260000 6.66093000e-01
-14.95260000 6.49439000e-01
-14.92260000 6.46867000e-01
-14.89260000 6.55703000e-01
-14.86260000 6.78393000e-01
-14.83260000 7.20880000e-01
-14.80260000 7.70897000e-01
-14.77260000 7.78222000e-01
-14.74260000 7.74540000e-01
-14.71260000 7.91615000e-01
-14.68260000 8.18952000e-01
-14.65260000 8.60299000e-01
-14.62260000 9.22060000e-01
-14.59260000 1.01123000e+00
-14.56090000 1.15253000e+00
-14.53090000 1.36852000e+00
-14.50090000 1.74796000e+00
-14.47090000 2.47456000e+00
-14.44090000 3.75942000e+00
-14.41090000 4.56501000e+00
-14.38090000 3.50159000e+00
-14.35090000 2.45533000e+00
-14.32090000 1.95195000e+00
-14.29090000 1.75126000e+00
-14.26090000 1.70130000e+00
-14.23090000 1.69111000e+00
-14.20090000 1.70001000e+00
-14.17090000 1.75721000e+00
-14.14090000 1.85787000e+00
-14.11090000 1.99466000e+00
-14.08090000 2.17249000e+00
-14.05090000 2.40191000e+00
-14.02090000 2.70099000e+00
-13.99090000 3.10465000e+00
-13.96090000 3.67523000e+00
-13.93090000 4.42321000e+00
-13.90090000 5.07735000e+00
-13.87090000 5.80234000e+00
-13.84090000 7.01038000e+00
-13.81090000 8.94887000e+00
-13.78090000 1.20975000e+01
-13.75090000 1.75220000e+01
-13.72090000 2.75068000e+01
-13.69090000 4.68213000e+01
-13.66090000 7.60215000e+01
-13.63090000 8.01971000e+01
-13.60090000 5.75707000e+01
-13.57090000 3.95613000e+01
-13.54090000 2.90223000e+01
-13.51090000 2.57891000e+01
-13.48090000 2.85577000e+01
-13.45090000 3.87418000e+01
-13.42090000 6.21194000e+01
-13.39090000 1.02865000e+02
-13.36090000 1.17327000e+02
-13.33090000 8.08903000e+01
-13.30090000 5.00429000e+01
-13.27090000 3.17372000e+01
-13.24090000 2.28615000e+01
-13.21090000 1.95090000e+01
-13.18090000 1.64937000e+01
-13.15090000 1.21540000e+01
-13.12090000 9.31584000e+00
-13.09090000 7.93271000e+00
-13.06090000 6.83614000e+00
-13.03090000 5.70362000e+00
-13.00090000 4.80080000e+00
-12.97090000 4.21616000e+00
-12.94090000 3.92885000e+00
-12.91090000 3.91295000e+00
-12.88090000 4.26696000e+00
-12.85090000 5.24995000e+00
-12.82090000 7.07637000e+00
-12.79090000 8.99168000e+00
-12.76090000 8.47020000e+00
-12.73090000 6.03125000e+00
-12.70090000 4.59967000e+00
-12.67090000 3.88816000e+00
-12.63930000 3.30838000e+00
-12.60930000 2.86374000e+00
-12.57930000 2.54810000e+00
-12.54930000 2.39744000e+00
-12.51930000 2.36301000e+00
-12.48930000 2.41714000e+00
-12.45930000 2.55075000e+00
-12.42930000 2.77443000e+00
-12.39930000 3.12969000e+00
-12.36930000 3.68302000e+00
-12.33930000 4.57481000e+00
-12.30930000 6.06819000e+00
-12.27930000 8.69057000e+00
-12.24930000 1.32774000e+01
-12.21930000 2.10867000e+01
-12.18930000 3.32172000e+01
-12.15930000 3.49526000e+01
-12.12930000 2.25311000e+01
-12.09930000 1.36115000e+01
-12.06930000 9.38848000e+00
-12.03930000 7.74857000e+00
-12.00930000 7.88048000e+00
-11.97930000 9.95639000e+00
-11.94930000 1.32131000e+01
-11.91930000 1.21086000e+01
-11.88930000 8.31704000e+00
-11.85930000 6.31144000e+00
-11.82930000 6.03045000e+00
-11.79930000 7.21128000e+00
-11.76930000 8.33585000e+00
-11.73930000 6.57742000e+00
-11.70930000 4.60269000e+00
-11.67930000 3.59731000e+00
-11.64930000 3.07266000e+00
-11.61930000 2.79774000e+00
-11.58930000 2.75311000e+00
-11.55930000 2.92664000e+00
-11.52930000 3.38123000e+00
-11.49930000 4.29494000e+00
-11.46930000 5.90730000e+00
-11.43930000 8.76281000e+00
-11.40930000 1.37134000e+01
-11.37930000 1.55206000e+01
-11.34930000 1.07208000e+01
-11.31930000 6.95610000e+00
-11.28930000 5.36959000e+00
-11.25930000 4.74095000e+00
-11.22930000 3.97164000e+00
-11.19930000 3.35676000e+00
-11.16930000 3.14160000e+00
-11.13930000 3.22448000e+00
-11.10930000 3.62385000e+00
-11.07930000 3.62041000e+00
-11.04930000 2.91906000e+00
-11.01930000 2.40531000e+00
-10.98930000 2.18740000e+00
-10.95930000 2.13155000e+00
-10.92930000 2.15253000e+00
-10.89930000 2.32410000e+00
-10.86930000 2.77057000e+00
-10.83930000 3.64454000e+00
-10.80930000 4.54309000e+00
-10.77930000 4.33699000e+00
-10.74930000 3.60049000e+00
-10.71760000 3.00320000e+00
-10.68760000 2.78546000e+00
-10.65760000 2.62545000e+00
-10.62760000 2.34681000e+00
-10.59760000 2.12359000e+00
-10.56760000 1.98941000e+00
-10.53760000 1.93057000e+00
-10.50760000 1.91893000e+00
-10.47760000 1.93707000e+00
-10.44760000 1.98054000e+00
-10.41760000 2.03808000e+00
-10.38760000 2.09966000e+00
-10.35760000 2.18422000e+00
-10.32760000 2.29731000e+00
-10.29760000 2.43364000e+00
-10.26760000 2.60190000e+00
-10.23760000 2.83420000e+00
-10.20760000 3.14612000e+00
-10.17760000 3.31547000e+00
-10.14760000 3.34004000e+00
-10.11760000 3.47599000e+00
-10.08760000 3.74873000e+00
-10.05760000 4.15667000e+00
-10.02760000 4.71403000e+00
-9.99761000 5.45818000e+00
-9.96761000 6.58560000e+00
-9.93761000 8.45438000e+00
-9.90761000 1.18104000e+01
-9.87761000 1.80283000e+01
-9.84761000 2.61799000e+01
-9.81761000 2.64348000e+01
-9.78761000 2.28387000e+01
-9.75761000 2.50405000e+01
-9.72761000 3.55503000e+01
-9.69761000 5.13575000e+01
-9.66761000 4.79127000e+01
-9.63761000 3.19083000e+01
-9.60761000 2.30234000e+01
-9.57761000 2.06209000e+01
-9.54761000 2.32358000e+01
-9.51761000 3.11273000e+01
-9.48761000 3.79806000e+01
-9.45761000 3.80137000e+01
-9.42761000 3.93370000e+01
-9.39761000 3.35650000e+01
-9.36761000 2.55109000e+01
-9.33761000 2.14505000e+01
-9.30761000 2.15124000e+01
-9.27761000 2.45094000e+01
-9.24761000 2.79535000e+01
-9.21761000 3.42367000e+01
-9.18761000 4.49735000e+01
-9.15761000 5.74458000e+01
-9.12761000 7.08030000e+01
-9.09761000 6.41861000e+01
-9.06761000 5.08175000e+01
-9.03761000 4.96543000e+01
-9.00761000 6.25390000e+01
-8.97761000 9.13197000e+01
-8.94761000 1.09195000e+02
-8.91761000 8.63450000e+01
-8.88761000 6.83837000e+01
-8.85761000 6.66150000e+01
-8.82761000 7.71246000e+01
-8.79596000 1.03704000e+02
-8.76596000 1.51457000e+02
-8.73596000 2.23822000e+02
-8.70596000 2.39460000e+02
-8.67596000 1.79649000e+02
-8.64596000 1.57424000e+02
-8.61596000 1.90227000e+02
-8.58596000 2.27632000e+02
-8.55596000 1.80009000e+02
-8.52596000 1.30543000e+02
-8.49596000 1.20777000e+02
-8.46596000 1.27677000e+02
-8.43596000 1.29857000e+02
-8.40596000 1.47437000e+02
-8.37596000 1.37549000e+02
-8.34596000 1.09098000e+02
-8.31596000 1.08632000e+02
-8.28596000 1.19265000e+02
-8.25596000 9.40707000e+01
-8.22596000 6.26440000e+01
-8.19596000 4.45357000e+01
-8.16596000 3.57901000e+01
-8.13596000 3.27834000e+01
-8.10596000 3.45795000e+01
-8.07596000 4.27276000e+01
-8.04596000 5.82822000e+01
-8.01596000 6.44489000e+01
-7.98596000 5.27529000e+01
-7.95596000 4.69032000e+01
-7.92596000 5.09847000e+01
-7.89596000 6.59174000e+01
-7.86596000 9.61218000e+01
-7.83596000 1.18162000e+02
-7.80596000 9.99756000e+01
-7.77596000 8.03851000e+01
-7.74596000 6.70313000e+01
-7.71596000 6.78900000e+01
-7.68596000 8.84551000e+01
-7.65596000 1.21408000e+02
-7.62596000 1.12169000e+02
-7.59596000 7.72839000e+01
-7.56596000 5.96529000e+01
-7.53596000 5.66298000e+01
-7.50596000 6.29842000e+01
-7.47596000 7.39686000e+01
-7.44596000 7.37080000e+01
-7.41596000 7.83696000e+01
-7.38596000 9.94591000e+01
-7.35596000 1.12480000e+02
-7.32596000 9.95361000e+01
-7.29596000 9.56043000e+01
-7.26596000 1.07636000e+02
-7.23596000 1.47236000e+02
-7.20596000 2.12770000e+02
-7.17596000 2.25240000e+02
-7.14596000 1.73486000e+02
-7.11596000 1.45167000e+02
-7.08596000 1.59383000e+02
-7.05596000 2.10981000e+02
-7.02596000 2.51802000e+02
-6.99596000 2.16693000e+02
-6.96596000 1.51397000e+02
-6.93596000 1.13764000e+02
-6.90596000 1.04271000e+02
-6.87432000 1.21196000e+02
-6.84432000 1.58737000e+02
-6.81432000 1.78506000e+02
-6.78432000 1.45398000e+02
-6.75432000 9.69567000e+01
-6.72432000 6.93953000e+01
-6.69432000 5.61831000e+01
-6.66432000 4.70895000e+01
-6.63432000 4.15050000e+01
-6.60432000 4.08748000e+01
-6.57432000 4.53674000e+01
-6.54432000 5.57313000e+01
-6.51432000 7.02771000e+01
-6.48432000 8.09246000e+01
-6.45432000 9.78515000e+01
-6.42432000 1.32139000e+02
-6.39432000 2.03960000e+02
-6.36432000 2.73211000e+02
-6.33432000 2.23466000e+02
-6.30432000 1.48901000e+02
-6.27432000 1.12503000e+02
-6.24432000 9.02578000e+01
-6.21432000 7.59034000e+01
-6.18432000 7.44207000e+01
-6.15432000 8.49162000e+01
-6.12432000 1.00943000e+02
-6.09432000 1.17460000e+02
-6.06432000 1.49299000e+02
-6.03432000 2.11829000e+02
-6.00432000 2.95302000e+02
-5.97432000 3.61097000e+02
-5.94432000 4.17628000e+02
-5.91432000 4.96102000e+02
-5.88432000 4.14393000e+02
-5.85432000 2.56836000e+02
-5.82432000 1.58954000e+02
-5.79432000 1.12359000e+02
-5.76432000 9.53582000e+01
-5.73432000 9.85599000e+01
-5.70432000 1.01356000e+02
-5.67432000 8.34128000e+01
-5.64432000 7.04506000e+01
-5.61432000 6.67555000e+01
-5.58432000 6.78521000e+01
-5.55432000 8.03660000e+01
-5.52432000 9.69091000e+01
-5.49432000 1.07197000e+02
-5.46432000 1.00208000e+02
-5.43432000 9.95345000e+01
-5.40432000 1.25427000e+02
-5.37432000 1.56090000e+02
-5.34432000 1.44821000e+02
-5.31432000 1.03871000e+02
-5.28432000 6.72039000e+01
-5.25432000 4.78870000e+01
-5.22432000 3.72898000e+01
-5.19432000 3.03071000e+01
-5.16432000 2.57273000e+01
-5.13432000 2.31834000e+01
-5.10432000 2.31907000e+01
-5.07432000 2.68366000e+01
-5.04432000 3.43163000e+01
-5.01432000 4.37979000e+01
-4.98432000 4.64540000e+01
-4.95267000 3.62309000e+01
-4.92267000 3.13151000e+01
-4.89267000 3.13894000e+01
-4.86267000 3.02791000e+01
-4.83267000 2.43962000e+01
-4.80267000 1.78876000e+01
-4.77267000 1.41151000e+01
-4.74267000 1.26187000e+01
-4.71267000 1.23934000e+01
-4.68267000 1.25596000e+01
-4.65267000 1.24760000e+01
-4.62267000 1.19211000e+01
-4.59267000 1.19477000e+01
-4.56267000 1.21021000e+01
-4.53267000 1.11822000e+01
-4.50267000 1.12277000e+01
-4.47267000 1.12143000e+01
-4.44267000 1.03880000e+01
-4.41267000 1.05234000e+01
-4.38267000 1.14240000e+01
-4.35267000 1.08250000e+01
-4.32267000 9.34070000e+00
-4.29267000 9.33211000e+00
-4.26267000 1.07683000e+01
-4.23267000 1.13467000e+01
-4.20267000 1.07680000e+01
-4.17267000 1.05852000e+01
-4.14267000 1.07739000e+01
-4.11267000 1.19071000e+01
-4.08267000 1.40539000e+01
-4.05267000 1.66586000e+01
-4.02267000 2.00662000e+01
-3.99267000 2.30638000e+01
-3.96267000 2.42938000e+01
-3.93267000 2.18394000e+01
-3.90267000 1.87894000e+01
-3.87267000 1.64286000e+01
-3.84267000 1.39556000e+01
-3.81267000 1.28642000e+01
-3.78267000 1.34941000e+01
-3.75267000 1.57901000e+01
-3.72267000 2.06031000e+01
-3.69267000 2.87386000e+01
-3.66267000 3.69891000e+01
-3.63267000 4.58547000e+01
-3.60267000 6.63178000e+01
-3.57267000 1.05582000e+02
-3.54267000 1.52026000e+02
-3.51267000 1.31279000e+02
-3.48267000 7.84537000e+01
-3.45267000 4.76924000e+01
-3.42267000 3.11451000e+01
-3.39267000 2.16521000e+01
-3.36267000 1.61155000e+01
-3.33267000 1.28559000e+01
-3.30267000 1.10885000e+01
-3.27267000 1.04331000e+01
-3.24267000 1.09294000e+01
-3.21267000 1.28418000e+01
-3.18267000 1.36508000e+01
-3.15267000 1.15813000e+01
-3.12267000 1.02206000e+01
-3.09267000 1.02110000e+01
-3.06267000 1.19368000e+01
-3.03102000 1.58998000e+01
-3.00102000 2.21130000e+01
-2.97102000 2.98468000e+01
-2.94102000 2.59852000e+01
-2.91102000 1.66791000e+01
-2.88102000 1.16089000e+01
-2.85102000 9.36964000e+00
-2.82102000 7.66335000e+00
-2.79102000 6.63761000e+00
-2.76102000 6.49367000e+00
-2.73102000 6.62990000e+00
-2.70102000 6.36447000e+00
-2.67102000 6.48217000e+00
-2.64102000 7.40652000e+00
-2.61102000 8.40228000e+00
-2.58102000 7.44536000e+00
-2.55102000 6.27106000e+00
-2.52102000 5.49934000e+00
-2.49102000 5.06524000e+00
-2.46102000 4.93255000e+00
-2.43102000 5.02444000e+00
-2.40102000 5.34871000e+00
-2.37102000 6.18446000e+00
-2.34102000 6.88201000e+00
-2.31102000 7.70426000e+00
-2.28102000 7.72925000e+00
-2.25102000 7.09580000e+00
-2.22102000 7.02469000e+00
-2.19102000 8.57470000e+00
-2.16102000 9.90475000e+00
-2.13102000 8.68772000e+00
-2.10102000 6.92054000e+00
-2.07102000 5.75739000e+00
-2.04102000 5.19698000e+00
-2.01102000 5.27463000e+00
-1.98102000 5.17617000e+00
-1.95102000 5.33593000e+00
-1.92102000 5.22262000e+00
-1.89102000 4.18493000e+00
-1.86102000 3.46563000e+00
-1.83102000 3.33072000e+00
-1.80102000 3.60321000e+00
-1.77102000 3.90045000e+00
-1.74102000 4.02301000e+00
-1.71102000 3.95236000e+00
-1.68102000 3.40817000e+00
-1.65102000 3.03419000e+00
-1.62102000 2.95730000e+00
-1.59102000 3.20136000e+00
-1.56102000 3.93958000e+00
-1.53102000 5.27798000e+00
-1.50102000 6.89848000e+00
-1.47102000 7.06981000e+00
-1.44102000 6.60254000e+00
-1.41102000 6.45644000e+00
-1.38102000 7.29160000e+00
-1.35102000 8.66831000e+00
-1.32102000 8.23377000e+00
-1.29102000 6.95519000e+00
-1.26102000 6.40699000e+00
-1.23102000 7.07520000e+00
-1.20102000 7.75409000e+00
-1.17102000 6.47733000e+00
-1.14102000 5.05996000e+00
-1.10938000 4.41201000e+00
-1.07938000 3.73009000e+00
-1.04938000 3.03302000e+00
-1.01938000 2.79694000e+00
-0.98937700 2.86369000e+00
-0.95937700 2.74152000e+00
-0.92937700 2.55950000e+00
-0.89937700 2.62680000e+00
-0.86937700 3.16310000e+00
-0.83937700 4.31522000e+00
-0.80937700 5.70582000e+00
-0.77937700 5.72376000e+00
-0.74937700 4.89944000e+00
-0.71937700 3.89628000e+00
-0.68937700 3.24519000e+00
-0.65937700 2.97481000e+00
-0.62937700 2.72715000e+00
-0.59937700 2.32113000e+00
-0.56937700 1.96221000e+00
-0.53937700 1.80714000e+00
-0.50937700 1.86265000e+00
-0.47937700 2.15099000e+00
-0.44937700 2.53470000e+00
-0.41937700 2.66882000e+00
-0.38937700 2.80619000e+00
-0.35937700 3.22458000e+00
-0.32937700 4.14117000e+00
-0.29937700 4.95662000e+00
-0.26937700 4.43102000e+00
-0.23937700 3.79094000e+00
-0.20937700 3.98436000e+00
-0.17937700 4.89992000e+00
-0.14937700 5.25858000e+00
-0.11937700 4.88927000e+00
-0.08937690 5.28565000e+00
-0.05937690 5.65524000e+00
-0.02937690 4.66403000e+00
0.00062313 3.79553000e+00
0.03062310 3.74069000e+00
0.06062310 4.25714000e+00
0.09062310 4.19988000e+00
0.12062300 3.58196000e+00
0.15062300 2.99097000e+00
0.18062300 2.65518000e+00
0.21062300 2.34387000e+00
0.24062300 2.14215000e+00
0.27062300 2.16013000e+00
0.30062300 2.36311000e+00
0.33062300 2.97259000e+00
0.36062300 4.32531000e+00
0.39062300 6.40119000e+00
0.42062300 7.29441000e+00
0.45062300 5.59257000e+00
0.48062300 3.85964000e+00
0.51062300 2.86810000e+00
0.54062300 2.31981000e+00
0.57062300 1.95200000e+00
0.60062300 1.71573000e+00
0.63062300 1.64649000e+00
0.66062300 1.74795000e+00
0.69062300 2.08540000e+00
0.72062300 2.77518000e+00
0.75062300 3.52688000e+00
0.78062300 3.52315000e+00
