# E(MeV)  S_GAMTGAMT(Total=K0+2*K1) for Ac295_DDPCX
-18.40420000 -1.88370000e-04
-18.37420000 2.93626260e-03
-18.34420000 5.14053000e-03
-18.31420000 6.20324000e-03
-18.28420000 6.73668000e-03
-18.25420000 7.12519000e-03
-18.22420000 7.42289000e-03
-18.19420000 7.62544000e-03
-18.16420000 7.77419000e-03
-18.13420000 7.90037000e-03
-18.10420000 8.02957000e-03
-18.07420000 8.17615000e-03
-18.04420000 8.26149000e-03
-18.01420000 8.25472000e-03
-17.98420000 8.27403000e-03
-17.95420000 8.38676000e-03
-17.92420000 8.60804000e-03
-17.89420000 8.60453000e-03
-17.86420000 8.49492000e-03
-17.83420000 8.44661000e-03
-17.80420000 8.44013000e-03
-17.77420000 8.45292000e-03
-17.74420000 8.47482000e-03
-17.71420000 8.50139000e-03
-17.68420000 8.53057000e-03
-17.65420000 8.56138000e-03
-17.62420000 8.59327000e-03
-17.59420000 8.62600000e-03
-17.56420000 8.65946000e-03
-17.53420000 8.69365000e-03
-17.50420000 8.72881000e-03
-17.47420000 8.76537000e-03
-17.44420000 8.80445000e-03
-17.41420000 8.84759000e-03
-17.38420000 8.88974000e-03
-17.35420000 8.92019000e-03
-17.32420000 8.95006000e-03
-17.29420000 8.98430000e-03
-17.26420000 9.02149000e-03
-17.23420000 9.06078000e-03
-17.20420000 9.10193000e-03
-17.17420000 9.14511000e-03
-17.14420000 9.19076000e-03
-17.11420000 9.23970000e-03
-17.08420000 9.29324000e-03
-17.05420000 9.35314000e-03
-17.02420000 9.42128000e-03
-16.99420000 9.50481000e-03
-16.96420000 9.61773000e-03
-16.93420000 9.78845000e-03
-16.90420000 1.00809700e-02
-16.87420000 1.05954900e-02
-16.84420000 1.10970800e-02
-16.81420000 1.09009200e-02
-16.78420000 1.05941800e-02
-16.75420000 1.03601700e-02
-16.72420000 1.01673800e-02
-16.69420000 1.00827800e-02
-16.66420000 1.00662800e-02
-16.63420000 1.00859000e-02
-16.60420000 1.01275200e-02
-16.57420000 1.01863700e-02
-16.54420000 1.02628500e-02
-16.51420000 1.03512900e-02
-16.48260000 1.04417300e-02
-16.45260000 1.05521400e-02
-16.42260000 1.06846600e-02
-16.39260000 1.07605400e-02
-16.36260000 1.08179300e-02
-16.33260000 1.09103100e-02
-16.30260000 1.10337400e-02
-16.27260000 1.11840200e-02
-16.24260000 1.13629000e-02
-16.21260000 1.15768800e-02
-16.18260000 1.18375600e-02
-16.15260000 1.21649600e-02
-16.12260000 1.25918500e-02
-16.09260000 1.31452000e-02
-16.06260000 1.38144100e-02
-16.03260000 1.47532100e-02
-16.00260000 1.62475400e-02
-15.97260000 1.87780200e-02
-15.94260000 2.32427200e-02
-15.91260000 3.03513600e-02
-15.88260000 4.00837000e-02
-15.85260000 5.31138000e-02
-15.82260000 5.41629000e-02
-15.79260000 3.87587000e-02
-15.76260000 2.79183400e-02
-15.73260000 2.27355500e-02
-15.70260000 2.04177400e-02
-15.67260000 1.95911200e-02
-15.64260000 1.97337400e-02
-15.61260000 2.07581400e-02
-15.58260000 2.28852700e-02
-15.55260000 2.63885700e-02
-15.52260000 3.10919000e-02
-15.49260000 3.75373000e-02
-15.46260000 5.02473000e-02
-15.43260000 7.04391000e-02
-15.40260000 8.73305000e-02
-15.37260000 9.99123000e-02
-15.34260000 9.01923000e-02
-15.31260000 7.91775000e-02
-15.28260000 8.89687000e-02
-15.25260000 1.24918900e-01
-15.22260000 1.62579900e-01
-15.19260000 1.50617300e-01
-15.16260000 1.01119400e-01
-15.13260000 6.41038000e-02
-15.10260000 4.51928000e-02
-15.07260000 3.59430000e-02
-15.04260000 3.19327000e-02
-15.01260000 3.00575600e-02
-14.98260000 2.71695100e-02
-14.95260000 2.47510300e-02
-14.92260000 2.35538400e-02
-14.89260000 2.37234900e-02
-14.86260000 2.48040500e-02
-14.83260000 2.51143500e-02
-14.80260000 2.47574000e-02
-14.77260000 2.50524200e-02
-14.74260000 2.79107200e-02
-14.71260000 3.45119200e-02
-14.68260000 4.05895600e-02
-14.65260000 4.34337200e-02
-14.62260000 4.76297000e-02
-14.59260000 4.37515000e-02
-14.56090000 3.73406600e-02
-14.53090000 3.11525000e-02
-14.50090000 2.72946600e-02
-14.47090000 2.71588200e-02
-14.44090000 2.97529800e-02
-14.41090000 3.12142000e-02
-14.38090000 3.02624200e-02
-14.35090000 3.06610000e-02
-14.32090000 3.31112000e-02
-14.29090000 3.79352000e-02
-14.26090000 4.65758900e-02
-14.23090000 5.77358400e-02
-14.20090000 5.68138000e-02
-14.17090000 4.58849200e-02
-14.14090000 4.15702300e-02
-14.11090000 4.52638500e-02
-14.08090000 5.35162000e-02
-14.05090000 6.73014000e-02
-14.02090000 7.72947000e-02
-13.99090000 6.49666000e-02
-13.96090000 5.05503000e-02
-13.93090000 4.18029000e-02
-13.90090000 3.87768000e-02
-13.87090000 3.83626000e-02
-13.84090000 3.71542000e-02
-13.81090000 3.61788600e-02
-13.78090000 3.82272600e-02
-13.75090000 4.20540900e-02
-13.72090000 4.05942700e-02
-13.69090000 3.75502000e-02
-13.66090000 3.53771000e-02
-13.63090000 3.51334800e-02
-13.60090000 3.94252200e-02
-13.57090000 5.14760900e-02
-13.54090000 7.34016700e-02
-13.51090000 8.47245600e-02
-13.48090000 6.47425500e-02
-13.45090000 4.57117700e-02
-13.42090000 3.63175900e-02
-13.39090000 3.20701500e-02
-13.36090000 3.04203300e-02
-13.33090000 3.06471800e-02
-13.30090000 3.13797000e-02
-13.27090000 3.12154300e-02
-13.24090000 3.28530400e-02
-13.21090000 3.82334000e-02
-13.18090000 4.56686000e-02
-13.15090000 4.63070000e-02
-13.12090000 4.48314000e-02
-13.09090000 4.63846000e-02
-13.06090000 4.96420000e-02
-13.03090000 5.46914000e-02
-13.00090000 5.76002000e-02
-12.97090000 6.05564000e-02
-12.94090000 6.49790000e-02
-12.91090000 7.76272000e-02
-12.88090000 9.67870000e-02
-12.85090000 1.01026200e-01
-12.82090000 7.70056000e-02
-12.79090000 5.50907000e-02
-12.76090000 4.42675000e-02
-12.73090000 4.06128000e-02
-12.70090000 4.14125000e-02
-12.67090000 4.46141000e-02
-12.63930000 5.10783000e-02
-12.60930000 5.92982000e-02
-12.57930000 6.16330000e-02
-12.54930000 5.00566600e-02
-12.51930000 4.10795000e-02
-12.48930000 3.70712000e-02
-12.45930000 3.72128000e-02
-12.42930000 3.98353000e-02
-12.39930000 4.13791000e-02
-12.36930000 4.66986000e-02
-12.33930000 5.47726000e-02
-12.30930000 5.28298000e-02
-12.27930000 4.63946000e-02
-12.24930000 4.06303000e-02
-12.21930000 3.66759000e-02
-12.18930000 3.39578000e-02
-12.15930000 3.04474000e-02
-12.12930000 2.84548500e-02
-12.09930000 2.78949200e-02
-12.06930000 2.75687800e-02
-12.03930000 2.84564600e-02
-12.00930000 3.02215000e-02
-11.97930000 3.40309000e-02
-11.94930000 4.00599000e-02
-11.91930000 4.43464000e-02
-11.88930000 4.56185000e-02
-11.85930000 4.62143000e-02
-11.82930000 4.58336000e-02
-11.79930000 4.91765000e-02
-11.76930000 6.16552000e-02
-11.73930000 7.67673000e-02
-11.70930000 7.03830000e-02
-11.67930000 5.33560000e-02
-11.64930000 4.20587000e-02
-11.61930000 3.64104000e-02
-11.58930000 3.36131600e-02
-11.55930000 3.21562800e-02
-11.52930000 3.13217900e-02
-11.49930000 3.18508500e-02
-11.46930000 3.52245000e-02
-11.43930000 3.97461000e-02
-11.40930000 4.00890000e-02
-11.37930000 3.99838000e-02
-11.34930000 4.21127000e-02
-11.31930000 4.14878000e-02
-11.28930000 3.66937000e-02
-11.25930000 3.37048000e-02
-11.22930000 3.21599000e-02
-11.19930000 3.26798000e-02
-11.16930000 3.54263000e-02
-11.13930000 3.84141000e-02
-11.10930000 4.09554000e-02
-11.07930000 4.46027000e-02
-11.04930000 4.59054000e-02
-11.01930000 4.82368000e-02
-10.98930000 5.24907000e-02
-10.95930000 5.73519000e-02
-10.92930000 6.86645000e-02
-10.89930000 8.04654000e-02
-10.86930000 8.02472000e-02
-10.83930000 6.70314000e-02
-10.80930000 5.80906000e-02
-10.77930000 5.46852000e-02
-10.74930000 4.81431000e-02
-10.71760000 4.31111000e-02
-10.68760000 4.28507000e-02
-10.65760000 4.33810000e-02
-10.62760000 4.20493000e-02
-10.59760000 4.19935000e-02
-10.56760000 4.50124000e-02
-10.53760000 5.32117000e-02
-10.50760000 6.83494000e-02
-10.47760000 8.99549000e-02
-10.44760000 1.03780500e-01
-10.41760000 9.25578000e-02
-10.38760000 8.01159000e-02
-10.35760000 7.76522000e-02
-10.32760000 7.62491000e-02
-10.29760000 7.67206000e-02
-10.26760000 8.39653000e-02
-10.23760000 9.10590000e-02
-10.20760000 8.96152000e-02
-10.17760000 7.55919000e-02
-10.14760000 6.30294000e-02
-10.11760000 6.04059000e-02
-10.08760000 6.71044000e-02
-10.05760000 7.84576000e-02
-10.02760000 7.81835000e-02
-9.99761000 6.70690000e-02
-9.96761000 5.88608000e-02
-9.93761000 5.74262000e-02
-9.90761000 6.46734000e-02
-9.87761000 7.53850000e-02
-9.84761000 7.01573000e-02
-9.81761000 6.04846000e-02
-9.78761000 5.75090000e-02
-9.75761000 5.71057000e-02
-9.72761000 5.60828000e-02
-9.69761000 5.45612000e-02
-9.66761000 5.28700000e-02
-9.63761000 5.55195000e-02
-9.60761000 6.30977000e-02
-9.57761000 6.98815000e-02
-9.54761000 7.42427000e-02
-9.51761000 7.56810000e-02
-9.48761000 7.45118000e-02
-9.45761000 7.38361000e-02
-9.42761000 7.90677000e-02
-9.39761000 8.87212000e-02
-9.36761000 1.03129900e-01
-9.33761000 1.33431500e-01
-9.30761000 1.94279400e-01
-9.27761000 2.52255600e-01
-9.24761000 2.40946000e-01
-9.21761000 1.99942600e-01
-9.18761000 1.54816900e-01
-9.15761000 1.21616800e-01
-9.12761000 1.09335900e-01
-9.09761000 1.11301500e-01
-9.06761000 1.24639600e-01
-9.03761000 1.40305400e-01
-9.00761000 1.46787100e-01
-8.97761000 1.33824000e-01
-8.94761000 1.18118700e-01
-8.91761000 1.13699800e-01
-8.88761000 1.14825200e-01
-8.85761000 1.05615100e-01
-8.82761000 9.74484000e-02
-8.79596000 9.96908000e-02
-8.76596000 1.14705600e-01
-8.73596000 1.39744000e-01
-8.70596000 1.49042100e-01
-8.67596000 1.30487400e-01
-8.64596000 1.14524300e-01
-8.61596000 1.10571600e-01
-8.58596000 1.05480000e-01
-8.55596000 1.06631600e-01
-8.52596000 1.17964900e-01
-8.49596000 1.35611900e-01
-8.46596000 1.51912400e-01
-8.43596000 1.66471800e-01
-8.40596000 1.87060600e-01
-8.37596000 2.31617800e-01
-8.34596000 3.02780300e-01
-8.31596000 3.14335700e-01
-8.28596000 2.46034200e-01
-8.25596000 1.81984400e-01
-8.22596000 1.54739200e-01
-8.19596000 1.54863100e-01
-8.16596000 1.67273200e-01
-8.13596000 1.57945900e-01
-8.10596000 1.39473300e-01
-8.07596000 1.37414100e-01
-8.04596000 1.55107900e-01
-8.01596000 1.89218700e-01
-7.98596000 2.28589400e-01
-7.95596000 2.33168000e-01
-7.92596000 2.27377500e-01
-7.89596000 2.20142700e-01
-7.86596000 1.78417900e-01
-7.83596000 1.49672700e-01
-7.80596000 1.37205100e-01
-7.77596000 1.27611600e-01
-7.74596000 1.19231400e-01
-7.71596000 1.14603300e-01
-7.68596000 1.12827600e-01
-7.65596000 1.16770000e-01
-7.62596000 1.25121400e-01
-7.59596000 1.39493200e-01
-7.56596000 1.68019100e-01
-7.53596000 2.15712400e-01
-7.50596000 2.40116000e-01
-7.47596000 1.95259800e-01
-7.44596000 1.51122200e-01
-7.41596000 1.33532200e-01
-7.38596000 1.31563200e-01
-7.35596000 1.39006400e-01
-7.32596000 1.63360900e-01
-7.29596000 2.08547700e-01
-7.26596000 2.47198300e-01
-7.23596000 2.64417400e-01
-7.20596000 2.96417400e-01
-7.17596000 3.58496200e-01
-7.14596000 3.59545100e-01
-7.11596000 2.95414800e-01
-7.08596000 2.54520700e-01
-7.05596000 2.26227900e-01
-7.02596000 2.14439300e-01
-6.99596000 2.39135200e-01
-6.96596000 2.93875800e-01
-6.93596000 3.15210000e-01
-6.90596000 3.05130600e-01
-6.87432000 3.14075400e-01
-6.84432000 3.43142200e-01
-6.81432000 3.47700800e-01
-6.78432000 3.41324600e-01
-6.75432000 3.81184200e-01
-6.72432000 5.10554800e-01
-6.69432000 6.76940000e-01
-6.66432000 7.02281000e-01
-6.63432000 6.27213200e-01
-6.60432000 5.42761800e-01
-6.57432000 5.42267000e-01
-6.54432000 5.91832000e-01
-6.51432000 7.07927000e-01
-6.48432000 9.25824000e-01
-6.45432000 1.00502400e+00
-6.42432000 8.75360000e-01
-6.39432000 6.95520000e-01
-6.36432000 5.58627000e-01
-6.33432000 5.35640400e-01
-6.30432000 6.12071200e-01
-6.27432000 8.09113800e-01
-6.24432000 1.22797700e+00
-6.21432000 1.78627400e+00
-6.18432000 1.77929400e+00
-6.15432000 1.26562800e+00
-6.12432000 8.47359000e-01
-6.09432000 6.13242000e-01
-6.06432000 5.04191400e-01
-6.03432000 4.84887400e-01
-6.00432000 5.21209400e-01
-5.97432000 5.13360000e-01
-5.94432000 4.30888400e-01
-5.91432000 3.70739400e-01
-5.88432000 3.51688800e-01
-5.85432000 3.53353200e-01
-5.82432000 3.64932800e-01
-5.79432000 4.10352200e-01
-5.76432000 5.11989000e-01
-5.73432000 6.31210000e-01
-5.70432000 7.12552000e-01
-5.67432000 6.62122800e-01
-5.64432000 5.91848200e-01
-5.61432000 6.16530200e-01
-5.58432000 7.30315000e-01
-5.55432000 9.60846000e-01
-5.52432000 1.38795800e+00
-5.49432000 1.68782400e+00
-5.46432000 1.58473400e+00
-5.43432000 1.40384900e+00
-5.40432000 1.21850200e+00
-5.37432000 1.21887100e+00
-5.34432000 1.50345000e+00
-5.31432000 2.21959800e+00
-5.28432000 3.46621200e+00
-5.25432000 4.23745600e+00
-5.22432000 3.22577800e+00
-5.19432000 2.15602400e+00
-5.16432000 1.64253200e+00
-5.13432000 1.48345900e+00
-5.10432000 1.45459300e+00
-5.07432000 1.38799800e+00
-5.04432000 1.36732500e+00
-5.01432000 1.40575700e+00
-4.98432000 1.53285000e+00
-4.95267000 1.87192600e+00
-4.92267000 2.17494500e+00
-4.89267000 2.27681600e+00
-4.86267000 2.27615600e+00
-4.83267000 2.58889400e+00
-4.80267000 3.37876000e+00
-4.77267000 4.41459900e+00
-4.74267000 5.81216000e+00
-4.71267000 6.57614000e+00
-4.68267000 5.90810000e+00
-4.65267000 5.16196000e+00
-4.62267000 5.22990000e+00
-4.59267000 4.75121000e+00
-4.56267000 4.09792000e+00
-4.53267000 4.27271000e+00
-4.50267000 4.31952500e+00
-4.47267000 3.75347000e+00
-4.44267000 3.85207100e+00
-4.41267000 4.68731500e+00
-4.38267000 5.14018500e+00
-4.35267000 4.82025700e+00
-4.32267000 4.13669000e+00
-4.29267000 3.93768200e+00
-4.26267000 4.42953900e+00
-4.23267000 4.34231500e+00
-4.20267000 3.16592800e+00
-4.17267000 2.33544600e+00
-4.14267000 2.05101600e+00
-4.11267000 2.18429900e+00
-4.08267000 2.77091000e+00
-4.05267000 3.54415000e+00
-4.02267000 3.56149800e+00
-3.99267000 3.21015000e+00
-3.96267000 3.08770100e+00
-3.93267000 3.59777800e+00
-3.90267000 4.97085900e+00
-3.87267000 7.10468400e+00
-3.84267000 7.92762200e+00
-3.81267000 7.77762100e+00
-3.78267000 7.06678800e+00
-3.75267000 5.63340800e+00
-3.72267000 4.11658300e+00
-3.69267000 2.99179700e+00
-3.66267000 2.15906900e+00
-3.63267000 1.64520000e+00
-3.60267000 1.32028700e+00
-3.57267000 1.12464200e+00
-3.54267000 1.02175300e+00
-3.51267000 9.68024000e-01
-3.48267000 9.62985000e-01
-3.45267000 9.79663000e-01
-3.42267000 1.03144500e+00
-3.39267000 1.10089400e+00
-3.36267000 1.25834700e+00
-3.33267000 1.61938300e+00
-3.30267000 1.98416200e+00
-3.27267000 2.10301300e+00
-3.24267000 2.30709600e+00
-3.21267000 2.68704500e+00
-3.18267000 3.46610700e+00
-3.15267000 5.25170500e+00
-3.12267000 8.21238000e+00
-3.09267000 9.18913000e+00
-3.06267000 6.90292000e+00
-3.03102000 4.49792000e+00
-3.00102000 3.12493800e+00
-2.97102000 2.26047300e+00
-2.94102000 1.77948800e+00
-2.91102000 1.55154600e+00
-2.88102000 1.50623700e+00
-2.85102000 1.51398200e+00
-2.82102000 1.33578500e+00
-2.79102000 1.09893300e+00
-2.76102000 9.22033000e-01
-2.73102000 7.61775000e-01
-2.70102000 6.45722000e-01
-2.67102000 5.91311200e-01
-2.64102000 5.76268900e-01
-2.61102000 5.76841700e-01
-2.58102000 5.94689200e-01
-2.55102000 6.50287500e-01
-2.52102000 7.52968600e-01
-2.49102000 8.93231100e-01
-2.46102000 1.11317790e+00
-2.43102000 1.52363400e+00
-2.40102000 2.26627300e+00
-2.37102000 3.61692900e+00
-2.34102000 5.54988200e+00
-2.31102000 5.97198900e+00
-2.28102000 4.28156100e+00
-2.25102000 2.79168200e+00
-2.22102000 1.93143500e+00
-2.19102000 1.45398100e+00
-2.16102000 1.13671000e+00
-2.13102000 9.32980000e-01
-2.10102000 8.40606000e-01
-2.07102000 8.26470000e-01
-2.04102000 8.28190000e-01
-2.01102000 8.62307000e-01
-1.98102000 1.00814000e+00
-1.95102000 1.12277500e+00
-1.92102000 1.00834200e+00
-1.89102000 9.10464000e-01
-1.86102000 8.40896000e-01
-1.83102000 7.93786000e-01
-1.80102000 7.97246000e-01
-1.77102000 8.00956000e-01
-1.74102000 8.30866000e-01
-1.71102000 8.96417000e-01
-1.68102000 1.02877000e+00
-1.65102000 1.30070000e+00
-1.62102000 1.77716900e+00
-1.59102000 2.61585000e+00
-1.56102000 3.65750000e+00
-1.53102000 3.62255000e+00
-1.50102000 2.65092900e+00
-1.47102000 2.03207900e+00
-1.44102000 1.79573900e+00
-1.41102000 1.90709900e+00
-1.38102000 2.25617600e+00
-1.35102000 2.53076200e+00
-1.32102000 2.54485800e+00
-1.29102000 2.29251800e+00
-1.26102000 1.99278900e+00
-1.23102000 1.84219600e+00
-1.20102000 1.82373700e+00
-1.17102000 1.89006000e+00
-1.14102000 1.93087800e+00
-1.10938000 1.72482800e+00
-1.07938000 1.68336100e+00
-1.04938000 1.70474300e+00
-1.01938000 1.56436300e+00
-0.98937700 1.59867100e+00
-0.95937700 1.74270000e+00
-0.92937700 1.92436800e+00
-0.89937700 2.03622900e+00
-0.86937700 2.05548700e+00
-0.83937700 2.06905700e+00
-0.80937700 2.03180800e+00
-0.77937700 1.96326600e+00
-0.74937700 1.88132700e+00
-0.71937700 1.72979400e+00
-0.68937700 1.80569000e+00
-0.65937700 2.16335400e+00
-0.62937700 2.29192000e+00
-0.59937700 2.26074400e+00
-0.56937700 2.35005600e+00
-0.53937700 2.38787000e+00
-0.50937700 2.28757800e+00
-0.47937700 2.24055900e+00
-0.44937700 2.34735800e+00
-0.41937700 2.62155800e+00
-0.38937700 2.72195000e+00
-0.35937700 2.83328600e+00
-0.32937700 3.35927000e+00
-0.29937700 3.99532000e+00
-0.26937700 4.39908000e+00
-0.23937700 4.62830000e+00
-0.20937700 4.51792000e+00
-0.17937700 4.25292000e+00
-0.14937700 4.18485100e+00
-0.11937700 4.01213200e+00
-0.08937690 3.64568100e+00
-0.05937690 3.14302300e+00
-0.02937690 2.71960900e+00
0.00062313 2.42049000e+00
0.03062310 2.24872500e+00
0.06062310 2.20266000e+00
0.09062310 2.18804800e+00
0.12062300 2.41216800e+00
0.15062300 2.85767500e+00
0.18062300 3.28985600e+00
0.21062300 3.99140600e+00
0.24062300 4.69337000e+00
0.27062300 4.98783000e+00
0.30062300 5.47622000e+00
0.33062300 5.66955000e+00
0.36062300 4.94320000e+00
0.39062300 4.50277000e+00
0.42062300 4.25804000e+00
0.45062300 4.02428200e+00
0.48062300 4.22341700e+00
0.51062300 4.77519700e+00
0.54062300 5.41260200e+00
0.57062300 6.30000300e+00
0.60062300 6.66904700e+00
0.63062300 6.27807700e+00
0.66062300 5.88226000e+00
0.69062300 5.30690900e+00
0.72062300 5.01181000e+00
0.75062300 5.21361000e+00
0.78062300 5.78229000e+00
