# E(MeV)  S_GAMTGAMT(K=0) for Ac295_DDPCX
-18.40420000 2.94877000e-03
-18.37420000 2.81710000e-03
-18.34420000 2.73867000e-03
-18.31420000 2.70426000e-03
-18.28420000 2.69070000e-03
-18.25420000 2.68701000e-03
-18.22420000 2.68837000e-03
-18.19420000 2.69248000e-03
-18.16420000 2.69817000e-03
-18.13420000 2.70473000e-03
-18.10420000 2.71169000e-03
-18.07420000 2.71861000e-03
-18.04420000 2.72489000e-03
-18.01420000 2.72948000e-03
-17.98420000 2.73009000e-03
-17.95420000 2.72226000e-03
-17.92420000 2.70720000e-03
-17.89420000 2.71949000e-03
-17.86420000 2.75446000e-03
-17.83420000 2.78065000e-03
-17.80420000 2.79893000e-03
-17.77420000 2.81350000e-03
-17.74420000 2.82638000e-03
-17.71420000 2.83845000e-03
-17.68420000 2.85013000e-03
-17.65420000 2.86164000e-03
-17.62420000 2.87311000e-03
-17.59420000 2.88460000e-03
-17.56420000 2.89618000e-03
-17.53420000 2.90787000e-03
-17.50420000 2.91973000e-03
-17.47420000 2.93177000e-03
-17.44420000 2.94405000e-03
-17.41420000 2.95659000e-03
-17.38420000 2.96944000e-03
-17.35420000 2.98267000e-03
-17.32420000 2.99634000e-03
-17.29420000 3.01054000e-03
-17.26420000 3.02539000e-03
-17.23420000 3.04106000e-03
-17.20420000 3.05777000e-03
-17.17420000 3.07585000e-03
-17.14420000 3.09576000e-03
-17.11420000 3.11824000e-03
-17.08420000 3.14442000e-03
-17.05420000 3.17624000e-03
-17.02420000 3.21706000e-03
-16.99420000 3.27325000e-03
-16.96420000 3.35775000e-03
-16.93420000 3.49899000e-03
-16.90420000 3.76107000e-03
-16.87420000 4.24435000e-03
-16.84420000 4.71388000e-03
-16.81420000 4.48458000e-03
-16.78420000 4.14350000e-03
-16.75420000 3.87383000e-03
-16.72420000 3.64390000e-03
-16.69420000 3.52046000e-03
-16.66420000 3.46308000e-03
-16.63420000 3.43926000e-03
-16.60420000 3.43390000e-03
-16.57420000 3.44027000e-03
-16.54420000 3.45581000e-03
-16.51420000 3.48089000e-03
-16.48260000 3.52239000e-03
-16.45260000 3.58568000e-03
-16.42260000 3.66020000e-03
-16.39260000 3.66878000e-03
-16.36260000 3.65015000e-03
-16.33260000 3.65707000e-03
-16.30260000 3.68384000e-03
-16.27260000 3.72358000e-03
-16.24260000 3.77416000e-03
-16.21260000 3.83614000e-03
-16.18260000 3.91196000e-03
-16.15260000 4.00610000e-03
-16.12260000 4.12609000e-03
-16.09260000 4.28470000e-03
-16.06260000 4.50481000e-03
-16.03260000 4.83027000e-03
-16.00260000 5.35196000e-03
-15.97260000 6.26236000e-03
-15.94260000 7.83512000e-03
-15.91260000 9.68236000e-03
-15.88260000 1.14819000e-02
-15.85260000 1.45714000e-02
-15.82260000 1.47133000e-02
-15.79260000 1.08387000e-02
-15.76260000 8.17930000e-03
-15.73260000 6.93637000e-03
-15.70260000 6.41596000e-03
-15.67260000 6.28226000e-03
-15.64260000 6.41030000e-03
-15.61260000 6.78128000e-03
-15.58260000 7.45753000e-03
-15.55260000 8.61481000e-03
-15.52260000 1.06607000e-02
-15.49260000 1.45311000e-02
-15.46260000 2.19483000e-02
-15.43260000 3.11099000e-02
-15.40260000 2.89331000e-02
-15.37260000 2.17859000e-02
-15.34260000 1.94259000e-02
-15.31260000 2.20125000e-02
-15.28260000 3.08709000e-02
-15.25260000 4.92489000e-02
-15.22260000 6.46317000e-02
-15.19260000 4.89551000e-02
-15.16260000 2.95416000e-02
-15.13260000 1.91894000e-02
-15.10260000 1.40738000e-02
-15.07260000 1.15256000e-02
-15.04260000 1.04679000e-02
-15.01260000 1.01726000e-02
-14.98260000 9.30367000e-03
-14.95260000 8.33203000e-03
-14.92260000 7.87564000e-03
-14.89260000 7.82601000e-03
-14.86260000 8.26061000e-03
-14.83260000 9.09665000e-03
-14.80260000 9.78832000e-03
-14.77260000 1.10634000e-02
-14.74260000 1.42803000e-02
-14.71260000 2.02973000e-02
-14.68260000 2.45215000e-02
-14.65260000 2.35891000e-02
-14.62260000 2.41213000e-02
-14.59260000 2.24807000e-02
-14.56090000 2.02608000e-02
-14.53090000 1.59854000e-02
-14.50090000 1.24347000e-02
-14.47090000 1.12997000e-02
-14.44090000 1.14925000e-02
-14.41090000 1.06788000e-02
-14.38090000 9.79782000e-03
-14.35090000 1.02020000e-02
-14.32090000 1.06876000e-02
-14.29090000 1.00838000e-02
-14.26090000 9.67369000e-03
-14.23090000 8.70924000e-03
-14.20090000 7.94480000e-03
-14.17090000 7.89032000e-03
-14.14090000 8.47703000e-03
-14.11090000 9.78925000e-03
-14.08090000 1.22818000e-02
-14.05090000 1.64568000e-02
-14.02090000 2.16373000e-02
-13.99090000 2.14248000e-02
-13.96090000 1.77089000e-02
-13.93090000 1.42057000e-02
-13.90090000 1.20386000e-02
-13.87090000 1.09402000e-02
-13.84090000 1.02860000e-02
-13.81090000 9.10086000e-03
-13.78090000 8.19926000e-03
-13.75090000 7.84289000e-03
-13.72090000 8.11027000e-03
-13.69090000 8.11660000e-03
-13.66090000 7.51010000e-03
-13.63090000 7.13848000e-03
-13.60090000 6.81302000e-03
-13.57090000 6.69869000e-03
-13.54090000 6.98287000e-03
-13.51090000 7.60596000e-03
-13.48090000 7.94175000e-03
-13.45090000 8.15417000e-03
-13.42090000 8.54999000e-03
-13.39090000 8.64115000e-03
-13.36090000 8.19413000e-03
-13.33090000 7.72918000e-03
-13.30090000 7.63870000e-03
-13.27090000 8.10923000e-03
-13.24090000 9.11144000e-03
-13.21090000 1.03774000e-02
-13.18090000 1.12472000e-02
-13.15090000 1.06522000e-02
-13.12090000 1.05412000e-02
-13.09090000 1.17638000e-02
-13.06090000 1.44244000e-02
-13.03090000 1.81082000e-02
-13.00090000 2.25724000e-02
-12.97090000 2.55678000e-02
-12.94090000 2.60074000e-02
-12.91090000 3.03298000e-02
-12.88090000 3.25908000e-02
-12.85090000 2.48452000e-02
-12.82090000 1.80178000e-02
-12.79090000 1.49253000e-02
-12.76090000 1.40033000e-02
-12.73090000 1.46822000e-02
-12.70090000 1.65511000e-02
-12.67090000 1.94169000e-02
-12.63930000 2.52053000e-02
-12.60930000 3.60618000e-02
-12.57930000 4.12772000e-02
-12.54930000 3.06636000e-02
-12.51930000 2.10791000e-02
-12.48930000 1.57600000e-02
-12.45930000 1.32104000e-02
-12.42930000 1.23887000e-02
-12.39930000 1.30849000e-02
-12.36930000 1.58172000e-02
-12.33930000 2.02856000e-02
-12.30930000 1.98104000e-02
-12.27930000 1.52470000e-02
-12.24930000 1.27283000e-02
-12.21930000 1.21005000e-02
-12.18930000 1.15930000e-02
-12.15930000 1.02730000e-02
-12.12930000 9.20577000e-03
-12.09930000 8.76642000e-03
-12.06930000 8.81562000e-03
-12.03930000 9.34302000e-03
-12.00930000 1.05824000e-02
-11.97930000 1.29825000e-02
-11.94930000 1.59489000e-02
-11.91930000 1.76380000e-02
-11.88930000 1.93521000e-02
-11.85930000 2.04089000e-02
-11.82930000 1.72668000e-02
-11.79930000 1.35997000e-02
-11.76930000 1.17512000e-02
-11.73930000 1.10041000e-02
-11.70930000 1.10782000e-02
-11.67930000 1.12280000e-02
-11.64930000 1.07015000e-02
-11.61930000 1.01666000e-02
-11.58930000 9.62936000e-03
-11.55930000 9.66928000e-03
-11.52930000 9.88699000e-03
-11.49930000 9.96485000e-03
-11.46930000 1.06705000e-02
-11.43930000 1.17897000e-02
-11.40930000 1.19000000e-02
-11.37930000 1.14722000e-02
-11.34930000 1.17043000e-02
-11.31930000 1.22614000e-02
-11.28930000 1.16693000e-02
-11.25930000 1.12868000e-02
-11.22930000 1.12821000e-02
-11.19930000 1.19160000e-02
-11.16930000 1.33613000e-02
-11.13930000 1.50091000e-02
-11.10930000 1.77594000e-02
-11.07930000 2.14659000e-02
-11.04930000 2.20548000e-02
-11.01930000 2.26422000e-02
-10.98930000 2.32933000e-02
-10.95930000 2.35351000e-02
-10.92930000 2.69413000e-02
-10.89930000 2.64976000e-02
-10.86930000 2.17918000e-02
-10.83930000 2.05880000e-02
-10.80930000 2.36086000e-02
-10.77930000 2.59070000e-02
-10.74930000 2.19039000e-02
-10.71760000 1.89263000e-02
-10.68760000 1.94171000e-02
-10.65760000 1.98922000e-02
-10.62760000 1.84013000e-02
-10.59760000 1.72113000e-02
-10.56760000 1.75126000e-02
-10.53760000 2.00587000e-02
-10.50760000 2.59994000e-02
-10.47760000 3.49077000e-02
-10.44760000 3.66575000e-02
-10.41760000 3.05944000e-02
-10.38760000 2.57957000e-02
-10.35760000 2.35706000e-02
-10.32760000 2.42905000e-02
-10.29760000 2.92702000e-02
-10.26760000 4.05189000e-02
-10.23760000 5.46746000e-02
-10.20760000 5.98506000e-02
-10.17760000 4.93161000e-02
-10.14760000 3.79398000e-02
-10.11760000 3.47475000e-02
-10.08760000 3.97640000e-02
-10.05760000 4.90222000e-02
-10.02760000 4.59061000e-02
-9.99761000 3.36484000e-02
-9.96761000 2.51466000e-02
-9.93761000 2.01446000e-02
-9.90761000 1.76270000e-02
-9.87761000 1.63600000e-02
-9.84761000 1.55503000e-02
-9.81761000 1.51532000e-02
-9.78761000 1.55070000e-02
-9.75761000 1.69477000e-02
-9.72761000 1.96074000e-02
-9.69761000 2.07602000e-02
-9.66761000 1.93294000e-02
-9.63761000 1.89741000e-02
-9.60761000 2.02557000e-02
-9.57761000 2.32103000e-02
-9.54761000 2.81659000e-02
-9.51761000 3.22782000e-02
-9.48761000 3.19896000e-02
-9.45761000 3.23583000e-02
-9.42761000 3.64455000e-02
-9.39761000 4.21318000e-02
-9.36761000 5.34353000e-02
-9.33761000 7.93335000e-02
-9.30761000 1.28538000e-01
-9.27761000 1.64854000e-01
-9.24761000 1.25459000e-01
-9.21761000 7.93086000e-02
-9.18761000 5.49405000e-02
-9.15761000 4.43298000e-02
-9.12761000 4.07007000e-02
-9.09761000 4.07543000e-02
-9.06761000 4.55338000e-02
-9.03761000 5.82710000e-02
-9.00761000 7.01915000e-02
-8.97761000 6.34432000e-02
-8.94761000 5.29151000e-02
-8.91761000 4.93702000e-02
-8.88761000 5.11672000e-02
-8.85761000 4.74213000e-02
-8.82761000 4.15034000e-02
-8.79596000 4.30748000e-02
-8.76596000 5.30700000e-02
-8.73596000 6.45830000e-02
-8.70596000 6.76625000e-02
-8.67596000 6.22668000e-02
-8.64596000 5.73307000e-02
-8.61596000 5.89740000e-02
-8.58596000 5.49606000e-02
-8.55596000 5.20328000e-02
-8.52596000 5.32165000e-02
-8.49596000 5.71783000e-02
-8.46596000 6.26982000e-02
-8.43596000 5.92856000e-02
-8.40596000 4.81866000e-02
-8.37596000 4.13340000e-02
-8.34596000 3.87783000e-02
-8.31596000 4.00737000e-02
-8.28596000 4.19202000e-02
-8.25596000 4.34996000e-02
-8.22596000 4.77634000e-02
-8.19596000 5.55001000e-02
-8.16596000 6.38340000e-02
-8.13596000 5.98651000e-02
-8.10596000 5.41911000e-02
-8.07596000 5.71661000e-02
-8.04596000 6.91473000e-02
-8.01596000 8.88841000e-02
-7.98596000 1.14125000e-01
-7.95596000 1.10098000e-01
-7.92596000 7.72569000e-02
-7.89596000 5.52097000e-02
-7.86596000 4.57053000e-02
-7.83596000 4.35873000e-02
-7.80596000 4.61643000e-02
-7.77596000 4.81374000e-02
-7.74596000 4.49110000e-02
-7.71596000 4.21559000e-02
-7.68596000 4.20598000e-02
-7.65596000 4.49428000e-02
-7.62596000 5.27736000e-02
-7.59596000 6.74000000e-02
-7.56596000 9.48095000e-02
-7.53596000 1.43187000e-01
-7.50596000 1.73496000e-01
-7.47596000 1.31966000e-01
-7.44596000 8.66874000e-02
-7.41596000 6.39094000e-02
-7.38596000 5.46540000e-02
-7.35596000 5.36030000e-02
-7.32596000 6.02563000e-02
-7.29596000 7.27679000e-02
-7.26596000 7.31293000e-02
-7.23596000 6.22394000e-02
-7.20596000 5.62254000e-02
-7.17596000 5.55322000e-02
-7.14596000 5.75251000e-02
-7.11596000 6.02448000e-02
-7.08596000 5.97433000e-02
-7.05596000 6.03517000e-02
-7.02596000 6.28071000e-02
-6.99596000 6.89674000e-02
-6.96596000 8.05978000e-02
-6.93596000 1.01778000e-01
-6.90596000 1.36704000e-01
-6.87432000 1.81503000e-01
-6.84432000 2.20881000e-01
-6.81432000 2.21423000e-01
-6.78432000 2.13472000e-01
-6.75432000 2.44098000e-01
-6.72432000 3.40044000e-01
-6.69432000 4.54220000e-01
-6.66432000 4.76977000e-01
-6.63432000 4.36818000e-01
-6.60432000 3.53111000e-01
-6.57432000 3.31015000e-01
-6.54432000 3.79236000e-01
-6.51432000 4.76371000e-01
-6.48432000 6.33694000e-01
-6.45432000 6.40820000e-01
-6.42432000 4.83438000e-01
-6.39432000 3.65126000e-01
-6.36432000 3.18625000e-01
-6.33432000 3.37777000e-01
-6.30432000 4.27478000e-01
-6.27432000 6.27434000e-01
-6.24432000 1.02894000e+00
-6.21432000 1.53490000e+00
-6.18432000 1.45557000e+00
-6.15432000 9.22132000e-01
-6.12432000 5.65537000e-01
-6.09432000 3.93592000e-01
-6.06432000 3.21950000e-01
-6.03432000 3.13683000e-01
-6.00432000 3.32735000e-01
-5.97432000 3.05986000e-01
-5.94432000 2.42016000e-01
-5.91432000 1.99344000e-01
-5.88432000 1.84610000e-01
-5.85432000 1.84060000e-01
-5.82432000 1.89097000e-01
-5.79432000 2.10915000e-01
-5.76432000 2.64893000e-01
-5.73432000 3.72550000e-01
-5.70432000 4.98106000e-01
-5.67432000 4.77870000e-01
-5.64432000 4.20469000e-01
-5.61432000 4.43291000e-01
-5.58432000 5.41195000e-01
-5.55432000 7.39510000e-01
-5.52432000 1.10651000e+00
-5.49432000 1.29253000e+00
-5.46432000 1.01997000e+00
-5.43432000 7.84577000e-01
-5.40432000 7.29388000e-01
-5.37432000 8.40925000e-01
-5.34432000 1.17012000e+00
-5.31432000 1.88274000e+00
-5.28432000 3.09895000e+00
-5.25432000 3.80625000e+00
-5.22432000 2.72680000e+00
-5.19432000 1.65203000e+00
-5.16432000 1.12718000e+00
-5.13432000 9.03565000e-01
-5.10432000 7.96783000e-01
-5.07432000 6.38392000e-01
-5.04432000 4.81865000e-01
-5.01432000 4.03841000e-01
-4.98432000 3.70104000e-01
-4.95267000 3.47328000e-01
-4.92267000 3.42347000e-01
-4.89267000 3.60158000e-01
-4.86267000 4.00540000e-01
-4.83267000 4.80974000e-01
-4.80267000 6.37120000e-01
-4.77267000 8.63539000e-01
-4.74267000 1.17992000e+00
-4.71267000 1.68102000e+00
-4.68267000 2.00864000e+00
-4.65267000 2.34284000e+00
-4.62267000 2.98094000e+00
-4.59267000 2.68769000e+00
-4.56267000 1.72812000e+00
-4.53267000 1.11825000e+00
-4.50267000 8.09205000e-01
-4.47267000 6.23210000e-01
-4.44267000 5.15471000e-01
-4.41267000 4.83015000e-01
-4.38267000 4.97125000e-01
-4.35267000 4.81917000e-01
-4.32267000 4.64930000e-01
-4.29267000 4.62402000e-01
-4.26267000 4.20199000e-01
-4.23267000 3.68495000e-01
-4.20267000 3.65608000e-01
-4.17267000 4.18658000e-01
-4.14267000 5.52070000e-01
-4.11267000 8.40659000e-01
-4.08267000 1.41287000e+00
-4.05267000 1.97190000e+00
-4.02267000 1.57207000e+00
-3.99267000 9.67210000e-01
-3.96267000 6.36901000e-01
-3.93267000 4.53798000e-01
-3.90267000 3.38779000e-01
-3.87267000 2.65024000e-01
-3.84267000 2.20582000e-01
-3.81267000 1.94121000e-01
-3.78267000 1.74928000e-01
-3.75267000 1.62928000e-01
-3.72267000 1.62003000e-01
-3.69267000 1.76097000e-01
-3.66267000 1.96091000e-01
-3.63267000 1.82944000e-01
-3.60267000 1.63469000e-01
-3.57267000 1.54636000e-01
-3.54267000 1.49335000e-01
-3.51267000 1.51124000e-01
-3.48267000 1.60629000e-01
-3.45267000 1.83821000e-01
-3.42267000 2.17451000e-01
-3.39267000 2.75252000e-01
-3.36267000 3.98497000e-01
-3.33267000 6.17871000e-01
-3.30267000 7.71896000e-01
-3.27267000 6.62527000e-01
-3.24267000 5.61768000e-01
-3.21267000 5.24765000e-01
-3.18267000 5.45127000e-01
-3.15267000 6.90685000e-01
-3.12267000 1.00094000e+00
-3.09267000 1.51011000e+00
-3.06267000 1.65402000e+00
-3.03102000 1.07422000e+00
-3.00102000 6.61198000e-01
-2.97102000 4.60683000e-01
-2.94102000 3.43912000e-01
-2.91102000 2.73438000e-01
-2.88102000 2.21335000e-01
-2.85102000 1.85790000e-01
-2.82102000 1.71985000e-01
-2.79102000 1.64199000e-01
-2.76102000 1.37941000e-01
-2.73102000 1.14831000e-01
-2.70102000 1.03114000e-01
-2.67102000 9.92152000e-02
-2.64102000 9.89469000e-02
-2.61102000 9.75197000e-02
-2.58102000 9.14132000e-02
-2.55102000 8.71895000e-02
-2.52102000 8.54846000e-02
-2.49102000 8.62531000e-02
-2.46102000 9.22599000e-02
-2.43102000 1.05276000e-01
-2.40102000 1.27893000e-01
-2.37102000 1.66469000e-01
-2.34102000 2.04062000e-01
-2.31102000 2.15309000e-01
-2.28102000 2.15381000e-01
-2.25102000 1.88422000e-01
-2.22102000 1.57151000e-01
-2.19102000 1.41423000e-01
-2.16102000 1.39276000e-01
-2.13102000 1.45550000e-01
-2.10102000 1.52570000e-01
-2.07102000 1.70622000e-01
-2.04102000 2.13390000e-01
-2.01102000 3.01451000e-01
-1.98102000 4.59822000e-01
-1.95102000 5.72363000e-01
-1.92102000 4.56640000e-01
-1.89102000 3.47348000e-01
-1.86102000 3.25376000e-01
-1.83102000 3.48818000e-01
-1.80102000 3.87214000e-01
-1.77102000 3.94302000e-01
-1.74102000 4.10888000e-01
-1.71102000 4.39413000e-01
-1.68102000 4.84582000e-01
-1.65102000 6.02122000e-01
-1.62102000 8.41779000e-01
-1.59102000 1.24787000e+00
-1.56102000 1.58184000e+00
-1.53102000 1.32875000e+00
-1.50102000 9.14145000e-01
-1.47102000 6.89935000e-01
-1.44102000 6.63355000e-01
-1.41102000 8.04957000e-01
-1.38102000 1.02444000e+00
-1.35102000 1.21687000e+00
-1.32102000 1.33706000e+00
-1.29102000 1.21375000e+00
-1.26102000 9.39637000e-01
-1.23102000 8.53994000e-01
-1.20102000 9.81443000e-01
-1.17102000 1.16758000e+00
-1.14102000 1.22453000e+00
-1.10938000 9.07838000e-01
-1.07938000 6.25637000e-01
-1.04938000 4.92989000e-01
-1.01938000 4.50991000e-01
-0.98937700 4.71725000e-01
-0.95937700 5.73406000e-01
-0.92937700 6.71196000e-01
-0.89937700 5.80585000e-01
-0.86937700 4.78407000e-01
-0.83937700 4.52729000e-01
-0.80937700 4.87786000e-01
-0.77937700 5.01878000e-01
-0.74937700 5.05479000e-01
-0.71937700 6.09874000e-01
-0.68937700 8.86154000e-01
-0.65937700 1.26437000e+00
-0.62937700 1.25639000e+00
-0.59937700 1.04409000e+00
-0.56937700 1.00535000e+00
-0.53937700 9.34376000e-01
-0.50937700 7.53550000e-01
-0.47937700 6.72207000e-01
-0.44937700 6.79042000e-01
-0.41937700 7.38792000e-01
-0.38937700 8.70772000e-01
-0.35937700 1.02531000e+00
-0.32937700 1.34027000e+00
-0.29937700 1.65512000e+00
-0.26937700 1.61576000e+00
-0.23937700 1.38288000e+00
-0.20937700 1.20900000e+00
-0.17937700 1.02132000e+00
-0.14937700 7.71611000e-01
-0.11937700 6.50452000e-01
-0.08937690 6.78941000e-01
-0.05937690 8.38743000e-01
-0.02937690 9.46935000e-01
0.00062313 8.57654000e-01
0.03062310 6.72965000e-01
0.06062310 5.70804000e-01
0.09062310 5.78232000e-01
0.12062300 6.23424000e-01
0.15062300 6.45795000e-01
0.18062300 7.40256000e-01
0.21062300 9.85986000e-01
0.24062300 1.49415000e+00
0.27062300 2.34143000e+00
0.30062300 3.19374000e+00
0.33062300 3.41203000e+00
0.36062300 2.44566000e+00
0.39062300 1.54593000e+00
0.42062300 1.08408000e+00
0.45062300 8.31962000e-01
0.48062300 6.88397000e-01
0.51062300 6.70477000e-01
0.54062300 7.17922000e-01
0.57062300 6.97523000e-01
0.60062300 6.58007000e-01
0.63062300 6.58617000e-01
0.66062300 7.52480000e-01
0.69062300 8.73229000e-01
0.72062300 9.56610000e-01
0.75062300 1.15425000e+00
0.78062300 1.28971000e+00
