# E(MeV)  S_NSDRNSDR(Total=K0+2*K1) for Ac295_DDPCX
-18.40420000 5.54850000e-01
-18.37420000 5.47748000e-01
-18.34420000 5.41292000e-01
-18.31420000 5.39574000e-01
-18.28420000 5.40307000e-01
-18.25420000 5.42177000e-01
-18.22420000 5.44601000e-01
-18.19420000 5.47307000e-01
-18.16420000 5.50142000e-01
-18.13420000 5.52999000e-01
-18.10420000 5.55751000e-01
-18.07420000 5.58209000e-01
-18.04420000 5.60006000e-01
-18.01420000 5.60327000e-01
-17.98420000 5.57316000e-01
-17.95420000 5.48423000e-01
-17.92420000 5.44425000e-01
-17.89420000 5.69935000e-01
-17.86420000 5.89674000e-01
-17.83420000 5.93318000e-01
-17.80420000 5.95945000e-01
-17.77420000 5.99604000e-01
-17.74420000 6.03795000e-01
-17.71420000 6.08264000e-01
-17.68420000 6.12945000e-01
-17.65420000 6.17861000e-01
-17.62420000 6.23101000e-01
-17.59420000 6.28861000e-01
-17.56420000 6.35539000e-01
-17.53420000 6.44020000e-01
-17.50420000 6.56300000e-01
-17.47420000 6.75280000e-01
-17.44420000 6.92145000e-01
-17.41420000 6.85925000e-01
-17.38420000 6.76688000e-01
-17.35420000 6.74229000e-01
-17.32420000 6.75736000e-01
-17.29420000 6.79177000e-01
-17.26420000 6.83672000e-01
-17.23420000 6.88865000e-01
-17.20420000 6.94635000e-01
-17.17420000 7.01034000e-01
-17.14420000 7.08316000e-01
-17.11420000 7.17132000e-01
-17.08420000 7.28919000e-01
-17.05420000 7.44457000e-01
-17.02420000 7.53710000e-01
-16.99420000 7.52613000e-01
-16.96420000 7.54205000e-01
-16.93420000 7.59960000e-01
-16.90420000 7.68812000e-01
-16.87420000 7.81082000e-01
-16.84420000 7.99004000e-01
-16.81420000 8.28248000e-01
-16.78420000 8.76424000e-01
-16.75420000 9.14067000e-01
-16.72420000 8.87795000e-01
-16.69420000 8.57736000e-01
-16.66420000 8.46308000e-01
-16.63420000 8.45407000e-01
-16.60420000 8.49767000e-01
-16.57420000 8.57281000e-01
-16.54420000 8.67407000e-01
-16.51420000 8.79537000e-01
-16.48260000 8.90004000e-01
-16.45260000 8.98419000e-01
-16.42260000 9.08873000e-01
-16.39260000 9.21471000e-01
-16.36260000 9.36235000e-01
-16.33260000 9.51987000e-01
-16.30260000 9.65333000e-01
-16.27260000 9.78989000e-01
-16.24260000 9.94902000e-01
-16.21260000 1.01288300e+00
-16.18260000 1.03288700e+00
-16.15260000 1.05518100e+00
-16.12260000 1.08029700e+00
-16.09260000 1.10912400e+00
-16.06260000 1.14312300e+00
-16.03260000 1.18484900e+00
-16.00260000 1.23908600e+00
-15.97260000 1.31554900e+00
-15.94260000 1.43431700e+00
-15.91260000 1.62603500e+00
-15.88260000 1.89867900e+00
-15.85260000 2.09816400e+00
-15.82260000 2.18860100e+00
-15.79260000 2.31014300e+00
-15.76260000 2.31128000e+00
-15.73260000 2.36623600e+00
-15.70260000 2.24847600e+00
-15.67260000 2.08462400e+00
-15.64260000 2.05931000e+00
-15.61260000 2.17228600e+00
-15.58260000 2.36739800e+00
-15.55260000 2.59554900e+00
-15.52260000 2.80010100e+00
-15.49260000 3.08091900e+00
-15.46260000 3.40342300e+00
-15.43260000 3.62700600e+00
-15.40260000 4.01760000e+00
-15.37260000 4.86736900e+00
-15.34260000 6.49356000e+00
-15.31260000 9.12199000e+00
-15.28260000 1.08883100e+01
-15.25260000 1.08148500e+01
-15.22260000 1.20752800e+01
-15.19260000 1.65294300e+01
-15.16260000 2.59391700e+01
-15.13260000 4.24368400e+01
-15.10260000 5.17325200e+01
-15.07260000 3.59786230e+01
-15.04260000 2.08790840e+01
-15.01260000 1.31338750e+01
-14.98260000 9.24245300e+00
-14.95260000 7.00359900e+00
-14.92260000 5.68726700e+00
-14.89260000 4.96310300e+00
-14.86260000 4.55195300e+00
-14.83260000 4.28072000e+00
-14.80260000 4.10151700e+00
-14.77260000 3.92140200e+00
-14.74260000 3.90440000e+00
-14.71260000 4.10249500e+00
-14.68260000 4.04439200e+00
-14.65260000 3.74605900e+00
-14.62260000 3.63012000e+00
-14.59260000 3.71067000e+00
-14.56090000 3.99543000e+00
-14.53090000 4.43528000e+00
-14.50090000 4.93904000e+00
-14.47090000 5.84990000e+00
-14.44090000 7.51168000e+00
-14.41090000 8.61375000e+00
-14.38090000 7.78133000e+00
-14.35090000 7.23751000e+00
-14.32090000 7.63387000e+00
-14.29090000 8.90418000e+00
-14.26090000 1.13593800e+01
-14.23090000 1.43802500e+01
-14.20090000 1.67536500e+01
-14.17090000 2.19088100e+01
-14.14090000 3.39828700e+01
-14.11090000 5.37098600e+01
-14.08090000 5.67486900e+01
-14.05090000 3.78221100e+01
-14.02090000 2.46749900e+01
-13.99090000 1.88066700e+01
-13.96090000 1.68124100e+01
-13.93090000 1.70736300e+01
-13.90090000 1.79238300e+01
-13.87090000 1.91657600e+01
-13.84090000 2.24844800e+01
-13.81090000 2.87297700e+01
-13.78090000 3.99665000e+01
-13.75090000 5.96370000e+01
-13.72090000 9.54428000e+01
-13.69090000 1.55730900e+02
-13.66090000 1.89828700e+02
-13.63090000 1.52223900e+02
-13.60090000 9.97613000e+01
-13.57090000 6.63907000e+01
-13.54090000 4.79157000e+01
-13.51090000 4.01559800e+01
-13.48090000 3.95567600e+01
-13.45090000 4.74471200e+01
-13.42090000 6.94001200e+01
-13.39090000 1.09288920e+02
-13.36090000 1.23226300e+02
-13.33090000 8.62795800e+01
-13.30090000 5.50057600e+01
-13.27090000 3.64716800e+01
-13.24090000 2.75633800e+01
-13.21090000 2.42597200e+01
-13.18090000 2.14324000e+01
-13.15090000 1.76651800e+01
-13.12090000 1.53626600e+01
-13.09090000 1.36656100e+01
-13.06090000 1.22896000e+01
-13.03090000 1.14476600e+01
-13.00090000 1.15343200e+01
-12.97090000 1.25186200e+01
-12.94090000 1.26096900e+01
-12.91090000 1.20960500e+01
-12.88090000 1.28492400e+01
-12.85090000 1.54084700e+01
-12.82090000 2.06113700e+01
-12.79090000 2.93636800e+01
-12.76090000 4.10840000e+01
-12.73090000 5.07662500e+01
-12.70090000 4.75888700e+01
-12.67090000 3.27051600e+01
-12.63930000 2.17654000e+01
-12.60930000 1.63515200e+01
-12.57930000 1.32780200e+01
-12.54930000 1.17004000e+01
-12.51930000 1.10485100e+01
-12.48930000 1.10365800e+01
-12.45930000 1.15428100e+01
-12.42930000 1.25191700e+01
-12.39930000 1.41144300e+01
-12.36930000 1.66513000e+01
-12.33930000 2.08144300e+01
-12.30930000 2.79723900e+01
-12.27930000 4.12115700e+01
-12.24930000 6.29210000e+01
-12.21930000 7.87529000e+01
-12.18930000 8.24420000e+01
-12.15930000 8.04906000e+01
-12.12930000 7.48769000e+01
-12.09930000 7.75325000e+01
-12.06930000 7.80712800e+01
-12.03930000 9.15325700e+01
-12.00930000 1.34949480e+02
-11.97930000 1.95320590e+02
-11.94930000 1.84711700e+02
-11.91930000 1.29740800e+02
-11.88930000 8.89614400e+01
-11.85930000 7.38626400e+01
-11.82930000 7.92516500e+01
-11.79930000 8.37312800e+01
-11.76930000 7.01424500e+01
-11.73930000 5.57050200e+01
-11.70930000 4.63304900e+01
-11.67930000 4.07239100e+01
-11.64930000 4.10154600e+01
-11.61930000 4.80875400e+01
-11.58930000 6.53431100e+01
-11.55930000 1.02298640e+02
-11.52930000 1.73594830e+02
-11.49930000 2.35720940e+02
-11.46930000 1.80765500e+02
-11.43930000 1.09971410e+02
-11.40930000 7.54914000e+01
-11.37930000 5.78828000e+01
-11.34930000 4.34154000e+01
-11.31930000 3.51531000e+01
-11.28930000 3.16913900e+01
-11.25930000 3.00683500e+01
-11.22930000 3.02828400e+01
-11.19930000 3.42831600e+01
-11.16930000 4.18930000e+01
-11.13930000 4.25192800e+01
-11.10930000 3.68618500e+01
-11.07930000 3.43504100e+01
-11.04930000 3.59548600e+01
-11.01930000 4.14525100e+01
-10.98930000 4.40658000e+01
-10.95930000 4.70927500e+01
-10.92930000 5.24825300e+01
-10.89930000 6.41837000e+01
-10.86930000 8.08183700e+01
-10.83930000 1.12134140e+02
-10.80930000 1.62428690e+02
-10.77930000 1.87288390e+02
-10.74930000 1.55899490e+02
-10.71760000 1.07486000e+02
-10.68760000 6.78346600e+01
-10.65760000 4.50956500e+01
-10.62760000 3.28930100e+01
-10.59760000 2.61943900e+01
-10.56760000 2.24986100e+01
-10.53760000 2.08263700e+01
-10.50760000 1.95909900e+01
-10.47760000 1.86979700e+01
-10.44760000 1.95968200e+01
-10.41760000 2.33330800e+01
-10.38760000 3.13320600e+01
-10.35760000 3.81848200e+01
-10.32760000 3.35911100e+01
-10.29760000 2.98064400e+01
-10.26760000 3.26313000e+01
-10.23760000 4.07396000e+01
-10.20760000 4.30691200e+01
-10.17760000 3.28320700e+01
-10.14760000 2.41006400e+01
-10.11760000 1.99824100e+01
-10.08760000 1.88778900e+01
-10.05760000 2.00245500e+01
-10.02760000 2.38712300e+01
-9.99761000 3.20185800e+01
-9.96761000 4.33290000e+01
-9.93761000 4.43027800e+01
-9.90761000 4.02196000e+01
-9.87761000 4.05043000e+01
-9.84761000 4.31749000e+01
-9.81761000 4.03987000e+01
-9.78761000 3.53784600e+01
-9.75761000 3.68832200e+01
-9.72761000 4.73624200e+01
-9.69761000 6.37810200e+01
-9.66761000 6.15482600e+01
-9.63761000 4.71714400e+01
-9.60761000 4.01868400e+01
-9.57761000 4.12211000e+01
-9.54761000 5.05662000e+01
-9.51761000 7.05559000e+01
-9.48761000 9.05394000e+01
-9.45761000 8.75295000e+01
-9.42761000 8.08482000e+01
-9.39761000 7.57656000e+01
-9.36761000 7.77049000e+01
-9.33761000 9.42811000e+01
-9.30761000 1.18553800e+02
-9.27761000 1.14129000e+02
-9.24761000 1.03368300e+02
-9.21761000 1.16597900e+02
-9.18761000 1.53292500e+02
-9.15761000 1.84013600e+02
-9.12761000 1.90206800e+02
-9.09761000 1.62673500e+02
-9.06761000 1.50059100e+02
-9.03761000 1.79165900e+02
-9.00761000 2.30230000e+02
-8.97761000 2.53465100e+02
-8.94761000 2.27082000e+02
-8.91761000 1.68137200e+02
-8.88761000 1.31893700e+02
-8.85761000 1.25519400e+02
-8.82761000 1.41601400e+02
-8.79596000 1.82894600e+02
-8.76596000 2.52706400e+02
-8.73596000 3.29887200e+02
-8.70596000 3.41918000e+02
-8.67596000 3.04219000e+02
-8.64596000 3.23266000e+02
-8.61596000 3.43503400e+02
-8.58596000 3.35272600e+02
-8.55596000 2.61802400e+02
-8.52596000 2.00420000e+02
-8.49596000 1.86535200e+02
-8.46596000 1.95971200e+02
-8.43596000 2.06782000e+02
-8.40596000 2.37533200e+02
-8.37596000 2.36689600e+02
-8.34596000 2.21712800e+02
-8.31596000 2.40908400e+02
-8.28596000 2.84773400e+02
-8.25596000 2.83443700e+02
-8.22596000 2.43244000e+02
-8.19596000 2.24219300e+02
-8.16596000 2.12536700e+02
-8.13596000 2.07677200e+02
-8.10596000 2.35953500e+02
-8.07596000 3.01261600e+02
-8.04596000 4.11580200e+02
-8.01596000 5.82786900e+02
-7.98596000 7.90890900e+02
-7.95596000 7.92515200e+02
-7.92596000 5.85074700e+02
-7.89596000 4.24301400e+02
-7.86596000 3.81187800e+02
-7.83596000 3.85398000e+02
-7.80596000 3.40365600e+02
-7.77596000 3.19519100e+02
-7.74596000 3.66689300e+02
-7.71596000 4.51002000e+02
-7.68596000 4.30439100e+02
-7.65596000 3.79182000e+02
-7.62596000 3.31817000e+02
-7.59596000 2.76523500e+02
-7.56596000 2.56815500e+02
-7.53596000 2.75299800e+02
-7.50596000 3.45976200e+02
-7.47596000 4.74506600e+02
-7.44596000 5.31146000e+02
-7.41596000 5.12865600e+02
-7.38596000 4.72623100e+02
-7.35596000 4.08806000e+02
-7.32596000 3.69872100e+02
-7.29596000 3.31314300e+02
-7.26596000 3.15298000e+02
-7.23596000 3.62930000e+02
-7.20596000 4.26166000e+02
-7.17596000 4.08216400e+02
-7.14596000 3.40879400e+02
-7.11596000 3.27849200e+02
-7.08596000 3.73705000e+02
-7.05596000 4.51853000e+02
-7.02596000 5.20564000e+02
-6.99596000 5.38681000e+02
-6.96596000 5.40385000e+02
-6.93596000 5.95948000e+02
-6.90596000 6.81467000e+02
-6.87432000 6.74942000e+02
-6.84432000 6.64311000e+02
-6.81432000 6.63922000e+02
-6.78432000 6.38444000e+02
-6.75432000 5.31308700e+02
-6.72432000 3.68105300e+02
-6.69432000 2.64795100e+02
-6.66432000 2.17358700e+02
-6.63432000 2.01258800e+02
-6.60432000 2.06050200e+02
-6.57432000 2.10905600e+02
-6.54432000 2.19369100e+02
-6.51432000 2.54868500e+02
-6.48432000 3.27960600e+02
-6.45432000 4.39003500e+02
-6.42432000 5.58575000e+02
-6.39432000 6.82500000e+02
-6.36432000 6.79925000e+02
-6.33432000 5.06200000e+02
-6.30432000 3.61393000e+02
-6.27432000 3.08765400e+02
-6.24432000 3.09597800e+02
-6.21432000 3.18487400e+02
-6.18432000 3.42746700e+02
-6.15432000 3.73278200e+02
-6.12432000 4.03203000e+02
-6.09432000 4.25188000e+02
-6.06432000 4.39241000e+02
-6.03432000 5.22473000e+02
-6.00432000 7.07004000e+02
-5.97432000 8.91827000e+02
-5.94432000 9.16350000e+02
-5.91432000 9.17234000e+02
-5.88432000 8.21491000e+02
-5.85432000 7.29518000e+02
-5.82432000 8.16020000e+02
-5.79432000 8.71853000e+02
-5.76432000 7.09054200e+02
-5.73432000 5.47377900e+02
-5.70432000 4.51384000e+02
-5.67432000 4.15584800e+02
-5.64432000 3.91286600e+02
-5.61432000 3.33731500e+02
-5.58432000 2.94572100e+02
-5.55432000 3.04584000e+02
-5.52432000 3.25087100e+02
-5.49432000 3.34877000e+02
-5.46432000 2.86127000e+02
-5.43432000 2.43502300e+02
-5.40432000 2.51341200e+02
-5.37432000 2.79246800e+02
-5.34432000 2.73424000e+02
-5.31432000 2.56271200e+02
-5.28432000 2.73179900e+02
-5.25432000 3.15035000e+02
-5.22432000 3.79055800e+02
-5.19432000 4.47943100e+02
-5.16432000 3.97119300e+02
-5.13432000 3.25965400e+02
-5.10432000 3.18894700e+02
-5.07432000 3.55910600e+02
-5.04432000 3.30170300e+02
-5.01432000 2.67049900e+02
-4.98432000 2.28405200e+02
-4.95267000 2.00722300e+02
-4.92267000 2.10661500e+02
-4.89267000 2.30798200e+02
-4.86267000 2.15088500e+02
-4.83267000 1.91529600e+02
-4.80267000 1.82432200e+02
-4.77267000 2.04833900e+02
-4.74267000 2.63966700e+02
-4.71267000 2.65849400e+02
-4.68267000 2.02843200e+02
-4.65267000 1.53017600e+02
-4.62267000 1.28801500e+02
-4.59267000 1.27769100e+02
-4.56267000 1.39521700e+02
-4.53267000 1.56318000e+02
-4.50267000 1.56044500e+02
-4.47267000 1.39473900e+02
-4.44267000 1.31349800e+02
-4.41267000 1.38343600e+02
-4.38267000 1.57655800e+02
-4.35267000 1.68552800e+02
-4.32267000 1.96128500e+02
-4.29267000 2.72478110e+02
-4.26267000 3.66962300e+02
-4.23267000 3.87950700e+02
-4.20267000 3.11386000e+02
-4.17267000 2.29119200e+02
-4.14267000 1.83251900e+02
-4.11267000 1.64715700e+02
-4.08267000 1.56909700e+02
-4.05267000 1.37796400e+02
-4.02267000 1.19091600e+02
-3.99267000 1.15119400e+02
-3.96267000 1.27116000e+02
-3.93267000 1.53359800e+02
-3.90267000 1.78712200e+02
-3.87267000 1.83807800e+02
-3.84267000 1.50369200e+02
-3.81267000 1.20801400e+02
-3.78267000 1.06160900e+02
-3.75267000 1.09233100e+02
-3.72267000 1.27478500e+02
-3.69267000 1.56825200e+02
-3.66267000 2.08623300e+02
-3.63267000 2.51428700e+02
-3.60267000 2.50486400e+02
-3.57267000 2.59265400e+02
-3.54267000 2.82511800e+02
-3.51267000 2.35082600e+02
-3.48267000 1.60946700e+02
-3.45267000 1.09336600e+02
-3.42267000 7.91705000e+01
-3.39267000 6.10743000e+01
-3.36267000 4.84597000e+01
-3.33267000 4.11867000e+01
-3.30267000 3.86067000e+01
-3.27267000 3.84515000e+01
-3.24267000 3.92804000e+01
-3.21267000 4.08488000e+01
-3.18267000 4.05448000e+01
-3.15267000 3.83213000e+01
-3.12267000 3.93728000e+01
-3.09267000 4.17238000e+01
-3.06267000 4.31400000e+01
-3.03102000 4.71480000e+01
-3.00102000 5.76476000e+01
-2.97102000 7.23908000e+01
-2.94102000 7.21348000e+01
-2.91102000 7.07167000e+01
-2.88102000 8.88505000e+01
-2.85102000 1.31053640e+02
-2.82102000 1.56194750e+02
-2.79102000 1.17611210e+02
-2.76102000 8.05946700e+01
-2.73102000 6.51139000e+01
-2.70102000 6.00748700e+01
-2.67102000 6.02207700e+01
-2.64102000 7.10275200e+01
-2.61102000 8.09500800e+01
-2.58102000 7.16363600e+01
-2.55102000 6.46174600e+01
-2.52102000 6.49233400e+01
-2.49102000 5.95592400e+01
-2.46102000 5.76641500e+01
-2.43102000 6.78884400e+01
-2.40102000 7.35095100e+01
-2.37102000 6.08772600e+01
-2.34102000 4.66522100e+01
-2.31102000 3.77204600e+01
-2.28102000 3.32190500e+01
-2.25102000 3.19912000e+01
-2.22102000 3.57346900e+01
-2.19102000 4.49709000e+01
-2.16102000 5.27623500e+01
-2.13102000 5.37025200e+01
-2.10102000 5.51657400e+01
-2.07102000 5.06349900e+01
-2.04102000 3.95467800e+01
-2.01102000 3.32622300e+01
-1.98102000 3.27303700e+01
-1.95102000 3.73389300e+01
-1.92102000 4.23940200e+01
-1.89102000 3.99251300e+01
-1.86102000 3.80028300e+01
-1.83102000 3.91447200e+01
-1.80102000 4.13472100e+01
-1.77102000 4.51246500e+01
-1.74102000 5.15538100e+01
-1.71102000 6.91899600e+01
-1.68102000 1.02745770e+02
-1.65102000 1.25252790e+02
-1.62102000 1.02409900e+02
-1.59102000 7.96059600e+01
-1.56102000 7.16833800e+01
-1.53102000 6.63247800e+01
-1.50102000 5.69902800e+01
-1.47102000 4.98230100e+01
-1.44102000 4.44833400e+01
-1.41102000 4.21602400e+01
-1.38102000 4.37834000e+01
-1.35102000 4.97847100e+01
-1.32102000 6.01209700e+01
-1.29102000 6.93249900e+01
-1.26102000 6.90899900e+01
-1.23102000 6.62274000e+01
-1.20102000 6.46332900e+01
-1.17102000 6.19477300e+01
-1.14102000 5.94101600e+01
-1.10938000 5.97266100e+01
-1.07938000 6.56822900e+01
-1.04938000 6.92640200e+01
-1.01938000 7.12081400e+01
-0.98937700 8.45924900e+01
-0.95937700 1.16239120e+02
-0.92937700 1.58939100e+02
-0.89937700 1.51078800e+02
-0.86937700 9.92387000e+01
-0.83937700 6.66948200e+01
-0.80937700 5.05774200e+01
-0.77937700 4.26365600e+01
-0.74937700 4.08144400e+01
-0.71937700 4.49824800e+01
-0.68937700 5.35611900e+01
-0.65937700 6.20668100e+01
-0.62937700 6.26047500e+01
-0.59937700 6.00659300e+01
-0.56937700 6.83698100e+01
-0.53937700 7.71967400e+01
-0.50937700 6.76910500e+01
-0.47937700 5.33763900e+01
-0.44937700 4.52877000e+01
-0.41937700 4.38378200e+01
-0.38937700 4.18579900e+01
-0.35937700 3.59391800e+01
-0.32937700 3.16267700e+01
-0.29937700 2.92836200e+01
-0.26937700 2.86920200e+01
-0.23937700 3.25483400e+01
-0.20937700 3.77437600e+01
-0.17937700 3.61117200e+01
-0.14937700 3.00653800e+01
-0.11937700 2.64278700e+01
-0.08937690 2.69708500e+01
-0.05937690 2.95662400e+01
-0.02937690 3.18954300e+01
0.00062313 3.41121300e+01
0.03062310 3.34054900e+01
0.06062310 3.03781400e+01
0.09062310 2.40496600e+01
0.12062300 1.92442600e+01
0.15062300 1.62966700e+01
0.18062300 1.36684600e+01
0.21062300 1.22782700e+01
0.24062300 1.24816500e+01
0.27062300 1.37007500e+01
0.30062300 1.29749100e+01
0.33062300 1.17983100e+01
0.36062300 1.22507300e+01
0.39062300 1.36806300e+01
0.42062300 1.40676100e+01
0.45062300 1.23561700e+01
0.48062300 1.12034400e+01
0.51062300 1.12892800e+01
0.54062300 1.18717100e+01
0.57062300 1.16780200e+01
0.60062300 1.04392100e+01
0.63062300 9.87279000e+00
0.66062300 9.93565000e+00
0.69062300 9.75572000e+00
0.72062300 1.02059000e+01
0.75062300 1.07792000e+01
0.78062300 1.06153100e+01
