# E(MeV)  S_NSDRNSDR(Total=K0+2*K1) for Ag131_DDPCX
-15.51120000 -1.44524300e-01
-15.48120000 -1.09478200e-01
-15.45120000 -4.11552000e-02
-15.42120000 1.03305600e-01
-15.39120000 3.85187600e-01
-15.36120000 5.78561900e-01
-15.33120000 1.30642000e-01
-15.30120000 -5.70637400e-01
-15.27120000 -1.45866090e+00
-15.24120000 -2.49045990e+00
-15.21120000 -2.32812170e+00
-15.18120000 -1.39369800e+00
-15.15120000 -8.16888500e-01
-15.12120000 -5.29671000e-01
-15.09120000 -3.78505400e-01
-15.06120000 -2.91525800e-01
-15.03120000 -2.37257600e-01
-15.00120000 -2.01013300e-01
-14.97120000 -1.75385800e-01
-14.94120000 -1.56371700e-01
-14.91120000 -1.41672400e-01
-14.88120000 -1.29901200e-01
-14.85120000 -1.20183800e-01
-14.82120000 -1.11948800e-01
-14.79120000 -1.04810300e-01
-14.76120000 -9.85008000e-02
-14.73120000 -9.28294000e-02
-14.70120000 -8.76579000e-02
-14.67120000 -8.28827000e-02
-14.64120000 -7.84262000e-02
-14.61120000 -7.42281000e-02
-14.58120000 -7.02413000e-02
-14.55120000 -6.64281000e-02
-14.52120000 -6.27577000e-02
-14.49120000 -5.92047000e-02
-14.46120000 -5.57481000e-02
-14.43120000 -5.23688000e-02
-14.40120000 -4.90506000e-02
-14.37120000 -4.57783000e-02
-14.34120000 -4.25380000e-02
-14.31120000 -3.93158000e-02
-14.28120000 -3.60978000e-02
-14.25120000 -3.28696600e-02
-14.22120000 -2.96152800e-02
-14.19120000 -2.63169800e-02
-14.16120000 -2.29539200e-02
-14.13120000 -1.95006600e-02
-14.10120000 -1.59259300e-02
-14.07120000 -1.21889700e-02
-14.04120000 -8.23577200e-03
-14.01120000 -3.99215400e-03
-13.98120000 6.47440000e-04
-13.95120000 5.83885000e-03
-13.92120000 1.18222010e-02
-13.87890000 2.24185300e-02
-13.84890000 3.24927800e-02
-13.81890000 4.64133000e-02
-13.78890000 6.74308700e-02
-13.75890000 1.02724800e-01
-13.72890000 1.68371200e-01
-13.69890000 2.86552500e-01
-13.66890000 3.81295300e-01
-13.63890000 2.97358100e-01
-13.60890000 1.98687500e-01
-13.57890000 1.54797700e-01
-13.54890000 1.45176300e-01
-13.51890000 1.58111700e-01
-13.48890000 1.94202600e-01
-13.45890000 2.66380000e-01
-13.42890000 4.09638000e-01
-13.39890000 6.96816800e-01
-13.36890000 1.11393580e+00
-13.33890000 1.09033940e+00
-13.30890000 6.74764000e-01
-13.27890000 4.04361200e-01
-13.24890000 2.70594200e-01
-13.21890000 2.02314600e-01
-13.18890000 1.65191800e-01
-13.15890000 1.44150100e-01
-13.12890000 1.32159800e-01
-13.09890000 1.25692800e-01
-13.06890000 1.22861000e-01
-13.03890000 1.22610000e-01
-13.00890000 1.24343300e-01
-12.97890000 1.27738800e-01
-12.94890000 1.32659300e-01
-12.91890000 1.39115200e-01
-12.88890000 1.47262600e-01
-12.85890000 1.57440100e-01
-12.82890000 1.70265900e-01
-12.79890000 1.86858700e-01
-12.76890000 2.09333400e-01
-12.73890000 2.41623500e-01
-12.70890000 2.87692700e-01
-12.67890000 3.45407700e-01
-12.64890000 4.19464600e-01
-12.61890000 5.18898000e-01
-12.58890000 6.68533000e-01
-12.55890000 9.16407000e-01
-12.52890000 1.32569500e+00
-12.49890000 1.70747800e+00
-12.46890000 1.75662000e+00
-12.43890000 1.83784400e+00
-12.40890000 1.49314400e+00
-12.37890000 9.83626000e-01
-12.34890000 6.95912000e-01
-12.31890000 5.56095000e-01
-12.28890000 4.88119000e-01
-12.24650000 4.50811000e-01
-12.21650000 4.47056800e-01
-12.18650000 4.55251000e-01
-12.15650000 4.72748400e-01
-12.12650000 4.98419600e-01
-12.09650000 5.32065500e-01
-12.06650000 5.74159400e-01
-12.03650000 6.25775000e-01
-12.00650000 6.88623400e-01
-11.97650000 7.65198600e-01
-11.94650000 8.59021300e-01
-11.91650000 9.75073300e-01
-11.88650000 1.12048990e+00
-11.85650000 1.30568260e+00
-11.82650000 1.54628200e+00
-11.79650000 1.86646800e+00
-11.76650000 2.30490400e+00
-11.73650000 2.92671900e+00
-11.70650000 3.84911300e+00
-11.67650000 5.29520700e+00
-11.64650000 7.72108300e+00
-11.61650000 1.21407680e+01
-11.58650000 2.08503560e+01
-11.55650000 3.72597910e+01
-11.52650000 5.15495420e+01
-11.49650000 3.88561730e+01
-11.46650000 2.20932760e+01
-11.43650000 1.31848350e+01
-11.40650000 8.92942000e+00
-11.37650000 7.03985000e+00
-11.34650000 6.74023000e+00
-11.31650000 8.10320000e+00
-11.28650000 1.03292800e+01
-11.25650000 8.97305000e+00
-11.22650000 5.90130800e+00
-11.19650000 4.24523200e+00
-11.16650000 3.74384000e+00
-11.13650000 3.47600800e+00
-11.10650000 2.63203100e+00
-11.07650000 1.92205600e+00
-11.04650000 1.51853800e+00
-11.01650000 1.29136000e+00
-10.98650000 1.17199300e+00
-10.95650000 1.13498400e+00
-10.92650000 1.17028300e+00
-10.89650000 1.26839900e+00
-10.86650000 1.35429100e+00
-10.83650000 1.48478300e+00
-10.80650000 1.47280700e+00
-10.77650000 1.35130600e+00
-10.74650000 1.26238900e+00
-10.71650000 1.25619000e+00
-10.68650000 1.30524500e+00
-10.65650000 1.44035300e+00
-10.61420000 1.90736600e+00
-10.58420000 2.50090900e+00
-10.55420000 2.83204400e+00
-10.52420000 2.63077800e+00
-10.49420000 2.16414100e+00
-10.46420000 2.15777600e+00
-10.43420000 2.17228700e+00
-10.40420000 1.60885600e+00
-10.37420000 1.12600200e+00
-10.34420000 8.69466000e-01
-10.31420000 7.33571000e-01
-10.28420000 6.56766000e-01
-10.25420000 6.11294000e-01
-10.22420000 5.84088000e-01
-10.19420000 5.68508000e-01
-10.16420000 5.60920000e-01
-10.13420000 5.59238000e-01
-10.10420000 5.62213000e-01
-10.07420000 5.69090000e-01
-10.04420000 5.79424000e-01
-10.01420000 5.92973000e-01
-9.98418000 6.09646000e-01
-9.95418000 6.29469000e-01
-9.92418000 6.52564000e-01
-9.89418000 6.79144000e-01
-9.86418000 7.09519000e-01
-9.83418000 7.44095000e-01
-9.80418000 7.83399000e-01
-9.77418000 8.28097000e-01
-9.74418000 8.79025000e-01
-9.71418000 9.37234000e-01
-9.68418000 1.00405800e+00
-9.65418000 1.08119900e+00
-9.62418000 1.17085800e+00
-9.59418000 1.27590700e+00
-9.56418000 1.40016500e+00
-9.53418000 1.54880200e+00
-9.50418000 1.72895500e+00
-9.47418000 1.95073400e+00
-9.44418000 2.22884200e+00
-9.41418000 2.58538200e+00
-9.38418000 3.05488200e+00
-9.35418000 3.69366500e+00
-9.32418000 4.59863300e+00
-9.29418000 5.94734600e+00
-9.26418000 8.08955200e+00
-9.23418000 1.17718700e+01
-9.20418000 1.86887790e+01
-9.17418000 3.23186620e+01
-9.14418000 5.27721000e+01
-9.11418000 5.36449100e+01
-9.08418000 3.41077200e+01
-9.05418000 2.12448800e+01
-9.02418000 1.54635500e+01
-8.98183000 1.33538200e+01
-8.95183000 1.47255600e+01
-8.92183000 1.89906300e+01
-8.89183000 2.80976200e+01
-8.86183000 4.24831000e+01
-8.83183000 5.48616000e+01
-8.80183000 6.98149000e+01
-8.77183000 6.92565000e+01
-8.74183000 5.46988000e+01
-8.71183000 5.27441800e+01
-8.68183000 4.75148600e+01
-8.65183000 3.17679800e+01
-8.62183000 2.18672600e+01
-8.59183000 1.74899500e+01
-8.56183000 1.53542700e+01
-8.53183000 1.60077000e+01
-8.50183000 1.68183900e+01
-8.47183000 1.40631900e+01
-8.44183000 1.03537000e+01
-8.41183000 8.38849000e+00
-8.38183000 8.27655000e+00
-8.35183000 9.16501000e+00
-8.32183000 8.49258000e+00
-8.29183000 7.04711000e+00
-8.26183000 6.60243000e+00
-8.23183000 7.33191000e+00
-8.20183000 9.10176000e+00
-8.17183000 1.13103100e+01
-8.14183000 1.55039500e+01
-8.11183000 2.23874800e+01
-8.08183000 2.53796200e+01
-8.05183000 2.39673500e+01
-8.02183000 2.40528600e+01
-7.99183000 2.13431700e+01
-7.96183000 1.75242500e+01
-7.93183000 1.79316100e+01
-7.90183000 1.82704800e+01
-7.87183000 1.48098100e+01
-7.84183000 1.00348500e+01
-7.81183000 7.39422000e+00
-7.78183000 6.62503000e+00
-7.75183000 6.78695000e+00
-7.72183000 6.21141000e+00
-7.69183000 5.66219000e+00
-7.66183000 6.17048000e+00
-7.63183000 6.93052000e+00
-7.60183000 7.43158000e+00
-7.57183000 9.49002000e+00
-7.54183000 1.15488100e+01
-7.51183000 9.32297000e+00
-7.48183000 6.72068000e+00
-7.45183000 5.31233000e+00
-7.42183000 4.83745000e+00
-7.39183000 5.35587000e+00
-7.34948000 7.89412000e+00
-7.31948000 1.08135430e+01
-7.28948000 1.18648070e+01
-7.25948000 8.89496500e+00
-7.22948000 5.96946500e+00
-7.19948000 4.28476400e+00
-7.16948000 3.45899200e+00
-7.13948000 3.08023500e+00
-7.10948000 2.94178500e+00
-7.07948000 2.96566300e+00
-7.04948000 3.12540000e+00
-7.01948000 3.42296000e+00
-6.98948000 3.88726000e+00
-6.95948000 4.58181000e+00
-6.92948000 5.62664000e+00
-6.89948000 7.24111000e+00
-6.86948000 9.82367000e+00
-6.83948000 1.42552500e+01
-6.80948000 2.23880800e+01
-6.77948000 3.64126400e+01
-6.74948000 5.43407000e+01
-6.71948000 6.41841000e+01
-6.68948000 5.60371000e+01
-6.65948000 4.67570000e+01
-6.62948000 4.36976000e+01
-6.59948000 3.30955800e+01
-6.56948000 2.28997100e+01
-6.53948000 1.68243500e+01
-6.50948000 1.34257800e+01
-6.47948000 1.19171300e+01
-6.44948000 1.30764300e+01
-6.41948000 1.61081700e+01
-6.38948000 1.73580000e+01
-6.35948000 1.50236700e+01
-6.32948000 1.11862200e+01
-6.29948000 9.27301000e+00
-6.26948000 8.53838000e+00
-6.23948000 8.06639000e+00
-6.20948000 7.62434000e+00
-6.17948000 7.53552000e+00
-6.14948000 8.72659000e+00
-6.11948000 1.05177400e+01
-6.08948000 1.23672700e+01
-6.05948000 1.62052300e+01
-6.02948000 2.06778800e+01
-5.99948000 2.33504200e+01
-5.96948000 2.56995000e+01
-5.93948000 1.96542000e+01
-5.90948000 1.23213500e+01
-5.87948000 8.55995000e+00
-5.84948000 7.07815000e+00
-5.81948000 6.49404000e+00
-5.78948000 6.22042000e+00
-5.75948000 6.92027000e+00
-5.71713000 6.95604000e+00
-5.68713000 5.81449000e+00
-5.65713000 4.38244000e+00
-5.62713000 3.18264000e+00
-5.59713000 2.56132000e+00
-5.56713000 2.32840200e+00
-5.53713000 2.37174900e+00
-5.50713000 2.57383200e+00
-5.47713000 3.04180000e+00
-5.44713000 4.04894900e+00
-5.41713000 4.83563100e+00
-5.38713000 4.41605100e+00
-5.35713000 3.69910500e+00
-5.32713000 3.05089100e+00
-5.29713000 2.53718400e+00
-5.26713000 2.45572300e+00
-5.23713000 2.88313600e+00
-5.20713000 3.61135300e+00
-5.17713000 3.55543400e+00
-5.14713000 3.11204500e+00
-5.11713000 2.86373500e+00
-5.08713000 2.92485600e+00
-5.05713000 3.30656800e+00
-5.02713000 4.30896600e+00
-4.99713000 6.46537000e+00
-4.96713000 9.74428500e+00
-4.93713000 1.19631630e+01
-4.90713000 1.20928300e+01
-4.87713000 9.95916000e+00
-4.84713000 8.60134000e+00
-4.81713000 7.24981000e+00
-4.78713000 6.16087000e+00
-4.75713000 5.19363000e+00
-4.72713000 4.40171000e+00
-4.69713000 4.57995000e+00
-4.66713000 6.00716000e+00
-4.63713000 7.55644000e+00
-4.60713000 6.33842000e+00
-4.57713000 4.73571000e+00
-4.54713000 4.03505000e+00
-4.51713000 3.43381000e+00
-4.48713000 3.01118000e+00
-4.45713000 3.14614400e+00
-4.42713000 4.01039000e+00
-4.39713000 5.44477800e+00
-4.36713000 5.94480800e+00
-4.33713000 4.48293800e+00
-4.30713000 3.51750400e+00
-4.27713000 3.59638000e+00
-4.24713000 4.33491200e+00
-4.21713000 4.23090200e+00
-4.18713000 3.44576800e+00
-4.15713000 3.21788000e+00
-4.12713000 3.80734700e+00
-4.08478000 6.33526500e+00
-4.05478000 6.76857000e+00
-4.02478000 4.58159500e+00
-3.99478000 2.97054500e+00
-3.96478000 2.25390000e+00
-3.93478000 2.08831900e+00
-3.90478000 2.38395800e+00
-3.87478000 3.05089800e+00
-3.84478000 3.45271800e+00
-3.81478000 2.70225800e+00
-3.78478000 1.89420500e+00
-3.75478000 1.52662100e+00
-3.72478000 1.47558500e+00
-3.69478000 1.72414400e+00
-3.66478000 2.38064400e+00
-3.63478000 3.06035900e+00
-3.60478000 2.59348600e+00
-3.57478000 1.90981900e+00
-3.54478000 1.53687800e+00
-3.51478000 1.38505200e+00
-3.48478000 1.48057800e+00
-3.45478000 1.78123600e+00
-3.42478000 1.87395500e+00
-3.39478000 1.74811600e+00
-3.36478000 1.94343200e+00
-3.33478000 2.53611000e+00
-3.30478000 3.21760400e+00
-3.27478000 3.22216600e+00
-3.24478000 2.40374200e+00
-3.21478000 1.73470500e+00
-3.18478000 1.33532000e+00
-3.15478000 1.15952900e+00
-3.12478000 1.14715000e+00
-3.09478000 1.25481100e+00
-3.06478000 1.40189400e+00
-3.03478000 1.57169000e+00
-3.00478000 1.97418600e+00
-2.97478000 2.78653200e+00
-2.94478000 3.89176000e+00
-2.91478000 4.79549000e+00
-2.88478000 4.89300000e+00
-2.85478000 4.49176000e+00
-2.82478000 4.52829000e+00
-2.79478000 5.99876000e+00
-2.76478000 7.75718300e+00
-2.73478000 6.35353600e+00
-2.70478000 3.97831000e+00
-2.67478000 2.69309700e+00
-2.64478000 2.15750500e+00
-2.61478000 2.06175700e+00
-2.58478000 2.37444000e+00
-2.55478000 2.93764200e+00
-2.52478000 3.45171000e+00
-2.49478000 3.56600200e+00
-2.45243000 2.74313400e+00
-2.42243000 2.47631900e+00
-2.39243000 2.90077000e+00
-2.36243000 4.11430900e+00
-2.33243000 5.30270800e+00
-2.30243000 5.10303000e+00
-2.27243000 4.53956000e+00
-2.24243000 3.51746400e+00
-2.21243000 2.36350400e+00
-2.18243000 1.69333200e+00
-2.15243000 1.43818400e+00
-2.12243000 1.46119000e+00
-2.09243000 1.63582400e+00
-2.06243000 1.92436900e+00
-2.03243000 1.98701700e+00
-2.00243000 1.54311400e+00
-1.97243000 1.06855000e+00
-1.94243000 7.97428000e-01
-1.91243000 6.62993000e-01
-1.88243000 6.16373000e-01
-1.85243000 6.34511000e-01
-1.82243000 6.94175000e-01
-1.79243000 7.32547000e-01
-1.76243000 6.81993000e-01
-1.73243000 5.84678000e-01
-1.70243000 4.92108000e-01
-1.67243000 4.35536000e-01
-1.64243000 3.97420000e-01
-1.61243000 3.67494000e-01
-1.58243000 3.39631000e-01
-1.55243000 3.20466000e-01
-1.52243000 3.08332800e-01
-1.49243000 2.98508400e-01
-1.46243000 2.98303600e-01
-1.43243000 3.06155000e-01
-1.40243000 3.09265000e-01
-1.37243000 3.08388700e-01
-1.34243000 3.04500000e-01
-1.31243000 3.02199400e-01
-1.28243000 2.98159200e-01
-1.25243000 3.02764200e-01
-1.22243000 3.22955600e-01
-1.19243000 3.57363400e-01
-1.16243000 3.78399600e-01
-1.13243000 4.04463200e-01
-1.10243000 4.84491000e-01
-1.07243000 6.29667000e-01
-1.04243000 6.91530000e-01
-1.01243000 6.42990000e-01
-0.98243000 6.30434000e-01
-0.95243000 5.93126000e-01
-0.92243000 5.40556000e-01
-0.89243000 4.82466000e-01
-0.86243000 4.64623000e-01
-0.82008000 5.39681000e-01
-0.79008000 6.61030000e-01
-0.76008000 6.96486000e-01
-0.73008000 6.38137000e-01
-0.70008000 6.19901000e-01
-0.67008000 6.87791000e-01
-0.64008000 8.67368000e-01
-0.61008000 1.21473800e+00
-0.58008000 1.62665200e+00
-0.55008000 1.68850200e+00
-0.52008000 1.85414000e+00
-0.49008000 2.47816600e+00
-0.46008000 3.37937000e+00
-0.43008000 3.96686200e+00
-0.40008000 3.19223800e+00
-0.37008000 2.16598800e+00
-0.34008000 1.44497300e+00
-0.31008000 1.11098400e+00
-0.28008000 1.04003600e+00
-0.25008000 1.05623600e+00
-0.22008000 9.29479000e-01
-0.19008000 8.14934000e-01
-0.16008000 8.15901000e-01
-0.13008000 8.55889000e-01
-0.10008000 8.26374000e-01
-0.07008010 7.07220000e-01
-0.04008010 6.02248000e-01
-0.01008010 5.21629000e-01
0.01991990 4.90649000e-01
0.04991990 5.06622000e-01
0.07991990 5.26079000e-01
0.10992000 5.07437000e-01
0.13992000 4.93054000e-01
0.16992000 4.50905000e-01
0.19992000 4.06574000e-01
0.22992000 4.01274000e-01
0.25992000 4.29152000e-01
0.28992000 4.70671000e-01
0.31992000 5.12988000e-01
0.34992000 5.25986000e-01
0.37992000 5.39412000e-01
0.40992000 5.81547000e-01
0.43992000 6.73662000e-01
0.46992000 7.34421000e-01
0.49992000 7.87288000e-01
0.52992000 9.20055000e-01
0.55992000 9.00570000e-01
0.58992000 7.28872000e-01
0.61992000 6.18804000e-01
0.64992000 5.59462000e-01
0.67992000 5.49314000e-01
0.70992000 5.83344000e-01
0.73992000 6.70767000e-01
0.76992000 8.42125000e-01
