# E(MeV)  S_NSDRNSDR(Total=K0+2*K1) for Am247_DDPCX
-1.61271000 8.96026000e-02
-1.58271000 1.03527600e-01
-1.55271000 1.17688400e-01
-1.52271000 1.32127100e-01
-1.49271000 1.46889100e-01
-1.46271000 1.62023820e-01
-1.43271000 1.77585400e-01
-1.40271000 1.93633740e-01
-1.37022000 2.11644900e-01
-1.34022000 2.28930874e-01
-1.31022000 2.46935870e-01
-1.28022000 2.65755850e-01
-1.25022000 2.85500860e-01
-1.22022000 3.06296980e-01
-1.19022000 3.28290400e-01
-1.16022000 3.51651200e-01
-1.12772000 3.78729700e-01
-1.09772000 4.05618500e-01
-1.06772000 4.34608300e-01
-1.03772000 4.66041700e-01
-1.00772000 5.00325500e-01
-0.97771700 5.37956500e-01
-0.94771700 5.79547900e-01
-0.91771700 6.25854900e-01
-0.88521800 6.82451400e-01
-0.85521800 7.41938300e-01
-0.82521800 8.10000100e-01
-0.79521800 8.88699200e-01
-0.76521800 9.80774000e-01
-0.73521800 1.08990340e+00
-0.70521800 1.22114640e+00
-0.67521800 1.38159480e+00
-0.64272000 1.60029110e+00
-0.61272000 1.86004050e+00
-0.58272000 2.19968140e+00
-0.55272000 2.65712580e+00
-0.52272000 3.29550210e+00
-0.49272000 4.22543960e+00
-0.46272000 5.65352840e+00
-0.43272000 7.99491960e+00
-0.40022200 1.26310734e+01
-0.37022200 2.11395224e+01
-0.34022200 3.77799360e+01
-0.31022200 5.76749510e+01
-0.28022200 4.94387860e+01
-0.25022200 2.86016620e+01
-0.22022200 1.64485420e+01
-0.19022200 1.03778930e+01
-0.15772300 6.96383800e+00
-0.12772300 5.19017300e+00
-0.09772340 4.09428300e+00
-0.06772340 3.38293100e+00
-0.03772340 2.90518700e+00
-0.00772339 2.57822800e+00
0.02227660 2.35450200e+00
0.05227660 2.20618400e+00
0.08477500 2.11330000e+00
0.11477500 2.08559600e+00
0.14477500 2.12366700e+00
0.17477500 2.26212900e+00
0.20477500 2.54423800e+00
0.23477500 2.74674400e+00
0.26477500 2.56078600e+00
0.29477500 2.39491900e+00
0.32727300 2.37020100e+00
0.35727300 2.43637400e+00
0.38727300 2.55964000e+00
0.41727300 2.73234800e+00
0.44727300 2.95674200e+00
0.47727300 3.24202100e+00
0.50727300 3.60430500e+00
0.53727300 4.06923000e+00
0.56977200 4.73628700e+00
0.59977200 5.57527100e+00
0.62977200 6.74889700e+00
0.65977200 8.47346000e+00
0.68977200 1.11762100e+01
0.71977200 1.57683700e+01
0.74977200 2.42093900e+01
0.77977200 3.89482100e+01
