# E(MeV)  S_NSDRNSDR(K=1) for Am247_DDPCX
-1.61271000 5.41130000e-02
-1.58271000 6.00544000e-02
-1.55271000 6.61177000e-02
-1.52271000 7.23231000e-02
-1.49271000 7.86923000e-02
-1.46271000 8.52491000e-02
-1.43271000 9.20197000e-02
-1.40271000 9.90331000e-02
-1.37022000 1.06942000e-01
-1.34022000 1.14570000e-01
-1.31022000 1.22554000e-01
-1.28022000 1.30941000e-01
-1.25022000 1.39785000e-01
-1.22022000 1.49148000e-01
-1.19022000 1.59102000e-01
-1.16022000 1.69731000e-01
-1.12772000 1.82120000e-01
-1.09772000 1.94491000e-01
-1.06772000 2.07900000e-01
-1.03772000 2.22517000e-01
-1.00772000 2.38544000e-01
-0.97771700 2.56228000e-01
-0.94771700 2.75874000e-01
-0.91771700 2.97858000e-01
-0.88521800 3.24865000e-01
-0.85521800 3.53392000e-01
-0.82521800 3.86181000e-01
-0.79521800 4.24261000e-01
-0.76521800 4.68999000e-01
-0.73521800 5.22232000e-01
-0.70521800 5.86487000e-01
-0.67521800 6.65307000e-01
-0.64272000 7.73088000e-01
-0.61272000 9.01470000e-01
-0.58272000 1.06975000e+00
-0.55272000 1.29688000e+00
-0.52272000 1.61442000e+00
-0.49272000 2.07768000e+00
-0.46272000 2.78995000e+00
-0.43272000 3.95880000e+00
-0.40022200 6.27479000e+00
-0.37022200 1.05270000e+01
-0.34022200 1.88451000e+01
-0.31022200 2.87904000e+01
-0.28022200 2.46700000e+01
-0.25022200 1.42490000e+01
-0.22022200 8.16987000e+00
-0.19022200 5.13183000e+00
-0.15772300 3.42168000e+00
-0.12772300 2.53178000e+00
-0.09772340 1.98057000e+00
-0.06772340 1.62141000e+00
-0.03772340 1.37881000e+00
-0.00772339 1.21133000e+00
0.02227660 1.09516000e+00
0.05227660 1.01635000e+00
0.08477500 9.64429000e-01
0.11477500 9.45056000e-01
0.14477500 9.58062000e-01
0.17477500 1.02068000e+00
0.20477500 1.15445000e+00
0.23477500 1.24764000e+00
0.26477500 1.14569000e+00
0.29477500 1.05272000e+00
0.32727300 1.02806000e+00
0.35727300 1.04821000e+00
0.38727300 1.09507000e+00
0.41727300 1.16442000e+00
0.44727300 1.25687000e+00
0.47727300 1.37635000e+00
0.50727300 1.53003000e+00
0.53727300 1.72952000e+00
0.56977200 2.01916000e+00
0.59977200 2.38802000e+00
0.62977200 2.91086000e+00
0.65977200 3.69047000e+00
0.68977200 4.93212000e+00
0.71977200 7.07775000e+00
0.74977200 1.10836000e+01
0.77977200 1.81311000e+01
