# E(MeV)  S_GAMTGAMT(K=1) for Am247_DDPCX
-1.61271000 1.63921000e-03
-1.58271000 2.00749000e-05
-1.55271000 -2.60203000e-03
-1.52271000 -3.00265000e-03
-1.49271000 -1.08171000e-04
-1.46271000 2.30289000e-03
-1.43271000 3.92605000e-03
-1.40271000 4.41836000e-03
-1.37022000 4.10162000e-03
-1.34022000 3.92393000e-03
-1.31022000 3.87457000e-03
-1.28022000 3.87933000e-03
-1.25022000 3.90507000e-03
-1.22022000 3.93897000e-03
-1.19022000 3.97607000e-03
-1.16022000 4.01445000e-03
-1.12772000 4.05674000e-03
-1.09772000 4.09644000e-03
-1.06772000 4.13716000e-03
-1.03772000 4.17922000e-03
-1.00772000 4.22044000e-03
-0.97771700 4.26025000e-03
-0.94771700 4.30186000e-03
-0.91771700 4.34582000e-03
-0.88521800 4.39608000e-03
-0.85521800 4.44516000e-03
-0.82521800 4.49725000e-03
-0.79521800 4.55295000e-03
-0.76521800 4.61300000e-03
-0.73521800 4.67836000e-03
-0.70521800 4.75030000e-03
-0.67521800 4.83046000e-03
-0.64272000 4.92912000e-03
-0.61272000 5.03438000e-03
-0.58272000 5.15762000e-03
-0.55272000 5.30495000e-03
-0.52272000 5.48537000e-03
-0.49272000 5.71247000e-03
-0.46272000 6.00762000e-03
-0.43272000 6.40584000e-03
-0.40022200 7.02461000e-03
-0.37022200 7.89082000e-03
-0.34022200 9.27437000e-03
-0.31022200 1.16678000e-02
-0.28022200 1.61911000e-02
-0.25022200 2.51815000e-02
-0.22022200 3.91147000e-02
-0.19022200 4.05111000e-02
-0.15772300 2.57341000e-02
-0.12772300 1.66214000e-02
-0.09772340 1.20750000e-02
-0.06772340 9.71668000e-03
-0.03772340 8.39410000e-03
-0.00772339 7.60110000e-03
0.02227660 7.10161000e-03
0.05227660 6.77660000e-03
0.08477500 6.54747000e-03
0.11477500 6.41067000e-03
0.14477500 6.32337000e-03
0.17477500 6.27223000e-03
0.20477500 6.24868000e-03
0.23477500 6.24723000e-03
0.26477500 6.26444000e-03
0.29477500 6.29836000e-03
0.32727300 6.35321000e-03
0.35727300 6.42116000e-03
0.38727300 6.50775000e-03
0.41727300 6.61690000e-03
0.44727300 6.75548000e-03
0.47727300 6.93546000e-03
0.50727300 7.17840000e-03
0.53727300 7.52547000e-03
0.56977200 8.11936000e-03
0.59977200 9.07750000e-03
0.62977200 1.08540000e-02
0.65977200 1.36296000e-02
0.68977200 1.46296000e-02
0.71977200 1.33932000e-02
0.74977200 1.37858000e-02
0.77977200 1.62951000e-02
