# E(MeV)  S_NSDRNSDR(K=0) for Am247_DDPCX
-1.61271000 -1.86234000e-02
-1.58271000 -1.65812000e-02
-1.55271000 -1.45470000e-02
-1.52271000 -1.25191000e-02
-1.49271000 -1.04955000e-02
-1.46271000 -8.47438000e-03
-1.43271000 -6.45400000e-03
-1.40271000 -4.43246000e-03
-1.37022000 -2.23910000e-03
-1.34022000 -2.09126000e-04
-1.31022000 1.82787000e-03
-1.28022000 3.87385000e-03
-1.25022000 5.93086000e-03
-1.22022000 8.00098000e-03
-1.19022000 1.00864000e-02
-1.16022000 1.21892000e-02
-1.12772000 1.44897000e-02
-1.09772000 1.66365000e-02
-1.06772000 1.88083000e-02
-1.03772000 2.10077000e-02
-1.00772000 2.32375000e-02
-0.97771700 2.55005000e-02
-0.94771700 2.77999000e-02
-0.91771700 3.01389000e-02
-0.88521800 3.27214000e-02
-0.85521800 3.51543000e-02
-0.82521800 3.76381000e-02
-0.79521800 4.01772000e-02
-0.76521800 4.27760000e-02
-0.73521800 4.54394000e-02
-0.70521800 4.81724000e-02
-0.67521800 5.09808000e-02
-0.64272000 5.41151000e-02
-0.61272000 5.71005000e-02
-0.58272000 6.01814000e-02
-0.55272000 6.33658000e-02
-0.52272000 6.66621000e-02
-0.49272000 7.00796000e-02
-0.46272000 7.36284000e-02
-0.43272000 7.73196000e-02
-0.40022200 8.14934000e-02
-0.37022200 8.55224000e-02
-0.34022200 8.97360000e-02
-0.31022200 9.41510000e-02
-0.28022200 9.87860000e-02
-0.25022200 1.03662000e-01
-0.22022200 1.08802000e-01
-0.19022200 1.14233000e-01
-0.15772300 1.20478000e-01
-0.12772300 1.26613000e-01
-0.09772340 1.33143000e-01
-0.06772340 1.40111000e-01
-0.03772340 1.47567000e-01
-0.00772339 1.55568000e-01
0.02227660 1.64182000e-01
0.05227660 1.73484000e-01
0.08477500 1.84442000e-01
0.11477500 1.95484000e-01
0.14477500 2.07543000e-01
0.17477500 2.20769000e-01
0.20477500 2.35338000e-01
0.23477500 2.51464000e-01
0.26477500 2.69406000e-01
0.29477500 2.89479000e-01
0.32727300 3.14081000e-01
0.35727300 3.39954000e-01
0.38727300 3.69500000e-01
0.41727300 4.03508000e-01
0.44727300 4.43002000e-01
0.47727300 4.89321000e-01
0.50727300 5.44245000e-01
0.53727300 6.10190000e-01
0.56977200 6.97967000e-01
0.59977200 7.99231000e-01
0.62977200 9.27177000e-01
0.65977200 1.09252000e+00
0.68977200 1.31197000e+00
0.71977200 1.61287000e+00
0.74977200 2.04219000e+00
0.77977200 2.68601000e+00
