# E(MeV)  S_GAMTGAMT(K=0) for Am247_DDPCX
-1.61271000 3.92528000e-03
-1.58271000 4.01975000e-03
-1.55271000 4.11858000e-03
-1.52271000 4.22865000e-03
-1.49271000 4.35737000e-03
-1.46271000 4.51432000e-03
-1.43271000 4.71360000e-03
-1.40271000 4.97755000e-03
-1.37022000 5.38090000e-03
-1.34022000 5.93674000e-03
-1.31022000 6.81072000e-03
-1.28022000 8.29721000e-03
-1.25022000 1.10609000e-02
-1.22022000 1.65500000e-02
-1.19022000 2.59086000e-02
-1.16022000 2.95535000e-02
-1.12772000 1.99033000e-02
-1.09772000 1.28961000e-02
-1.06772000 9.36437000e-03
-1.03772000 7.55557000e-03
-1.00772000 6.55440000e-03
-0.97771700 5.95985000e-03
-0.94771700 5.58730000e-03
-0.91771700 5.34486000e-03
-0.88521800 5.17254000e-03
-0.85521800 5.06740000e-03
-0.82521800 4.99718000e-03
-0.79521800 4.95169000e-03
-0.76521800 4.92428000e-03
-0.73521800 4.91043000e-03
-0.70521800 4.90703000e-03
-0.67521800 4.91188000e-03
-0.64272000 4.92460000e-03
-0.61272000 4.94199000e-03
-0.58272000 4.96393000e-03
-0.55272000 4.98978000e-03
-0.52272000 5.01904000e-03
-0.49272000 5.05135000e-03
-0.46272000 5.08643000e-03
-0.43272000 5.12407000e-03
-0.40022200 5.16753000e-03
-0.37022200 5.21003000e-03
-0.34022200 5.25471000e-03
-0.31022200 5.30154000e-03
-0.28022200 5.35048000e-03
-0.25022200 5.40154000e-03
-0.22022200 5.45473000e-03
-0.19022200 5.51008000e-03
-0.15772300 5.57254000e-03
-0.12772300 5.63258000e-03
-0.09772340 5.69499000e-03
-0.06772340 5.75988000e-03
-0.03772340 5.82738000e-03
-0.00772339 5.89762000e-03
0.02227660 5.97077000e-03
0.05227660 6.04703000e-03
0.08477500 6.13342000e-03
0.11477500 6.21695000e-03
0.14477500 6.30441000e-03
0.17477500 6.39620000e-03
0.20477500 6.49277000e-03
0.23477500 6.59464000e-03
0.26477500 6.70250000e-03
0.29477500 6.81715000e-03
0.32727300 6.95024000e-03
0.35727300 7.08274000e-03
0.38727300 7.22632000e-03
0.41727300 7.38337000e-03
0.44727300 7.55718000e-03
0.47727300 7.75240000e-03
0.50727300 7.97579000e-03
0.53727300 8.23763000e-03
0.56977200 8.58362000e-03
0.59977200 8.98990000e-03
0.62977200 9.52954000e-03
0.65977200 1.02947000e-02
0.68977200 1.14722000e-02
0.71977200 1.34711000e-02
0.74977200 1.72227000e-02
0.77977200 2.43436000e-02
