# E(MeV)  S_NSDRNSDR(K=0) for Am249_DDPCX
-2.19153000 1.11331000e-03
-2.16153000 3.54939000e-03
-2.13153000 5.98917000e-03
-2.10153000 8.43521000e-03
-2.07153000 1.08901000e-02
-2.04153000 1.33564000e-02
-2.01153000 1.58369000e-02
-1.98153000 1.83343000e-02
-1.95153000 2.08514000e-02
-1.92153000 2.33912000e-02
-1.89115000 2.59893000e-02
-1.86115000 2.85838000e-02
-1.83115000 3.12104000e-02
-1.80115000 3.38725000e-02
-1.77115000 3.65736000e-02
-1.74115000 3.93174000e-02
-1.71115000 4.21078000e-02
-1.68115000 4.49491000e-02
-1.65115000 4.78455000e-02
-1.62115000 5.08018000e-02
-1.59077000 5.38616000e-02
-1.56077000 5.69535000e-02
-1.53077000 6.01211000e-02
-1.50077000 6.33704000e-02
-1.47077000 6.67079000e-02
-1.44077000 7.01405000e-02
-1.41077000 7.36755000e-02
-1.38077000 7.73212000e-02
-1.35077000 8.10862000e-02
-1.32077000 8.49800000e-02
-1.29039000 8.90648000e-02
-1.26039000 9.32499000e-02
-1.23039000 9.75975000e-02
-1.20039000 1.02121000e-01
-1.17039000 1.06835000e-01
-1.14039000 1.11756000e-01
-1.11039000 1.16902000e-01
-1.08039000 1.22292000e-01
-1.05039000 1.27947000e-01
-1.02039000 1.33893000e-01
-0.99001200 1.40237000e-01
-0.96001200 1.46852000e-01
-0.93001200 1.53847000e-01
-0.90001200 1.61261000e-01
-0.87001200 1.69137000e-01
-0.84001200 1.77523000e-01
-0.81001200 1.86474000e-01
-0.78001200 1.96052000e-01
-0.75001200 2.06328000e-01
-0.72001200 2.17386000e-01
-0.68963200 2.29477000e-01
-0.65963200 2.42410000e-01
-0.62963200 2.56459000e-01
-0.59963200 2.71774000e-01
-0.56963200 2.88533000e-01
-0.53963200 3.06947000e-01
-0.50963200 3.27266000e-01
-0.47963200 3.49793000e-01
-0.44963200 3.74893000e-01
-0.41963200 4.03013000e-01
-0.38925100 4.35131000e-01
-0.35925100 4.71135000e-01
-0.32925100 5.12268000e-01
-0.29925100 5.59626000e-01
-0.26925100 6.14626000e-01
-0.23925100 6.79116000e-01
-0.20925100 7.55552000e-01
-0.17925100 8.47250000e-01
-0.14925100 9.58781000e-01
-0.11925100 1.09659000e+00
-0.08887110 1.27245000e+00
-0.05887110 1.49602000e+00
-0.02887110 1.79070000e+00
0.00112889 2.19090000e+00
0.03112890 2.75438000e+00
0.06112890 3.58377000e+00
0.09112890 4.87368000e+00
0.12112900 7.02225000e+00
0.15112900 1.09089000e+01
0.18112900 1.85290000e+01
0.21150900 3.32947000e+01
0.24150900 4.71870000e+01
0.27150900 3.66261000e+01
0.30150900 2.09427000e+01
0.33150900 1.24262000e+01
0.36150900 8.24426000e+00
0.39150900 6.12217000e+00
0.42150900 5.07099000e+00
0.45150900 4.70194000e+00
0.48150900 4.93506000e+00
0.51189000 5.98150000e+00
0.54189000 8.45295000e+00
0.57189000 1.35237000e+01
0.60189000 1.93019000e+01
0.63189000 1.71741000e+01
0.66189000 1.32196000e+01
0.69189000 1.15083000e+01
0.72189000 8.33489000e+00
0.75189000 5.57535000e+00
0.78189000 4.13994000e+00
