# E(MeV)  S_NSDRNSDR(K=0) for Am255_DDPCX
-4.00832000 1.31285000e-02
-3.97832000 1.62490000e-02
-3.94832000 1.93473000e-02
-3.91832000 2.24272000e-02
-3.88832000 2.54921000e-02
-3.85832000 2.85458000e-02
-3.82832000 3.15916000e-02
-3.79832000 3.46330000e-02
-3.76832000 3.76732000e-02
-3.73832000 4.07157000e-02
-3.70832000 4.37636000e-02
-3.67832000 4.68204000e-02
-3.64832000 4.98892000e-02
-3.61832000 5.29735000e-02
-3.58832000 5.60765000e-02
-3.55832000 5.92017000e-02
-3.52626000 6.25697000e-02
-3.49626000 6.57517000e-02
-3.46626000 6.89667000e-02
-3.43626000 7.22183000e-02
-3.40626000 7.55103000e-02
-3.37626000 7.88468000e-02
-3.34626000 8.22316000e-02
-3.31626000 8.56691000e-02
-3.28626000 8.91637000e-02
-3.25626000 9.27199000e-02
-3.22626000 9.63425000e-02
-3.19626000 1.00037000e-01
-3.16626000 1.03807000e-01
-3.13626000 1.07660000e-01
-3.10626000 1.11601000e-01
-3.07626000 1.15637000e-01
-3.04420000 1.20061000e-01
-3.01420000 1.24313000e-01
-2.98420000 1.28681000e-01
-2.95420000 1.33173000e-01
-2.92420000 1.37797000e-01
-2.89420000 1.42562000e-01
-2.86420000 1.47478000e-01
-2.83420000 1.52556000e-01
-2.80420000 1.57806000e-01
-2.77420000 1.63242000e-01
-2.74420000 1.68875000e-01
-2.71420000 1.74720000e-01
-2.68420000 1.80792000e-01
-2.65420000 1.87109000e-01
-2.62420000 1.93687000e-01
-2.59420000 2.00547000e-01
-2.56214000 2.08213000e-01
-2.53214000 2.15726000e-01
-2.50214000 2.23593000e-01
-2.47214000 2.31843000e-01
-2.44214000 2.40507000e-01
-2.41214000 2.49621000e-01
-2.38214000 2.59222000e-01
-2.35214000 2.69354000e-01
-2.32214000 2.80063000e-01
-2.29214000 2.91404000e-01
-2.26214000 3.03436000e-01
-2.23214000 3.16225000e-01
-2.20214000 3.29848000e-01
-2.17214000 3.44391000e-01
-2.14214000 3.59950000e-01
-2.11214000 3.76636000e-01
-2.08008000 3.95859000e-01
-2.05008000 4.15305000e-01
-2.02008000 4.36335000e-01
-1.99008000 4.59151000e-01
-1.96008000 4.83985000e-01
-1.93008000 5.11116000e-01
-1.90008000 5.40872000e-01
-1.87008000 5.73648000e-01
-1.84008000 6.09920000e-01
-1.81008000 6.50268000e-01
-1.78008000 6.95411000e-01
-1.75008000 7.46243000e-01
-1.72008000 8.03897000e-01
-1.69008000 8.69828000e-01
-1.66008000 9.45938000e-01
-1.63008000 1.03476000e+00
-1.59803000 1.14769000e+00
-1.56803000 1.27540000e+00
-1.53803000 1.43178000e+00
-1.50803000 1.62768000e+00
-1.47803000 1.88024000e+00
-1.44803000 2.21793000e+00
-1.41803000 2.69114000e+00
-1.38803000 3.39461000e+00
-1.35803000 4.51265000e+00
-1.32803000 6.45267000e+00
-1.29803000 1.01535000e+01
-1.26803000 1.65474000e+01
-1.23803000 2.00827000e+01
-1.20803000 1.51033000e+01
-1.17803000 1.08741000e+01
-1.14803000 9.50876000e+00
-1.11597000 1.02205000e+01
-1.08597000 1.28343000e+01
-1.05597000 1.78803000e+01
-1.02597000 2.58501000e+01
-0.99596600 3.63149000e+01
-0.96596600 4.92847000e+01
-0.93596600 7.58616000e+01
-0.90596600 9.36784000e+01
-0.87596600 6.56575000e+01
-0.84596600 3.72993000e+01
-0.81596600 2.24819000e+01
-0.78596600 1.49789000e+01
-0.75596600 1.09122000e+01
-0.72596600 8.57464000e+00
-0.69596600 7.19910000e+00
-0.66596600 6.42122000e+00
-0.63390700 6.05441000e+00
-0.60390700 6.07139000e+00
-0.57390700 6.43768000e+00
-0.54390700 7.22552000e+00
-0.51390700 8.60749000e+00
-0.48390700 1.09387000e+01
-0.45390700 1.49582000e+01
-0.42390700 2.22925000e+01
-0.39390700 3.66675000e+01
-0.36390700 6.51072000e+01
-0.33390700 1.01378000e+02
-0.30390700 9.01408000e+01
-0.27390700 5.27743000e+01
-0.24390700 3.05784000e+01
-0.21390700 1.96377000e+01
-0.18390700 1.33797000e+01
-0.15184800 9.29027000e+00
-0.12184800 6.97405000e+00
-0.09184800 5.47823000e+00
-0.06184800 4.46600000e+00
-0.03184800 3.73917000e+00
-0.00184802 3.17792000e+00
0.02815200 2.74958000e+00
0.05815200 2.42184000e+00
0.08815200 2.16590000e+00
0.11815200 1.96266000e+00
0.14815200 1.79943000e+00
0.17815200 1.66744000e+00
0.20815200 1.56055000e+00
0.23815200 1.47442000e+00
0.26815200 1.40617000e+00
0.29815200 1.35433000e+00
0.33021100 1.31754000e+00
0.36021100 1.30459000e+00
0.39021100 1.31976000e+00
0.42021100 1.35379000e+00
0.45021100 1.34233000e+00
0.48021100 1.29559000e+00
0.51021100 1.28003000e+00
0.54021100 1.29731000e+00
0.57021100 1.33324000e+00
0.60021100 1.36626000e+00
0.63021100 1.39405000e+00
0.66021100 1.44186000e+00
0.69021100 1.51535000e+00
0.72021100 1.61480000e+00
0.75021100 1.74414000e+00
0.78021100 1.91131000e+00
