# E(MeV)  S_NSDRNSDR(Total=K0+2*K1) for Am255_DDPCX
-4.00832000 3.07172000e-02
-3.97832000 4.77370000e-02
-3.94832000 6.41575000e-02
-3.91832000 8.00532000e-02
-3.88832000 9.54901000e-02
-3.85832000 1.10526600e-01
-3.82832000 1.25215400e-01
-3.79832000 1.39603400e-01
-3.76832000 1.53733400e-01
-3.73832000 1.67644100e-01
-3.70832000 1.81371600e-01
-3.67832000 1.94948800e-01
-3.64832000 2.08406600e-01
-3.61832000 2.21774300e-01
-3.58832000 2.35078700e-01
-3.55832000 2.48346300e-01
-3.52626000 2.62512300e-01
-3.49626000 2.75783700e-01
-3.46626000 2.89090700e-01
-3.43626000 3.02462300e-01
-3.40626000 3.15916300e-01
-3.37626000 3.29478800e-01
-3.34626000 3.43171600e-01
-3.31626000 3.57021100e-01
-3.28626000 3.71049700e-01
-3.25626000 3.85281900e-01
-3.22626000 3.99744500e-01
-3.19626000 4.14467000e-01
-3.16626000 4.29471000e-01
-3.13626000 4.44792000e-01
-3.10626000 4.60461000e-01
-3.07626000 4.76513000e-01
-3.04420000 4.94127000e-01
-3.01420000 5.11087000e-01
-2.98420000 5.28549000e-01
-2.95420000 5.46561000e-01
-2.92420000 5.65175000e-01
-2.89420000 5.84446000e-01
-2.86420000 6.04438000e-01
-2.83420000 6.25224000e-01
-2.80420000 6.46880000e-01
-2.77420000 6.69500000e-01
-2.74420000 6.93179000e-01
-2.71420000 7.18042000e-01
-2.68420000 7.44220000e-01
-2.65420000 7.71879000e-01
-2.62420000 8.01205000e-01
-2.59420000 8.32433000e-01
-2.56214000 8.68231000e-01
-2.53214000 9.04390000e-01
-2.50214000 9.43613000e-01
-2.47214000 9.86571000e-01
-2.44214000 1.03423300e+00
-2.41214000 1.08811900e+00
-2.38214000 1.15082800e+00
-2.35214000 1.22731800e+00
-2.32214000 1.32801300e+00
-2.29214000 1.47488000e+00
-2.26214000 1.68720000e+00
-2.23214000 1.83241900e+00
-2.20214000 1.80569600e+00
-2.17214000 1.81464100e+00
-2.14214000 1.89879800e+00
-2.11214000 2.03925000e+00
-2.08008000 2.24728100e+00
-2.05008000 2.50668500e+00
-2.02008000 2.85205500e+00
-1.99008000 3.32475100e+00
-1.96008000 3.99840500e+00
-1.93008000 5.01073600e+00
-1.90008000 6.63713200e+00
-1.87008000 9.47308800e+00
-1.84008000 1.48766600e+01
-1.81008000 2.55204680e+01
-1.78008000 4.02060110e+01
-1.75008000 3.79844430e+01
-1.72008000 2.33102970e+01
-1.69008000 1.41324280e+01
-1.66008000 9.62851800e+00
-1.63008000 7.35776000e+00
-1.59803000 6.10993000e+00
-1.56803000 5.52626000e+00
-1.53803000 5.28266000e+00
-1.50803000 5.28038000e+00
-1.47803000 5.48248000e+00
-1.44803000 5.89427000e+00
-1.41803000 6.56428000e+00
-1.38803000 7.60493000e+00
-1.35803000 9.24293000e+00
-1.32803000 1.19676100e+01
-1.29803000 1.68727200e+01
-1.26803000 2.51935200e+01
-1.23803000 3.20086800e+01
-1.20803000 3.30971000e+01
-1.17803000 4.09045000e+01
-1.14803000 6.08231600e+01
-1.11597000 7.23911000e+01
-1.08597000 5.48099000e+01
-1.05597000 4.27829000e+01
-1.02597000 4.23170800e+01
-0.99596600 4.89368200e+01
-0.96596600 6.03894400e+01
-0.93596600 8.62523200e+01
-0.90596600 1.03943780e+02
-0.87596600 7.72820600e+01
-0.84596600 5.26989400e+01
-0.81596600 4.39607000e+01
-0.78596600 3.68627000e+01
-0.75596600 2.73435200e+01
-0.72596600 2.18295000e+01
-0.69596600 1.97779600e+01
-0.66596600 2.00872000e+01
-0.63390700 2.30240100e+01
-0.60390700 2.93913900e+01
-0.57390700 4.00676800e+01
-0.54390700 4.84643200e+01
-0.51390700 5.73524900e+01
-0.48390700 8.13017000e+01
-0.45390700 1.07449800e+02
-0.42390700 9.71171000e+01
-0.39390700 8.83013000e+01
-0.36390700 1.08470200e+02
-0.33390700 1.43063200e+02
-0.30390700 1.28647600e+02
-0.27390700 9.13891000e+01
-0.24390700 7.48186000e+01
-0.21390700 7.87113000e+01
-0.18390700 1.02713100e+02
-0.15184800 1.54738870e+02
-0.12184800 2.28616050e+02
-0.09184800 2.33554230e+02
-0.06184800 1.56037400e+02
-0.03184800 1.08729570e+02
-0.00184802 1.00758920e+02
0.02815200 1.24397380e+02
0.05815200 1.40731640e+02
0.08815200 1.00489100e+02
0.11815200 6.13422600e+01
0.14815200 4.03956300e+01
0.17815200 2.94342400e+01
0.20815200 2.34013500e+01
0.23815200 1.98649200e+01
0.26815200 1.72384900e+01
0.29815200 1.54107900e+01
0.33021100 1.44377600e+01
0.36021100 1.43714300e+01
0.39021100 1.52698800e+01
0.42021100 1.72282500e+01
0.45021100 2.02728900e+01
0.48021100 2.22621900e+01
0.51021100 1.96570300e+01
0.54021100 1.75199700e+01
0.57021100 1.74037600e+01
0.60021100 1.88582600e+01
0.63021100 2.15030500e+01
0.66021100 2.42012600e+01
0.69021100 2.79605500e+01
0.72021100 3.50062000e+01
0.75021100 4.70465400e+01
0.78021100 6.58899100e+01
