# E(MeV)  S_NSDRNSDR(K=1) for Am255_DDPCX
-4.00832000 8.79435000e-03
-3.97832000 1.57440000e-02
-3.94832000 2.24051000e-02
-3.91832000 2.88130000e-02
-3.88832000 3.49990000e-02
-3.85832000 4.09904000e-02
-3.82832000 4.68119000e-02
-3.79832000 5.24852000e-02
-3.76832000 5.80301000e-02
-3.73832000 6.34642000e-02
-3.70832000 6.88040000e-02
-3.67832000 7.40642000e-02
-3.64832000 7.92587000e-02
-3.61832000 8.44004000e-02
-3.58832000 8.95011000e-02
-3.55832000 9.45723000e-02
-3.52626000 9.99713000e-02
-3.49626000 1.05016000e-01
-3.46626000 1.10062000e-01
-3.43626000 1.15122000e-01
-3.40626000 1.20203000e-01
-3.37626000 1.25316000e-01
-3.34626000 1.30470000e-01
-3.31626000 1.35676000e-01
-3.28626000 1.40943000e-01
-3.25626000 1.46281000e-01
-3.22626000 1.51701000e-01
-3.19626000 1.57215000e-01
-3.16626000 1.62832000e-01
-3.13626000 1.68566000e-01
-3.10626000 1.74430000e-01
-3.07626000 1.80438000e-01
-3.04420000 1.87033000e-01
-3.01420000 1.93387000e-01
-2.98420000 1.99934000e-01
-2.95420000 2.06694000e-01
-2.92420000 2.13689000e-01
-2.89420000 2.20942000e-01
-2.86420000 2.28480000e-01
-2.83420000 2.36334000e-01
-2.80420000 2.44537000e-01
-2.77420000 2.53129000e-01
-2.74420000 2.62152000e-01
-2.71420000 2.71661000e-01
-2.68420000 2.81714000e-01
-2.65420000 2.92385000e-01
-2.62420000 3.03759000e-01
-2.59420000 3.15943000e-01
-2.56214000 3.30009000e-01
-2.53214000 3.44332000e-01
-2.50214000 3.60010000e-01
-2.47214000 3.77364000e-01
-2.44214000 3.96863000e-01
-2.41214000 4.19249000e-01
-2.38214000 4.45803000e-01
-2.35214000 4.78982000e-01
-2.32214000 5.23975000e-01
-2.29214000 5.91738000e-01
-2.26214000 6.91882000e-01
-2.23214000 7.58097000e-01
-2.20214000 7.37924000e-01
-2.17214000 7.35125000e-01
-2.14214000 7.69424000e-01
-2.11214000 8.31307000e-01
-2.08008000 9.25711000e-01
-2.05008000 1.04569000e+00
-2.02008000 1.20786000e+00
-1.99008000 1.43280000e+00
-1.96008000 1.75721000e+00
-1.93008000 2.24981000e+00
-1.90008000 3.04813000e+00
-1.87008000 4.44972000e+00
-1.84008000 7.13337000e+00
-1.81008000 1.24351000e+01
-1.78008000 1.97553000e+01
-1.75008000 1.86191000e+01
-1.72008000 1.12532000e+01
-1.69008000 6.63130000e+00
-1.66008000 4.34129000e+00
-1.63008000 3.16150000e+00
-1.59803000 2.48112000e+00
-1.56803000 2.12543000e+00
-1.53803000 1.92544000e+00
-1.50803000 1.82635000e+00
-1.47803000 1.80112000e+00
-1.44803000 1.83817000e+00
-1.41803000 1.93657000e+00
-1.38803000 2.10516000e+00
-1.35803000 2.36514000e+00
-1.32803000 2.75747000e+00
-1.29803000 3.35961000e+00
-1.26803000 4.32306000e+00
-1.23803000 5.96299000e+00
-1.20803000 8.99690000e+00
-1.17803000 1.50152000e+01
-1.14803000 2.56572000e+01
-1.11597000 3.10853000e+01
-1.08597000 2.09878000e+01
-1.05597000 1.24513000e+01
-1.02597000 8.23349000e+00
-0.99596600 6.31096000e+00
-0.96596600 5.55237000e+00
-0.93596600 5.19536000e+00
-0.90596600 5.13269000e+00
-0.87596600 5.81228000e+00
-0.84596600 7.69982000e+00
-0.81596600 1.07394000e+01
-0.78596600 1.09419000e+01
-0.75596600 8.21566000e+00
-0.72596600 6.62743000e+00
-0.69596600 6.28943000e+00
-0.66596600 6.83299000e+00
-0.63390700 8.48480000e+00
-0.60390700 1.16600000e+01
-0.57390700 1.68150000e+01
-0.54390700 2.06194000e+01
-0.51390700 2.43725000e+01
-0.48390700 3.51815000e+01
-0.45390700 4.62458000e+01
-0.42390700 3.74123000e+01
-0.39390700 2.58169000e+01
-0.36390700 2.16815000e+01
-0.33390700 2.08426000e+01
-0.30390700 1.92534000e+01
-0.27390700 1.93074000e+01
-0.24390700 2.21201000e+01
-0.21390700 2.95368000e+01
-0.18390700 4.46667000e+01
-0.15184800 7.27243000e+01
-0.12184800 1.10821000e+02
-0.09184800 1.14038000e+02
-0.06184800 7.57857000e+01
-0.03184800 5.24952000e+01
-0.00184802 4.87905000e+01
0.02815200 6.08239000e+01
0.05815200 6.91549000e+01
0.08815200 4.91616000e+01
0.11815200 2.96898000e+01
0.14815200 1.92981000e+01
0.17815200 1.38834000e+01
0.20815200 1.09204000e+01
0.23815200 9.19525000e+00
0.26815200 7.91616000e+00
0.29815200 7.02823000e+00
0.33021100 6.56011000e+00
0.36021100 6.53342000e+00
0.39021100 6.97506000e+00
0.42021100 7.93723000e+00
0.45021100 9.46528000e+00
0.48021100 1.04833000e+01
0.51021100 9.18850000e+00
0.54021100 8.11133000e+00
0.57021100 8.03526000e+00
0.60021100 8.74600000e+00
0.63021100 1.00545000e+01
0.66021100 1.13797000e+01
0.69021100 1.32226000e+01
0.72021100 1.66957000e+01
0.75021100 2.26512000e+01
0.78021100 3.19893000e+01
