# E(MeV)  S_NSDRNSDR(K=0) for Am260_DDPCX
-7.10864000 -2.63254000e+00
-7.07864000 -2.64621000e+00
-7.04864000 -2.94391000e+00
-7.01864000 -2.97394000e+00
-6.98864000 -2.30262000e+00
-6.95864000 -1.73454000e+00
-6.92864000 -1.40002000e+00
-6.89864000 -1.19138000e+00
-6.86864000 -1.04805000e+00
-6.83864000 -9.42519000e-01
-6.80864000 -8.61653000e-01
-6.77864000 -7.98639000e-01
-6.74864000 -7.49800000e-01
-6.71864000 -7.13227000e-01
-6.68864000 -6.88226000e-01
-6.65864000 -6.75149000e-01
-6.62864000 -6.75516000e-01
-6.59864000 -6.92440000e-01
-6.56864000 -7.31541000e-01
-6.53864000 -8.02809000e-01
-6.50864000 -9.24476000e-01
-6.47864000 -1.13160000e+00
-6.44864000 -1.49640000e+00
-6.41864000 -2.17892000e+00
-6.38864000 -3.54273000e+00
-6.35864000 -6.16525000e+00
-6.31655000 -8.42727000e+00
-6.28655000 -5.45822000e+00
-6.25655000 -3.09985000e+00
-6.22655000 -1.89595000e+00
-6.19655000 -1.27069000e+00
-6.16655000 -9.16416000e-01
-6.13655000 -6.98304000e-01
-6.10655000 -5.54441000e-01
-6.07655000 -4.54081000e-01
-6.04655000 -3.80785000e-01
-6.01655000 -3.25187000e-01
-5.98655000 -2.81655000e-01
-5.95655000 -2.46644000e-01
-5.92655000 -2.17836000e-01
-5.89655000 -1.93662000e-01
-5.86655000 -1.73031000e-01
-5.83655000 -1.55162000e-01
-5.80655000 -1.39486000e-01
-5.77655000 -1.25576000e-01
-5.74655000 -1.13111000e-01
-5.71655000 -1.01842000e-01
-5.68655000 -9.15745000e-02
-5.65655000 -8.21536000e-02
-5.62655000 -7.34552000e-02
-5.59655000 -6.53785000e-02
-5.56655000 -5.78406000e-02
-5.52446000 -4.80438000e-02
-5.49446000 -4.15409000e-02
-5.46446000 -3.53847000e-02
-5.43446000 -2.95365000e-02
-5.40446000 -2.39630000e-02
-5.37446000 -1.86355000e-02
-5.34446000 -1.35288000e-02
-5.31446000 -8.62101000e-03
-5.28446000 -3.89278000e-03
-5.25446000 6.73065000e-04
-5.22446000 5.09179000e-03
-5.19446000 9.37708000e-03
-5.16446000 1.35412000e-02
-5.13446000 1.75954000e-02
-5.10446000 2.15496000e-02
-5.07446000 2.54132000e-02
-5.04446000 2.91944000e-02
-5.01446000 3.29012000e-02
-4.98446000 3.65407000e-02
-4.95446000 4.01195000e-02
-4.92446000 4.36439000e-02
-4.89446000 4.71196000e-02
-4.86446000 5.05521000e-02
-4.83446000 5.39466000e-02
-4.80446000 5.73079000e-02
-4.77446000 6.06406000e-02
-4.73237000 6.52767000e-02
-4.70237000 6.85585000e-02
-4.67237000 7.18261000e-02
-4.64237000 7.50833000e-02
-4.61237000 7.83340000e-02
-4.58237000 8.15819000e-02
-4.55237000 8.48305000e-02
-4.52237000 8.80835000e-02
-4.49237000 9.13444000e-02
-4.46237000 9.46168000e-02
-4.43237000 9.79040000e-02
-4.40237000 1.01210000e-01
-4.37237000 1.04537000e-01
-4.34237000 1.07890000e-01
-4.31237000 1.11272000e-01
-4.28237000 1.14687000e-01
-4.25237000 1.18139000e-01
-4.22237000 1.21630000e-01
-4.19237000 1.25167000e-01
-4.16237000 1.28752000e-01
-4.13237000 1.32389000e-01
-4.10237000 1.36085000e-01
-4.07237000 1.39842000e-01
-4.04237000 1.43667000e-01
-4.01237000 1.47565000e-01
-3.98237000 1.51542000e-01
-3.94028000 1.57269000e-01
-3.91028000 1.61466000e-01
-3.88028000 1.65769000e-01
-3.85028000 1.70189000e-01
-3.82028000 1.74741000e-01
-3.79028000 1.79441000e-01
-3.76028000 1.84316000e-01
-3.73028000 1.89400000e-01
-3.70028000 1.94747000e-01
-3.67028000 2.00446000e-01
-3.64028000 2.06655000e-01
-3.61028000 2.13684000e-01
-3.58028000 2.22186000e-01
-3.55028000 2.33641000e-01
-3.52028000 2.51011000e-01
-3.49028000 2.73610000e-01
-3.46028000 2.78522000e-01
-3.43028000 2.68343000e-01
-3.40028000 2.64268000e-01
-3.37028000 2.65849000e-01
-3.34028000 2.70287000e-01
-3.31028000 2.76248000e-01
-3.28028000 2.83160000e-01
-3.25028000 2.90773000e-01
-3.22028000 2.98977000e-01
-3.19028000 3.07730000e-01
-3.14819000 3.20937000e-01
-3.11819000 3.31046000e-01
-3.08819000 3.41790000e-01
-3.05819000 3.53241000e-01
-3.02819000 3.65503000e-01
-2.99819000 3.78726000e-01
-2.96819000 3.93139000e-01
-2.93819000 4.09124000e-01
-2.90819000 4.27378000e-01
-2.87819000 4.49318000e-01
-2.84819000 4.78048000e-01
-2.81819000 5.19529000e-01
-2.78819000 5.70960000e-01
-2.75819000 5.87281000e-01
-2.72819000 5.80088000e-01
-2.69819000 5.87879000e-01
-2.66819000 6.09560000e-01
-2.63819000 6.41486000e-01
-2.60819000 6.83967000e-01
-2.57819000 7.41293000e-01
-2.54819000 8.24347000e-01
-2.51819000 9.56855000e-01
-2.48819000 1.16021000e+00
-2.45819000 1.29992000e+00
-2.42819000 1.28744000e+00
-2.39819000 1.36677000e+00
-2.35610000 1.83209000e+00
-2.32610000 2.38458000e+00
-2.29610000 2.37736000e+00
-2.26610000 1.95077000e+00
-2.23610000 1.73303000e+00
-2.20610000 1.70241000e+00
-2.17610000 1.78195000e+00
-2.14610000 1.94452000e+00
-2.11610000 2.19462000e+00
-2.08610000 2.56022000e+00
-2.05610000 3.07782000e+00
-2.02610000 3.81834000e+00
-1.99610000 5.02719000e+00
-1.96610000 7.18678000e+00
-1.93610000 1.13563000e+01
-1.90610000 1.93098000e+01
-1.87610000 2.76343000e+01
-1.84610000 2.27781000e+01
-1.81610000 1.40745000e+01
-1.78610000 9.36332000e+00
-1.75610000 7.23221000e+00
-1.72610000 6.37753000e+00
-1.69610000 6.24607000e+00
-1.66610000 6.65060000e+00
-1.63610000 7.60385000e+00
-1.60610000 9.30204000e+00
-1.56400000 1.39870000e+01
-1.53400000 2.08438000e+01
-1.50400000 3.43553000e+01
-1.47400000 5.78565000e+01
-1.44400000 6.97545000e+01
-1.41400000 4.97254000e+01
-1.38400000 3.27367000e+01
-1.35400000 2.61997000e+01
-1.32400000 2.67691000e+01
-1.29400000 3.40805000e+01
-1.26400000 4.91909000e+01
-1.23400000 7.39315000e+01
-1.20400000 9.93053000e+01
-1.17400000 8.05989000e+01
-1.14400000 4.89932000e+01
-1.11400000 3.21568000e+01
-1.08400000 2.55055000e+01
-1.05400000 2.50235000e+01
-1.02400000 2.64201000e+01
-0.99400400 2.44298000e+01
-0.96400400 2.43413000e+01
-0.93400400 2.96903000e+01
-0.90400400 4.36088000e+01
-0.87400400 7.32576000e+01
-0.84400400 1.14217000e+02
-0.81400400 1.05888000e+02
-0.77191300 5.03866000e+01
-0.74191300 3.01835000e+01
-0.71191300 1.99877000e+01
-0.68191300 1.45162000e+01
-0.65191300 1.14025000e+01
-0.62191300 9.61728000e+00
-0.59191300 8.89388000e+00
-0.56191300 9.31144000e+00
-0.53191300 1.04049000e+01
-0.50191300 9.62827000e+00
-0.47191300 8.09777000e+00
-0.44191300 7.72429000e+00
-0.41191300 8.66504000e+00
-0.38191300 1.14805000e+01
-0.35191300 1.76143000e+01
-0.32191300 2.58063000e+01
-0.29191300 2.40487000e+01
-0.26191300 1.52667000e+01
-0.23191300 9.67314000e+00
-0.20191300 6.87043000e+00
-0.17191300 5.41235000e+00
-0.14191300 4.61976000e+00
-0.11191300 4.18891000e+00
-0.08191260 3.96352000e+00
-0.05191260 3.89067000e+00
-0.02191260 3.95895000e+00
0.02017870 4.30735000e+00
0.05017870 4.79410000e+00
0.08017870 5.60778000e+00
0.11017900 7.01299000e+00
0.14017900 9.07631000e+00
0.17017900 1.05571000e+01
0.20017900 1.18651000e+01
0.23017900 1.50043000e+01
0.26017900 2.20527000e+01
0.29017900 3.64935000e+01
0.32017900 5.65729000e+01
0.35017900 5.46140000e+01
0.38017900 3.55171000e+01
0.41017900 2.41427000e+01
0.44017900 2.01566000e+01
0.47017900 2.11486000e+01
0.50017900 2.72910000e+01
0.53017900 3.68283000e+01
0.56017900 3.75599000e+01
0.59017900 3.56474000e+01
0.62017900 4.30863000e+01
0.65017900 5.93614000e+01
0.68017900 7.95177000e+01
0.71017900 9.02833000e+01
0.74017900 8.80599000e+01
0.77017900 6.44520000e+01
