# E(MeV)  S_GAMTGAMT(Total=K0+2*K1) for Am304_DDPCX
-17.11370000 4.04284000e-03
-17.08370000 4.94663000e-03
-17.05370000 5.47194000e-03
-17.02370000 5.80469000e-03
-16.99370000 6.02763000e-03
-16.96370000 6.17651000e-03
-16.93370000 6.26533000e-03
-16.90370000 6.32714000e-03
-16.87370000 6.43839000e-03
-16.84370000 6.57838000e-03
-16.81370000 6.68684000e-03
-16.78370000 6.76965000e-03
-16.75370000 6.83792000e-03
-16.72370000 6.89731000e-03
-16.69370000 6.95055000e-03
-16.66370000 6.99908000e-03
-16.63370000 7.04347000e-03
-16.60370000 7.08376000e-03
-16.57370000 7.11915000e-03
-16.54370000 7.14692000e-03
-16.51370000 7.16724000e-03
-16.48370000 7.20273000e-03
-16.45370000 7.25285000e-03
-16.42370000 7.29547000e-03
-16.39370000 7.33048000e-03
-16.36370000 7.36055000e-03
-16.33370000 7.38666000e-03
-16.30370000 7.40885000e-03
-16.27370000 7.42646000e-03
-16.24370000 7.43819000e-03
-16.21370000 7.44186000e-03
-16.18370000 7.43386000e-03
-16.15370000 7.40794000e-03
-16.12370000 7.35279000e-03
-16.09370000 7.24687000e-03
-16.06370000 7.04881000e-03
-16.03370000 6.68306000e-03
-16.00370000 5.95658000e-03
-15.97370000 4.50040000e-03
-15.94370000 2.84607400e-03
-15.91370000 3.72347500e-03
-15.88370000 5.56448000e-03
-15.85370000 6.63519000e-03
-15.82370000 7.18819000e-03
-15.79370000 7.49916000e-03
-15.76370000 7.69342000e-03
-15.73370000 7.82683000e-03
-15.70370000 7.92599000e-03
-15.67370000 8.00468000e-03
-15.64370000 8.07043000e-03
-15.61370000 8.12764000e-03
-15.58370000 8.17906000e-03
-15.55370000 8.22630000e-03
-15.52370000 8.27034000e-03
-15.49370000 8.31144000e-03
-15.46370000 8.34888000e-03
-15.43370000 8.38057000e-03
-15.40370000 8.40992000e-03
-15.37370000 8.45937000e-03
-15.32110000 8.56636000e-03
-15.29110000 8.62851000e-03
-15.26110000 8.70085000e-03
-15.23110000 8.79709000e-03
-15.20110000 8.94604000e-03
-15.17110000 9.20023000e-03
-15.14110000 9.50776000e-03
-15.11110000 9.45900000e-03
-15.08110000 9.22883000e-03
-15.05110000 9.11294000e-03
-15.02110000 9.08190000e-03
-14.99110000 9.09333000e-03
-14.96110000 9.12849000e-03
-14.93110000 9.18040000e-03
-14.90110000 9.24767000e-03
-14.87110000 9.33236000e-03
-14.84110000 9.44011000e-03
-14.81110000 9.58173000e-03
-14.78110000 9.77757000e-03
-14.75110000 1.00674800e-02
-14.72110000 1.05288500e-02
-14.69110000 1.12640700e-02
-14.66110000 1.24037100e-02
-14.63110000 1.45680500e-02
-14.60110000 1.76345900e-02
-14.57110000 1.75748500e-02
-14.54110000 1.55666100e-02
-14.51110000 1.53576500e-02
-14.48110000 1.54923500e-02
-14.45110000 1.36425500e-02
-14.42110000 1.19738700e-02
-14.39110000 1.10994300e-02
-14.36110000 1.06559200e-02
-14.33110000 1.04237100e-02
-14.30110000 1.03050300e-02
-14.27110000 1.02562600e-02
-14.24110000 1.02589900e-02
-14.21110000 1.03097800e-02
-14.18110000 1.04191400e-02
-14.15110000 1.06193700e-02
-14.12110000 1.09891800e-02
-14.09110000 1.17119600e-02
-14.06110000 1.30839600e-02
-14.03110000 1.44323700e-02
-14.00110000 1.35256900e-02
-13.97110000 1.21126800e-02
-13.94110000 1.13755900e-02
-13.91110000 1.09899000e-02
-13.88110000 1.07683600e-02
-13.85110000 1.06609100e-02
-13.82110000 1.06210400e-02
-13.79110000 1.06246200e-02
-13.76110000 1.06650600e-02
-13.73110000 1.07512900e-02
-13.70110000 1.09157600e-02
-13.67110000 1.12098000e-02
-13.64110000 1.14817800e-02
-13.61110000 1.13370200e-02
-13.58110000 1.11110000e-02
-13.52850000 1.09963300e-02
-13.49850000 1.10141900e-02
-13.46850000 1.10605500e-02
-13.43850000 1.11284600e-02
-13.40850000 1.12187600e-02
-13.37850000 1.13403400e-02
-13.34850000 1.15095300e-02
-13.31850000 1.17035500e-02
-13.28850000 1.18479400e-02
-13.25850000 1.20560400e-02
-13.22850000 1.24540300e-02
-13.19850000 1.32007500e-02
-13.16850000 1.44489200e-02
-13.13850000 1.51831500e-02
-13.10850000 1.43266900e-02
-13.07850000 1.35964400e-02
-13.04850000 1.33916400e-02
-13.01850000 1.35237200e-02
-12.98850000 1.39263600e-02
-12.95850000 1.46713500e-02
-12.92850000 1.60056300e-02
-12.89850000 1.84412300e-02
-12.86850000 2.17767800e-02
-12.83850000 2.23088800e-02
-12.80850000 2.13267100e-02
-12.77850000 2.24095700e-02
-12.74850000 2.62936500e-02
-12.71850000 3.38598000e-02
-12.68850000 3.89273000e-02
-12.65850000 3.63057000e-02
-12.62850000 3.65305000e-02
-12.59850000 4.52461000e-02
-12.56850000 6.09708000e-02
-12.53850000 6.80600000e-02
-12.50850000 5.56678000e-02
-12.47850000 4.27427000e-02
-12.44850000 3.58433600e-02
-12.41850000 3.28665400e-02
-12.38850000 3.29227400e-02
-12.35850000 3.05689400e-02
-12.32850000 2.49388600e-02
-12.29850000 2.13849600e-02
-12.26850000 1.97358500e-02
-12.23850000 1.94272600e-02
-12.20850000 1.94632100e-02
-12.17850000 1.94006100e-02
-12.14850000 2.03013000e-02
-12.11850000 2.14795800e-02
-12.08850000 2.27110900e-02
-12.05850000 2.40865600e-02
-12.02850000 2.53453700e-02
-11.99850000 2.67730600e-02
-11.96850000 2.56951000e-02
-11.93850000 2.41395400e-02
-11.90850000 2.38191500e-02
-11.87850000 2.54662800e-02
-11.84850000 2.89485500e-02
-11.81850000 3.57320600e-02
-11.78850000 4.72535500e-02
-11.73590000 7.94042100e-02
-11.70590000 7.68051500e-02
-11.67590000 5.63140300e-02
-11.64590000 4.64840500e-02
-11.61590000 4.41048800e-02
-11.58590000 4.06604600e-02
-11.55590000 3.50297000e-02
-11.52590000 2.87304400e-02
-11.49590000 2.40908400e-02
-11.46590000 2.17531900e-02
-11.43590000 2.09766700e-02
-11.40590000 2.15307500e-02
-11.37590000 2.33083800e-02
-11.34590000 2.44358200e-02
-11.31590000 2.47071700e-02
-11.28590000 2.42391000e-02
-11.25590000 2.24562400e-02
-11.22590000 2.16105900e-02
-11.19590000 2.23156900e-02
-11.16590000 2.41184800e-02
-11.13590000 2.70064000e-02
-11.10590000 2.91261100e-02
-11.07590000 2.72222500e-02
-11.04590000 2.59422000e-02
-11.01590000 2.70407200e-02
-10.98590000 2.88888600e-02
-10.95590000 2.90820800e-02
-10.92590000 3.15341800e-02
-10.89590000 3.71564000e-02
-10.86590000 4.22143000e-02
-10.83590000 4.34462000e-02
-10.80590000 4.42824000e-02
-10.77590000 4.17997000e-02
-10.74590000 4.04664000e-02
-10.71590000 4.30953000e-02
-10.68590000 4.78746000e-02
-10.65590000 5.90739000e-02
-10.62590000 6.84513000e-02
-10.59590000 5.86690000e-02
-10.56590000 4.72658000e-02
-10.53590000 3.97506000e-02
-10.50590000 3.47626000e-02
-10.47590000 3.37666000e-02
-10.44590000 3.46116000e-02
-10.41590000 3.64135000e-02
-10.38590000 3.96378000e-02
-10.35590000 4.17161000e-02
-10.32590000 4.05452000e-02
-10.29590000 3.59705500e-02
-10.26590000 3.32944400e-02
-10.23590000 3.25056800e-02
-10.20590000 3.45074700e-02
-10.17590000 3.69103600e-02
-10.14590000 3.60261300e-02
-10.11590000 3.69830800e-02
-10.08590000 3.93030600e-02
-10.05590000 3.77122400e-02
-10.02590000 3.34903100e-02
-9.99591000 3.07631500e-02
-9.94332000 3.13426800e-02
-9.91332000 3.24655100e-02
-9.88332000 3.44908200e-02
-9.85332000 3.72191900e-02
-9.82332000 3.98387500e-02
-9.79332000 4.66703900e-02
-9.76332000 6.13338600e-02
-9.73332000 7.48842000e-02
-9.70332000 6.42135700e-02
-9.67332000 5.02954700e-02
-9.64332000 4.61748900e-02
-9.61332000 4.68726000e-02
-9.58332000 4.71612000e-02
-9.55332000 4.61238000e-02
-9.52332000 4.90899000e-02
-9.49332000 5.74879000e-02
-9.46332000 5.95915000e-02
-9.43332000 5.15012000e-02
-9.40332000 4.29403000e-02
-9.37332000 4.00477000e-02
-9.34332000 4.12701000e-02
-9.31332000 3.96830000e-02
-9.28332000 3.38685600e-02
-9.25332000 2.96258800e-02
-9.22332000 2.79771100e-02
-9.19332000 2.79906400e-02
-9.16332000 2.88112800e-02
-9.13332000 3.11216600e-02
-9.10332000 3.36230900e-02
-9.07332000 3.21163100e-02
-9.04332000 2.95941800e-02
-9.01332000 2.81237600e-02
-8.98332000 2.76705600e-02
-8.95332000 2.82141200e-02
-8.92332000 2.95998400e-02
-8.89332000 3.23494000e-02
-8.86332000 3.64906000e-02
-8.83332000 4.10386000e-02
-8.80332000 4.47366000e-02
-8.77332000 4.48634000e-02
-8.74332000 4.53518000e-02
-8.71332000 4.47743000e-02
-8.68332000 4.17955000e-02
-8.65332000 3.95296000e-02
-8.62332000 4.13008000e-02
-8.59332000 4.61725000e-02
-8.56332000 5.16420000e-02
-8.53332000 5.94991000e-02
-8.50332000 5.95719000e-02
-8.47332000 5.29431000e-02
-8.44332000 5.06108000e-02
-8.41332000 5.15203000e-02
-8.38332000 4.97554000e-02
-8.35332000 4.81109000e-02
-8.32332000 4.81782000e-02
-8.29332000 5.09633000e-02
-8.26332000 5.46878000e-02
-8.23332000 5.27017000e-02
-8.20332000 5.14119000e-02
-8.15072000 4.85925000e-02
-8.12072000 4.84563000e-02
-8.09072000 5.32055000e-02
-8.06072000 6.29433000e-02
-8.03072000 7.22133000e-02
-8.00072000 7.88884000e-02
-7.97072000 9.35547000e-02
-7.94072000 1.06587500e-01
-7.91072000 1.11210100e-01
-7.88072000 1.18156200e-01
-7.85072000 1.15439600e-01
-7.82072000 1.03504500e-01
-7.79072000 9.35417000e-02
-7.76072000 9.17752000e-02
-7.73072000 9.91637000e-02
-7.70072000 1.22092600e-01
-7.67072000 1.68720400e-01
-7.64072000 2.50432200e-01
-7.61072000 3.50852600e-01
-7.58072000 3.28930800e-01
-7.55072000 2.15944000e-01
-7.52072000 1.39175500e-01
-7.49072000 9.99076000e-02
-7.46072000 8.06679000e-02
-7.43072000 7.03966000e-02
-7.40072000 6.52415000e-02
-7.37072000 6.37197000e-02
-7.34072000 6.12700000e-02
-7.31072000 5.81114000e-02
-7.28072000 5.63464000e-02
-7.25072000 5.71518000e-02
-7.22072000 5.99680000e-02
-7.19072000 6.39475000e-02
-7.16072000 6.70553000e-02
-7.13072000 7.32813000e-02
-7.10072000 7.79184000e-02
-7.07072000 7.71001000e-02
-7.04072000 7.81197000e-02
-7.01072000 8.33172000e-02
-6.98072000 9.34666000e-02
-6.95072000 1.05543700e-01
-6.92072000 1.24715400e-01
-6.89072000 1.62526000e-01
-6.86072000 2.11055200e-01
-6.83072000 2.33721100e-01
-6.80072000 2.01059200e-01
-6.77072000 1.70451200e-01
-6.74072000 1.77272700e-01
-6.71072000 1.84522800e-01
-6.68072000 1.56377300e-01
-6.65072000 1.32741200e-01
-6.62072000 1.17698700e-01
-6.59072000 1.14486300e-01
-6.56072000 1.25021800e-01
-6.53072000 1.44502700e-01
-6.50072000 1.76575600e-01
-6.47072000 1.87387500e-01
-6.44072000 1.76143000e-01
-6.41072000 1.89907700e-01
-6.35812000 2.65975000e-01
-6.32812000 2.24758100e-01
-6.29812000 1.77358800e-01
-6.26812000 1.53247800e-01
-6.23812000 1.30277200e-01
-6.20812000 1.21961400e-01
-6.17812000 1.21664500e-01
-6.14812000 1.07750300e-01
-6.11812000 9.49779000e-02
-6.08812000 9.15131000e-02
-6.05812000 9.31062000e-02
-6.02812000 9.51770000e-02
-5.99812000 9.82962000e-02
-5.96812000 9.81456000e-02
-5.93812000 1.03667100e-01
-5.90812000 1.14817300e-01
-5.87812000 1.21216300e-01
-5.84812000 1.25179600e-01
-5.81812000 1.41167000e-01
-5.78812000 1.76563500e-01
-5.75812000 2.21862600e-01
-5.72812000 2.61611600e-01
-5.69812000 2.52100200e-01
-5.66812000 2.25115900e-01
-5.63812000 2.03004400e-01
-5.60812000 1.65240700e-01
-5.57812000 1.37310500e-01
-5.54812000 1.24596400e-01
-5.51812000 1.25092300e-01
-5.48812000 1.37706200e-01
-5.45812000 1.53735200e-01
-5.42812000 1.75782300e-01
-5.39812000 2.13141600e-01
-5.36812000 2.55391000e-01
-5.33812000 2.61058900e-01
-5.30812000 2.44240200e-01
-5.27812000 2.45535600e-01
-5.24812000 2.63977800e-01
-5.21812000 3.00035600e-01
-5.18812000 3.73831800e-01
-5.15812000 4.81302400e-01
-5.12812000 6.35369200e-01
-5.09812000 9.54892000e-01
-5.06812000 1.41065340e+00
-5.03812000 1.42307400e+00
-5.00812000 1.06556500e+00
-4.97812000 7.58682000e-01
-4.94812000 5.46002000e-01
-4.91812000 4.05115600e-01
-4.88812000 3.26516000e-01
-4.85812000 3.02492800e-01
-4.82812000 3.31517000e-01
-4.79812000 4.12960000e-01
-4.76812000 4.43055000e-01
-4.73812000 3.89111000e-01
-4.70812000 3.83604800e-01
-4.67812000 3.81109400e-01
-4.64812000 3.12078400e-01
-4.61812000 2.55799600e-01
-4.56552000 2.36550800e-01
-4.53552000 2.30249400e-01
-4.50552000 2.33452200e-01
-4.47552000 2.62848000e-01
-4.44552000 3.07097400e-01
-4.41552000 2.94786000e-01
-4.38552000 2.57150000e-01
-4.35552000 2.46532600e-01
-4.32552000 2.62264600e-01
-4.29552000 3.03780000e-01
-4.26552000 3.79986400e-01
-4.23552000 4.86980200e-01
-4.20552000 6.03469400e-01
-4.17552000 8.36369400e-01
-4.14552000 1.27173800e+00
-4.11552000 1.48277620e+00
-4.08552000 1.17837880e+00
-4.05552000 1.02147000e+00
-4.02552000 1.15638680e+00
-3.99552000 1.32185000e+00
-3.96552000 1.22382880e+00
-3.93552000 1.07538120e+00
-3.90552000 1.03832900e+00
-3.87552000 1.20017000e+00
-3.84552000 1.38611500e+00
-3.81552000 1.51199700e+00
-3.78552000 1.42270600e+00
-3.75552000 1.26502600e+00
-3.72552000 1.30502000e+00
-3.69552000 1.44406200e+00
-3.66552000 1.67177600e+00
-3.63552000 2.28723400e+00
-3.60552000 2.98255000e+00
-3.57552000 2.51846600e+00
-3.54552000 1.69577000e+00
-3.51552000 1.23058200e+00
-3.48552000 9.97155000e-01
-3.45552000 9.38769000e-01
-3.42552000 1.03914800e+00
-3.39552000 1.33777300e+00
-3.36552000 1.97728000e+00
-3.33552000 2.99974200e+00
-3.30552000 3.14007800e+00
-3.27552000 2.20113400e+00
-3.24552000 1.53102300e+00
-3.21552000 1.24308900e+00
-3.18552000 1.17853300e+00
-3.15552000 1.26654600e+00
-3.12552000 1.55539800e+00
-3.09552000 2.20865000e+00
-3.06552000 3.40387000e+00
-3.03552000 4.40358400e+00
-3.00552000 4.14416000e+00
-2.97552000 4.01697000e+00
-2.94552000 4.08511900e+00
-2.91552000 3.55395700e+00
-2.88552000 2.98432600e+00
-2.85552000 2.93121100e+00
-2.82552000 3.28260400e+00
-2.77293000 3.85115400e+00
-2.74293000 2.88587300e+00
-2.71293000 2.22941600e+00
-2.68293000 2.02795400e+00
-2.65293000 2.16867300e+00
-2.62293000 2.71193800e+00
-2.59293000 3.91671000e+00
-2.56293000 6.17215000e+00
-2.53293000 8.95985000e+00
-2.50293000 9.95268000e+00
-2.47293000 8.34889000e+00
-2.44293000 5.63389500e+00
-2.41293000 3.68217200e+00
-2.38293000 2.60456300e+00
-2.35293000 2.03240800e+00
-2.32293000 1.79726600e+00
-2.29293000 1.70648000e+00
-2.26293000 1.50082800e+00
-2.23293000 1.33986800e+00
-2.20293000 1.37968200e+00
-2.17293000 1.66821000e+00
-2.14293000 2.31579200e+00
-2.11293000 2.93588600e+00
-2.08293000 2.49334400e+00
-2.05293000 1.89955300e+00
-2.02293000 1.64891700e+00
-1.99293000 1.54620500e+00
-1.96293000 1.61394500e+00
-1.93293000 1.90469700e+00
-1.90293000 2.29301700e+00
-1.87293000 2.95239400e+00
-1.84293000 4.12992900e+00
-1.81293000 5.56260200e+00
-1.78293000 6.91124400e+00
-1.75293000 8.62503400e+00
-1.72293000 1.05130000e+01
-1.69293000 8.86323000e+00
-1.66293000 6.16051000e+00
-1.63293000 4.83168900e+00
-1.60293000 4.68187300e+00
-1.57293000 4.32093200e+00
-1.54293000 3.47385300e+00
-1.51293000 3.23791000e+00
-1.48293000 3.47701400e+00
-1.45293000 3.43170700e+00
-1.42293000 3.11597200e+00
-1.39293000 2.77336100e+00
-1.36293000 2.10682500e+00
-1.33293000 1.58797400e+00
-1.30293000 1.28005800e+00
-1.27293000 1.08954130e+00
-1.24293000 9.93077100e-01
-1.21293000 9.85619200e-01
-1.18293000 1.07670920e+00
-1.15293000 1.29648660e+00
-1.12293000 1.64530850e+00
-1.09293000 2.07990680e+00
-1.06293000 2.79642210e+00
-1.03293000 4.08050100e+00
-0.98032800 8.15559300e+00
-0.95032800 8.43676400e+00
-0.92032800 5.78774200e+00
-0.89032800 3.57181300e+00
-0.86032800 2.27276400e+00
-0.83032800 1.56597700e+00
-0.80032800 1.17767400e+00
-0.77032800 9.51623000e-01
-0.74032800 8.25288000e-01
-0.71032800 7.60574000e-01
-0.68032800 7.34977000e-01
-0.65032800 7.49423000e-01
-0.62032800 7.65683000e-01
-0.59032800 7.47623000e-01
-0.56032800 7.22989000e-01
-0.53032800 6.88094000e-01
-0.50032800 7.01979000e-01
-0.47032800 7.86874000e-01
-0.44032800 9.24943000e-01
-0.41032800 1.03277400e+00
-0.38032800 9.50774000e-01
-0.35032800 8.86429000e-01
-0.32032800 8.29176000e-01
-0.29032800 7.09351000e-01
-0.26032800 6.59182000e-01
-0.23032800 7.38457000e-01
-0.20032800 8.48807000e-01
-0.17032800 7.58392000e-01
-0.14032800 6.24931000e-01
-0.11032800 5.73039000e-01
-0.08032760 5.67765000e-01
-0.05032760 5.69584000e-01
-0.02032760 5.38691000e-01
0.00967239 4.95656000e-01
0.03967240 4.97980000e-01
0.06967240 5.48834000e-01
0.09967240 6.09450000e-01
0.12967200 6.97768000e-01
0.15967200 8.74585000e-01
0.18967200 1.04534900e+00
0.21967200 9.87690000e-01
0.24967200 8.84370000e-01
0.27967200 8.79444000e-01
0.30967200 9.82546000e-01
0.33967200 1.10848200e+00
0.36967200 1.27351400e+00
0.39967200 1.53983000e+00
0.42967200 1.92096600e+00
0.45967200 2.02916200e+00
0.48967200 1.85584100e+00
0.51967200 1.83485000e+00
0.54967200 2.07171800e+00
0.57967200 2.41421000e+00
0.60967200 2.37920000e+00
0.63967200 2.13787700e+00
0.66967200 1.83067700e+00
0.69967200 1.72483800e+00
0.72967200 1.79449700e+00
0.75967200 1.98251700e+00
