# E(MeV)  S_NSDRNSDR(K=1) for Am304_DDPCX
-17.11370000 1.00799000e-01
-17.08370000 1.08915000e-01
-17.05370000 1.13629000e-01
-17.02370000 1.21402000e-01
-16.99370000 1.28709000e-01
-16.96370000 1.33734000e-01
-16.93370000 1.37319000e-01
-16.90370000 1.40041000e-01
-16.87370000 1.42156000e-01
-16.84370000 1.43760000e-01
-16.81370000 1.44849000e-01
-16.78370000 1.45335000e-01
-16.75370000 1.45014000e-01
-16.72370000 1.43487000e-01
-16.69370000 1.39976000e-01
-16.66370000 1.32876000e-01
-16.63370000 1.18759000e-01
-16.60370000 9.06363000e-02
-16.57370000 3.55672000e-02
-16.54370000 -3.64623000e-02
-16.51370000 -1.41620000e-02
-16.48370000 6.38351000e-02
-16.45370000 1.11567000e-01
-16.42370000 1.35986000e-01
-16.39370000 1.49332000e-01
-16.36370000 1.57280000e-01
-16.33370000 1.62290000e-01
-16.30370000 1.65453000e-01
-16.27370000 1.67209000e-01
-16.24370000 1.67609000e-01
-16.21370000 1.66335000e-01
-16.18370000 1.62507000e-01
-16.15370000 1.54154000e-01
-16.12370000 1.37558000e-01
-16.09370000 1.09192000e-01
-16.06370000 5.95200000e-02
-16.03370000 -8.59805000e-03
-16.00370000 1.05456000e-02
-15.97370000 8.52048000e-02
-15.94370000 1.29923000e-01
-15.91370000 1.50286000e-01
-15.88370000 1.57544000e-01
-15.85370000 1.55868000e-01
-15.82370000 1.44908000e-01
-15.79370000 1.19984000e-01
-15.76370000 6.87237000e-02
-15.73370000 -3.79917000e-02
-15.70370000 -2.46507000e-01
-15.67370000 -4.45704000e-01
-15.64370000 -2.90594000e-01
-15.61370000 -6.25468000e-02
-15.58370000 6.93684000e-02
-15.55370000 1.47932000e-01
-15.52370000 1.95472000e-01
-15.49370000 2.26760000e-01
-15.46370000 2.50061000e-01
-15.43370000 2.69388000e-01
-15.40370000 2.86658000e-01
-15.37370000 3.02622000e-01
-15.32110000 3.35741000e-01
-15.29110000 3.64777000e-01
-15.26110000 3.97960000e-01
-15.23110000 4.37602000e-01
-15.20110000 4.85304000e-01
-15.17110000 5.36655000e-01
-15.14110000 6.00900000e-01
-15.11110000 6.91201000e-01
-15.08110000 8.19832000e-01
-15.05110000 1.00871000e+00
-15.02110000 1.30004000e+00
-14.99110000 1.77926000e+00
-14.96110000 2.62426000e+00
-14.93110000 4.17331000e+00
-14.90110000 7.09798000e+00
-14.87110000 1.14848000e+01
-14.84110000 1.15012000e+01
-14.81110000 7.04018000e+00
-14.78110000 4.03680000e+00
-14.75110000 2.53012000e+00
-14.72110000 1.74431000e+00
-14.69110000 1.29944000e+00
-14.66110000 1.02898000e+00
-14.63110000 8.55928000e-01
-14.60110000 7.42776000e-01
-14.57110000 6.72077000e-01
-14.54110000 6.38359000e-01
-14.51110000 6.25759000e-01
-14.48110000 5.79575000e-01
-14.45110000 5.25047000e-01
-14.42110000 4.87293000e-01
-14.39110000 4.55530000e-01
-14.36110000 4.32765000e-01
-14.33110000 4.17450000e-01
-14.30110000 4.06824000e-01
-14.27110000 3.99335000e-01
-14.24110000 3.94145000e-01
-14.21110000 3.90762000e-01
-14.18110000 3.88883000e-01
-14.15110000 3.88323000e-01
-14.12110000 3.88988000e-01
-14.09110000 3.90885000e-01
-14.06110000 3.94181000e-01
-14.03110000 3.99254000e-01
-14.00110000 4.05634000e-01
-13.97110000 4.10284000e-01
-13.94110000 4.14810000e-01
-13.91110000 4.21375000e-01
-13.88110000 4.29873000e-01
-13.85110000 4.40228000e-01
-13.82110000 4.52573000e-01
-13.79110000 4.67213000e-01
-13.76110000 4.84618000e-01
-13.73110000 5.05462000e-01
-13.70110000 5.30695000e-01
-13.67110000 5.61676000e-01
-13.64110000 6.00387000e-01
-13.61110000 6.49808000e-01
-13.58110000 7.14568000e-01
-13.52850000 8.90683000e-01
-13.49850000 1.05492000e+00
-13.46850000 1.30677000e+00
-13.43850000 1.72075000e+00
-13.40850000 2.46380000e+00
-13.37850000 3.91287000e+00
-13.34850000 6.69238000e+00
-13.31850000 9.55152000e+00
-13.28850000 7.72884000e+00
-13.25850000 4.62096000e+00
-13.22850000 2.90756000e+00
-13.19850000 2.07222000e+00
-13.16850000 1.65086000e+00
-13.13850000 1.43808000e+00
-13.10850000 1.35273000e+00
-13.07850000 1.36594000e+00
-13.04850000 1.48442000e+00
-13.01850000 1.75754000e+00
-12.98850000 2.27865000e+00
-12.95850000 2.98967000e+00
-12.92850000 3.82605000e+00
-12.89850000 5.48899000e+00
-12.86850000 7.91662000e+00
-12.83850000 7.46811000e+00
-12.80850000 4.77678000e+00
-12.77850000 3.09308000e+00
-12.74850000 2.28225000e+00
-12.71850000 1.89451000e+00
-12.68850000 1.71986000e+00
-12.65850000 1.67570000e+00
-12.62850000 1.72987000e+00
-12.59850000 1.87926000e+00
-12.56850000 2.14338000e+00
-12.53850000 2.56725000e+00
-12.50850000 3.25571000e+00
-12.47850000 4.42671000e+00
-12.44850000 6.55828000e+00
-12.41850000 1.07477000e+01
-12.38850000 1.88708000e+01
-12.35850000 2.76744000e+01
-12.32850000 2.27030000e+01
-12.29850000 1.32785000e+01
-12.26850000 8.05484000e+00
-12.23850000 5.63642000e+00
-12.20850000 4.73793000e+00
-12.17850000 4.75968000e+00
-12.14850000 4.37593000e+00
-12.11850000 3.20832000e+00
-12.08850000 2.39784000e+00
-12.05850000 1.98929000e+00
-12.02850000 1.83407000e+00
-11.99850000 1.79384000e+00
-11.96850000 1.62907000e+00
-11.93850000 1.42051000e+00
-11.90850000 1.27978000e+00
-11.87850000 1.20766000e+00
-11.84850000 1.18912000e+00
-11.81850000 1.22471000e+00
-11.78850000 1.32625000e+00
-11.73590000 1.43170000e+00
-11.70590000 1.37250000e+00
-11.67590000 1.42492000e+00
-11.64590000 1.63189000e+00
-11.61590000 1.84334000e+00
-11.58590000 1.70918000e+00
-11.55590000 1.54259000e+00
-11.52590000 1.52096000e+00
-11.49590000 1.61865000e+00
-11.46590000 1.84194000e+00
-11.43590000 2.26178000e+00
-11.40590000 3.06593000e+00
-11.37590000 4.66823000e+00
-11.34590000 7.30667000e+00
-11.31590000 8.08978000e+00
-11.28590000 5.74480000e+00
-11.25590000 4.01324000e+00
-11.22590000 3.13344000e+00
-11.19590000 2.60780000e+00
-11.16590000 2.41689000e+00
-11.13590000 2.50969000e+00
-11.10590000 2.52475000e+00
-11.07590000 2.28587000e+00
-11.04590000 2.14266000e+00
-11.01590000 2.12114000e+00
-10.98590000 2.19760000e+00
-10.95590000 2.35453000e+00
-10.92590000 2.58591000e+00
-10.89590000 2.89926000e+00
-10.86590000 3.32469000e+00
-10.83590000 3.98018000e+00
-10.80590000 5.03477000e+00
-10.77590000 6.82123000e+00
-10.74590000 1.01090000e+01
-10.71590000 1.65613000e+01
-10.68590000 2.71052000e+01
-10.65590000 3.06113000e+01
-10.62590000 2.09438000e+01
-10.59590000 1.32802000e+01
-10.56590000 9.67151000e+00
-10.53590000 8.28888000e+00
-10.50590000 8.15109000e+00
-10.47590000 8.63564000e+00
-10.44590000 9.53647000e+00
-10.41590000 1.16148000e+01
-10.38590000 1.58337000e+01
-10.35590000 2.40248000e+01
-10.32590000 3.90076000e+01
-10.29590000 6.23315000e+01
-10.26590000 6.98957000e+01
-10.23590000 4.70518000e+01
-10.20590000 2.91942000e+01
-10.17590000 2.11878000e+01
-10.14590000 1.88436000e+01
-10.11590000 2.07538000e+01
-10.08590000 2.47421000e+01
-10.05590000 2.51726000e+01
-10.02590000 2.15858000e+01
-9.99591000 1.80252000e+01
-9.94332000 1.75109000e+01
-9.91332000 2.12996000e+01
-9.88332000 2.84594000e+01
-9.85332000 4.21349000e+01
-9.82332000 7.05252000e+01
-9.79332000 1.15057000e+02
-9.76332000 1.25210000e+02
-9.73332000 9.15828000e+01
-9.70332000 6.30278000e+01
-9.67332000 4.03858000e+01
-9.64332000 2.56153000e+01
-9.61332000 1.76913000e+01
-9.58332000 1.34614000e+01
-9.55332000 1.08147000e+01
-9.52332000 8.58418000e+00
-9.49332000 6.96056000e+00
-9.46332000 5.87730000e+00
-9.43332000 5.13920000e+00
-9.40332000 4.62371000e+00
-9.37332000 4.23840000e+00
-9.34332000 3.94986000e+00
-9.31332000 3.76042000e+00
-9.28332000 3.66004000e+00
-9.25332000 3.64963000e+00
-9.22332000 3.73804000e+00
-9.19332000 3.95967000e+00
-9.16332000 4.41293000e+00
-9.13332000 5.26193000e+00
-9.10332000 6.64831000e+00
-9.07332000 8.80001000e+00
-9.04332000 1.20668000e+01
-9.01332000 1.45421000e+01
-8.98332000 1.38004000e+01
-8.95332000 1.41368000e+01
-8.92332000 1.62692000e+01
-8.89332000 1.43937000e+01
-8.86332000 1.04672000e+01
-8.83332000 8.44167000e+00
-8.80332000 8.09015000e+00
-8.77332000 9.14241000e+00
-8.74332000 1.16591000e+01
-8.71332000 1.69104000e+01
-8.68332000 2.53530000e+01
-8.65332000 2.71839000e+01
-8.62332000 2.22677000e+01
-8.59332000 2.15968000e+01
-8.56332000 1.92523000e+01
-8.53332000 1.29726000e+01
-8.50332000 8.72261000e+00
-8.47332000 6.49819000e+00
-8.44332000 5.32656000e+00
-8.41332000 4.69517000e+00
-8.38332000 4.37035000e+00
-8.35332000 4.27656000e+00
-8.32332000 4.38030000e+00
-8.29332000 4.72782000e+00
-8.26332000 5.55983000e+00
-8.23332000 6.79809000e+00
-8.20332000 7.05565000e+00
-8.15072000 7.84929000e+00
-8.12072000 1.00627000e+01
-8.09072000 1.04104000e+01
-8.06072000 8.26591000e+00
-8.03072000 7.05482000e+00
-8.00072000 6.61786000e+00
-7.97072000 6.26056000e+00
-7.94072000 6.41593000e+00
-7.91072000 7.26732000e+00
-7.88072000 8.21732000e+00
-7.85072000 8.16539000e+00
-7.82072000 8.29230000e+00
-7.79072000 9.09940000e+00
-7.76072000 1.01337000e+01
-7.73072000 1.12471000e+01
-7.70072000 1.33819000e+01
-7.67072000 1.74276000e+01
-7.64072000 2.38723000e+01
-7.61072000 3.07271000e+01
-7.58072000 3.18570000e+01
-7.55072000 3.41431000e+01
-7.52072000 4.41699000e+01
-7.49072000 5.99999000e+01
-7.46072000 7.61079000e+01
-7.43072000 9.85081000e+01
-7.40072000 9.63594000e+01
-7.37072000 7.55041000e+01
-7.34072000 6.70216000e+01
-7.31072000 7.79067000e+01
-7.28072000 9.08421000e+01
-7.25072000 7.75351000e+01
-7.22072000 5.94317000e+01
-7.19072000 5.48463000e+01
-7.16072000 6.70818000e+01
-7.13072000 9.90085000e+01
-7.10072000 1.23174000e+02
-7.07072000 9.12981000e+01
-7.04072000 5.63031000e+01
-7.01072000 3.87161000e+01
-6.98072000 3.07959000e+01
-6.95072000 2.66320000e+01
-6.92072000 2.50897000e+01
-6.89072000 2.50529000e+01
-6.86072000 2.53440000e+01
-6.83072000 2.71127000e+01
-6.80072000 3.24890000e+01
-6.77072000 4.42508000e+01
-6.74072000 6.00037000e+01
-6.71072000 6.11179000e+01
-6.68072000 4.53323000e+01
-6.65072000 3.58340000e+01
-6.62072000 3.46051000e+01
-6.59072000 3.79181000e+01
-6.56072000 4.10311000e+01
-6.53072000 4.70109000e+01
-6.50072000 5.70311000e+01
-6.47072000 6.59896000e+01
-6.44072000 7.93568000e+01
-6.41072000 9.98351000e+01
-6.35812000 1.56455000e+02
-6.32812000 1.66550000e+02
-6.29812000 1.35535000e+02
-6.26812000 1.23273000e+02
-6.23812000 1.46256000e+02
-6.20812000 2.06056000e+02
-6.17812000 2.65771000e+02
-6.14812000 2.79788000e+02
-6.11812000 2.62540000e+02
-6.08812000 2.39427000e+02
-6.05812000 1.83441000e+02
-6.02812000 1.43219000e+02
-5.99812000 1.42190000e+02
-5.96812000 1.58575000e+02
-5.93812000 1.52635000e+02
-5.90812000 1.62508000e+02
-5.87812000 2.20930000e+02
-5.84812000 2.84025000e+02
-5.81812000 2.60050000e+02
-5.78812000 1.92710000e+02
-5.75812000 1.29245000e+02
-5.72812000 9.29463000e+01
-5.69812000 7.39380000e+01
-5.66812000 6.68006000e+01
-5.63812000 6.65617000e+01
-5.60812000 7.12595000e+01
-5.57812000 8.76098000e+01
-5.54812000 1.09221000e+02
-5.51812000 1.18472000e+02
-5.48812000 1.05715000e+02
-5.45812000 8.32113000e+01
-5.42812000 7.71122000e+01
-5.39812000 8.85342000e+01
-5.36812000 1.16950000e+02
-5.33812000 1.58379000e+02
-5.30812000 2.15745000e+02
-5.27812000 2.31077000e+02
-5.24812000 1.69295000e+02
-5.21812000 1.31224000e+02
-5.18812000 1.32902000e+02
-5.15812000 1.69414000e+02
-5.12812000 2.14919000e+02
-5.09812000 2.00416000e+02
-5.06812000 1.54552000e+02
-5.03812000 1.33562000e+02
-5.00812000 1.29174000e+02
-4.97812000 1.39489000e+02
-4.94812000 1.86733000e+02
-4.91812000 2.75790000e+02
-4.88812000 3.19693000e+02
-4.85812000 2.69990000e+02
-4.82812000 2.32633000e+02
-4.79812000 2.18767000e+02
-4.76812000 1.76189000e+02
-4.73812000 1.40500000e+02
-4.70812000 1.30910000e+02
-4.67812000 1.24954000e+02
-4.64812000 1.19948000e+02
-4.61812000 1.26840000e+02
-4.56552000 1.50048000e+02
-4.53552000 1.87643000e+02
-4.50552000 1.99673000e+02
-4.47552000 1.86949000e+02
-4.44552000 2.16375000e+02
-4.41552000 2.68177000e+02
-4.38552000 2.62434000e+02
-4.35552000 2.53642000e+02
-4.32552000 3.17046000e+02
-4.29552000 4.12615000e+02
-4.26552000 4.54831000e+02
-4.23552000 3.54611000e+02
-4.20552000 2.17201000e+02
-4.17552000 1.38406000e+02
-4.14552000 9.68952000e+01
-4.11552000 7.28787000e+01
-4.08552000 5.92227000e+01
-4.05552000 5.30009000e+01
-4.02552000 5.36801000e+01
-3.99552000 6.28128000e+01
-3.96552000 7.55882000e+01
-3.93552000 7.07783000e+01
-3.90552000 6.18251000e+01
-3.87552000 6.17289000e+01
-3.84552000 7.18247000e+01
-3.81552000 9.78906000e+01
-3.78552000 1.43320000e+02
-3.75552000 1.65809000e+02
-3.72552000 1.35440000e+02
-3.69552000 1.25463000e+02
-3.66552000 1.48728000e+02
-3.63552000 1.60563000e+02
-3.60552000 1.54487000e+02
-3.57552000 1.47404000e+02
-3.54552000 1.38941000e+02
-3.51552000 1.27194000e+02
-3.48552000 1.00887000e+02
-3.45552000 9.03414000e+01
-3.42552000 1.05632000e+02
-3.39552000 1.33574000e+02
-3.36552000 1.21343000e+02
-3.33552000 8.69239000e+01
-3.30552000 7.15006000e+01
-3.27552000 7.08537000e+01
-3.24552000 6.48053000e+01
-3.21552000 4.98038000e+01
-3.18552000 4.11713000e+01
-3.15552000 4.09873000e+01
-3.12552000 4.75612000e+01
-3.09552000 5.86621000e+01
-3.06552000 6.86467000e+01
-3.03552000 6.52152000e+01
-3.00552000 5.48662000e+01
-2.97552000 5.60757000e+01
-2.94552000 6.12824000e+01
-2.91552000 5.40178000e+01
-2.88552000 4.91309000e+01
-2.85552000 5.08753000e+01
-2.82552000 4.94984000e+01
-2.77293000 5.40430000e+01
-2.74293000 5.82063000e+01
-2.71293000 6.21871000e+01
-2.68293000 6.55871000e+01
-2.65293000 6.82437000e+01
-2.62293000 6.65703000e+01
-2.59293000 6.35366000e+01
-2.56293000 5.70732000e+01
-2.53293000 5.57442000e+01
-2.50293000 6.12241000e+01
-2.47293000 5.99437000e+01
-2.44293000 5.41293000e+01
-2.41293000 5.71644000e+01
-2.38293000 7.43034000e+01
-2.35293000 1.11545000e+02
-2.32293000 1.46245000e+02
-2.29293000 1.18427000e+02
-2.26293000 7.54255000e+01
-2.23293000 5.26966000e+01
-2.20293000 4.33786000e+01
-2.17293000 4.15114000e+01
-2.14293000 4.24616000e+01
-2.11293000 3.77119000e+01
-2.08293000 3.07272000e+01
-2.05293000 2.81443000e+01
-2.02293000 3.08997000e+01
-1.99293000 4.06602000e+01
-1.96293000 5.55483000e+01
-1.93293000 5.79393000e+01
-1.90293000 4.76480000e+01
-1.87293000 4.19247000e+01
-1.84293000 4.40462000e+01
-1.81293000 5.28263000e+01
-1.78293000 6.77690000e+01
-1.75293000 8.92514000e+01
-1.72293000 8.31191000e+01
-1.69293000 5.70221000e+01
-1.66293000 4.23127000e+01
-1.63293000 3.88651000e+01
-1.60293000 3.96886000e+01
-1.57293000 3.98709000e+01
-1.54293000 3.51201000e+01
-1.51293000 3.13372000e+01
-1.48293000 3.31065000e+01
-1.45293000 4.30003000e+01
-1.42293000 6.63662000e+01
-1.39293000 9.80350000e+01
-1.36293000 9.04472000e+01
-1.33293000 5.60607000e+01
-1.30293000 3.45448000e+01
-1.27293000 2.40190000e+01
-1.24293000 1.87166000e+01
-1.21293000 1.62348000e+01
-1.18293000 1.60820000e+01
-1.15293000 1.81664000e+01
-1.12293000 2.17233000e+01
-1.09293000 2.47337000e+01
-1.06293000 2.44239000e+01
-1.03293000 2.16009000e+01
-0.98032800 1.48404000e+01
-0.95032800 1.38477000e+01
-0.92032800 1.52940000e+01
-0.89032800 1.97012000e+01
-0.86032800 2.76721000e+01
-0.83032800 3.66703000e+01
-0.80032800 3.83157000e+01
-0.77032800 3.86614000e+01
-0.74032800 4.47197000e+01
-0.71032800 4.40818000e+01
-0.68032800 3.79990000e+01
-0.65032800 3.22208000e+01
-0.62032800 2.60039000e+01
-0.59032800 1.99800000e+01
-0.56032800 1.73262000e+01
-0.53032800 1.59742000e+01
-0.50032800 1.38360000e+01
-0.47032800 1.25144000e+01
-0.44032800 1.32225000e+01
-0.41032800 1.56690000e+01
-0.38032800 2.00492000e+01
-0.35032800 2.32939000e+01
-0.32032800 1.87315000e+01
-0.29032800 1.34035000e+01
-0.26032800 1.08338000e+01
-0.23032800 9.79017000e+00
-0.20032800 9.42677000e+00
-0.17032800 1.03385000e+01
-0.14032800 1.24973000e+01
-0.11032800 1.38613000e+01
-0.08032760 1.26429000e+01
-0.05032760 1.15930000e+01
-0.02032760 1.21321000e+01
0.00967239 1.36695000e+01
0.03967240 1.41517000e+01
0.06967240 1.51446000e+01
0.09967240 1.81823000e+01
0.12967200 2.18067000e+01
0.15967200 2.66946000e+01
0.18967200 3.05482000e+01
0.21967200 3.25608000e+01
0.24967200 4.03261000e+01
0.27967200 4.83704000e+01
0.30967200 3.71471000e+01
0.33967200 2.32984000e+01
0.36967200 1.61423000e+01
0.39967200 1.32222000e+01
0.42967200 1.29451000e+01
0.45967200 1.48004000e+01
0.48967200 1.65775000e+01
0.51967200 1.59448000e+01
0.54967200 1.46736000e+01
0.57967200 1.45297000e+01
0.60967200 1.67821000e+01
0.63967200 2.19467000e+01
0.66967200 2.85487000e+01
0.69967200 3.20705000e+01
0.72967200 3.64180000e+01
0.75967200 4.28708000e+01
