# E(MeV)  S_NSDRNSDR(Total=K0+2*K1) for Am304_DDPCX
-17.11370000 -7.56840000e-02
-17.08370000 -2.26292000e-01
-17.05370000 -9.45930000e-02
-17.02370000 1.13628000e-01
-16.99370000 2.35473900e-01
-16.96370000 3.00220200e-01
-16.93370000 3.37549500e-01
-16.90370000 3.61172900e-01
-16.87370000 3.77196100e-01
-16.84370000 3.88473000e-01
-16.81370000 3.96334000e-01
-16.78370000 4.01267000e-01
-16.75370000 4.03114000e-01
-16.72370000 4.00944000e-01
-16.69370000 3.92500000e-01
-16.66370000 3.72692000e-01
-16.63370000 3.30426600e-01
-16.60370000 2.49031900e-01
-16.57370000 1.32546500e-01
-16.54370000 1.66906000e-02
-16.51370000 8.37840000e-02
-16.48370000 2.51970200e-01
-16.45370000 3.54449000e-01
-16.42370000 4.07853000e-01
-16.39370000 4.37862000e-01
-16.36370000 4.56374000e-01
-16.33370000 4.68580000e-01
-16.30370000 4.76800000e-01
-16.27370000 4.81982000e-01
-16.24370000 4.84241000e-01
-16.21370000 4.82902000e-01
-16.18370000 4.76072000e-01
-16.15370000 4.59477000e-01
-16.12370000 4.24911000e-01
-16.09370000 3.64374000e-01
-16.06370000 2.63026000e-01
-16.03370000 1.33062900e-01
-16.00370000 1.77832200e-01
-15.97370000 3.31301600e-01
-15.94370000 4.23638000e-01
-15.91370000 4.66698000e-01
-15.88370000 4.83286000e-01
-15.85370000 4.81883000e-01
-15.82370000 4.61862000e-01
-15.79370000 4.13904000e-01
-15.76370000 3.13289400e-01
-15.73370000 1.01798600e-01
-15.70370000 -3.13244000e-01
-15.67370000 -7.09590000e-01
-15.64370000 -3.97258000e-01
-15.61370000 6.10124000e-02
-15.58370000 3.27065800e-01
-15.55370000 4.86410000e-01
-15.52370000 5.83569000e-01
-15.49370000 6.47765000e-01
-15.46370000 6.94742000e-01
-15.43370000 7.30550000e-01
-15.40370000 7.54431000e-01
-15.37370000 7.64395000e-01
-15.32110000 8.78477000e-01
-15.29110000 1.01311000e+00
-15.26110000 1.17747400e+00
-15.23110000 1.42427000e+00
-15.20110000 1.80405800e+00
-15.17110000 2.05823900e+00
-15.14110000 1.93425600e+00
-15.11110000 1.88125900e+00
-15.08110000 2.01917900e+00
-15.05110000 2.33724600e+00
-15.02110000 2.88797800e+00
-14.99110000 3.82825900e+00
-14.96110000 5.50751800e+00
-14.93110000 8.59918100e+00
-14.90110000 1.44447430e+01
-14.87110000 2.32163410e+01
-14.84110000 2.32482850e+01
-14.81110000 1.43262360e+01
-14.78110000 8.32009700e+00
-14.75110000 5.30784400e+00
-14.72110000 3.73772200e+00
-14.69110000 2.84981000e+00
-14.66110000 2.31101200e+00
-14.63110000 1.96731300e+00
-14.60110000 1.74371700e+00
-14.57110000 1.60541100e+00
-14.54110000 1.54165700e+00
-14.51110000 1.52119500e+00
-14.48110000 1.43492600e+00
-14.45110000 1.33007100e+00
-14.42110000 1.25508800e+00
-14.39110000 1.19284500e+00
-14.36110000 1.14988400e+00
-14.33110000 1.12255200e+00
-14.30110000 1.10503300e+00
-14.27110000 1.09410100e+00
-14.24110000 1.08802900e+00
-14.21110000 1.08581800e+00
-14.18110000 1.08686400e+00
-14.15110000 1.09081300e+00
-14.12110000 1.09751000e+00
-14.09110000 1.10702700e+00
-14.06110000 1.11981400e+00
-14.03110000 1.13686600e+00
-14.00110000 1.15776600e+00
-13.97110000 1.17708400e+00
-13.94110000 1.19536500e+00
-13.91110000 1.21275300e+00
-13.88110000 1.23425600e+00
-13.85110000 1.26143400e+00
-13.82110000 1.29390900e+00
-13.79110000 1.33190700e+00
-13.76110000 1.37624500e+00
-13.73110000 1.42827300e+00
-13.70110000 1.48996500e+00
-13.67110000 1.56417700e+00
-13.64110000 1.65509600e+00
-13.61110000 1.76905100e+00
-13.58110000 1.91595400e+00
-13.52850000 2.30881600e+00
-13.49850000 2.67277100e+00
-13.46850000 3.22593500e+00
-13.43850000 4.08809500e+00
-13.40850000 5.57388300e+00
-13.37850000 8.48151800e+00
-13.34850000 1.40683710e+01
-13.31850000 1.98316990e+01
-13.28850000 1.62545010e+01
-13.25850000 1.01483120e+01
-13.22850000 6.91243000e+00
-13.19850000 5.52630000e+00
-13.16850000 4.77312000e+00
-13.13850000 4.18863000e+00
-13.10850000 3.94929000e+00
-13.07850000 4.02919000e+00
-13.04850000 4.43447000e+00
-13.01850000 5.31907000e+00
-12.98850000 6.95906000e+00
-12.95850000 8.86830000e+00
-12.92850000 1.02976300e+01
-12.89850000 1.33600900e+01
-12.86850000 1.82304800e+01
-12.83850000 1.76129000e+01
-12.80850000 1.26919800e+01
-12.77850000 9.90828000e+00
-12.74850000 9.29882000e+00
-12.71850000 1.04081600e+01
-12.68850000 1.37059200e+01
-12.65850000 2.08757000e+01
-12.62850000 3.17764400e+01
-12.59850000 3.21252200e+01
-12.56850000 2.20506600e+01
-12.53850000 1.58646000e+01
-12.50850000 1.38033100e+01
-12.47850000 1.44406100e+01
-12.44850000 1.78515900e+01
-12.41850000 2.58481700e+01
-12.38850000 4.20118100e+01
-12.35850000 5.97688400e+01
-12.32850000 5.02027500e+01
-12.29850000 3.20030200e+01
-12.26850000 2.25668300e+01
-12.23850000 1.90743500e+01
-12.20850000 1.86211700e+01
-12.17850000 2.06006600e+01
-12.14850000 2.31248600e+01
-12.11850000 2.63305400e+01
-12.08850000 3.44783800e+01
-12.05850000 5.22169800e+01
-12.02850000 8.89947400e+01
-11.99850000 1.49640680e+02
-11.96850000 1.64640140e+02
-11.93850000 1.04985020e+02
-11.90850000 5.94209600e+01
-11.87850000 3.63387200e+01
-11.84850000 2.44531400e+01
-11.81850000 1.78746200e+01
-11.78850000 1.40470000e+01
-11.73590000 1.02623800e+01
-11.70590000 8.76979000e+00
-11.67590000 7.87737000e+00
-11.64590000 7.55035000e+00
-11.61590000 7.41106000e+00
-11.58590000 6.70993000e+00
-11.55590000 6.04208000e+00
-11.52590000 5.74307000e+00
-11.49590000 5.75251000e+00
-11.46590000 6.08377000e+00
-11.43590000 6.87345000e+00
-11.40590000 8.47662000e+00
-11.37590000 1.18095800e+01
-11.34590000 1.74725900e+01
-11.31590000 1.94834900e+01
-11.28590000 1.47303400e+01
-11.25590000 1.11514300e+01
-11.22590000 9.14762000e+00
-11.19590000 7.87023000e+00
-11.16590000 7.67094000e+00
-11.13590000 8.41122000e+00
-11.10590000 8.43426000e+00
-11.07590000 7.24741000e+00
-11.04590000 6.47900000e+00
-11.01590000 6.21768000e+00
-10.98590000 6.31103000e+00
-10.95590000 6.66011000e+00
-10.92590000 7.22897000e+00
-10.89590000 8.02750000e+00
-10.86590000 9.12471000e+00
-10.83590000 1.08732200e+01
-10.80590000 1.37586100e+01
-10.77590000 1.84620100e+01
-10.74590000 2.60140100e+01
-10.71590000 4.04436400e+01
-10.68590000 6.51391000e+01
-10.65590000 7.93455000e+01
-10.62590000 6.68498000e+01
-10.59590000 4.66549000e+01
-10.56590000 3.24834200e+01
-10.53590000 2.67538600e+01
-10.50590000 2.66543800e+01
-10.47590000 3.10319800e+01
-10.44590000 4.01260400e+01
-10.41590000 4.78453000e+01
-10.38590000 4.87169000e+01
-10.35590000 5.83498000e+01
-10.32590000 8.49175200e+01
-10.29590000 1.30002700e+02
-10.26590000 1.44611160e+02
-10.23590000 9.93081500e+01
-10.20590000 6.52077900e+01
-10.17590000 5.15965400e+01
-10.14590000 4.60625500e+01
-10.11590000 4.70255200e+01
-10.08590000 5.32739900e+01
-10.05590000 5.32841800e+01
-10.02590000 4.57154400e+01
-9.99591000 3.85312200e+01
-9.94332000 3.76078200e+01
-9.91332000 4.51705300e+01
-9.88332000 5.92669800e+01
-9.85332000 8.61592300e+01
-9.82332000 1.42638980e+02
-9.79332000 2.31541910e+02
-9.76332000 2.51758550e+02
-9.73332000 1.84459950e+02
-9.70332000 1.27344930e+02
-9.67332000 8.21005400e+01
-9.64332000 5.26424900e+01
-9.61332000 3.68719300e+01
-9.58332000 2.85247100e+01
-9.55332000 2.33197700e+01
-9.52332000 1.86848400e+01
-9.49332000 1.52582800e+01
-9.46332000 1.30006800e+01
-9.43332000 1.14829900e+01
-9.40332000 1.04355300e+01
-9.37332000 9.66273000e+00
-9.34332000 9.09406000e+00
-9.31332000 8.73427000e+00
-9.28332000 8.56436000e+00
-9.25332000 8.57130000e+00
-9.22332000 8.76043000e+00
-9.19332000 9.22337000e+00
-9.16332000 1.01646800e+01
-9.13332000 1.19123800e+01
-9.10332000 1.47569900e+01
-9.07332000 1.91724500e+01
-9.04332000 2.58824500e+01
-9.01332000 3.10868300e+01
-8.98332000 2.97932100e+01
-8.95332000 3.06673800e+01
-8.92332000 3.53936900e+01
-8.89332000 3.18923300e+01
-8.86332000 2.38519900e+01
-8.83332000 1.95363800e+01
-8.80332000 1.84980300e+01
-8.77332000 2.04288000e+01
-8.74332000 2.54002400e+01
-8.71332000 3.58909600e+01
-8.68332000 5.28089400e+01
-8.65332000 5.65435700e+01
-8.62332000 4.68080400e+01
-8.59332000 4.55894400e+01
-8.56332000 4.10806800e+01
-8.53332000 2.87725200e+01
-8.50332000 2.05654800e+01
-8.47332000 1.62995700e+01
-8.44332000 1.40000000e+01
-8.41332000 1.28363300e+01
-8.38332000 1.23834000e+01
-8.35332000 1.25042200e+01
-8.32332000 1.31444800e+01
-8.29332000 1.44311400e+01
-8.26332000 1.69177600e+01
-8.23332000 2.05900100e+01
-8.20332000 2.29353900e+01
-8.15072000 3.07217800e+01
-8.12072000 4.00754000e+01
-8.09072000 4.87045000e+01
-8.06072000 6.00007200e+01
-8.03072000 7.66004400e+01
-8.00072000 6.80768200e+01
-7.97072000 4.92324200e+01
-7.94072000 4.16856600e+01
-7.91072000 4.48521400e+01
-7.88072000 5.46668400e+01
-7.85072000 5.43251800e+01
-7.82072000 4.40879000e+01
-7.79072000 3.93486000e+01
-7.76072000 3.99751000e+01
-7.73072000 4.47943000e+01
-7.70072000 5.70869000e+01
-7.67072000 8.07691000e+01
-7.64072000 1.02979500e+02
-7.61072000 1.02747900e+02
-7.58072000 9.18430000e+01
-7.55072000 9.04363000e+01
-7.52072000 1.08724600e+02
-7.49072000 1.40936500e+02
-7.46072000 1.75083400e+02
-7.43072000 2.22843200e+02
-7.40072000 2.24120100e+02
-7.37072000 1.93286700e+02
-7.34072000 1.97045400e+02
-7.31072000 2.53373200e+02
-7.28072000 3.00111200e+02
-7.25072000 2.64184200e+02
-7.22072000 2.18480800e+02
-7.19072000 2.20811600e+02
-7.16072000 2.93812600e+02
-7.13072000 4.60323000e+02
-7.10072000 6.04518000e+02
-7.07072000 4.70706200e+02
-7.04072000 2.82952200e+02
-7.01072000 1.80957200e+02
-6.98072000 1.32431600e+02
-6.95072000 1.07985700e+02
-6.92072000 9.75518000e+01
-6.89072000 9.58339000e+01
-6.86072000 9.93873000e+01
-6.83072000 1.12371100e+02
-6.80072000 1.44201300e+02
-6.77072000 2.08846600e+02
-6.74072000 3.08689400e+02
-6.71072000 3.67492800e+02
-6.68072000 3.26103600e+02
-6.65072000 2.66629000e+02
-6.62072000 1.96406200e+02
-6.59072000 1.59606500e+02
-6.56072000 1.47614000e+02
-6.53072000 1.58256500e+02
-6.50072000 1.86875800e+02
-6.47072000 2.00484700e+02
-6.44072000 2.14663100e+02
-6.41072000 2.53562800e+02
-6.35812000 3.89971500e+02
-6.32812000 4.07142800e+02
-6.29812000 3.30554400e+02
-6.26812000 3.04420000e+02
-6.23812000 3.65929900e+02
-6.20812000 5.24185000e+02
-6.17812000 6.81555000e+02
-6.14812000 6.77506000e+02
-6.11812000 5.97015200e+02
-6.08812000 5.26331600e+02
-6.05812000 4.02824600e+02
-6.02812000 3.15601100e+02
-5.99812000 3.08534600e+02
-5.96812000 3.38430000e+02
-5.93812000 3.25403100e+02
-5.90812000 3.45313600e+02
-5.87812000 4.63072800e+02
-5.84812000 5.90356700e+02
-5.81812000 5.44745600e+02
-5.78812000 4.14320200e+02
-5.75812000 2.93688000e+02
-5.72812000 2.31521000e+02
-5.69812000 2.13423300e+02
-5.66812000 2.35066200e+02
-5.63812000 2.68561400e+02
-5.60812000 2.84489000e+02
-5.57812000 3.32851600e+02
-5.54812000 3.76984000e+02
-5.51812000 3.74975000e+02
-5.48812000 3.46398000e+02
-5.45812000 3.03257600e+02
-5.42812000 3.11937400e+02
-5.39812000 3.53052400e+02
-5.36812000 4.14787000e+02
-5.33812000 5.00751000e+02
-5.30812000 6.58728000e+02
-5.27812000 7.18387000e+02
-5.24812000 5.29624000e+02
-5.21812000 3.99438000e+02
-5.18812000 3.90316000e+02
-5.15812000 4.76223000e+02
-5.12812000 5.59731000e+02
-5.09812000 5.01246000e+02
-5.06812000 3.94979900e+02
-5.03812000 3.54406100e+02
-5.00812000 3.60449000e+02
-4.97812000 4.14396000e+02
-4.94812000 5.69298000e+02
-4.91812000 8.43144000e+02
-4.88812000 1.00365400e+03
-4.85812000 9.71556000e+02
-4.82812000 9.19423000e+02
-4.79812000 7.46500000e+02
-4.76812000 5.39014000e+02
-4.73812000 4.06813000e+02
-4.70812000 3.59121500e+02
-4.67812000 3.37041000e+02
-4.64812000 3.30604000e+02
-4.61812000 3.44106200e+02
-4.56552000 3.77489700e+02
-4.53552000 4.60158800e+02
-4.50552000 5.08339000e+02
-4.47552000 5.35859000e+02
-4.44552000 7.02472000e+02
-4.41552000 9.53374000e+02
-4.38552000 9.35471000e+02
-4.35552000 7.76137000e+02
-4.32552000 8.14914000e+02
-4.29552000 9.78885000e+02
-4.26552000 1.07476000e+03
-4.23552000 8.78577000e+02
-4.20552000 5.66785000e+02
-4.17552000 3.86760000e+02
-4.14552000 2.89359000e+02
-4.11552000 2.16434800e+02
-4.08552000 1.74176100e+02
-4.05552000 1.59831700e+02
-4.02552000 1.67677200e+02
-3.99552000 1.85513700e+02
-3.96552000 2.00121900e+02
-3.93552000 1.81319600e+02
-3.90552000 1.59077600e+02
-3.87552000 1.58402300e+02
-3.84552000 1.81033300e+02
-3.81552000 2.32703800e+02
-3.78552000 3.23463400e+02
-3.75552000 3.72047300e+02
-3.72552000 3.18391100e+02
-3.69552000 3.07554600e+02
-3.66552000 3.64315800e+02
-3.63552000 4.00046500e+02
-3.60552000 3.88493100e+02
-3.57552000 3.55196600e+02
-3.54552000 3.26758700e+02
-3.51552000 3.04547500e+02
-3.48552000 2.52533500e+02
-3.45552000 2.24023000e+02
-3.42552000 2.42442200e+02
-3.39552000 2.89092500e+02
-3.36552000 2.59461100e+02
-3.33552000 1.88433100e+02
-3.30552000 1.57445400e+02
-3.27552000 1.56471600e+02
-3.24552000 1.42676600e+02
-3.21552000 1.11377300e+02
-3.18552000 9.39951000e+01
-3.15552000 9.34944000e+01
-3.12552000 1.07356500e+02
-3.09552000 1.32349100e+02
-3.06552000 1.58693100e+02
-3.03552000 1.63905800e+02
-3.00552000 1.51699000e+02
-2.97552000 1.43144200e+02
-2.94552000 1.41536600e+02
-2.91552000 1.20739400e+02
-2.88552000 1.07917470e+02
-2.85552000 1.09814780e+02
-2.82552000 1.06278420e+02
-2.77293000 1.14357830e+02
-2.74293000 1.22220780e+02
-2.71293000 1.30079220e+02
-2.68293000 1.36855210e+02
-2.65293000 1.42346290e+02
-2.62293000 1.39735480e+02
-2.59293000 1.34973830e+02
-2.56293000 1.23758930e+02
-2.53293000 1.23812300e+02
-2.50293000 1.37611100e+02
-2.47293000 1.38077000e+02
-2.44293000 1.29792400e+02
-2.41293000 1.32622100e+02
-2.38293000 1.63437200e+02
-2.35293000 2.37925900e+02
-2.32293000 3.06764600e+02
-2.29293000 2.48711100e+02
-2.26293000 1.60986200e+02
-2.23293000 1.14097490e+02
-2.20293000 9.47910800e+01
-2.17293000 9.12296200e+01
-2.14293000 9.42303700e+01
-2.11293000 8.69835000e+01
-2.08293000 7.67526000e+01
-2.05293000 7.79369000e+01
-2.02293000 9.48496000e+01
-1.99293000 1.32840700e+02
-1.96293000 1.74488300e+02
-1.93293000 1.73068300e+02
-1.90293000 1.35920700e+02
-1.87293000 1.11845700e+02
-1.84293000 1.11544000e+02
-1.81293000 1.30174600e+02
-1.78293000 1.65562200e+02
-1.75293000 2.12056500e+02
-1.72293000 1.94521900e+02
-1.69293000 1.34513300e+02
-1.66293000 1.01538600e+02
-1.63293000 9.48111000e+01
-1.60293000 9.87713000e+01
-1.57293000 1.04021800e+02
-1.54293000 1.03149900e+02
-1.51293000 1.02354200e+02
-1.48293000 9.77161000e+01
-1.45293000 1.06209700e+02
-1.42293000 1.46904700e+02
-1.39293000 2.07944300e+02
-1.36293000 1.93205300e+02
-1.33293000 1.27759400e+02
-1.30293000 8.82163000e+01
-1.27293000 6.43492000e+01
-1.24293000 4.92330000e+01
-1.21293000 4.24619400e+01
-1.18293000 4.27629000e+01
-1.15293000 4.80574000e+01
-1.12293000 5.54616000e+01
-1.09293000 6.06584000e+01
-1.06293000 5.79919000e+01
-1.03293000 5.04137300e+01
-0.98032800 3.56785800e+01
-0.95032800 3.28070900e+01
-0.92032800 3.53825400e+01
-0.89032800 4.47604400e+01
-0.86032800 6.19594900e+01
-0.83032800 8.06806200e+01
-0.80032800 8.31447500e+01
-0.77032800 8.23664700e+01
-0.74032800 9.36303700e+01
-0.71032800 9.22763500e+01
-0.68032800 8.05719400e+01
-0.65032800 6.93759300e+01
-0.62032800 5.67237100e+01
-0.59032800 4.41125300e+01
-0.56032800 3.82701400e+01
-0.53032800 3.53744000e+01
-0.50032800 3.11399400e+01
-0.47032800 2.82064300e+01
-0.44032800 2.92358700e+01
-0.41032800 3.38387900e+01
-0.38032800 4.24898600e+01
-0.35032800 4.92264000e+01
-0.32032800 4.07175100e+01
-0.29032800 3.04483500e+01
-0.26032800 2.51186000e+01
-0.23032800 2.28382900e+01
-0.20032800 2.19977700e+01
-0.17032800 2.38753100e+01
-0.14032800 2.82659300e+01
-0.11032800 3.08362300e+01
-0.08032760 2.83779800e+01
-0.05032760 2.64954300e+01
-0.02032760 2.78570000e+01
0.00967239 3.16431600e+01
0.03967240 3.34063000e+01
0.06967240 3.58105800e+01
0.09967240 4.19362200e+01
0.12967200 4.81703600e+01
0.15967200 5.68595200e+01
0.18967200 6.37938400e+01
0.21967200 6.74280600e+01
0.24967200 8.28567300e+01
0.27967200 9.87660800e+01
0.30967200 7.60982600e+01
0.33967200 4.83410400e+01
0.36967200 3.41295300e+01
0.39967200 2.85818000e+01
0.42967200 2.85678500e+01
0.45967200 3.30927400e+01
0.48967200 3.79146500e+01
0.51967200 3.78284400e+01
0.54967200 3.55826000e+01
0.57967200 3.55484800e+01
0.60967200 4.01056400e+01
0.63967200 5.03775400e+01
0.66967200 6.37377000e+01
0.69967200 6.96103500e+01
0.72967200 7.72610000e+01
0.75967200 8.97061900e+01
