# E(MeV)  S_NSDRNSDR(K=0) for Am304_DDPCX
-17.11370000 -2.77282000e-01
-17.08370000 -4.44122000e-01
-17.05370000 -3.21851000e-01
-17.02370000 -1.29176000e-01
-16.99370000 -2.19441000e-02
-16.96370000 3.27522000e-02
-16.93370000 6.29115000e-02
-16.90370000 8.10909000e-02
-16.87370000 9.28841000e-02
-16.84370000 1.00953000e-01
-16.81370000 1.06636000e-01
-16.78370000 1.10597000e-01
-16.75370000 1.13086000e-01
-16.72370000 1.13970000e-01
-16.69370000 1.12548000e-01
-16.66370000 1.06940000e-01
-16.63370000 9.29086000e-02
-16.60370000 6.77593000e-02
-16.57370000 6.14121000e-02
-16.54370000 8.96152000e-02
-16.51370000 1.12108000e-01
-16.48370000 1.24300000e-01
-16.45370000 1.31315000e-01
-16.42370000 1.35881000e-01
-16.39370000 1.39198000e-01
-16.36370000 1.41814000e-01
-16.33370000 1.44000000e-01
-16.30370000 1.45894000e-01
-16.27370000 1.47564000e-01
-16.24370000 1.49023000e-01
-16.21370000 1.50232000e-01
-16.18370000 1.51058000e-01
-16.15370000 1.51169000e-01
-16.12370000 1.49795000e-01
-16.09370000 1.45990000e-01
-16.06370000 1.43986000e-01
-16.03370000 1.50259000e-01
-16.00370000 1.56741000e-01
-15.97370000 1.60892000e-01
-15.94370000 1.63792000e-01
-15.91370000 1.66126000e-01
-15.88370000 1.68198000e-01
-15.85370000 1.70147000e-01
-15.82370000 1.72046000e-01
-15.79370000 1.73936000e-01
-15.76370000 1.75842000e-01
-15.73370000 1.77782000e-01
-15.70370000 1.79770000e-01
-15.67370000 1.81818000e-01
-15.64370000 1.83930000e-01
-15.61370000 1.86106000e-01
-15.58370000 1.88329000e-01
-15.55370000 1.90546000e-01
-15.52370000 1.92625000e-01
-15.49370000 1.94245000e-01
-15.46370000 1.94620000e-01
-15.43370000 1.91774000e-01
-15.40370000 1.81115000e-01
-15.37370000 1.59151000e-01
-15.32110000 2.06995000e-01
-15.29110000 2.83556000e-01
-15.26110000 3.81554000e-01
-15.23110000 5.49066000e-01
-15.20110000 8.33450000e-01
-15.17110000 9.84929000e-01
-15.14110000 7.32456000e-01
-15.11110000 4.98857000e-01
-15.08110000 3.79515000e-01
-15.05110000 3.19826000e-01
-15.02110000 2.87898000e-01
-14.99110000 2.69739000e-01
-14.96110000 2.58998000e-01
-14.93110000 2.52561000e-01
-14.90110000 2.48783000e-01
-14.87110000 2.46741000e-01
-14.84110000 2.45885000e-01
-14.81110000 2.45876000e-01
-14.78110000 2.46497000e-01
-14.75110000 2.47604000e-01
-14.72110000 2.49102000e-01
-14.69110000 2.50930000e-01
-14.66110000 2.53052000e-01
-14.63110000 2.55457000e-01
-14.60110000 2.58165000e-01
-14.57110000 2.61257000e-01
-14.54110000 2.64939000e-01
-14.51110000 2.69677000e-01
-14.48110000 2.75776000e-01
-14.45110000 2.79977000e-01
-14.42110000 2.80502000e-01
-14.39110000 2.81785000e-01
-14.36110000 2.84354000e-01
-14.33110000 2.87652000e-01
-14.30110000 2.91385000e-01
-14.27110000 2.95431000e-01
-14.24110000 2.99739000e-01
-14.21110000 3.04294000e-01
-14.18110000 3.09098000e-01
-14.15110000 3.14167000e-01
-14.12110000 3.19534000e-01
-14.09110000 3.25257000e-01
-14.06110000 3.31452000e-01
-14.03110000 3.38358000e-01
-14.00110000 3.46498000e-01
-13.97110000 3.56516000e-01
-13.94110000 3.65745000e-01
-13.91110000 3.70003000e-01
-13.88110000 3.74510000e-01
-13.85110000 3.80978000e-01
-13.82110000 3.88763000e-01
-13.79110000 3.97481000e-01
-13.76110000 4.07009000e-01
-13.73110000 4.17349000e-01
-13.70110000 4.28575000e-01
-13.67110000 4.40825000e-01
-13.64110000 4.54322000e-01
-13.61110000 4.69435000e-01
-13.58110000 4.86818000e-01
-13.52850000 5.27450000e-01
-13.49850000 5.62931000e-01
-13.46850000 6.12395000e-01
-13.43850000 6.46595000e-01
-13.40850000 6.46283000e-01
-13.37850000 6.55778000e-01
-13.34850000 6.83611000e-01
-13.31850000 7.28659000e-01
-13.28850000 7.96821000e-01
-13.25850000 9.06392000e-01
-13.22850000 1.09731000e+00
-13.19850000 1.38186000e+00
-13.16850000 1.47140000e+00
-13.13850000 1.31247000e+00
-13.10850000 1.24383000e+00
-13.07850000 1.29731000e+00
-13.04850000 1.46563000e+00
-13.01850000 1.80399000e+00
-12.98850000 2.40176000e+00
-12.95850000 2.88896000e+00
-12.92850000 2.64553000e+00
-12.89850000 2.38211000e+00
-12.86850000 2.39724000e+00
-12.83850000 2.67668000e+00
-12.80850000 3.13842000e+00
-12.77850000 3.72212000e+00
-12.74850000 4.73432000e+00
-12.71850000 6.61914000e+00
-12.68850000 1.02662000e+01
-12.65850000 1.75243000e+01
-12.62850000 2.83167000e+01
-12.59850000 2.83667000e+01
-12.56850000 1.77639000e+01
-12.53850000 1.07301000e+01
-12.50850000 7.29189000e+00
-12.47850000 5.58719000e+00
-12.44850000 4.73503000e+00
-12.41850000 4.35277000e+00
-12.38850000 4.27021000e+00
-12.35850000 4.42004000e+00
-12.32850000 4.79675000e+00
-12.29850000 5.44602000e+00
-12.26850000 6.45715000e+00
-12.23850000 7.80151000e+00
-12.20850000 9.14531000e+00
-12.17850000 1.10813000e+01
-12.14850000 1.43730000e+01
-12.11850000 1.99139000e+01
-12.08850000 2.96827000e+01
-12.05850000 4.82384000e+01
-12.02850000 8.53266000e+01
-11.99850000 1.46053000e+02
-11.96850000 1.61382000e+02
-11.93850000 1.02144000e+02
-11.90850000 5.68614000e+01
-11.87850000 3.39234000e+01
-11.84850000 2.20749000e+01
-11.81850000 1.54252000e+01
-11.78850000 1.13945000e+01
-11.73590000 7.39898000e+00
-11.70590000 6.02479000e+00
-11.67590000 5.02753000e+00
-11.64590000 4.28657000e+00
-11.61590000 3.72438000e+00
-11.58590000 3.29157000e+00
-11.55590000 2.95690000e+00
-11.52590000 2.70115000e+00
-11.49590000 2.51521000e+00
-11.46590000 2.39989000e+00
-11.43590000 2.34989000e+00
-11.40590000 2.34476000e+00
-11.37590000 2.47312000e+00
-11.34590000 2.85925000e+00
-11.31590000 3.30393000e+00
-11.28590000 3.24074000e+00
-11.25590000 3.12495000e+00
-11.22590000 2.88074000e+00
-11.19590000 2.65463000e+00
-11.16590000 2.83716000e+00
-11.13590000 3.39184000e+00
-11.10590000 3.38476000e+00
-11.07590000 2.67567000e+00
-11.04590000 2.19368000e+00
-11.01590000 1.97540000e+00
-10.98590000 1.91583000e+00
-10.95590000 1.95105000e+00
-10.92590000 2.05715000e+00
-10.89590000 2.22898000e+00
-10.86590000 2.47533000e+00
-10.83590000 2.91286000e+00
-10.80590000 3.68907000e+00
-10.77590000 4.81955000e+00
-10.74590000 5.79601000e+00
-10.71590000 7.32104000e+00
-10.68590000 1.09287000e+01
-10.65590000 1.81229000e+01
-10.62590000 2.49622000e+01
-10.59590000 2.00945000e+01
-10.56590000 1.31404000e+01
-10.53590000 1.01761000e+01
-10.50590000 1.03522000e+01
-10.47590000 1.37607000e+01
-10.44590000 2.10531000e+01
-10.41590000 2.46157000e+01
-10.38590000 1.70495000e+01
-10.35590000 1.03002000e+01
-10.32590000 6.90232000e+00
-10.29590000 5.33970000e+00
-10.26590000 4.81976000e+00
-10.23590000 5.20455000e+00
-10.20590000 6.81939000e+00
-10.17590000 9.22094000e+00
-10.14590000 8.37535000e+00
-10.11590000 5.51792000e+00
-10.08590000 3.78979000e+00
-10.05590000 2.93898000e+00
-10.02590000 2.54384000e+00
-9.99591000 2.48082000e+00
-9.94332000 2.58602000e+00
-9.91332000 2.57133000e+00
-9.88332000 2.34818000e+00
-9.85332000 1.88943000e+00
-9.82332000 1.58858000e+00
-9.79332000 1.42791000e+00
-9.76332000 1.33855000e+00
-9.73332000 1.29435000e+00
-9.70332000 1.28933000e+00
-9.67332000 1.32894000e+00
-9.64332000 1.41189000e+00
-9.61332000 1.48933000e+00
-9.58332000 1.60191000e+00
-9.55332000 1.69037000e+00
-9.52332000 1.51648000e+00
-9.49332000 1.33716000e+00
-9.46332000 1.24608000e+00
-9.43332000 1.20459000e+00
-9.40332000 1.18811000e+00
-9.37332000 1.18593000e+00
-9.34332000 1.19434000e+00
-9.31332000 1.21343000e+00
-9.28332000 1.24428000e+00
-9.25332000 1.27204000e+00
-9.22332000 1.28435000e+00
-9.19332000 1.30403000e+00
-9.16332000 1.33882000e+00
-9.13332000 1.38852000e+00
-9.10332000 1.46037000e+00
-9.07332000 1.57243000e+00
-9.04332000 1.74885000e+00
-9.01332000 2.00263000e+00
-8.98332000 2.19241000e+00
-8.95332000 2.39378000e+00
-8.92332000 2.85529000e+00
-8.89332000 3.10493000e+00
-8.86332000 2.91759000e+00
-8.83332000 2.65304000e+00
-8.80332000 2.31773000e+00
-8.77332000 2.14398000e+00
-8.74332000 2.08204000e+00
-8.71332000 2.07016000e+00
-8.68332000 2.10294000e+00
-8.65332000 2.17577000e+00
-8.62332000 2.27264000e+00
-8.59332000 2.39584000e+00
-8.56332000 2.57608000e+00
-8.53332000 2.82732000e+00
-8.50332000 3.12026000e+00
-8.47332000 3.30319000e+00
-8.44332000 3.34688000e+00
-8.41332000 3.44599000e+00
-8.38332000 3.64270000e+00
-8.35332000 3.95110000e+00
-8.32332000 4.38388000e+00
-8.29332000 4.97550000e+00
-8.26332000 5.79810000e+00
-8.23332000 6.99383000e+00
-8.20332000 8.82409000e+00
-8.15072000 1.50232000e+01
-8.12072000 1.99500000e+01
-8.09072000 2.78837000e+01
-8.06072000 4.34689000e+01
-8.03072000 6.24908000e+01
-8.00072000 5.48411000e+01
-7.97072000 3.67113000e+01
-7.94072000 2.88538000e+01
-7.91072000 3.03175000e+01
-7.88072000 3.82322000e+01
-7.85072000 3.79944000e+01
-7.82072000 2.75033000e+01
-7.79072000 2.11498000e+01
-7.76072000 1.97077000e+01
-7.73072000 2.23001000e+01
-7.70072000 3.03231000e+01
-7.67072000 4.59139000e+01
-7.64072000 5.52349000e+01
-7.61072000 4.12937000e+01
-7.58072000 2.81290000e+01
-7.55072000 2.21501000e+01
-7.52072000 2.03848000e+01
-7.49072000 2.09367000e+01
-7.46072000 2.28676000e+01
-7.43072000 2.58270000e+01
-7.40072000 3.14013000e+01
-7.37072000 4.22785000e+01
-7.34072000 6.30022000e+01
-7.31072000 9.75598000e+01
-7.28072000 1.18427000e+02
-7.25072000 1.09114000e+02
-7.22072000 9.96174000e+01
-7.19072000 1.11119000e+02
-7.16072000 1.59649000e+02
-7.13072000 2.62306000e+02
-7.10072000 3.58170000e+02
-7.07072000 2.88110000e+02
-7.04072000 1.70346000e+02
-7.01072000 1.03525000e+02
-6.98072000 7.08398000e+01
-6.95072000 5.47217000e+01
-6.92072000 4.73724000e+01
-6.89072000 4.57281000e+01
-6.86072000 4.86993000e+01
-6.83072000 5.81457000e+01
-6.80072000 7.92233000e+01
-6.77072000 1.20345000e+02
-6.74072000 1.88682000e+02
-6.71072000 2.45257000e+02
-6.68072000 2.35439000e+02
-6.65072000 1.94961000e+02
-6.62072000 1.27196000e+02
-6.59072000 8.37703000e+01
-6.56072000 6.55518000e+01
-6.53072000 6.42347000e+01
-6.50072000 7.28136000e+01
-6.47072000 6.85055000e+01
-6.44072000 5.59495000e+01
-6.41072000 5.38926000e+01
-6.35812000 7.70615000e+01
-6.32812000 7.40428000e+01
-6.29812000 5.94844000e+01
-6.26812000 5.78740000e+01
-6.23812000 7.34179000e+01
-6.20812000 1.12073000e+02
-6.17812000 1.50013000e+02
-6.14812000 1.17930000e+02
-6.11812000 7.19352000e+01
-6.08812000 4.74776000e+01
-6.05812000 3.59426000e+01
-6.02812000 2.91631000e+01
-5.99812000 2.41546000e+01
-5.96812000 2.12800000e+01
-5.93812000 2.01331000e+01
-5.90812000 2.02976000e+01
-5.87812000 2.12128000e+01
-5.84812000 2.23067000e+01
-5.81812000 2.46456000e+01
-5.78812000 2.89002000e+01
-5.75812000 3.51980000e+01
-5.72812000 4.56284000e+01
-5.69812000 6.55473000e+01
-5.66812000 1.01465000e+02
-5.63812000 1.35438000e+02
-5.60812000 1.41970000e+02
-5.57812000 1.57632000e+02
-5.54812000 1.58542000e+02
-5.51812000 1.38031000e+02
-5.48812000 1.34968000e+02
-5.45812000 1.36835000e+02
-5.42812000 1.57713000e+02
-5.39812000 1.75984000e+02
-5.36812000 1.80887000e+02
-5.33812000 1.83993000e+02
-5.30812000 2.27238000e+02
-5.27812000 2.56233000e+02
-5.24812000 1.91034000e+02
-5.21812000 1.36990000e+02
-5.18812000 1.24512000e+02
-5.15812000 1.37395000e+02
-5.12812000 1.29893000e+02
-5.09812000 1.00414000e+02
-5.06812000 8.58759000e+01
-5.03812000 8.72821000e+01
-5.00812000 1.02101000e+02
-4.97812000 1.35418000e+02
-4.94812000 1.95832000e+02
-4.91812000 2.91564000e+02
-4.88812000 3.64268000e+02
-4.85812000 4.31576000e+02
-4.82812000 4.54157000e+02
-4.79812000 3.08966000e+02
-4.76812000 1.86636000e+02
-4.73812000 1.25813000e+02
-4.70812000 9.73015000e+01
-4.67812000 8.71330000e+01
-4.64812000 9.07080000e+01
-4.61812000 9.04262000e+01
-4.56552000 7.73937000e+01
-4.53552000 8.48728000e+01
-4.50552000 1.08993000e+02
-4.47552000 1.61961000e+02
-4.44552000 2.69722000e+02
-4.41552000 4.17020000e+02
-4.38552000 4.10603000e+02
-4.35552000 2.68853000e+02
-4.32552000 1.80822000e+02
-4.29552000 1.53655000e+02
-4.26552000 1.65098000e+02
-4.23552000 1.69355000e+02
-4.20552000 1.32383000e+02
-4.17552000 1.09948000e+02
-4.14552000 9.55686000e+01
-4.11552000 7.06774000e+01
-4.08552000 5.57307000e+01
-4.05552000 5.38299000e+01
-4.02552000 6.03170000e+01
-3.99552000 5.98881000e+01
-3.96552000 4.89455000e+01
-3.93552000 3.97630000e+01
-3.90552000 3.54274000e+01
-3.87552000 3.49445000e+01
-3.84552000 3.73839000e+01
-3.81552000 3.69226000e+01
-3.78552000 3.68234000e+01
-3.75552000 4.04293000e+01
-3.72552000 4.75111000e+01
-3.69552000 5.66286000e+01
-3.66552000 6.68598000e+01
-3.63552000 7.89205000e+01
-3.60552000 7.95191000e+01
-3.57552000 6.03886000e+01
-3.54552000 4.88767000e+01
-3.51552000 5.01595000e+01
-3.48552000 5.07595000e+01
-3.45552000 4.33402000e+01
-3.42552000 3.11782000e+01
-3.39552000 2.19445000e+01
-3.36552000 1.67751000e+01
-3.33552000 1.45853000e+01
-3.30552000 1.44442000e+01
-3.27552000 1.47642000e+01
-3.24552000 1.30660000e+01
-3.21552000 1.17697000e+01
-3.18552000 1.16525000e+01
-3.15552000 1.15198000e+01
-3.12552000 1.22341000e+01
-3.09552000 1.50249000e+01
-3.06552000 2.13997000e+01
-3.03552000 3.34754000e+01
-3.00552000 4.19666000e+01
-2.97552000 3.09928000e+01
-2.94552000 1.89718000e+01
-2.91552000 1.27038000e+01
-2.88552000 9.65567000e+00
-2.85552000 8.06418000e+00
-2.82552000 7.28162000e+00
-2.77293000 6.27183000e+00
-2.74293000 5.80818000e+00
-2.71293000 5.70502000e+00
-2.68293000 5.68101000e+00
-2.65293000 5.85889000e+00
-2.62293000 6.59488000e+00
-2.59293000 7.90063000e+00
-2.56293000 9.61253000e+00
-2.53293000 1.23239000e+01
-2.50293000 1.51629000e+01
-2.47293000 1.81896000e+01
-2.44293000 2.15338000e+01
-2.41293000 1.82933000e+01
-2.38293000 1.48304000e+01
-2.35293000 1.48359000e+01
-2.32293000 1.42746000e+01
-2.29293000 1.18571000e+01
-2.26293000 1.01352000e+01
-2.23293000 8.70429000e+00
-2.20293000 8.03388000e+00
-2.17293000 8.20682000e+00
-2.14293000 9.30717000e+00
-2.11293000 1.15597000e+01
-2.08293000 1.52982000e+01
-2.05293000 2.16483000e+01
-2.02293000 3.30502000e+01
-1.99293000 5.15203000e+01
-1.96293000 6.33917000e+01
-1.93293000 5.71897000e+01
-1.90293000 4.06247000e+01
-1.87293000 2.79963000e+01
-1.84293000 2.34516000e+01
-1.81293000 2.45220000e+01
-1.78293000 3.00242000e+01
-1.75293000 3.35537000e+01
-1.72293000 2.82837000e+01
-1.69293000 2.04691000e+01
-1.66293000 1.69132000e+01
-1.63293000 1.70809000e+01
-1.60293000 1.93941000e+01
-1.57293000 2.42800000e+01
-1.54293000 3.29097000e+01
-1.51293000 3.96798000e+01
-1.48293000 3.15031000e+01
-1.45293000 2.02091000e+01
-1.42293000 1.41723000e+01
-1.39293000 1.18743000e+01
-1.36293000 1.23109000e+01
-1.33293000 1.56380000e+01
-1.30293000 1.91267000e+01
-1.27293000 1.63112000e+01
-1.24293000 1.17998000e+01
-1.21293000 9.99234000e+00
-1.18293000 1.05989000e+01
-1.15293000 1.17246000e+01
-1.12293000 1.20150000e+01
-1.09293000 1.11910000e+01
-1.06293000 9.14410000e+00
-1.03293000 7.21193000e+00
-0.98032800 5.99778000e+00
-0.95032800 5.11169000e+00
-0.92032800 4.79454000e+00
-0.89032800 5.35804000e+00
-0.86032800 6.61529000e+00
-0.83032800 7.34002000e+00
-0.80032800 6.51335000e+00
-0.77032800 5.04367000e+00
-0.74032800 4.19097000e+00
-0.71032800 4.11275000e+00
-0.68032800 4.57394000e+00
-0.65032800 4.93433000e+00
-0.62032800 4.71591000e+00
-0.59032800 4.15253000e+00
-0.56032800 3.61774000e+00
-0.53032800 3.42600000e+00
-0.50032800 3.46794000e+00
-0.47032800 3.17763000e+00
-0.44032800 2.79087000e+00
-0.41032800 2.50079000e+00
-0.38032800 2.39146000e+00
-0.35032800 2.63860000e+00
-0.32032800 3.25451000e+00
-0.29032800 3.64135000e+00
-0.26032800 3.45100000e+00
-0.23032800 3.25795000e+00
-0.20032800 3.14423000e+00
-0.17032800 3.19831000e+00
-0.14032800 3.27133000e+00
-0.11032800 3.11363000e+00
-0.08032760 3.09218000e+00
-0.05032760 3.30943000e+00
-0.02032760 3.59280000e+00
0.00967239 4.30416000e+00
0.03967240 5.10290000e+00
0.06967240 5.52138000e+00
0.09967240 5.57162000e+00
0.12967200 4.55696000e+00
0.15967200 3.47032000e+00
0.18967200 2.69744000e+00
0.21967200 2.30646000e+00
0.24967200 2.20453000e+00
0.27967200 2.02528000e+00
0.30967200 1.80406000e+00
0.33967200 1.74424000e+00
0.36967200 1.84493000e+00
0.39967200 2.13740000e+00
0.42967200 2.67765000e+00
0.45967200 3.49194000e+00
0.48967200 4.75965000e+00
0.51967200 5.93884000e+00
0.54967200 6.23540000e+00
0.57967200 6.48908000e+00
0.60967200 6.54144000e+00
0.63967200 6.48414000e+00
0.66967200 6.64030000e+00
0.69967200 5.46935000e+00
0.72967200 4.42500000e+00
0.75967200 3.96459000e+00
