# E(MeV)  S_NSDRNSDR(K=1) for As102_DDPCX
-22.42850000 -1.31902000e-01
-22.39850000 -8.88564000e-02
-22.36850000 -6.39367000e-02
-22.33850000 -4.86856000e-02
-22.30850000 -3.92653000e-02
-22.27850000 -3.40110000e-02
-22.24850000 -3.14117000e-02
-22.21850000 -2.76832000e-02
-22.18850000 -2.38071000e-02
-22.15850000 -2.19136000e-02
-22.12850000 -2.17506000e-02
-22.09850000 -2.30889000e-02
-22.06850000 -2.60356000e-02
-22.03850000 -3.10102000e-02
-22.00850000 -3.88429000e-02
-21.97850000 -5.10613000e-02
-21.94850000 -7.05483000e-02
-21.91850000 -1.03076000e-01
-21.88850000 -1.61084000e-01
-21.85850000 -2.72905000e-01
-21.82850000 -4.95532000e-01
-21.79850000 -8.17343000e-01
-21.76850000 -8.00253000e-01
-21.73850000 -4.93395000e-01
-21.70850000 -3.12388000e-01
-21.67850000 -2.40028000e-01
-21.64850000 -1.69668000e-01
-21.61850000 -1.03215000e-01
-21.58850000 -6.34122000e-02
-21.55850000 -4.02706000e-02
-21.52850000 -2.57597000e-02
-21.49850000 -1.59789000e-02
-21.46850000 -9.00186000e-03
-21.43850000 -3.80128000e-03
-21.40850000 2.12427000e-04
-21.37850000 3.39833000e-03
-21.34850000 5.98575000e-03
-21.31850000 8.12674000e-03
-21.28850000 9.92497000e-03
-21.25850000 1.14525000e-02
-21.22850000 1.27598000e-02
-21.19850000 1.38819000e-02
-21.16850000 1.48421000e-02
-21.13850000 1.56539000e-02
-21.10850000 1.63222000e-02
-21.07850000 1.68421000e-02
-21.04850000 1.71977000e-02
-21.01850000 1.73576000e-02
-20.98850000 1.72664000e-02
-20.95850000 1.68298000e-02
-20.92850000 1.58823000e-02
-20.89850000 1.41203000e-02
-20.86850000 1.09486000e-02
-20.83850000 5.10466000e-03
-20.80850000 -6.24420000e-03
-20.77850000 -2.85760000e-02
-20.74850000 -5.92092000e-02
-20.71850000 -5.70998000e-02
-20.68850000 -3.42992000e-02
-20.65850000 -2.74085000e-02
-20.62850000 -3.96424000e-02
-20.59850000 -7.79147000e-02
-20.56850000 -1.53810000e-01
-20.53850000 -2.01795000e-01
-20.50850000 -1.29043000e-01
-20.47850000 -5.54668000e-02
-20.44850000 -1.64201000e-02
-20.41850000 4.09367000e-03
-20.38850000 1.59940000e-02
-20.35850000 2.36641000e-02
-20.32850000 2.91024000e-02
-20.29850000 3.32993000e-02
-20.26850000 3.67912000e-02
-20.23850000 3.98961000e-02
-20.20850000 4.28234000e-02
-20.17850000 4.57289000e-02
-20.14850000 4.87471000e-02
-20.10440000 5.36770000e-02
-20.07440000 5.76120000e-02
-20.04440000 6.22891000e-02
-20.01440000 6.80674000e-02
-19.98440000 7.55101000e-02
-19.95440000 8.55541000e-02
-19.92440000 9.98580000e-02
-19.89440000 1.21569000e-01
-19.86440000 1.57144000e-01
-19.83440000 2.20880000e-01
-19.80440000 3.45067000e-01
-19.77440000 5.77633000e-01
-19.74440000 7.80498000e-01
-19.71440000 6.05399000e-01
-19.68440000 3.75090000e-01
-19.65440000 2.57963000e-01
-19.62440000 2.12540000e-01
-19.59440000 2.13915000e-01
-19.56440000 2.48311000e-01
-19.53440000 2.41129000e-01
-19.50440000 1.81851000e-01
-19.47440000 1.41567000e-01
-19.44440000 1.21334000e-01
-19.41440000 1.11238000e-01
-19.38440000 1.06304000e-01
-19.35440000 1.04300000e-01
-19.32440000 1.04169000e-01
-19.29440000 1.05381000e-01
-19.26440000 1.07666000e-01
-19.23440000 1.10897000e-01
-19.20440000 1.15035000e-01
-19.17440000 1.20106000e-01
-19.14440000 1.26187000e-01
-19.11440000 1.33414000e-01
-19.08440000 1.41982000e-01
-19.05440000 1.52162000e-01
-19.02440000 1.64332000e-01
-18.99440000 1.79009000e-01
-18.96440000 1.96917000e-01
-18.93440000 2.19090000e-01
-18.90440000 2.47038000e-01
-18.87440000 2.83041000e-01
-18.84440000 3.30674000e-01
-18.81440000 3.95813000e-01
-18.78440000 4.88677000e-01
-18.75440000 6.28308000e-01
-18.72440000 8.53117000e-01
-18.69440000 1.24652000e+00
-18.66440000 1.98492000e+00
-18.63440000 3.21079000e+00
-18.60440000 3.94943000e+00
-18.57440000 3.84513000e+00
-18.54440000 4.76933000e+00
-18.51440000 6.81924000e+00
-18.48440000 6.49894000e+00
-18.45440000 3.95742000e+00
-18.42440000 2.29763000e+00
-18.39440000 1.45858000e+00
-18.36440000 1.01512000e+00
-18.33440000 7.61371000e-01
-18.30440000 6.06400000e-01
-18.27440000 5.07645000e-01
-18.24440000 4.43875000e-01
-18.21440000 4.04283000e-01
-18.18440000 3.84141000e-01
-18.15440000 3.83819000e-01
-18.12440000 4.10894000e-01
-18.09440000 4.85206000e-01
-18.06440000 6.15392000e-01
-18.03440000 6.48860000e-01
-18.00440000 5.36447000e-01
-17.97440000 4.66475000e-01
-17.94440000 4.56269000e-01
-17.91440000 4.88522000e-01
-17.88440000 5.62898000e-01
-17.85440000 6.97378000e-01
-17.82440000 9.38618000e-01
-17.78030000 1.72766000e+00
-17.75030000 2.77918000e+00
-17.72030000 4.19167000e+00
-17.69030000 4.76450000e+00
-17.66030000 3.23705000e+00
-17.63030000 1.90494000e+00
-17.60030000 1.23392000e+00
-17.57030000 9.15235000e-01
-17.54030000 7.37651000e-01
-17.51030000 5.91282000e-01
-17.48030000 4.91715000e-01
-17.45030000 4.31648000e-01
-17.42030000 3.94998000e-01
-17.39030000 3.72651000e-01
-17.36030000 3.59830000e-01
-17.33030000 3.53916000e-01
-17.30030000 3.53442000e-01
-17.27030000 3.57641000e-01
-17.24030000 3.66258000e-01
-17.21030000 3.79545000e-01
-17.18030000 3.98473000e-01
-17.15030000 4.25394000e-01
-17.12030000 4.65669000e-01
-17.09030000 5.28710000e-01
-17.06030000 6.02055000e-01
-17.03030000 6.17197000e-01
-17.00030000 6.15216000e-01
-16.97030000 6.42114000e-01
-16.94030000 6.94120000e-01
-16.91030000 7.68086000e-01
-16.88030000 8.66506000e-01
-16.85030000 9.96683000e-01
-16.82030000 1.17196000e+00
-16.79030000 1.41586000e+00
-16.76030000 1.77194000e+00
-16.73030000 2.32679000e+00
-16.70030000 3.25860000e+00
-16.67030000 4.82591000e+00
-16.64030000 6.64619000e+00
-16.61030000 8.34959000e+00
-16.58030000 1.21816000e+01
-16.55030000 1.97844000e+01
-16.52030000 2.53159000e+01
-16.49030000 1.96030000e+01
-16.46030000 1.41008000e+01
-16.43030000 1.04460000e+01
-16.40030000 6.88383000e+00
-16.37030000 4.78502000e+00
-16.34030000 3.80901000e+00
-16.31030000 3.54974000e+00
-16.28030000 3.78873000e+00
-16.25030000 3.71705000e+00
-16.22030000 3.16385000e+00
-16.19030000 2.91139000e+00
-16.16030000 3.02011000e+00
-16.13030000 3.42414000e+00
-16.10030000 4.10096000e+00
-16.07030000 5.21992000e+00
-16.04030000 7.26802000e+00
-16.01030000 1.12155000e+01
-15.98030000 1.91624000e+01
-15.95030000 3.31462000e+01
-15.92030000 4.00995000e+01
-15.89030000 2.73706000e+01
-15.86030000 1.62145000e+01
-15.83030000 1.06855000e+01
-15.80030000 7.38210000e+00
-15.77030000 5.36537000e+00
-15.74030000 4.32676000e+00
-15.71030000 3.94310000e+00
-15.68030000 4.15387000e+00
-15.65030000 5.14472000e+00
-15.62030000 6.89304000e+00
-15.59030000 7.04161000e+00
-15.56030000 5.60796000e+00
-15.53030000 5.29792000e+00
-15.50030000 6.43636000e+00
-15.45630000 6.71190000e+00
-15.42630000 4.95721000e+00
-15.39630000 4.11311000e+00
-15.36630000 3.79987000e+00
-15.33630000 3.50606000e+00
-15.30630000 3.56386000e+00
-15.27630000 4.11907000e+00
-15.24630000 5.28144000e+00
-15.21630000 7.39596000e+00
-15.18630000 1.16810000e+01
-15.15630000 1.90786000e+01
-15.12630000 2.22762000e+01
-15.09630000 1.66572000e+01
-15.06630000 1.20125000e+01
-15.03630000 9.27345000e+00
-15.00630000 8.56712000e+00
-14.97630000 9.88360000e+00
-14.94630000 1.37588000e+01
-14.91630000 2.13706000e+01
-14.88630000 3.10661000e+01
-14.85630000 3.71135000e+01
-14.82630000 3.14940000e+01
-14.79630000 1.91616000e+01
-14.76630000 1.18147000e+01
-14.73630000 8.46380000e+00
-14.70630000 7.30333000e+00
-14.67630000 6.84568000e+00
-14.64630000 6.21467000e+00
-14.61630000 6.69945000e+00
-14.58630000 8.48801000e+00
-14.55630000 8.29417000e+00
-14.52630000 5.69004000e+00
-14.49630000 3.95140000e+00
-14.46630000 3.19126000e+00
-14.43630000 3.04342000e+00
-14.40630000 3.09604000e+00
-14.37630000 2.99047000e+00
-14.34630000 3.26922000e+00
-14.31630000 4.06640000e+00
-14.28630000 4.15403000e+00
-14.25630000 3.44623000e+00
-14.22630000 3.24196000e+00
-14.19630000 3.73041000e+00
-14.16630000 5.14364000e+00
-14.13630000 8.24084000e+00
-14.10630000 1.33267000e+01
-14.07630000 1.43995000e+01
-14.04630000 9.80717000e+00
-14.01630000 6.34838000e+00
-13.98630000 4.15020000e+00
-13.95630000 2.89689000e+00
-13.92630000 2.23149000e+00
-13.89630000 1.87571000e+00
-13.86630000 1.69751000e+00
-13.83630000 1.63939000e+00
-13.80630000 1.68012000e+00
-13.77630000 1.82751000e+00
-13.74630000 2.11758000e+00
-13.71630000 2.62992000e+00
-13.68630000 3.53485000e+00
-13.65630000 5.19100000e+00
-13.62630000 8.38857000e+00
-13.59630000 1.46516000e+01
-13.56630000 2.19294000e+01
-13.53630000 1.85054000e+01
-13.50630000 1.07848000e+01
-13.47630000 6.35892000e+00
-13.44630000 4.14956000e+00
-13.41630000 3.01017000e+00
-13.38630000 2.41769000e+00
-13.35630000 2.01988000e+00
-13.32630000 1.73639000e+00
-13.29630000 1.50877000e+00
-13.26630000 1.29788000e+00
-13.23630000 1.16524000e+00
-13.20630000 1.10515000e+00
-13.17630000 1.12310000e+00
-13.13220000 1.34145000e+00
-13.10220000 1.73841000e+00
-13.07220000 2.49328000e+00
-13.04220000 3.19062000e+00
-13.01220000 3.12515000e+00
-12.98220000 2.87396000e+00
-12.95220000 2.58772000e+00
-12.92220000 2.67290000e+00
-12.89220000 3.16012000e+00
-12.86220000 3.30489000e+00
-12.83220000 3.44137000e+00
-12.80220000 4.47640000e+00
-12.77220000 7.00903000e+00
-12.74220000 9.82200000e+00
-12.71220000 8.14690000e+00
-12.68220000 5.23707000e+00
-12.65220000 3.93832000e+00
-12.62220000 3.72953000e+00
-12.59220000 3.69836000e+00
-12.56220000 3.70356000e+00
-12.53220000 3.74558000e+00
-12.50220000 3.33634000e+00
-12.47220000 2.34954000e+00
-12.44220000 1.72651000e+00
-12.41220000 1.46567000e+00
-12.38220000 1.43564000e+00
-12.35220000 1.61901000e+00
-12.32220000 2.11848000e+00
-12.29220000 3.15719000e+00
-12.26220000 4.66781000e+00
-12.23220000 5.46819000e+00
-12.20220000 4.51140000e+00
-12.17220000 3.10754000e+00
-12.14220000 2.13784000e+00
-12.11220000 1.60147000e+00
-12.08220000 1.39656000e+00
-12.05220000 1.43603000e+00
-12.02220000 1.64424000e+00
-11.99220000 1.81517000e+00
-11.96220000 1.76466000e+00
-11.93220000 1.58219000e+00
-11.90220000 1.62098000e+00
-11.87220000 1.85954000e+00
-11.84220000 2.19664000e+00
-11.81220000 2.58266000e+00
-11.78220000 2.77815000e+00
-11.75220000 3.11260000e+00
-11.72220000 4.05971000e+00
-11.69220000 6.20135000e+00
-11.66220000 1.05764000e+01
-11.63220000 1.65223000e+01
-11.60220000 1.63145000e+01
-11.57220000 1.25282000e+01
-11.54220000 8.90942000e+00
-11.51220000 5.74442000e+00
-11.48220000 4.17123000e+00
-11.45220000 3.69959000e+00
-11.42220000 3.21050000e+00
-11.39220000 2.33597000e+00
-11.36220000 1.75311000e+00
-11.33220000 1.47938000e+00
-11.30220000 1.43111000e+00
-11.27220000 1.64108000e+00
-11.24220000 2.24694000e+00
-11.21220000 3.01821000e+00
-11.18220000 2.61096000e+00
-11.15220000 1.69694000e+00
-11.12220000 1.17593000e+00
-11.09220000 9.45030000e-01
-11.06220000 8.78316000e-01
-11.03220000 8.89048000e-01
-11.00220000 9.97634000e-01
-10.97220000 1.26886000e+00
-10.94220000 1.29739000e+00
-10.91220000 9.34126000e-01
-10.88220000 6.61251000e-01
-10.85220000 5.18868000e-01
-10.80810000 4.22584000e-01
-10.77810000 3.93279000e-01
-10.74810000 3.80784000e-01
-10.71810000 3.81839000e-01
-10.68810000 3.97123000e-01
-10.65810000 4.31393000e-01
-10.62810000 4.95053000e-01
-10.59810000 6.00122000e-01
-10.56810000 7.85971000e-01
-10.53810000 1.14335000e+00
-10.50810000 1.51334000e+00
-10.47810000 1.38526000e+00
-10.44810000 1.11672000e+00
-10.41810000 9.57533000e-01
-10.38810000 9.75554000e-01
-10.35810000 1.16004000e+00
-10.32810000 1.51416000e+00
-10.29810000 1.74746000e+00
-10.26810000 1.66100000e+00
-10.23810000 1.81924000e+00
-10.20810000 2.43159000e+00
-10.17810000 3.48320000e+00
-10.14810000 5.25440000e+00
-10.11810000 6.89646000e+00
-10.08810000 5.53849000e+00
-10.05810000 3.80621000e+00
-10.02810000 3.00437000e+00
-9.99811000 2.51023000e+00
-9.96811000 2.31639000e+00
-9.93811000 2.70887000e+00
-9.90811000 3.78931000e+00
-9.87811000 5.52123000e+00
-9.84811000 5.91863000e+00
-9.81811000 3.93899000e+00
-9.78811000 2.38008000e+00
-9.75811000 1.58321000e+00
-9.72811000 1.18904000e+00
-9.69811000 9.56511000e-01
-9.66811000 7.93702000e-01
-9.63811000 6.93446000e-01
-9.60811000 6.50279000e-01
-9.57811000 6.54028000e-01
-9.54811000 7.05415000e-01
-9.51811000 8.22205000e-01
-9.48811000 1.04933000e+00
-9.45811000 1.46375000e+00
-9.42811000 2.22716000e+00
-9.39811000 3.50615000e+00
-9.36811000 4.06870000e+00
-9.33811000 2.86802000e+00
-9.30811000 1.82019000e+00
-9.27811000 1.32596000e+00
-9.24811000 1.15050000e+00
-9.21811000 1.19625000e+00
-9.18811000 1.49676000e+00
-9.15811000 2.23311000e+00
-9.12811000 3.61443000e+00
-9.09811000 4.38415000e+00
-9.06811000 3.11021000e+00
-9.03811000 1.95642000e+00
-9.00811000 1.47500000e+00
-8.97811000 1.35859000e+00
-8.94811000 1.12796000e+00
-8.91811000 8.07222000e-01
-8.88811000 6.12633000e-01
-8.85811000 5.11390000e-01
-8.82811000 4.61662000e-01
-8.79811000 4.45287000e-01
-8.76811000 4.57793000e-01
-8.73811000 5.04106000e-01
-8.70811000 5.98980000e-01
-8.67811000 7.80226000e-01
-8.64811000 1.10982000e+00
-8.61811000 1.54212000e+00
-8.58811000 2.04731000e+00
-8.55811000 2.42084000e+00
-8.52811000 1.93041000e+00
-8.48403000 1.22579000e+00
-8.45403000 1.14245000e+00
-8.42403000 1.33691000e+00
-8.39403000 1.92915000e+00
-8.36403000 2.68649000e+00
-8.33403000 2.33667000e+00
-8.30403000 1.52167000e+00
-8.27403000 1.08835000e+00
-8.24403000 9.26514000e-01
-8.21403000 9.08105000e-01
-8.18403000 1.04998000e+00
-8.15403000 1.44455000e+00
-8.12403000 2.21097000e+00
-8.09403000 3.03046000e+00
-8.06403000 3.00230000e+00
-8.03403000 2.67898000e+00
-8.00403000 1.94697000e+00
-7.97403000 1.33235000e+00
-7.94403000 1.09289000e+00
-7.91403000 1.06174000e+00
-7.88403000 9.47264000e-01
-7.85403000 8.24001000e-01
-7.82403000 8.46257000e-01
-7.79403000 1.05075000e+00
-7.76403000 1.46240000e+00
-7.73403000 1.83296000e+00
-7.70403000 2.25933000e+00
-7.67403000 2.86668000e+00
-7.64403000 2.59410000e+00
-7.61403000 2.21370000e+00
-7.58403000 2.03231000e+00
-7.55403000 1.50861000e+00
-7.52403000 1.16835000e+00
-7.49403000 1.03300000e+00
-7.46403000 7.97654000e-01
-7.43403000 5.75690000e-01
-7.40403000 4.62140000e-01
-7.37403000 4.26424000e-01
-7.34403000 4.32874000e-01
-7.31403000 3.87989000e-01
-7.28403000 3.13088000e-01
-7.25403000 2.70988000e-01
-7.22403000 2.57111000e-01
-7.19403000 2.67143000e-01
-7.16403000 3.11804000e-01
-7.13403000 4.18122000e-01
-7.10403000 5.73786000e-01
-7.07403000 5.50263000e-01
-7.04403000 3.88494000e-01
-7.01403000 2.90278000e-01
-6.98403000 2.48011000e-01
-6.95403000 2.37312000e-01
-6.92403000 2.56763000e-01
-6.89403000 3.06011000e-01
-6.86403000 3.28273000e-01
-6.83403000 3.12116000e-01
-6.80403000 3.40826000e-01
-6.77403000 4.46294000e-01
-6.74403000 6.44134000e-01
-6.71403000 7.44084000e-01
-6.68403000 5.54637000e-01
-6.65403000 3.94791000e-01
-6.62403000 3.38521000e-01
-6.59403000 3.45974000e-01
-6.56403000 3.40896000e-01
-6.53403000 3.04906000e-01
-6.50403000 2.99187000e-01
-6.47403000 3.33790000e-01
-6.44403000 4.08647000e-01
-6.41403000 5.38521000e-01
-6.38403000 7.24759000e-01
-6.35403000 8.33302000e-01
-6.32403000 6.70916000e-01
-6.29403000 5.02928000e-01
-6.26403000 4.02070000e-01
-6.23403000 3.67790000e-01
-6.20403000 3.77359000e-01
-6.15996000 5.00249000e-01
-6.12996000 7.20113000e-01
-6.09996000 1.05089000e+00
-6.06996000 1.24874000e+00
-6.03996000 1.35756000e+00
-6.00996000 1.14958000e+00
-5.97996000 7.93695000e-01
-5.94996000 5.82004000e-01
-5.91996000 4.78412000e-01
-5.88996000 4.57830000e-01
-5.85996000 4.89873000e-01
-5.82996000 5.28870000e-01
-5.79996000 6.15446000e-01
-5.76996000 8.43565000e-01
-5.73996000 1.14948000e+00
-5.70996000 1.29185000e+00
-5.67996000 1.53994000e+00
-5.64996000 2.02369000e+00
-5.61996000 2.11598000e+00
-5.58996000 1.42602000e+00
-5.55996000 8.61270000e-01
-5.52996000 5.62645000e-01
-5.49996000 4.09169000e-01
-5.46996000 3.26536000e-01
-5.43996000 2.82953000e-01
-5.40996000 2.68926000e-01
-5.37996000 2.87368000e-01
-5.34996000 3.39377000e-01
-5.31996000 3.51510000e-01
-5.28996000 2.83534000e-01
-5.25996000 2.32665000e-01
-5.22996000 2.14057000e-01
-5.19996000 2.16488000e-01
-5.16996000 2.34531000e-01
-5.13996000 2.72551000e-01
-5.10996000 3.06987000e-01
-5.07996000 3.18304000e-01
-5.04996000 3.32853000e-01
-5.01996000 3.93200000e-01
-4.98996000 4.64281000e-01
-4.95996000 4.91350000e-01
-4.92996000 5.04711000e-01
-4.89996000 5.75889000e-01
-4.86996000 8.08378000e-01
-4.83996000 1.27275000e+00
-4.80996000 1.59701000e+00
-4.77996000 1.23091000e+00
-4.74996000 8.19966000e-01
-4.71996000 5.59531000e-01
-4.68996000 4.06264000e-01
-4.65996000 3.37193000e-01
-4.62996000 3.29625000e-01
-4.59996000 3.62121000e-01
-4.56996000 3.53470000e-01
-4.53996000 3.24372000e-01
-4.50996000 3.53740000e-01
-4.47996000 4.56238000e-01
-4.44996000 5.50204000e-01
-4.41996000 4.87366000e-01
-4.38996000 3.65396000e-01
-4.35996000 2.95334000e-01
-4.32996000 2.84279000e-01
-4.29996000 3.16316000e-01
-4.26996000 3.55354000e-01
-4.23996000 3.66609000e-01
-4.20996000 3.52487000e-01
-4.17996000 3.25512000e-01
-4.14996000 3.48076000e-01
-4.11996000 4.57285000e-01
-4.08996000 6.37317000e-01
-4.05996000 6.24880000e-01
-4.02996000 4.30014000e-01
-3.99996000 3.10415000e-01
-3.96996000 2.69651000e-01
-3.93996000 2.55489000e-01
-3.90996000 2.36988000e-01
-3.87996000 2.19457000e-01
-3.83588000 2.22108000e-01
-3.80588000 2.48389000e-01
-3.77588000 2.79778000e-01
-3.74588000 3.39986000e-01
-3.71588000 3.44394000e-01
-3.68588000 2.76713000e-01
-3.65588000 2.33216000e-01
-3.62588000 2.20999000e-01
-3.59588000 2.16771000e-01
-3.56588000 2.37535000e-01
-3.53588000 2.89370000e-01
-3.50588000 3.11299000e-01
-3.47588000 2.98956000e-01
-3.44588000 2.82047000e-01
-3.41588000 2.46566000e-01
-3.38588000 2.31867000e-01
-3.35588000 1.98052000e-01
-3.32588000 1.60891000e-01
-3.29588000 1.41095000e-01
-3.26588000 1.34050000e-01
-3.23588000 1.35700000e-01
-3.20588000 1.45642000e-01
-3.17588000 1.68415000e-01
-3.14588000 2.02149000e-01
-3.11588000 2.04583000e-01
-3.08588000 1.86518000e-01
-3.05588000 1.89887000e-01
-3.02588000 2.20751000e-01
-2.99588000 2.84954000e-01
-2.96588000 4.07399000e-01
-2.93588000 5.49618000e-01
-2.90588000 5.54337000e-01
-2.87588000 5.34170000e-01
-2.84588000 4.87628000e-01
-2.81588000 3.56075000e-01
-2.78588000 2.59712000e-01
-2.75588000 2.12370000e-01
-2.72588000 1.93700000e-01
-2.69588000 1.86295000e-01
-2.66588000 1.63951000e-01
-2.63588000 1.42216000e-01
-2.60588000 1.31030000e-01
-2.57588000 1.26858000e-01
-2.54588000 1.26085000e-01
-2.51588000 1.27736000e-01
-2.48588000 1.32506000e-01
-2.45588000 1.44594000e-01
-2.42588000 1.66225000e-01
-2.39588000 1.80760000e-01
-2.36588000 1.72489000e-01
-2.33588000 1.71604000e-01
-2.30588000 1.87307000e-01
-2.27588000 2.14147000e-01
-2.24588000 2.46996000e-01
-2.21588000 3.02710000e-01
-2.18588000 3.03021000e-01
-2.15588000 2.46794000e-01
-2.12588000 2.15360000e-01
-2.09588000 2.09050000e-01
-2.06588000 2.19797000e-01
-2.03588000 2.51489000e-01
-2.00588000 3.03213000e-01
-1.97588000 3.51437000e-01
-1.94588000 3.27601000e-01
-1.91588000 2.77120000e-01
-1.88588000 2.34894000e-01
-1.85588000 2.16041000e-01
-1.82588000 2.19702000e-01
-1.79588000 2.41534000e-01
-1.76588000 2.86470000e-01
-1.73588000 3.78593000e-01
-1.70588000 5.05732000e-01
-1.67588000 5.06193000e-01
-1.64588000 4.28197000e-01
-1.61588000 4.19930000e-01
-1.58588000 4.60777000e-01
-1.55588000 4.68528000e-01
-1.51181000 5.33451000e-01
-1.48181000 6.99469000e-01
-1.45181000 1.05407000e+00
-1.42181000 1.76505000e+00
-1.39181000 2.64551000e+00
-1.36181000 2.34330000e+00
-1.33181000 1.47664000e+00
-1.30181000 1.00623000e+00
-1.27181000 7.81166000e-01
-1.24181000 6.57050000e-01
-1.21181000 6.18109000e-01
-1.18181000 5.39930000e-01
-1.15181000 4.48073000e-01
-1.12181000 4.03935000e-01
-1.09181000 3.81384000e-01
-1.06181000 3.71395000e-01
-1.03181000 3.81405000e-01
-1.00181000 4.16577000e-01
-0.97180500 4.82343000e-01
-0.94180500 5.85527000e-01
-0.91180500 7.43813000e-01
-0.88180500 1.00760000e+00
-0.85180500 1.49142000e+00
-0.82180500 2.23258000e+00
-0.79180500 3.18964000e+00
-0.76180500 4.49350000e+00
-0.73180500 4.11247000e+00
-0.70180500 2.51496000e+00
-0.67180500 1.53084000e+00
-0.64180500 1.04175000e+00
-0.61180500 7.79872000e-01
-0.58180500 6.13453000e-01
-0.55180500 5.17589000e-01
-0.52180500 4.80608000e-01
-0.49180500 4.80461000e-01
-0.46180500 4.61082000e-01
-0.43180500 4.19800000e-01
-0.40180500 3.92475000e-01
-0.37180500 3.80582000e-01
-0.34180500 3.92487000e-01
-0.31180500 4.30837000e-01
-0.28180500 5.11780000e-01
-0.25180500 6.51794000e-01
-0.22180500 7.53565000e-01
-0.19180500 7.94003000e-01
-0.16180500 9.68584000e-01
-0.13180500 1.40643000e+00
-0.10180500 2.12064000e+00
-0.07180500 2.29802000e+00
-0.04180500 1.66745000e+00
-0.01180500 1.25636000e+00
0.01819500 1.20605000e+00
0.04819500 1.49708000e+00
0.07819500 2.13422000e+00
0.10819500 2.32183000e+00
0.13819500 1.65377000e+00
0.16819500 1.13370000e+00
0.19819500 9.03340000e-01
0.22819500 8.34515000e-01
0.25819500 8.31090000e-01
0.28819500 8.24323000e-01
0.31819500 8.65668000e-01
0.34819500 1.00482000e+00
0.37819500 1.28376000e+00
0.40819500 1.80748000e+00
0.43819500 2.81287000e+00
0.46819500 4.34803000e+00
0.49819500 5.49607000e+00
0.52819500 6.42618000e+00
0.55819500 5.55560000e+00
0.58819500 3.70904000e+00
0.61819500 2.60823000e+00
0.64819500 2.08463000e+00
0.67819500 2.04957000e+00
0.70819500 2.52199000e+00
0.73819500 3.62345000e+00
0.76819500 4.65267000e+00
