# E(MeV)  S_NSDRNSDR(Total=K0+2*K1) for As102_DDPCX
-22.42850000 -2.59274420e-01
-22.39850000 -1.68269860e-01
-22.36850000 -1.15516100e-01
-22.33850000 -8.31447000e-02
-22.30850000 -6.30380000e-02
-22.27850000 -5.16474000e-02
-22.24850000 -4.58381000e-02
-22.21850000 -3.79843000e-02
-22.18850000 -3.00247000e-02
-22.15850000 -2.62187000e-02
-22.12850000 -2.60813000e-02
-22.09850000 -2.91965000e-02
-22.06850000 -3.58517000e-02
-22.03850000 -4.70062000e-02
-22.00850000 -6.45198000e-02
-21.97850000 -9.17874000e-02
-21.94850000 -1.35183320e-01
-21.91850000 -2.07410400e-01
-21.88850000 -3.35724500e-01
-21.85850000 -5.82048300e-01
-21.82850000 -1.07228830e+00
-21.79850000 -1.80194100e+00
-21.76850000 -1.84929600e+00
-21.73850000 -1.17325900e+00
-21.70850000 -7.20002200e-01
-21.67850000 -5.27067700e-01
-21.64850000 -3.60342500e-01
-21.61850000 -2.10394890e-01
-21.58850000 -1.20493990e-01
-21.55850000 -6.79221000e-02
-21.52850000 -3.48212000e-02
-21.49850000 -1.24792000e-02
-21.46850000 3.42808000e-03
-21.43850000 1.52119400e-02
-21.40850000 2.41943540e-02
-21.37850000 3.11694600e-02
-21.34850000 3.66272000e-02
-21.31850000 4.08675800e-02
-21.28850000 4.40595400e-02
-21.25850000 4.62665000e-02
-21.22850000 4.74503000e-02
-21.19850000 4.74490000e-02
-21.16850000 4.59196000e-02
-21.13850000 4.22110000e-02
-21.10850000 3.50911900e-02
-21.07850000 2.21205000e-02
-21.04850000 -1.86220000e-03
-21.01850000 -4.85106000e-02
-20.98850000 -1.43188200e-01
-20.95850000 -3.05880400e-01
-20.92850000 -3.69483400e-01
-20.89850000 -2.17110400e-01
-20.86850000 -9.40088000e-02
-20.83850000 -3.92667800e-02
-20.80850000 -2.74703000e-02
-20.77850000 -5.25570100e-02
-20.74850000 -1.01713300e-01
-20.71850000 -8.94590000e-02
-20.68850000 -3.82535000e-02
-20.65850000 -2.04971000e-02
-20.62850000 -4.23298000e-02
-20.59850000 -1.17778700e-01
-20.56850000 -2.70598800e-01
-20.53850000 -3.67535000e-01
-20.50850000 -2.17057100e-01
-20.47850000 -6.39223000e-02
-20.44850000 1.83241000e-02
-20.41850000 6.24376400e-02
-20.38850000 8.88495000e-02
-20.35850000 1.06603600e-01
-20.32850000 1.19833700e-01
-20.29850000 1.30598900e-01
-20.26850000 1.40024300e-01
-20.23850000 1.48787000e-01
-20.20850000 1.57342800e-01
-20.17850000 1.66039500e-01
-20.14850000 1.75185000e-01
-20.10440000 1.90109300e-01
-20.07440000 2.01838200e-01
-20.04440000 2.15456400e-01
-20.01440000 2.31758900e-01
-19.98440000 2.51966200e-01
-19.95440000 2.78067200e-01
-19.92440000 3.13529000e-01
-19.89440000 3.64834000e-01
-19.86440000 4.45146000e-01
-19.83440000 5.83393000e-01
-19.80440000 8.44627000e-01
-19.77440000 1.32532600e+00
-19.74440000 1.74976700e+00
-19.71440000 1.42208600e+00
-19.68440000 9.89953000e-01
-19.65440000 7.92647000e-01
-19.62440000 7.50731000e-01
-19.59440000 8.20106000e-01
-19.56440000 9.82844000e-01
-19.53440000 1.10680700e+00
-19.50440000 1.20317100e+00
-19.47440000 1.47961400e+00
-19.44440000 2.08216800e+00
-19.41440000 3.31877600e+00
-19.38440000 5.74595800e+00
-19.35440000 8.41965000e+00
-19.32440000 6.95338800e+00
-19.29440000 4.07518200e+00
-19.26440000 2.44720200e+00
-19.23440000 1.63668400e+00
-19.20440000 1.20878500e+00
-19.17440000 9.66634000e-01
-19.14440000 8.22922000e-01
-19.11440000 7.36257000e-01
-19.08440000 6.85644000e-01
-19.05440000 6.59930000e-01
-19.02440000 6.53178000e-01
-18.99440000 6.62504000e-01
-18.96440000 6.87109000e-01
-18.93440000 7.27938000e-01
-18.90440000 7.87771000e-01
-18.87440000 8.71798000e-01
-18.84440000 9.88874000e-01
-18.81440000 1.15409200e+00
-18.78440000 1.39408700e+00
-18.75440000 1.75874400e+00
-18.72440000 2.34874300e+00
-18.69440000 3.38214800e+00
-18.66440000 5.31390000e+00
-18.63440000 8.46481000e+00
-18.60440000 1.04112900e+01
-18.57440000 1.07752300e+01
-18.54440000 1.41348400e+01
-18.51440000 1.90872300e+01
-18.48440000 1.67305200e+01
-18.45440000 1.00544900e+01
-18.42440000 5.90660000e+00
-18.39440000 3.80259600e+00
-18.36440000 2.67834100e+00
-18.33440000 2.02774000e+00
-18.30440000 1.62582700e+00
-18.27440000 1.36619400e+00
-18.24440000 1.19505200e+00
-18.21440000 1.08435500e+00
-18.18440000 1.02079500e+00
-18.15440000 1.00269200e+00
-18.12440000 1.04362700e+00
-18.09440000 1.18221800e+00
-18.06440000 1.43500800e+00
-18.03440000 1.49629400e+00
-18.00440000 1.26737900e+00
-17.97440000 1.12463500e+00
-17.94440000 1.10251300e+00
-17.91440000 1.16625300e+00
-17.88440000 1.31508200e+00
-17.85440000 1.58489800e+00
-17.82440000 2.06899900e+00
-17.78030000 3.65095000e+00
-17.75030000 5.75732900e+00
-17.72030000 8.58550600e+00
-17.69030000 9.73489000e+00
-17.66030000 6.68453600e+00
-17.63030000 4.02561600e+00
-17.60030000 2.68959700e+00
-17.57030000 2.05898500e+00
-17.54030000 1.71135200e+00
-17.51030000 1.42698700e+00
-17.48030000 1.23714100e+00
-17.45030000 1.12730500e+00
-17.42030000 1.06542900e+00
-17.39030000 1.03342500e+00
-17.36030000 1.02190600e+00
-17.33030000 1.02583800e+00
-17.30030000 1.04253300e+00
-17.27030000 1.07076000e+00
-17.24030000 1.11037900e+00
-17.21030000 1.16235600e+00
-17.18030000 1.22921500e+00
-17.15030000 1.31639600e+00
-17.12030000 1.43557700e+00
-17.09030000 1.60683400e+00
-17.06030000 1.80692500e+00
-17.03030000 1.90115400e+00
-17.00030000 1.97497900e+00
-16.97030000 2.12530900e+00
-16.94030000 2.35233100e+00
-16.91030000 2.66282200e+00
-16.88030000 3.08442200e+00
-16.85030000 3.65644600e+00
-16.82030000 4.39721000e+00
-16.79030000 5.46007000e+00
-16.76030000 7.17888000e+00
-16.73030000 9.78832000e+00
-16.70030000 1.27495900e+01
-16.67030000 1.71263100e+01
-16.64030000 2.40698800e+01
-16.61030000 3.44078800e+01
-16.58030000 5.11167000e+01
-16.55030000 6.72751000e+01
-16.52030000 7.34254000e+01
-16.49030000 6.06169000e+01
-16.46030000 4.52001000e+01
-16.43030000 3.20102000e+01
-16.40030000 2.18063100e+01
-16.37030000 1.66562900e+01
-16.34030000 1.53923100e+01
-16.31030000 1.76987800e+01
-16.28030000 2.44908600e+01
-16.25030000 3.12661000e+01
-16.22030000 2.60550000e+01
-16.19030000 1.79462800e+01
-16.16030000 1.33775400e+01
-16.13030000 1.15950100e+01
-16.10030000 1.15406800e+01
-16.07030000 1.29541600e+01
-16.04030000 1.65306200e+01
-16.01030000 2.40782200e+01
-15.98030000 3.97294700e+01
-15.95030000 6.75223500e+01
-15.92030000 8.13006800e+01
-15.89030000 5.57483400e+01
-15.86030000 3.33680520e+01
-15.83030000 2.22654060e+01
-15.80030000 1.56394860e+01
-15.77030000 1.16233470e+01
-15.74030000 9.62039100e+00
-15.71030000 8.93633000e+00
-15.68030000 9.27860000e+00
-15.65030000 1.11426180e+01
-15.62030000 1.45773330e+01
-15.59030000 1.48493450e+01
-15.56030000 1.19774150e+01
-15.53030000 1.13665390e+01
-15.50030000 1.36647950e+01
-15.45630000 1.42743570e+01
-15.42630000 1.08353780e+01
-15.39630000 9.26097000e+00
-15.36630000 8.75806000e+00
-15.33630000 8.18740000e+00
-15.30630000 8.31060000e+00
-15.27630000 9.49195000e+00
-15.24630000 1.19531300e+01
-15.21630000 1.64043100e+01
-15.18630000 2.53459100e+01
-15.15630000 4.08109100e+01
-15.12630000 4.83660300e+01
-15.09630000 3.80280200e+01
-15.06630000 2.81413600e+01
-15.03630000 2.21159000e+01
-15.00630000 2.08051200e+01
-14.97630000 2.41793600e+01
-14.94630000 3.36000400e+01
-14.91630000 5.19884400e+01
-14.88630000 7.42860000e+01
-14.85630000 8.44532000e+01
-14.82630000 7.06201600e+01
-14.79630000 4.49643000e+01
-14.76630000 3.03641700e+01
-14.73630000 2.45225000e+01
-14.70630000 2.38539000e+01
-14.67630000 2.57056600e+01
-14.64630000 2.90528400e+01
-14.61630000 3.76924000e+01
-14.58630000 5.50156200e+01
-14.55630000 8.23105400e+01
-14.52630000 1.25332080e+02
-14.49630000 1.44573800e+02
-14.46630000 9.80440200e+01
-14.43630000 5.79888400e+01
-14.40630000 3.81532800e+01
-14.37630000 2.86824400e+01
-14.34630000 2.59488400e+01
-14.31630000 2.90194000e+01
-14.28630000 3.24388600e+01
-14.25630000 2.65112600e+01
-14.22630000 1.91442200e+01
-14.19630000 1.60279300e+01
-14.16630000 1.66505200e+01
-14.13630000 2.15875200e+01
-14.10630000 3.10202400e+01
-14.07630000 3.27657700e+01
-14.04630000 2.34652500e+01
-14.01630000 1.67575700e+01
-13.98630000 1.30773100e+01
-13.95630000 1.22604100e+01
-13.92630000 1.45071800e+01
-13.89630000 1.85075200e+01
-13.86630000 1.66762200e+01
-13.83630000 1.14849600e+01
-13.80630000 8.47819000e+00
-13.77630000 7.20871000e+00
-13.74630000 6.94985000e+00
-13.71630000 7.48899000e+00
-13.68630000 9.00325000e+00
-13.65630000 1.21339300e+01
-13.62630000 1.84247300e+01
-13.59630000 3.09069900e+01
-13.56630000 4.54750800e+01
-13.53630000 3.87027400e+01
-13.50630000 2.34220700e+01
-13.47630000 1.48636200e+01
-13.44630000 1.09788900e+01
-13.41630000 9.72003000e+00
-13.38630000 1.04478500e+01
-13.35630000 1.19363700e+01
-13.32630000 1.13015700e+01
-13.29630000 9.24386000e+00
-13.26630000 8.38329000e+00
-13.23630000 9.24932000e+00
-13.20630000 1.23541000e+01
-13.17630000 1.85877000e+01
-13.13220000 2.67618000e+01
-13.10220000 2.09739200e+01
-13.07220000 1.54663600e+01
-13.04220000 1.33635200e+01
-13.01220000 1.19770600e+01
-12.98220000 1.17150900e+01
-12.95220000 1.15276400e+01
-12.92220000 1.02383800e+01
-12.89220000 9.70653000e+00
-12.86220000 9.17875000e+00
-12.83220000 9.05350000e+00
-12.80220000 1.09595200e+01
-12.77220000 1.60246300e+01
-12.74220000 2.18110400e+01
-12.71220000 1.88384600e+01
-12.68220000 1.37349200e+01
-12.65220000 1.22305900e+01
-12.62220000 1.33450900e+01
-12.59220000 1.64248200e+01
-12.56220000 2.26195200e+01
-12.53220000 2.75612600e+01
-12.50220000 2.14125800e+01
-12.47220000 1.31860600e+01
-12.44220000 8.62321000e+00
-12.41220000 6.43843000e+00
-12.38220000 5.49352000e+00
-12.35220000 5.37000000e+00
-12.32220000 6.10775000e+00
-12.29220000 8.08433000e+00
-12.26220000 1.11419800e+01
-12.23220000 1.29295100e+01
-12.20220000 1.14387000e+01
-12.17220000 9.43133000e+00
-12.14220000 8.44418000e+00
-12.11220000 8.40009000e+00
-12.08220000 1.04824800e+01
-12.05220000 1.46030600e+01
-12.02220000 1.46925800e+01
-11.99220000 1.06658600e+01
-11.96220000 7.69801000e+00
-11.93220000 5.89473000e+00
-11.90220000 5.22383000e+00
-11.87220000 5.28441000e+00
-11.84220000 5.70797000e+00
-11.81220000 6.32242000e+00
-11.78220000 6.62234000e+00
-11.75220000 7.24908000e+00
-11.72220000 9.14102000e+00
-11.69220000 1.34601700e+01
-11.66220000 2.22889300e+01
-11.63220000 3.43144900e+01
-11.60220000 3.41122200e+01
-11.57220000 2.68796400e+01
-11.54220000 2.02035000e+01
-11.51220000 1.48596500e+01
-11.48220000 1.35789600e+01
-11.45220000 1.62006000e+01
-11.42220000 1.96888000e+01
-11.39220000 1.78403400e+01
-11.36220000 1.57138200e+01
-11.33220000 1.70329600e+01
-11.30220000 1.62178200e+01
-11.27220000 1.18166300e+01
-11.24220000 9.56099000e+00
-11.21220000 9.31071000e+00
-11.18220000 7.54232000e+00
-11.15220000 5.16566000e+00
-11.12220000 3.79588000e+00
-11.09220000 3.14570000e+00
-11.06220000 2.93496200e+00
-11.03220000 3.00680600e+00
-11.00220000 3.45022800e+00
-10.97220000 4.21206000e+00
-10.94220000 4.04067000e+00
-10.91220000 3.01985200e+00
-10.88220000 2.28996900e+00
-10.85220000 1.92453100e+00
-10.80810000 1.75745700e+00
-10.77810000 1.80705800e+00
-10.74810000 1.99607800e+00
-10.71810000 2.40075800e+00
-10.68810000 3.21623600e+00
-10.65810000 4.81586600e+00
-10.62810000 6.99842600e+00
-10.59810000 7.05827400e+00
-10.56810000 5.89158200e+00
-10.53810000 6.26278000e+00
-10.50810000 8.05359000e+00
-10.47810000 8.77526000e+00
-10.44810000 6.68763000e+00
-10.41810000 4.67073600e+00
-10.38810000 3.84643800e+00
-10.35810000 3.79149000e+00
-10.32810000 4.26551000e+00
-10.29810000 4.70829000e+00
-10.26810000 4.68458000e+00
-10.23810000 4.96314000e+00
-10.20810000 5.88272000e+00
-10.17810000 7.77192400e+00
-10.14810000 1.12263180e+01
-10.11810000 1.44752470e+01
-10.08810000 1.17281020e+01
-10.05810000 8.26501600e+00
-10.02810000 6.70427200e+00
-9.99811000 5.80397600e+00
-9.96811000 5.56531100e+00
-9.93811000 6.59676000e+00
-9.90811000 9.17854000e+00
-9.87811000 1.34043200e+01
-9.84811000 1.56709900e+01
-9.81811000 1.45334200e+01
-9.78811000 1.50491600e+01
-9.75811000 1.28110900e+01
-9.72811000 8.15730000e+00
-9.69811000 5.21970200e+00
-9.66811000 3.64751400e+00
-9.63811000 2.78902200e+00
-9.60811000 2.32533800e+00
-9.57811000 2.10016600e+00
-9.54811000 2.05154500e+00
-9.51811000 2.18356600e+00
-9.48811000 2.57048900e+00
-9.45811000 3.36062100e+00
-9.42811000 4.88069200e+00
-9.39811000 7.46387300e+00
-9.36811000 8.58173100e+00
-9.33811000 6.10769400e+00
-9.30811000 3.94635300e+00
-9.27811000 2.91864700e+00
-9.24811000 2.54482400e+00
-9.21811000 2.62333400e+00
-9.18811000 3.21955900e+00
-9.15811000 4.69771600e+00
-9.12811000 7.48252900e+00
-9.09811000 9.06014500e+00
-9.06811000 6.52356000e+00
-9.03811000 4.20318200e+00
-9.00811000 3.20958300e+00
-8.97811000 2.95170500e+00
-8.94811000 2.48583700e+00
-8.91811000 1.85637200e+00
-8.88811000 1.50499600e+00
-8.85811000 1.38864600e+00
-8.82811000 1.45259800e+00
-8.79811000 1.54142700e+00
-8.76811000 1.45466400e+00
-8.73811000 1.45297800e+00
-8.70811000 1.67237100e+00
-8.67811000 2.14628100e+00
-8.64811000 2.77315500e+00
-8.61811000 3.50117600e+00
-8.58811000 4.45783900e+00
-8.55811000 5.20661400e+00
-8.52811000 4.16971400e+00
-8.48403000 2.66401600e+00
-8.45403000 2.46768600e+00
-8.42403000 2.84351700e+00
-8.39403000 4.02590100e+00
-8.36403000 5.54959600e+00
-8.33403000 4.87620700e+00
-8.30403000 3.30552500e+00
-8.27403000 2.54195100e+00
-8.24403000 2.25115700e+00
-8.21403000 2.11345500e+00
-8.18403000 2.31826700e+00
-8.15403000 3.06974100e+00
-8.12403000 4.58741000e+00
-8.09403000 6.22581000e+00
-8.06403000 6.18423900e+00
-8.03403000 5.57646700e+00
-8.00403000 4.17949200e+00
-7.97403000 2.97363800e+00
-7.94403000 2.46250400e+00
-7.91403000 2.40122500e+00
-7.88403000 2.16251200e+00
-7.85403000 1.88717500e+00
-7.82403000 1.94113900e+00
-7.79403000 2.39211100e+00
-7.76403000 3.19800600e+00
-7.73403000 3.87755400e+00
-7.70403000 4.69453200e+00
-7.67403000 5.89584600e+00
-7.64403000 5.34970100e+00
-7.61403000 4.59143200e+00
-7.58403000 4.23531000e+00
-7.55403000 3.20461500e+00
-7.52403000 2.55557600e+00
-7.49403000 2.34051900e+00
-7.46403000 1.96771100e+00
-7.43403000 1.68643200e+00
-7.40403000 1.73378700e+00
-7.37403000 2.08645800e+00
-7.34403000 2.12577800e+00
-7.31403000 1.59347400e+00
-7.28403000 1.14195500e+00
-7.25403000 9.18872000e-01
-7.22403000 8.44542000e-01
-7.19403000 8.83734000e-01
-7.16403000 1.00253400e+00
-7.13403000 1.15468100e+00
-7.10403000 1.40115300e+00
-7.07403000 1.32992200e+00
-7.04403000 1.01698600e+00
-7.01403000 8.66083000e-01
-6.98403000 8.26885000e-01
-6.95403000 8.18178000e-01
-6.92403000 9.26455000e-01
-6.89403000 1.13003100e+00
-6.86403000 1.10728500e+00
-6.83403000 9.42495000e-01
-6.80403000 9.28347000e-01
-6.77403000 1.11018300e+00
-6.74403000 1.50000700e+00
-6.71403000 1.71159600e+00
-6.68403000 1.36458000e+00
-6.65403000 1.10838200e+00
-6.62403000 1.10817400e+00
-6.59403000 1.26714100e+00
-6.56403000 1.47089700e+00
-6.53403000 1.82891200e+00
-6.50403000 2.16570400e+00
-6.47403000 1.85747000e+00
-6.44403000 1.57783500e+00
-6.41403000 1.64830700e+00
-6.38403000 1.96421300e+00
-6.35403000 2.16128300e+00
-6.32403000 1.83239800e+00
-6.29403000 1.53383100e+00
-6.26403000 1.34991900e+00
-6.23403000 1.15684000e+00
-6.20403000 1.06391000e+00
-6.15996000 1.23562800e+00
-6.12996000 1.64527800e+00
-6.09996000 2.28398600e+00
-6.06996000 2.66838700e+00
-6.03996000 2.88274800e+00
-6.00996000 2.46947000e+00
-5.97996000 1.76631500e+00
-5.94996000 1.35879600e+00
-5.91996000 1.17786100e+00
-5.88996000 1.17820100e+00
-5.85996000 1.30701400e+00
-5.82996000 1.49918100e+00
-5.79996000 1.89274600e+00
-5.76996000 2.78282000e+00
-5.73996000 3.99760000e+00
-5.70996000 4.34101000e+00
-5.67996000 4.36629000e+00
-5.64996000 4.84776800e+00
-5.61996000 4.75582800e+00
-5.58996000 3.23886300e+00
-5.55996000 2.04193600e+00
-5.52996000 1.41423700e+00
-5.49996000 1.10158700e+00
-5.46996000 9.54791000e-01
-5.43996000 9.10017000e-01
-5.40996000 9.45634000e-01
-5.37996000 1.10708200e+00
-5.34996000 1.47374400e+00
-5.31996000 2.01596000e+00
-5.28996000 2.47331800e+00
-5.25996000 2.12529000e+00
-5.22996000 1.44713400e+00
-5.19996000 1.08202900e+00
-5.16996000 9.55672000e-01
-5.13996000 9.74095000e-01
-5.10996000 1.00398800e+00
-5.07996000 9.79331000e-01
-5.04996000 9.54871000e-01
-5.01996000 1.03299600e+00
-4.98996000 1.14841900e+00
-4.95996000 1.19545300e+00
-4.92996000 1.23318700e+00
-4.89996000 1.40710100e+00
-4.86996000 1.93103900e+00
-4.83996000 2.97743400e+00
-4.80996000 3.85085600e+00
-4.77996000 3.37865100e+00
-4.74996000 2.46502800e+00
-4.71996000 1.75358700e+00
-4.68996000 1.39705100e+00
-4.65996000 1.16434900e+00
-4.62996000 9.98861000e-01
-4.59996000 9.72040000e-01
-4.56996000 9.10769000e-01
-4.53996000 8.36323000e-01
-4.50996000 8.88863000e-01
-4.47996000 1.08355600e+00
-4.44996000 1.25287600e+00
-4.41996000 1.11103400e+00
-4.38996000 8.59660000e-01
-4.35996000 7.19123000e-01
-4.32996000 7.04930000e-01
-4.29996000 7.73552000e-01
-4.26996000 8.39301000e-01
-4.23996000 8.51970000e-01
-4.20996000 8.19914000e-01
-4.17996000 7.63197000e-01
-4.14996000 8.08736000e-01
-4.11996000 1.03166200e+00
-4.08996000 1.39872400e+00
-4.05996000 1.38011300e+00
-4.02996000 1.00012700e+00
-3.99996000 7.74259000e-01
-3.96996000 7.00397000e-01
-3.93996000 6.63342000e-01
-3.90996000 6.16233000e-01
-3.87996000 5.83938000e-01
-3.83588000 6.18980000e-01
-3.80588000 7.26114000e-01
-3.77588000 8.86981000e-01
-3.74588000 1.05271200e+00
-3.71588000 9.69739000e-01
-3.68588000 7.55365000e-01
-3.65588000 6.29882000e-01
-3.62588000 5.87702000e-01
-3.59588000 5.71769000e-01
-3.56588000 6.12668000e-01
-3.53588000 7.21499000e-01
-3.50588000 7.77315000e-01
-3.47588000 7.74954000e-01
-3.44588000 7.78148000e-01
-3.41588000 7.52914000e-01
-3.38588000 7.86736000e-01
-3.35588000 8.48836000e-01
-3.32588000 9.45184000e-01
-3.29588000 9.48708000e-01
-3.26588000 9.22299000e-01
-3.23588000 9.59820000e-01
-3.20588000 1.14644400e+00
-3.17588000 1.17264600e+00
-3.14588000 9.95470000e-01
-3.11588000 8.32130000e-01
-3.08588000 7.23134000e-01
-3.05588000 6.97141000e-01
-3.02588000 6.94535000e-01
-2.99588000 7.68526000e-01
-2.96588000 9.83359000e-01
-2.93588000 1.25201200e+00
-2.90588000 1.25386400e+00
-2.87588000 1.21190200e+00
-2.84588000 1.12335500e+00
-2.81588000 8.72909000e-01
-2.78588000 7.05660000e-01
-2.75588000 6.62210000e-01
-2.72588000 7.11457000e-01
-2.69588000 7.40074000e-01
-2.66588000 6.45445000e-01
-2.63588000 5.29920000e-01
-2.60588000 4.62362000e-01
-2.57588000 4.39753000e-01
-2.54588000 4.47410000e-01
-2.51588000 4.87992000e-01
-2.48588000 5.80081000e-01
-2.45588000 7.10895000e-01
-2.42588000 7.62883000e-01
-2.39588000 7.57641000e-01
-2.36588000 6.58099000e-01
-2.33588000 5.72061000e-01
-2.30588000 5.56584000e-01
-2.27588000 5.88677000e-01
-2.24588000 6.47924000e-01
-2.21588000 7.66189000e-01
-2.18588000 7.90745000e-01
-2.15588000 7.15227000e-01
-2.12588000 6.56440000e-01
-2.09588000 6.14145000e-01
-2.06588000 6.26874000e-01
-2.03588000 6.84137000e-01
-2.00588000 7.63406000e-01
-1.97588000 8.41601000e-01
-1.94588000 7.84356000e-01
-1.91588000 6.79561000e-01
-1.88588000 5.95873000e-01
-1.85588000 5.63555000e-01
-1.82588000 5.83131000e-01
-1.79588000 6.51841000e-01
-1.76588000 7.87327000e-01
-1.73588000 1.01984600e+00
-1.70588000 1.30822400e+00
-1.67588000 1.29371900e+00
-1.64588000 1.06865800e+00
-1.61588000 1.00583200e+00
-1.58588000 1.06491000e+00
-1.55588000 1.06998200e+00
-1.51181000 1.19625400e+00
-1.48181000 1.53286000e+00
-1.45181000 2.24938500e+00
-1.42181000 3.67252100e+00
-1.39181000 5.43938700e+00
-1.36181000 4.85147000e+00
-1.33181000 3.11918800e+00
-1.30181000 2.16054700e+00
-1.27181000 1.69925100e+00
-1.24181000 1.44565200e+00
-1.21181000 1.36312300e+00
-1.18181000 1.20518800e+00
-1.15181000 1.02344100e+00
-1.12181000 9.40026000e-01
-1.09181000 8.99680000e-01
-1.06181000 8.86581000e-01
-1.03181000 9.21663000e-01
-1.00181000 1.01928600e+00
-0.97180500 1.19485100e+00
-0.94180500 1.45177900e+00
-0.91180500 1.76532900e+00
-0.88180500 2.25953800e+00
-0.85180500 3.20185200e+00
-0.82180500 4.65833300e+00
-0.79180500 6.54827100e+00
-0.76180500 9.14367200e+00
-0.73180500 8.37616400e+00
-0.70180500 5.18117700e+00
-0.67180500 3.21746100e+00
-0.64180500 2.24647700e+00
-0.61180500 1.72659100e+00
-0.58180500 1.40019900e+00
-0.55180500 1.22258200e+00
-0.52180500 1.16900300e+00
-0.49180500 1.18823000e+00
-0.46180500 1.16258400e+00
-0.43180500 1.11442800e+00
-0.40180500 1.14097300e+00
-0.37180500 1.26688700e+00
-0.34180500 1.40844300e+00
-0.31180500 1.47363500e+00
-0.28180500 1.64065900e+00
-0.25180500 1.87125700e+00
-0.22180500 2.00276500e+00
-0.19180500 2.05297300e+00
-0.16180500 2.43401700e+00
-0.13180500 3.42305700e+00
-0.10180500 4.87172800e+00
-0.07180500 5.11723300e+00
-0.04180500 3.77596700e+00
-0.01180500 2.95061300e+00
0.01819500 2.89715000e+00
0.04819500 3.57727900e+00
0.07819500 5.04447000e+00
0.10819500 5.44229400e+00
0.13819500 3.89917300e+00
0.16819500 2.72752600e+00
0.19819500 2.23296900e+00
0.22819500 2.13782300e+00
0.25819500 2.26349100e+00
0.28819500 2.46362100e+00
0.31819500 2.81172600e+00
0.34819500 3.39373000e+00
0.37819500 3.79386000e+00
0.40819500 4.41962000e+00
0.43819500 6.16406400e+00
0.46819500 9.11006900e+00
0.49819500 1.13499820e+01
0.52819500 1.31650460e+01
0.55819500 1.13934810e+01
0.58819500 7.69290100e+00
0.61819500 5.48881100e+00
0.64819500 4.45104200e+00
0.67819500 4.40538200e+00
0.70819500 5.32963000e+00
0.73819500 7.49018900e+00
0.76819500 9.52478500e+00
