# E(MeV)  S_GAMTGAMT(K=0) for As102_DDPCX
-22.42850000 1.11431000e-03
-22.39850000 1.12124000e-03
-22.36850000 1.12792000e-03
-22.33850000 1.13438000e-03
-22.30850000 1.14063000e-03
-22.27850000 1.14669000e-03
-22.24850000 1.15255000e-03
-22.21850000 1.15827000e-03
-22.18850000 1.16391000e-03
-22.15850000 1.16941000e-03
-22.12850000 1.17474000e-03
-22.09850000 1.17991000e-03
-22.06850000 1.18493000e-03
-22.03850000 1.18979000e-03
-22.00850000 1.19448000e-03
-21.97850000 1.19899000e-03
-21.94850000 1.20329000e-03
-21.91850000 1.20737000e-03
-21.88850000 1.21118000e-03
-21.85850000 1.21469000e-03
-21.82850000 1.21782000e-03
-21.79850000 1.22050000e-03
-21.76850000 1.22261000e-03
-21.73850000 1.22401000e-03
-21.70850000 1.22450000e-03
-21.67850000 1.22379000e-03
-21.64850000 1.22147000e-03
-21.61850000 1.21694000e-03
-21.58850000 1.20928000e-03
-21.55850000 1.19707000e-03
-21.52850000 1.17796000e-03
-21.49850000 1.14792000e-03
-21.46850000 1.09961000e-03
-21.43850000 1.01868000e-03
-21.40850000 8.74774000e-04
-21.37850000 5.99295000e-04
-21.34850000 4.35785000e-05
-21.31850000 -8.97236000e-04
-21.28850000 -1.21427000e-03
-21.25850000 -2.98450000e-04
-21.22850000 4.40574000e-04
-21.19850000 8.19378000e-04
-21.16850000 1.01703000e-03
-21.13850000 1.13001000e-03
-21.10850000 1.20058000e-03
-21.07850000 1.24815000e-03
-21.04850000 1.28231000e-03
-21.01850000 1.30819000e-03
-20.98850000 1.32871000e-03
-20.95850000 1.34563000e-03
-20.92850000 1.36002000e-03
-20.89850000 1.37262000e-03
-20.86850000 1.38390000e-03
-20.83850000 1.39419000e-03
-20.80850000 1.40374000e-03
-20.77850000 1.41271000e-03
-20.74850000 1.42124000e-03
-20.71850000 1.42941000e-03
-20.68850000 1.43730000e-03
-20.65850000 1.44498000e-03
-20.62850000 1.45247000e-03
-20.59850000 1.45983000e-03
-20.56850000 1.46707000e-03
-20.53850000 1.47423000e-03
-20.50850000 1.48131000e-03
-20.47850000 1.48834000e-03
-20.44850000 1.49533000e-03
-20.41850000 1.50229000e-03
-20.38850000 1.50923000e-03
-20.35850000 1.51616000e-03
-20.32850000 1.52308000e-03
-20.29850000 1.53001000e-03
-20.26850000 1.53694000e-03
-20.23850000 1.54388000e-03
-20.20850000 1.55083000e-03
-20.17850000 1.55781000e-03
-20.14850000 1.56480000e-03
-20.10440000 1.57513000e-03
-20.07440000 1.58219000e-03
-20.04440000 1.58928000e-03
-20.01440000 1.59640000e-03
-19.98440000 1.60356000e-03
-19.95440000 1.61076000e-03
-19.92440000 1.61799000e-03
-19.89440000 1.62527000e-03
-19.86440000 1.63259000e-03
-19.83440000 1.63995000e-03
-19.80440000 1.64736000e-03
-19.77440000 1.65481000e-03
-19.74440000 1.66231000e-03
-19.71440000 1.66986000e-03
-19.68440000 1.67746000e-03
-19.65440000 1.68511000e-03
-19.62440000 1.69282000e-03
-19.59440000 1.70058000e-03
-19.56440000 1.70839000e-03
-19.53440000 1.71626000e-03
-19.50440000 1.72419000e-03
-19.47440000 1.73218000e-03
-19.44440000 1.74023000e-03
-19.41440000 1.74834000e-03
-19.38440000 1.75651000e-03
-19.35440000 1.76474000e-03
-19.32440000 1.77305000e-03
-19.29440000 1.78142000e-03
-19.26440000 1.78985000e-03
-19.23440000 1.79836000e-03
-19.20440000 1.80694000e-03
-19.17440000 1.81559000e-03
-19.14440000 1.82432000e-03
-19.11440000 1.83313000e-03
-19.08440000 1.84202000e-03
-19.05440000 1.85100000e-03
-19.02440000 1.86008000e-03
-18.99440000 1.86925000e-03
-18.96440000 1.87843000e-03
-18.93440000 1.88768000e-03
-18.90440000 1.89704000e-03
-18.87440000 1.90650000e-03
-18.84440000 1.91608000e-03
-18.81440000 1.92575000e-03
-18.78440000 1.93554000e-03
-18.75440000 1.94544000e-03
-18.72440000 1.95545000e-03
-18.69440000 1.96559000e-03
-18.66440000 1.97587000e-03
-18.63440000 1.98628000e-03
-18.60440000 1.99686000e-03
-18.57440000 2.00761000e-03
-18.54440000 2.01855000e-03
-18.51440000 2.02971000e-03
-18.48440000 2.04113000e-03
-18.45440000 2.05286000e-03
-18.42440000 2.06498000e-03
-18.39440000 2.07758000e-03
-18.36440000 2.09081000e-03
-18.33440000 2.10492000e-03
-18.30440000 2.12029000e-03
-18.27440000 2.13756000e-03
-18.24440000 2.15789000e-03
-18.21440000 2.18348000e-03
-18.18440000 2.21890000e-03
-18.15440000 2.27431000e-03
-18.12440000 2.37259000e-03
-18.09440000 2.54539000e-03
-18.06440000 2.68370000e-03
-18.03440000 2.56305000e-03
-18.00440000 2.41758000e-03
-17.97440000 2.34621000e-03
-17.94440000 2.31657000e-03
-17.91440000 2.30643000e-03
-17.88440000 2.30595000e-03
-17.85440000 2.31071000e-03
-17.82440000 2.31856000e-03
-17.78030000 2.33355000e-03
-17.75030000 2.34532000e-03
-17.72030000 2.35806000e-03
-17.69030000 2.37161000e-03
-17.66030000 2.38592000e-03
-17.63030000 2.40101000e-03
-17.60030000 2.41694000e-03
-17.57030000 2.43389000e-03
-17.54030000 2.45211000e-03
-17.51030000 2.47204000e-03
-17.48030000 2.49445000e-03
-17.45030000 2.52066000e-03
-17.42030000 2.55313000e-03
-17.39030000 2.59676000e-03
-17.36030000 2.66210000e-03
-17.33030000 2.77321000e-03
-17.30030000 2.97879000e-03
-17.27030000 3.27230000e-03
-17.24030000 3.27749000e-03
-17.21030000 3.01681000e-03
-17.18030000 2.85139000e-03
-17.15030000 2.77775000e-03
-17.12030000 2.74846000e-03
-17.09030000 2.74066000e-03
-17.06030000 2.74457000e-03
-17.03030000 2.75609000e-03
-17.00030000 2.77407000e-03
-16.97030000 2.79989000e-03
-16.94030000 2.83885000e-03
-16.91030000 2.90267000e-03
-16.88030000 2.98837000e-03
-16.85030000 3.00144000e-03
-16.82030000 2.95168000e-03
-16.79030000 2.92667000e-03
-16.76030000 2.92459000e-03
-16.73030000 2.93379000e-03
-16.70030000 2.94869000e-03
-16.67030000 2.96689000e-03
-16.64030000 2.98730000e-03
-16.61030000 3.00949000e-03
-16.58030000 3.03336000e-03
-16.55030000 3.05906000e-03
-16.52030000 3.08709000e-03
-16.49030000 3.11838000e-03
-16.46030000 3.15484000e-03
-16.43030000 3.20037000e-03
-16.40030000 3.26356000e-03
-16.37030000 3.36401000e-03
-16.34030000 3.53486000e-03
-16.31030000 3.71643000e-03
-16.28030000 3.65734000e-03
-16.25030000 3.51821000e-03
-16.22030000 3.45106000e-03
-16.19030000 3.43349000e-03
-16.16030000 3.44061000e-03
-16.13030000 3.46181000e-03
-16.10030000 3.49426000e-03
-16.07030000 3.54086000e-03
-16.04030000 3.61104000e-03
-16.01030000 3.70094000e-03
-15.98030000 3.72747000e-03
-15.95030000 3.70284000e-03
-15.92030000 3.70170000e-03
-15.89030000 3.72210000e-03
-15.86030000 3.75461000e-03
-15.83030000 3.79548000e-03
-15.80030000 3.84444000e-03
-15.77030000 3.90411000e-03
-15.74030000 3.98154000e-03
-15.71030000 4.09075000e-03
-15.68030000 4.23085000e-03
-15.65030000 4.32766000e-03
-15.62030000 4.43414000e-03
-15.59030000 4.68183000e-03
-15.56030000 5.12710000e-03
-15.53030000 5.39185000e-03
-15.50030000 5.10653000e-03
-15.45630000 4.86028000e-03
-15.42630000 4.93818000e-03
-15.39630000 5.16269000e-03
-15.36630000 5.45700000e-03
-15.33630000 5.95502000e-03
-15.30630000 6.53544000e-03
-15.27630000 6.80397000e-03
-15.24630000 7.47877000e-03
-15.21630000 8.23572000e-03
-15.18630000 7.42368000e-03
-15.15630000 6.31278000e-03
-15.12630000 5.72813000e-03
-15.09630000 5.46184000e-03
-15.06630000 5.34714000e-03
-15.03630000 5.30893000e-03
-15.00630000 5.31351000e-03
-14.97630000 5.34477000e-03
-14.94630000 5.39464000e-03
-14.91630000 5.45912000e-03
-14.88630000 5.53654000e-03
-14.85630000 5.62698000e-03
-14.82630000 5.73214000e-03
-14.79630000 5.85587000e-03
-14.76630000 6.00553000e-03
-14.73630000 6.19509000e-03
-14.70630000 6.45230000e-03
-14.67630000 6.83631000e-03
-14.64630000 7.48133000e-03
-14.61630000 8.67203000e-03
-14.58630000 1.05274000e-02
-14.55630000 1.09884000e-02
-14.52630000 9.40990000e-03
-14.49630000 8.28614000e-03
-14.46630000 7.79489000e-03
-14.43630000 7.62000000e-03
-14.40630000 7.59986000e-03
-14.37630000 7.66460000e-03
-14.34630000 7.78316000e-03
-14.31630000 7.94146000e-03
-14.28630000 8.13373000e-03
-14.25630000 8.35901000e-03
-14.22630000 8.61974000e-03
-14.19630000 8.92169000e-03
-14.16630000 9.27469000e-03
-14.13630000 9.69443000e-03
-14.10630000 1.02062000e-02
-14.07630000 1.08519000e-02
-14.04630000 1.17049000e-02
-14.01630000 1.29020000e-02
-13.98630000 1.47180000e-02
-13.95630000 1.77514000e-02
-13.92630000 2.33638000e-02
-13.89630000 3.40249000e-02
-13.86630000 4.67162000e-02
-13.83630000 4.21101000e-02
-13.80630000 2.98307000e-02
-13.77630000 2.29752000e-02
-13.74630000 1.99535000e-02
-13.71630000 1.88054000e-02
-13.68630000 1.86670000e-02
-13.65630000 1.91639000e-02
-13.62630000 1.99387000e-02
-13.59630000 2.09334000e-02
-13.56630000 2.23748000e-02
-13.53630000 2.43360000e-02
-13.50630000 2.69203000e-02
-13.47630000 3.03308000e-02
-13.44630000 3.49187000e-02
-13.41630000 4.12894000e-02
-13.38630000 5.05310000e-02
-13.35630000 6.47174000e-02
-13.32630000 8.80375000e-02
-13.29630000 1.28706000e-01
-13.26630000 1.98563000e-01
-13.23630000 3.23217000e-01
-13.20630000 4.79989000e-01
-13.17630000 4.52732000e-01
-13.13220000 2.80660000e-01
-13.10220000 1.87590000e-01
-13.07220000 1.38514000e-01
-13.04220000 1.20410000e-01
-13.01220000 1.22708000e-01
-12.98220000 1.45340000e-01
-12.95220000 1.99724000e-01
-12.92220000 3.16325000e-01
-12.89220000 5.27935000e-01
-12.86220000 6.44758000e-01
-12.83220000 4.52559000e-01
-12.80220000 2.68819000e-01
-12.77220000 1.73645000e-01
-12.74220000 1.27725000e-01
-12.71220000 1.06219000e-01
-12.68220000 9.63467000e-02
-12.65220000 9.46351000e-02
-12.62220000 1.05096000e-01
-12.59220000 1.34723000e-01
-12.56220000 1.84234000e-01
-12.53220000 1.98066000e-01
-12.50220000 1.79078000e-01
-12.47220000 1.98790000e-01
-12.44220000 2.47109000e-01
-12.41220000 2.25868000e-01
-12.38220000 1.70731000e-01
-12.35220000 1.49267000e-01
-12.32220000 1.58420000e-01
-12.29220000 1.74441000e-01
-12.26220000 1.68259000e-01
-12.23220000 1.69711000e-01
-12.20220000 1.92719000e-01
-12.17220000 2.40442000e-01
-12.14220000 3.25204000e-01
-12.11220000 4.78702000e-01
-12.08220000 7.75260000e-01
-12.05220000 1.36790000e+00
-12.02220000 2.25654000e+00
-11.99220000 2.27013000e+00
-11.96220000 1.38597000e+00
-11.93220000 7.93245000e-01
-11.90220000 5.05017000e-01
-11.87220000 3.71818000e-01
-11.84220000 3.06427000e-01
-11.81220000 2.36311000e-01
-11.78220000 1.75917000e-01
-11.75220000 1.38810000e-01
-11.72220000 1.16506000e-01
-11.69220000 1.03116000e-01
-11.66220000 9.61230000e-02
-11.63220000 9.56181000e-02
-11.60220000 1.04537000e-01
-11.57220000 1.27982000e-01
-11.54220000 1.49250000e-01
-11.51220000 1.26514000e-01
-11.48220000 9.77904000e-02
-11.45220000 8.29505000e-02
-11.42220000 7.65385000e-02
-11.39220000 7.45480000e-02
-11.36220000 7.52715000e-02
-11.33220000 7.80564000e-02
-11.30220000 8.27545000e-02
-11.27220000 8.95246000e-02
-11.24220000 9.87932000e-02
-11.21220000 1.11319000e-01
-11.18220000 1.28369000e-01
-11.15220000 1.52091000e-01
-11.12220000 1.86332000e-01
-11.09220000 2.37905000e-01
-11.06220000 3.13166000e-01
-11.03220000 4.10709000e-01
-11.00220000 5.68361000e-01
-10.97220000 8.62380000e-01
-10.94220000 1.44657000e+00
-10.91220000 2.56457000e+00
-10.88220000 3.60100000e+00
-10.85220000 2.76746000e+00
-10.80810000 1.20974000e+00
-10.77810000 7.46167000e-01
-10.74810000 5.11171000e-01
-10.71810000 3.74490000e-01
-10.68810000 2.85796000e-01
-10.65810000 2.28624000e-01
-10.62810000 1.92500000e-01
-10.59810000 1.68467000e-01
-10.56810000 1.51866000e-01
-10.53810000 1.41565000e-01
-10.50810000 1.36489000e-01
-10.47810000 1.35802000e-01
-10.44810000 1.39254000e-01
-10.41810000 1.47106000e-01
-10.38810000 1.60167000e-01
-10.35810000 1.79979000e-01
-10.32810000 2.09228000e-01
-10.29810000 2.52393000e-01
-10.26810000 3.17178000e-01
-10.23810000 4.19281000e-01
-10.20810000 5.90412000e-01
-10.17810000 8.99331000e-01
-10.14810000 1.50251000e+00
-10.11810000 2.67709000e+00
-10.08810000 4.04716000e+00
-10.05810000 3.44018000e+00
-10.02810000 2.01080000e+00
-9.99811000 1.20881000e+00
-9.96811000 8.46248000e-01
-9.93811000 6.30468000e-01
-9.90811000 4.44630000e-01
-9.87811000 3.23564000e-01
-9.84811000 2.51161000e-01
-9.81811000 2.06456000e-01
-9.78811000 1.78547000e-01
-9.75811000 1.59311000e-01
-9.72811000 1.42948000e-01
-9.69811000 1.32119000e-01
-9.66811000 1.27090000e-01
-9.63811000 1.27334000e-01
-9.60811000 1.33389000e-01
-9.57811000 1.46885000e-01
-9.54811000 1.70361000e-01
-9.51811000 2.12012000e-01
-9.48811000 2.90933000e-01
-9.45811000 4.48266000e-01
-9.42811000 7.58102000e-01
-9.39811000 1.12414000e+00
-9.36811000 9.66184000e-01
-9.33811000 5.86880000e-01
-9.30811000 3.71238000e-01
-9.27811000 2.68206000e-01
-9.24811000 2.13292000e-01
-9.21811000 1.85488000e-01
-9.18811000 1.83165000e-01
-9.15811000 2.05073000e-01
-9.12811000 2.29154000e-01
-9.09811000 2.21647000e-01
-9.06811000 2.17098000e-01
-9.03811000 2.23169000e-01
-9.00811000 2.16115000e-01
-8.97811000 2.23237000e-01
-8.94811000 2.62110000e-01
-8.91811000 3.46106000e-01
-8.88811000 4.86646000e-01
-8.85811000 6.47794000e-01
-8.82811000 8.55075000e-01
-8.79811000 9.21692000e-01
-8.76811000 8.67305000e-01
-8.73811000 1.02266000e+00
-8.70811000 1.54437000e+00
-8.67811000 2.56161000e+00
-8.64811000 3.12507000e+00
-8.61811000 2.18138000e+00
-8.58811000 1.32294000e+00
-8.55811000 9.08044000e-01
-8.52811000 7.30240000e-01
-8.48403000 8.25642000e-01
-8.45403000 1.06524000e+00
-8.42403000 9.63060000e-01
-8.39403000 6.33524000e-01
-8.36403000 4.46230000e-01
-8.33403000 3.69878000e-01
-8.30403000 3.01388000e-01
-8.27403000 2.33819000e-01
-8.24403000 1.89436000e-01
-8.21403000 1.53785000e-01
-8.18403000 1.33562000e-01
-8.15403000 1.29534000e-01
-8.12403000 1.43248000e-01
-8.09403000 1.62440000e-01
-8.06403000 1.46080000e-01
-8.03403000 1.17184000e-01
-8.00403000 9.68104000e-02
-7.97403000 8.77212000e-02
-7.94403000 8.85119000e-02
-7.91403000 9.81113000e-02
-7.88403000 1.11510000e-01
-7.85403000 1.13065000e-01
-7.82403000 1.19806000e-01
-7.79403000 1.54081000e-01
-7.76403000 2.29802000e-01
-7.73403000 2.91357000e-01
-7.70403000 2.23542000e-01
-7.67403000 1.42787000e-01
-7.64403000 1.00047000e-01
-7.61403000 7.92416000e-02
-7.58403000 6.95279000e-02
-7.55403000 6.63040000e-02
-7.52403000 6.56808000e-02
-7.49403000 6.50252000e-02
-7.46403000 6.27987000e-02
-7.43403000 6.23603000e-02
-7.40403000 6.54776000e-02
-7.37403000 7.40425000e-02
-7.34403000 9.05349000e-02
-7.31403000 1.02107000e-01
-7.28403000 1.01375000e-01
-7.25403000 1.12418000e-01
-7.22403000 1.28934000e-01
-7.19403000 1.24476000e-01
-7.16403000 1.14862000e-01
-7.13403000 1.10879000e-01
-7.10403000 1.18073000e-01
-7.07403000 1.35409000e-01
-7.04403000 1.65039000e-01
-7.01403000 2.16152000e-01
-6.98403000 3.06547000e-01
-6.95403000 4.68675000e-01
-6.92403000 7.16697000e-01
-6.89403000 9.60183000e-01
-6.86403000 1.24455000e+00
-6.83403000 1.64340000e+00
-6.80403000 1.48859000e+00
-6.77403000 8.99172000e-01
-6.74403000 5.25102000e-01
-6.71403000 3.36549000e-01
-6.68403000 2.37948000e-01
-6.65403000 1.84342000e-01
-6.62403000 1.54033000e-01
-6.59403000 1.28296000e-01
-6.56403000 1.06301000e-01
-6.53403000 9.18275000e-02
-6.50403000 8.26472000e-02
-6.47403000 7.62842000e-02
-6.44403000 7.16437000e-02
-6.41403000 6.89159000e-02
-6.38403000 6.79436000e-02
-6.35403000 6.86870000e-02
-6.32403000 7.12533000e-02
-6.29403000 7.60750000e-02
-6.26403000 8.48153000e-02
-6.23403000 1.00644000e-01
-6.20403000 1.30322000e-01
-6.15996000 2.21841000e-01
-6.12996000 3.05471000e-01
-6.09996000 3.58794000e-01
-6.06996000 2.86243000e-01
-6.03996000 1.97762000e-01
-6.00996000 1.51096000e-01
-5.97996000 1.33266000e-01
-5.94996000 1.33695000e-01
-5.91996000 1.50543000e-01
-5.88996000 1.90631000e-01
-5.85996000 2.74706000e-01
-5.82996000 4.10775000e-01
-5.79996000 4.41965000e-01
-5.76996000 3.29491000e-01
-5.73996000 2.62889000e-01
-5.70996000 2.63174000e-01
-5.67996000 3.28521000e-01
-5.64996000 4.70392000e-01
-5.61996000 5.72001000e-01
-5.58996000 5.16581000e-01
-5.55996000 4.94692000e-01
-5.52996000 4.36926000e-01
-5.49996000 3.69146000e-01
-5.46996000 3.81180000e-01
-5.43996000 4.68169000e-01
-5.40996000 5.11724000e-01
-5.37996000 4.30974000e-01
-5.34996000 3.91499000e-01
-5.31996000 4.22979000e-01
-5.28996000 4.61843000e-01
-5.25996000 5.13100000e-01
-5.22996000 6.55063000e-01
-5.19996000 8.90135000e-01
-5.16996000 1.04357000e+00
-5.13996000 1.24300000e+00
-5.10996000 1.82555000e+00
-5.07996000 3.00953000e+00
-5.04996000 4.09529000e+00
-5.01996000 3.40725000e+00
-4.98996000 2.43589000e+00
-4.95996000 1.97856000e+00
-4.92996000 1.51199000e+00
-4.89996000 1.21009000e+00
-4.86996000 1.11369000e+00
-4.83996000 1.08257000e+00
-4.80996000 8.55024000e-01
-4.77996000 6.81490000e-01
-4.74996000 6.62800000e-01
-4.71996000 7.66831000e-01
-4.68996000 9.75843000e-01
-4.65996000 1.21126000e+00
-4.62996000 9.98940000e-01
-4.59996000 6.78004000e-01
-4.56996000 5.01580000e-01
-4.53996000 3.98253000e-01
-4.50996000 3.63427000e-01
-4.47996000 3.79951000e-01
-4.44996000 3.61117000e-01
-4.41996000 3.04577000e-01
-4.38996000 2.79232000e-01
-4.35996000 2.88986000e-01
-4.32996000 3.13297000e-01
-4.29996000 3.32037000e-01
-4.26996000 3.75846000e-01
-4.23996000 4.58218000e-01
-4.20996000 6.14937000e-01
-4.17996000 8.47488000e-01
-4.14996000 1.00007000e+00
-4.11996000 9.22844000e-01
-4.08996000 8.42964000e-01
-4.05996000 9.40569000e-01
-4.02996000 1.16694000e+00
-3.99996000 1.48060000e+00
-3.96996000 2.02549000e+00
-3.93996000 3.01531000e+00
-3.90996000 4.17750000e+00
-3.87996000 4.27665000e+00
-3.83588000 2.27276000e+00
-3.80588000 1.46154000e+00
-3.77588000 1.12521000e+00
-3.74588000 9.29370000e-01
-3.71588000 7.24300000e-01
-3.68588000 5.95180000e-01
-3.65588000 4.92285000e-01
-3.62588000 4.21979000e-01
-3.59588000 3.95565000e-01
-3.56588000 4.07405000e-01
-3.53588000 4.60560000e-01
-3.50588000 5.42894000e-01
-3.47588000 6.54920000e-01
-3.44588000 8.40347000e-01
-3.41588000 9.88198000e-01
-3.38588000 1.20883000e+00
-3.35588000 1.48344000e+00
-3.32588000 1.46718000e+00
-3.29588000 1.63100000e+00
-3.26588000 2.26676000e+00
-3.23588000 2.83750000e+00
-3.20588000 2.26727000e+00
-3.17588000 1.53189000e+00
-3.14588000 1.23758000e+00
-3.11588000 1.22204000e+00
-3.08588000 1.33811000e+00
-3.05588000 1.40937000e+00
-3.02588000 1.21887000e+00
-2.99588000 9.91410000e-01
-2.96588000 9.38426000e-01
-2.93588000 1.04755000e+00
-2.90588000 1.28621000e+00
-2.87588000 1.50631000e+00
-2.84588000 1.90344000e+00
-2.81588000 2.84984000e+00
-2.78588000 4.27749000e+00
-2.75588000 4.67815000e+00
-2.72588000 4.01637000e+00
-2.69588000 3.91879000e+00
-2.66588000 4.95593000e+00
-2.63588000 6.20211000e+00
-2.60588000 7.47904000e+00
-2.57588000 7.14507000e+00
-2.54588000 4.65944000e+00
-2.51588000 3.07682000e+00
-2.48588000 2.57205000e+00
-2.45588000 2.68299000e+00
-2.42588000 2.42514000e+00
-2.39588000 1.71352000e+00
-2.36588000 1.24230000e+00
-2.33588000 9.77390000e-01
-2.30588000 7.80558000e-01
-2.27588000 6.52582000e-01
-2.24588000 6.07855000e-01
-2.21588000 6.23923000e-01
-2.18588000 6.37237000e-01
-2.15588000 6.72741000e-01
-2.12588000 7.66075000e-01
-2.09588000 9.04119000e-01
-2.06588000 1.21827000e+00
-2.03588000 1.67795000e+00
-2.00588000 1.88423000e+00
-1.97588000 1.70894000e+00
-1.94588000 1.19304000e+00
-1.91588000 7.84400000e-01
-1.88588000 5.73109000e-01
-1.85588000 4.86744000e-01
-1.82588000 4.32711000e-01
-1.79588000 3.57894000e-01
-1.76588000 3.15086000e-01
-1.73588000 3.04644000e-01
-1.70588000 3.09993000e-01
-1.67588000 3.23198000e-01
-1.64588000 3.23669000e-01
-1.61588000 2.91947000e-01
-1.58588000 2.83341000e-01
-1.55588000 3.04644000e-01
-1.51181000 4.13422000e-01
-1.48181000 5.18039000e-01
-1.45181000 6.57545000e-01
-1.42181000 8.86738000e-01
-1.39181000 8.82111000e-01
-1.36181000 6.82406000e-01
-1.33181000 6.01463000e-01
-1.30181000 5.97345000e-01
-1.27181000 6.33211000e-01
-1.24181000 7.57032000e-01
-1.21181000 9.55711000e-01
-1.18181000 1.01568000e+00
-1.15181000 8.72972000e-01
-1.12181000 8.82494000e-01
-1.09181000 1.10889000e+00
-1.06181000 1.22581000e+00
-1.03181000 1.09835000e+00
-1.00181000 1.19284000e+00
-0.97180500 1.68901000e+00
-0.94180500 2.30804000e+00
-0.91180500 2.06350000e+00
-0.88180500 1.36743000e+00
-0.85180500 9.04556000e-01
-0.82180500 6.97921000e-01
-0.79180500 6.38781000e-01
-0.76180500 7.19042000e-01
-0.73180500 9.83871000e-01
-0.70180500 1.40653000e+00
-0.67180500 1.40817000e+00
-0.64180500 9.57928000e-01
-0.61180500 6.25216000e-01
-0.58180500 4.32473000e-01
-0.55180500 3.31490000e-01
-0.52180500 2.81378000e-01
-0.49180500 2.60406000e-01
-0.46180500 2.45159000e-01
-0.43180500 2.30917000e-01
-0.40180500 2.33430000e-01
-0.37180500 2.57214000e-01
-0.34180500 2.96495000e-01
-0.31180500 3.15764000e-01
-0.28180500 3.30736000e-01
-0.25180500 3.83570000e-01
-0.22180500 4.94739000e-01
-0.19180500 5.93565000e-01
-0.16180500 6.48203000e-01
-0.13180500 6.41398000e-01
-0.10180500 6.42837000e-01
-0.07180500 6.32697000e-01
-0.04180500 6.62132000e-01
-0.01180500 6.41411000e-01
0.01819500 5.79162000e-01
0.04819500 5.97463000e-01
0.07819500 7.11591000e-01
0.10819500 9.41916000e-01
0.13819500 1.32603000e+00
0.16819500 1.98228000e+00
0.19819500 2.88331000e+00
0.22819500 3.83285000e+00
0.25819500 3.61319000e+00
0.28819500 2.86249000e+00
0.31819500 2.41099000e+00
0.34819500 2.46556000e+00
0.37819500 3.35193000e+00
0.40819500 4.63909000e+00
0.43819500 3.98301000e+00
0.46819500 2.44139000e+00
0.49819500 1.52674000e+00
0.52819500 1.02725000e+00
0.55819500 7.62241000e-01
0.58819500 6.28670000e-01
0.61819500 5.32942000e-01
0.64819500 4.31547000e-01
0.67819500 3.59083000e-01
0.70819500 3.15839000e-01
0.73819500 2.92627000e-01
0.76819500 2.86505000e-01
