# E(MeV)  S_NSDRNSDR(Total=K0+2*K1) for As112_DDPCX
-26.94320000 8.43445000e-02
-26.91320000 8.35455000e-02
-26.88320000 8.08023000e-02
-26.85320000 7.41972000e-02
-26.82320000 6.08100000e-02
-26.79320000 4.84743200e-02
-26.76320000 5.75589000e-02
-26.73320000 6.85162000e-02
-26.70320000 7.17663000e-02
-26.67320000 7.04555000e-02
-26.64320000 6.03070000e-02
-26.61320000 3.51545600e-02
-26.58320000 9.85870000e-03
-26.55320000 3.13755300e-02
-26.52320000 6.35122000e-02
-26.49320000 8.16353000e-02
-26.46320000 9.12211000e-02
-26.43320000 9.68137000e-02
-26.40320000 1.00454400e-01
-26.37320000 1.03059800e-01
-26.34320000 1.05072000e-01
-26.31320000 1.06723000e-01
-26.28320000 1.08142700e-01
-26.25320000 1.09407600e-01
-26.22320000 1.10566400e-01
-26.19320000 1.11649800e-01
-26.16320000 1.12679400e-01
-26.13320000 1.13669700e-01
-26.10320000 1.14631300e-01
-26.07320000 1.15572000e-01
-26.04320000 1.16497500e-01
-26.01320000 1.17412500e-01
-25.98320000 1.18320400e-01
-25.95320000 1.19224000e-01
-25.92320000 1.20125400e-01
-25.89320000 1.21026500e-01
-25.86320000 1.21929100e-01
-25.83320000 1.22834100e-01
-25.80320000 1.23743200e-01
-25.77320000 1.24656900e-01
-25.74320000 1.25576100e-01
-25.71320000 1.26502100e-01
-25.68320000 1.27435000e-01
-25.65320000 1.28375600e-01
-25.62320000 1.29324700e-01
-25.59320000 1.30282900e-01
-25.56320000 1.31250600e-01
-25.53320000 1.32228300e-01
-25.50320000 1.33216700e-01
-25.47320000 1.34216100e-01
-25.44320000 1.35226900e-01
-25.41320000 1.36249900e-01
-25.38320000 1.37285400e-01
-25.35320000 1.38334000e-01
-25.32320000 1.39396000e-01
-25.29320000 1.40471900e-01
-25.26320000 1.41562500e-01
-25.23320000 1.42668100e-01
-25.20320000 1.43789300e-01
-25.17320000 1.44926700e-01
-25.14320000 1.46080600e-01
-25.11320000 1.47252000e-01
-25.08320000 1.48441200e-01
-25.05320000 1.49649100e-01
-25.02320000 1.50876200e-01
-24.99320000 1.52123500e-01
-24.96320000 1.53391300e-01
-24.93320000 1.54680700e-01
-24.90320000 1.55992700e-01
-24.87320000 1.57327900e-01
-24.84320000 1.58687600e-01
-24.81320000 1.60072800e-01
-24.78320000 1.61484300e-01
-24.75320000 1.62923800e-01
-24.72320000 1.64392400e-01
-24.69320000 1.65891600e-01
-24.66320000 1.67423300e-01
-24.63320000 1.68988800e-01
-24.60320000 1.70590400e-01
-24.57320000 1.72230100e-01
-24.54320000 1.73910500e-01
-24.51320000 1.75634300e-01
-24.48320000 1.77404500e-01
-24.45320000 1.79224600e-01
-24.42320000 1.81098700e-01
-24.39320000 1.83031400e-01
-24.36320000 1.85027800e-01
-24.33320000 1.87094400e-01
-24.30320000 1.89238100e-01
-24.27320000 1.91467600e-01
-24.24320000 1.93792800e-01
-24.21320000 1.96226200e-01
-24.16760000 2.00161200e-01
-24.13760000 2.02939500e-01
-24.10760000 2.05894900e-01
-24.07760000 2.09058100e-01
-24.04760000 2.12469600e-01
-24.01760000 2.16180800e-01
-23.98760000 2.20259400e-01
-23.95760000 2.24795300e-01
-23.92760000 2.29911000e-01
-23.89760000 2.35775800e-01
-23.86760000 2.42630300e-01
-23.83760000 2.50824800e-01
-23.80760000 2.60885500e-01
-23.77760000 2.73632000e-01
-23.74760000 2.90394300e-01
-23.71760000 3.13439000e-01
-23.68760000 3.46862900e-01
-23.65760000 3.98596200e-01
-23.62760000 4.85233700e-01
-23.59760000 6.44067900e-01
-23.56760000 9.57351500e-01
-23.53760000 1.50710900e+00
-23.50760000 1.79110720e+00
-23.47760000 1.29366900e+00
-23.44760000 8.44319600e-01
-23.41760000 6.23582100e-01
-23.38760000 5.30329800e-01
-23.35760000 5.15720300e-01
-23.32760000 5.67656000e-01
-23.29760000 5.99619600e-01
-23.26760000 5.05727700e-01
-23.23760000 4.17603300e-01
-23.20760000 3.70967600e-01
-23.17760000 3.46982200e-01
-23.14760000 3.34122800e-01
-23.11760000 3.27189600e-01
-23.08760000 3.23743000e-01
-23.05760000 3.22542300e-01
-23.02760000 3.22927800e-01
-22.99760000 3.24541300e-01
-22.96760000 3.27224400e-01
-22.93760000 3.30990700e-01
-22.90760000 3.36096700e-01
-22.87760000 3.43266200e-01
-22.84760000 3.54273000e-01
-22.81760000 3.72486000e-01
-22.78760000 3.94662000e-01
-22.75760000 3.94017000e-01
-22.72760000 3.81226000e-01
-22.69760000 3.76050000e-01
-22.66760000 3.76651000e-01
-22.63760000 3.80163000e-01
-22.60760000 3.85276000e-01
-22.57760000 3.91424000e-01
-22.54760000 3.98365000e-01
-22.51760000 4.05997000e-01
-22.48760000 4.14295000e-01
-22.45760000 4.23288000e-01
-22.42760000 4.33038000e-01
-22.39760000 4.43658000e-01
-22.36760000 4.55316000e-01
-22.33760000 4.68264000e-01
-22.30760000 4.82907000e-01
-22.27760000 4.99907000e-01
-22.24760000 5.20430000e-01
-22.21760000 5.46699000e-01
-22.18760000 5.83299000e-01
-22.15760000 6.40350000e-01
-22.12760000 7.38513000e-01
-22.09760000 8.95200000e-01
-22.06760000 9.87344000e-01
-22.03760000 8.79644000e-01
-22.00760000 7.83907000e-01
-21.97760000 7.49821000e-01
-21.94760000 7.51142000e-01
-21.91760000 7.74511000e-01
-21.88760000 8.17490000e-01
-21.85760000 8.70674000e-01
-21.82760000 9.02849000e-01
-21.79760000 9.34834000e-01
-21.76760000 9.86664000e-01
-21.73760000 1.05797600e+00
-21.70760000 1.14989800e+00
-21.67760000 1.26729900e+00
-21.64760000 1.41910200e+00
-21.61760000 1.62003400e+00
-21.58760000 1.89455400e+00
-21.55760000 2.28455400e+00
-21.52760000 2.86661000e+00
-21.49760000 3.79430800e+00
-21.46760000 5.39410000e+00
-21.43760000 8.39166000e+00
-21.39210000 1.80487300e+01
-21.36210000 2.34063300e+01
-21.33210000 2.43949800e+01
-21.30210000 1.91893200e+01
-21.27210000 1.16049800e+01
-21.24210000 7.20170000e+00
-21.21210000 4.97694000e+00
-21.18210000 3.80992000e+00
-21.15210000 3.19783000e+00
-21.12210000 2.93075700e+00
-21.09210000 2.76820500e+00
-21.06210000 2.47079600e+00
-21.03210000 2.24112400e+00
-21.00210000 2.13113300e+00
-20.97210000 2.10069500e+00
-20.94210000 2.12387100e+00
-20.91210000 2.18445900e+00
-20.88210000 2.28682600e+00
-20.85210000 2.44026400e+00
-20.82210000 2.65645700e+00
-20.79210000 2.95770400e+00
-20.76210000 3.38512500e+00
-20.73210000 4.01646400e+00
-20.70210000 5.00807400e+00
-20.67210000 6.69431200e+00
-20.64210000 9.76178800e+00
-20.61210000 1.51939720e+01
-20.58210000 2.20754300e+01
-20.55210000 2.13720200e+01
-20.52210000 1.58558100e+01
-20.49210000 1.26423500e+01
-20.46210000 1.17627800e+01
-20.43210000 1.18070840e+01
-20.40210000 1.31998020e+01
-20.37210000 1.67595620e+01
-20.34210000 2.38102680e+01
-20.31210000 3.70630500e+01
-20.28210000 6.18173510e+01
-20.25210000 1.00479344e+02
-20.22210000 1.07735151e+02
-20.19210000 7.51089170e+01
-20.16210000 4.66602580e+01
-20.13210000 2.89581270e+01
-20.10210000 1.90634300e+01
-20.07210000 1.36425190e+01
-20.04210000 1.05299620e+01
-20.01210000 8.69777900e+00
-19.98210000 7.69975000e+00
-19.95210000 7.26830000e+00
-19.92210000 7.00505000e+00
-19.89210000 6.24838000e+00
-19.86210000 5.54886000e+00
-19.83210000 5.17615000e+00
-19.80210000 5.03245000e+00
-19.77210000 5.05451000e+00
-19.74210000 5.25073000e+00
-19.71210000 5.58803000e+00
-19.68210000 5.83937000e+00
-19.65210000 6.05764000e+00
-19.62210000 6.48119000e+00
-19.59210000 7.04623000e+00
-19.56210000 7.77347000e+00
-19.53210000 8.82784000e+00
-19.50210000 1.03691500e+01
-19.47210000 1.26573600e+01
-19.44210000 1.61314200e+01
-19.41210000 2.16054800e+01
-19.38210000 3.15301200e+01
-19.35210000 4.97380600e+01
-19.32210000 6.91846800e+01
-19.29210000 6.62827400e+01
-19.26210000 6.40332200e+01
-19.23210000 8.03669000e+01
-19.20210000 1.03587800e+02
-19.17210000 1.18921700e+02
-19.14210000 1.57394300e+02
-19.11210000 1.84841800e+02
-19.08210000 1.62528000e+02
-19.05210000 1.18078600e+02
-19.02210000 8.20806000e+01
-18.99210000 6.93365000e+01
-18.96210000 6.55295600e+01
-18.93210000 5.94467000e+01
-18.90210000 4.69274200e+01
-18.87210000 3.71702000e+01
-18.84210000 3.19985400e+01
-18.81210000 2.84834300e+01
-18.78210000 2.34192000e+01
-18.75210000 2.00250000e+01
-18.72210000 1.93164300e+01
-18.69210000 1.89986100e+01
-18.66210000 1.68715300e+01
-18.61650000 1.53063400e+01
-18.58650000 1.57337700e+01
-18.55650000 1.70527000e+01
-18.52650000 1.89637800e+01
-18.49650000 2.10820300e+01
-18.46650000 2.42428100e+01
-18.43650000 2.93161800e+01
-18.40650000 3.74206300e+01
-18.37650000 5.05135500e+01
-18.34650000 6.89554600e+01
-18.31650000 9.22788000e+01
-18.28650000 1.36148200e+02
-18.25650000 2.26009000e+02
-18.22650000 3.81116500e+02
-18.19650000 4.76441100e+02
-18.16650000 3.89406000e+02
-18.13650000 2.93017600e+02
-18.10650000 2.01856000e+02
-18.07650000 1.38476700e+02
-18.04650000 1.04737000e+02
-18.01650000 8.89142000e+01
-17.98650000 8.01886000e+01
-17.95650000 6.69782000e+01
-17.92650000 5.33395000e+01
-17.89650000 4.13018000e+01
-17.86650000 3.27338000e+01
-17.83650000 2.94493800e+01
-17.80650000 3.04945600e+01
-17.77650000 3.10301400e+01
-17.74650000 2.72490800e+01
-17.71650000 2.55904000e+01
-17.68650000 2.85851600e+01
-17.65650000 3.80632800e+01
-17.62650000 5.52369600e+01
-17.59650000 6.59002400e+01
-17.56650000 5.97830200e+01
-17.53650000 4.38234200e+01
-17.50650000 3.10152600e+01
-17.47650000 2.52690800e+01
-17.44650000 2.32895400e+01
-17.41650000 2.33677600e+01
-17.38650000 2.64935200e+01
-17.35650000 3.14360700e+01
-17.32650000 3.26203500e+01
-17.29650000 3.46310200e+01
-17.26650000 4.29332000e+01
-17.23650000 6.14696000e+01
-17.20650000 9.30203000e+01
-17.17650000 1.29695800e+02
-17.14650000 1.79360400e+02
-17.11650000 2.10065100e+02
-17.08650000 1.95231800e+02
-17.05650000 1.32427000e+02
-17.02650000 8.37521000e+01
-16.99650000 5.86043000e+01
-16.96650000 4.78540000e+01
-16.93650000 4.85831000e+01
-16.90650000 5.89397000e+01
-16.87650000 6.85916000e+01
-16.84650000 5.71934000e+01
-16.81650000 4.28086000e+01
-16.78650000 3.53250000e+01
-16.75650000 2.91905800e+01
-16.72650000 2.60574300e+01
-16.69650000 2.74093400e+01
-16.66650000 3.21564200e+01
-16.63650000 3.73404400e+01
-16.60650000 4.65374000e+01
-16.57650000 6.21414000e+01
-16.54650000 8.89440000e+01
-16.51650000 1.29042100e+02
-16.48650000 1.37777800e+02
-16.45650000 1.14300000e+02
-16.42650000 7.60234000e+01
-16.39650000 4.78063000e+01
-16.36650000 3.37037400e+01
-16.33650000 2.62276600e+01
-16.30650000 2.17283500e+01
-16.27650000 1.90442900e+01
-16.24650000 1.73880000e+01
-16.21650000 1.72620200e+01
-16.18650000 1.96494000e+01
-16.15650000 2.53546700e+01
-16.12650000 3.26056000e+01
-16.09650000 3.17514300e+01
-16.06650000 2.93201600e+01
-16.03650000 2.90000800e+01
-16.00650000 2.20573800e+01
-15.97650000 1.58128900e+01
-15.94650000 1.35781800e+01
-15.91650000 1.37241900e+01
-15.88650000 1.25314600e+01
-15.84100000 1.03509200e+01
-15.81100000 1.13547700e+01
-15.78100000 1.46923200e+01
-15.75100000 1.85804100e+01
-15.72100000 2.20590200e+01
-15.69100000 2.56373300e+01
-15.66100000 2.04876500e+01
-15.63100000 1.38519000e+01
-15.60100000 1.00843700e+01
-15.57100000 8.35227000e+00
-15.54100000 8.05666000e+00
-15.51100000 9.00750000e+00
-15.48100000 1.07768700e+01
-15.45100000 1.26765000e+01
-15.42100000 1.65509800e+01
-15.39100000 2.52882600e+01
-15.36100000 3.59969800e+01
-15.33100000 3.10680600e+01
-15.30100000 1.96517800e+01
-15.27100000 1.33152000e+01
-15.24100000 1.07104200e+01
-15.21100000 9.56648000e+00
-15.18100000 8.85681000e+00
-15.15100000 8.68185000e+00
-15.12100000 9.96951000e+00
-15.09100000 1.40590000e+01
-15.06100000 2.12035300e+01
-15.03100000 2.29513000e+01
-15.00100000 1.54836500e+01
-14.97100000 9.56519000e+00
-14.94100000 6.58648000e+00
-14.91100000 5.16088000e+00
-14.88100000 4.57492000e+00
-14.85100000 4.45609000e+00
-14.82100000 4.38592000e+00
-14.79100000 4.59558000e+00
-14.76100000 5.53938000e+00
-14.73100000 7.57854000e+00
-14.70100000 1.06153000e+01
-14.67100000 1.49513100e+01
-14.64100000 1.60754900e+01
-14.61100000 1.07998580e+01
-14.58100000 6.68252100e+00
-14.55100000 4.52920900e+00
-14.52100000 3.33362500e+00
-14.49100000 2.64819800e+00
-14.46100000 2.22293000e+00
-14.43100000 1.95161300e+00
-14.40100000 1.78178300e+00
-14.37100000 1.68575000e+00
-14.34100000 1.65244100e+00
-14.31100000 1.65297700e+00
-14.28100000 1.66416600e+00
-14.25100000 1.74024800e+00
-14.22100000 1.90661800e+00
-14.19100000 2.19527800e+00
-14.16100000 2.71236700e+00
-14.13100000 3.69113200e+00
-14.10100000 4.64714100e+00
-14.07100000 4.64793000e+00
-14.04100000 4.97142000e+00
-14.01100000 5.58618000e+00
-13.98100000 6.90372000e+00
-13.95100000 9.89902700e+00
-13.92100000 1.11249500e+01
-13.89100000 8.63934600e+00
-13.86100000 7.20139300e+00
-13.83100000 6.78751200e+00
-13.80100000 5.48465100e+00
-13.77100000 4.73304000e+00
-13.74100000 5.26195000e+00
-13.71100000 6.70884000e+00
-13.68100000 7.90101000e+00
-13.65100000 6.89378700e+00
-13.62100000 4.59652000e+00
-13.59100000 3.14494800e+00
-13.56100000 2.34617500e+00
-13.53100000 1.88921200e+00
-13.50100000 1.67025200e+00
-13.47100000 1.63372100e+00
-13.44100000 1.77752000e+00
-13.41100000 2.10022800e+00
-13.38100000 2.43896400e+00
-13.35100000 2.60297100e+00
-13.32100000 2.18224800e+00
-13.29100000 1.76912900e+00
-13.26100000 1.61942500e+00
-13.23100000 1.55292700e+00
-13.20100000 1.68512300e+00
-13.17100000 2.01246600e+00
-13.14100000 1.88046100e+00
-13.11100000 1.41723700e+00
-13.06550000 1.04571000e+00
-13.03550000 9.32505000e-01
-13.00550000 8.73081000e-01
-12.97550000 8.57675000e-01
-12.94550000 8.74850000e-01
-12.91550000 9.14712000e-01
-12.88550000 9.62114000e-01
-12.85550000 1.06908400e+00
-12.82550000 1.30542700e+00
-12.79550000 1.69859900e+00
-12.76550000 1.93963700e+00
-12.73550000 1.97903000e+00
-12.70550000 2.29921800e+00
-12.67550000 2.73408200e+00
-12.64550000 2.42456400e+00
-12.61550000 1.85583400e+00
-12.58550000 1.59546300e+00
-12.55550000 1.57663400e+00
-12.52550000 1.74091200e+00
-12.49550000 2.10898200e+00
-12.46550000 2.74635300e+00
-12.43550000 3.80104500e+00
-12.40550000 5.82458700e+00
-12.37550000 9.73944200e+00
-12.34550000 1.34161800e+01
-12.31550000 1.05411090e+01
-12.28550000 6.27168400e+00
-12.25550000 3.94113400e+00
-12.22550000 2.81419000e+00
-12.19550000 2.27610200e+00
-12.16550000 2.04986800e+00
-12.13550000 2.05803200e+00
-12.10550000 2.28329200e+00
-12.07550000 2.41185400e+00
-12.04550000 2.43078500e+00
-12.01550000 2.77875200e+00
-11.98550000 3.26411700e+00
-11.95550000 3.71433800e+00
-11.92550000 4.75434800e+00
-11.89550000 5.88978900e+00
-11.86550000 7.18364900e+00
-11.83550000 8.18948400e+00
-11.80550000 7.47301600e+00
-11.77550000 7.00551900e+00
-11.74550000 6.74756100e+00
-11.71550000 6.25798500e+00
-11.68550000 5.90971300e+00
-11.65550000 6.87182400e+00
-11.62550000 8.35592600e+00
-11.59550000 8.52227000e+00
-11.56550000 8.38348000e+00
-11.53550000 7.66315000e+00
-11.50550000 7.33510300e+00
-11.47550000 6.26667900e+00
-11.44550000 4.37422600e+00
-11.41550000 3.24074200e+00
-11.38550000 2.73239700e+00
-11.35550000 2.69062900e+00
-11.32550000 3.14647200e+00
-11.29550000 4.22041900e+00
-11.26550000 4.94840300e+00
-11.23550000 4.17847400e+00
-11.20550000 3.36061200e+00
-11.17550000 3.12688300e+00
-11.14550000 3.45313200e+00
-11.11550000 4.35998900e+00
-11.08550000 6.02366600e+00
-11.05550000 8.28531900e+00
-11.02550000 1.11091510e+01
-10.99550000 1.63450730e+01
-10.96550000 2.15983190e+01
-10.93550000 1.71821880e+01
-10.90550000 1.05477360e+01
-10.87550000 6.53242700e+00
-10.84550000 4.43806600e+00
-10.81550000 3.34892000e+00
-10.78550000 2.64161300e+00
-10.75550000 2.17355200e+00
-10.72550000 1.93916900e+00
-10.69550000 1.88808500e+00
-10.66550000 2.02583800e+00
-10.63550000 2.30769500e+00
-10.60550000 2.45864200e+00
-10.57550000 2.69730000e+00
-10.54550000 3.54229900e+00
-10.51550000 5.23697000e+00
-10.48550000 6.98391900e+00
-10.45550000 6.84214800e+00
-10.42550000 4.70846600e+00
-10.39550000 3.19552100e+00
-10.36550000 2.47435400e+00
-10.33550000 2.18155200e+00
-10.28990000 2.22862300e+00
-10.25990000 2.47109500e+00
-10.22990000 2.90976900e+00
-10.19990000 3.42548000e+00
-10.16990000 3.57987000e+00
-10.13990000 2.89572300e+00
-10.10990000 2.22518200e+00
-10.07990000 1.95441800e+00
-10.04990000 1.78088900e+00
-10.01990000 1.59733200e+00
-9.98991000 1.58376000e+00
-9.95991000 1.80703600e+00
-9.92991000 2.11146500e+00
-9.89991000 2.58212800e+00
-9.86991000 3.14751300e+00
-9.83991000 3.33846100e+00
-9.80991000 2.96769800e+00
-9.77991000 2.52627000e+00
-9.74991000 2.36354700e+00
-9.71991000 2.67007200e+00
-9.68991000 3.70187100e+00
-9.65991000 5.71171800e+00
-9.62991000 7.62221800e+00
-9.59991000 6.40197900e+00
-9.56991000 4.12508700e+00
-9.53991000 2.93282900e+00
-9.50991000 2.44251500e+00
-9.47991000 2.08532600e+00
-9.44991000 1.77054600e+00
-9.41991000 1.65397800e+00
-9.38991000 1.72089200e+00
-9.35991000 1.70860600e+00
-9.32991000 1.83549500e+00
-9.29991000 2.32363000e+00
-9.26991000 2.82746600e+00
-9.23991000 2.70329500e+00
-9.20991000 2.37190700e+00
-9.17991000 2.14905600e+00
-9.14991000 1.77955000e+00
-9.11991000 1.57986000e+00
-9.08991000 1.57347100e+00
-9.05991000 1.44211400e+00
-9.02991000 1.20870500e+00
-8.99991000 1.12771700e+00
-8.96991000 1.10528700e+00
-8.93991000 1.02965300e+00
-8.90991000 9.89126000e-01
-8.87991000 1.06493400e+00
-8.84991000 1.10873900e+00
-8.81991000 9.01747000e-01
-8.78991000 7.33002000e-01
-8.75991000 6.80152000e-01
-8.72991000 6.88545000e-01
-8.69991000 6.97547000e-01
-8.66991000 7.19535000e-01
-8.63991000 7.99310000e-01
-8.60991000 9.67289000e-01
-8.57991000 1.03520700e+00
-8.54991000 9.15366000e-01
-8.51991000 8.89648000e-01
-8.48991000 1.00068900e+00
-8.45991000 1.13186100e+00
-8.42991000 1.20446100e+00
-8.39991000 1.29693700e+00
-8.36991000 1.40494900e+00
-8.33991000 1.31348900e+00
-8.30991000 1.03050700e+00
-8.27991000 7.69676000e-01
-8.24991000 6.29329000e-01
-8.21991000 5.79236000e-01
-8.18991000 5.69615000e-01
-8.15991000 5.48916000e-01
-8.12991000 5.25019000e-01
-8.09991000 5.32670000e-01
-8.06991000 5.66875000e-01
-8.03991000 5.83797000e-01
-8.00991000 5.95572000e-01
-7.97991000 6.47589000e-01
-7.94991000 7.60309000e-01
-7.91991000 9.01195000e-01
-7.88991000 1.15449800e+00
-7.85991000 1.66428500e+00
-7.82991000 2.24497100e+00
-7.79991000 1.94167000e+00
-7.76991000 1.33582300e+00
-7.73991000 1.06239600e+00
-7.70991000 9.87208000e-01
-7.67991000 8.48956000e-01
-7.64991000 6.97590000e-01
-7.61991000 6.18028000e-01
-7.58991000 6.10217000e-01
-7.55991000 6.08787000e-01
-7.51437000 5.24174000e-01
-7.48437000 4.89544000e-01
-7.45437000 4.87146000e-01
-7.42437000 5.13167000e-01
-7.39437000 5.58666000e-01
-7.36437000 6.24645000e-01
-7.33437000 6.86970000e-01
-7.30437000 6.47354000e-01
-7.27437000 5.80668000e-01
-7.24437000 5.69839000e-01
-7.21437000 6.05156000e-01
-7.18437000 6.12127000e-01
-7.15437000 6.11796000e-01
-7.12437000 6.80044000e-01
-7.09437000 7.61299000e-01
-7.06437000 7.21932000e-01
-7.03437000 7.04541000e-01
-7.00437000 7.74438000e-01
-6.97437000 8.06476000e-01
-6.94437000 7.87694000e-01
-6.91437000 7.19249000e-01
-6.88437000 6.91409000e-01
-6.85437000 6.96093000e-01
-6.82437000 7.31747000e-01
-6.79437000 8.03085000e-01
-6.76437000 8.93473000e-01
-6.73437000 1.02266200e+00
-6.70437000 1.23960600e+00
-6.67437000 1.27562200e+00
-6.64437000 9.95508000e-01
-6.61437000 8.03825000e-01
-6.58437000 7.65464000e-01
-6.55437000 7.68289000e-01
-6.52437000 7.22349000e-01
-6.49437000 6.52390000e-01
-6.46437000 6.38961000e-01
-6.43437000 6.46315000e-01
-6.40437000 7.08666000e-01
-6.37437000 8.84539000e-01
-6.34437000 1.03089600e+00
-6.31437000 9.33372000e-01
-6.28437000 8.21940000e-01
-6.25437000 8.08869000e-01
-6.22437000 8.97373000e-01
-6.19437000 9.50737000e-01
-6.16437000 8.61389000e-01
-6.13437000 7.68806000e-01
-6.10437000 6.82391000e-01
-6.07437000 6.57044000e-01
-6.04437000 7.17087000e-01
-6.01437000 8.05696000e-01
-5.98437000 9.08401000e-01
-5.95437000 9.45347000e-01
-5.92437000 8.74186000e-01
-5.89437000 8.48494000e-01
-5.86437000 8.95659000e-01
-5.83437000 9.49487000e-01
-5.80437000 9.67193000e-01
-5.77437000 8.76616000e-01
-5.74437000 7.66371000e-01
-5.71437000 7.49843000e-01
-5.68437000 8.00497000e-01
-5.65437000 8.71476000e-01
-5.62437000 1.00419000e+00
-5.59437000 1.17612200e+00
-5.56437000 1.36069100e+00
-5.53437000 1.24793300e+00
-5.50437000 1.03644100e+00
-5.47437000 9.75754000e-01
-5.44437000 1.06719000e+00
-5.41437000 1.27584300e+00
-5.38437000 1.47921300e+00
-5.35437000 1.35701000e+00
-5.32437000 1.07883800e+00
-5.29437000 9.56188000e-01
-5.26437000 9.44445000e-01
-5.23437000 9.40297000e-01
-5.20437000 9.68551000e-01
-5.17437000 1.08965000e+00
-5.14437000 1.31729100e+00
-5.11437000 1.70022000e+00
-5.08437000 2.43142500e+00
-5.05437000 3.85652600e+00
-5.02437000 6.12878700e+00
-4.99437000 7.65335700e+00
-4.96437000 5.79301800e+00
-4.93437000 3.79721800e+00
-4.90437000 2.79544100e+00
-4.87437000 2.36779000e+00
-4.84437000 2.13890400e+00
-4.81437000 1.80076900e+00
-4.78437000 1.56121300e+00
-4.73882000 1.48386800e+00
-4.70882000 1.68805700e+00
-4.67882000 1.89348900e+00
-4.64882000 1.71559200e+00
-4.61882000 1.51580700e+00
-4.58882000 1.31322300e+00
-4.55882000 1.14644300e+00
-4.52882000 1.08790000e+00
-4.49882000 1.08988600e+00
-4.46882000 1.13745800e+00
-4.43882000 1.10764400e+00
-4.40882000 9.53222000e-01
-4.37882000 7.92495000e-01
-4.34882000 6.91403000e-01
-4.31882000 6.59766000e-01
-4.28882000 6.61777000e-01
-4.25882000 6.51617000e-01
-4.22882000 6.56686000e-01
-4.19882000 7.06375000e-01
-4.16882000 7.60708000e-01
-4.13882000 8.28112000e-01
-4.10882000 9.91867000e-01
-4.07882000 1.07646400e+00
-4.04882000 9.29432000e-01
-4.01882000 8.16674000e-01
-3.98882000 8.19318000e-01
-3.95882000 8.90371000e-01
-3.92882000 8.88952000e-01
-3.89882000 8.51033000e-01
-3.86882000 8.50661000e-01
-3.83882000 8.96616000e-01
-3.80882000 1.00481600e+00
-3.77882000 1.16600500e+00
-3.74882000 1.47386200e+00
-3.71882000 2.12935300e+00
-3.68882000 3.37654400e+00
-3.65882000 4.72563600e+00
-3.62882000 4.20140600e+00
-3.59882000 2.85407000e+00
-3.56882000 2.02330400e+00
-3.53882000 1.65038900e+00
-3.50882000 1.49320600e+00
-3.47882000 1.30140700e+00
-3.44882000 1.15301200e+00
-3.41882000 1.00554400e+00
-3.38882000 9.30329000e-01
-3.35882000 9.37486000e-01
-3.32882000 9.89427000e-01
-3.29882000 1.10133400e+00
-3.26882000 1.34488900e+00
-3.23882000 1.84920200e+00
-3.20882000 2.72910300e+00
-3.17882000 3.39392400e+00
-3.14882000 2.61207700e+00
-3.11882000 1.72232100e+00
-3.08882000 1.26808400e+00
-3.05882000 1.07112300e+00
-3.02882000 9.97319000e-01
-2.99882000 9.89174000e-01
-2.96882000 1.02857600e+00
-2.93882000 1.04905100e+00
-2.90882000 9.78792000e-01
-2.87882000 9.45399000e-01
-2.84882000 9.69843000e-01
-2.81882000 1.03070600e+00
-2.78882000 1.06123500e+00
-2.75882000 1.02627100e+00
-2.72882000 9.56986000e-01
-2.69882000 9.48931000e-01
-2.66882000 1.01835400e+00
-2.63882000 1.13723300e+00
-2.60882000 1.28223000e+00
-2.57882000 1.40343000e+00
-2.54882000 1.49857100e+00
-2.51882000 1.71574400e+00
-2.48882000 1.90594700e+00
-2.45882000 2.14892300e+00
-2.42882000 2.72280300e+00
-2.39882000 3.87148000e+00
-2.36882000 6.15385400e+00
-2.33882000 1.04481610e+01
-2.30882000 1.41139020e+01
-2.27882000 1.10178600e+01
-2.24882000 6.73563300e+00
-2.21882000 4.52297900e+00
-2.18882000 3.68194200e+00
-2.15882000 3.77687000e+00
-2.12882000 4.87846700e+00
-2.09882000 6.48132100e+00
-2.06882000 5.69768900e+00
-2.03882000 3.73641700e+00
-2.00882000 2.60439000e+00
-1.96328000 2.06111700e+00
-1.93328000 2.24014500e+00
-1.90328000 2.77834400e+00
-1.87328000 2.87604400e+00
-1.84328000 2.26956200e+00
-1.81328000 1.70326500e+00
-1.78328000 1.31270200e+00
-1.75328000 1.07789500e+00
-1.72328000 9.46752000e-01
-1.69328000 8.54823000e-01
-1.66328000 7.92009000e-01
-1.63328000 7.56014000e-01
-1.60328000 7.37178000e-01
-1.57328000 7.32908000e-01
-1.54328000 7.54084000e-01
-1.51328000 7.93000000e-01
-1.48328000 7.80680000e-01
-1.45328000 7.29645000e-01
-1.42328000 7.05848000e-01
-1.39328000 7.01807000e-01
-1.36328000 6.90622000e-01
-1.33328000 6.87387000e-01
-1.30328000 7.02221000e-01
-1.27328000 7.22419000e-01
-1.24328000 7.37023000e-01
-1.21328000 7.38423000e-01
-1.18328000 7.15724000e-01
-1.15328000 6.96195000e-01
-1.12328000 7.04213000e-01
-1.09328000 7.31279000e-01
-1.06328000 7.58558000e-01
-1.03328000 7.91598000e-01
-1.00328000 8.26845000e-01
-0.97327500 9.02259000e-01
-0.94327500 1.04300700e+00
-0.91327500 1.12197200e+00
-0.88327500 1.00472700e+00
-0.85327500 8.64225000e-01
-0.82327500 7.93830000e-01
-0.79327500 7.69466000e-01
-0.76327500 7.68844000e-01
-0.73327500 7.80253000e-01
-0.70327500 8.05776000e-01
-0.67327500 8.42293000e-01
-0.64327500 8.78234000e-01
-0.61327500 9.33496000e-01
-0.58327500 9.99657000e-01
-0.55327500 1.08079500e+00
-0.52327500 1.23837200e+00
-0.49327500 1.54321100e+00
-0.46327500 2.12982100e+00
-0.43327500 3.03160300e+00
-0.40327500 3.34915600e+00
-0.37327500 2.75911300e+00
-0.34327500 2.51896800e+00
-0.31327500 2.93987500e+00
-0.28327500 4.17457100e+00
-0.25327500 5.63934000e+00
-0.22327500 4.82173200e+00
-0.19327500 3.18670200e+00
-0.16327500 2.25756400e+00
-0.13327500 1.80006900e+00
-0.10327500 1.57990600e+00
-0.07327510 1.39292200e+00
-0.04327510 1.24700700e+00
-0.01327510 1.16967200e+00
0.01672490 1.14054800e+00
0.04672490 1.13818900e+00
0.07672490 1.14858400e+00
0.10672500 1.19550900e+00
0.13672500 1.31504200e+00
0.16672500 1.51582000e+00
0.19672500 1.61234700e+00
0.22672500 1.64349200e+00
0.25672500 1.86878500e+00
0.28672500 2.35858400e+00
0.31672500 3.12120400e+00
0.34672500 3.42558300e+00
0.37672500 2.83753600e+00
0.40672500 2.41507900e+00
0.43672500 2.45749700e+00
0.46672500 2.87962400e+00
0.49672500 3.14478700e+00
0.52672500 3.29870800e+00
0.55672500 3.73857800e+00
0.58672500 4.27873200e+00
0.61672500 4.02754000e+00
0.64672500 3.18381000e+00
0.67672500 2.77578500e+00
0.70672500 2.82383200e+00
0.73672500 3.43667700e+00
0.76672500 4.14787000e+00
