# E(MeV)  S_GAMTGAMT(K=0) for As112_DDPCX
-26.94320000 1.90042000e-05
-26.91320000 3.42354000e-04
-26.88320000 5.99616000e-04
-26.85320000 7.44883000e-04
-26.82320000 8.26691000e-04
-26.79320000 8.74389000e-04
-26.76320000 9.01306000e-04
-26.73320000 9.13001000e-04
-26.70320000 9.10817000e-04
-26.67320000 8.94524000e-04
-26.64320000 8.61267000e-04
-26.61320000 7.96049000e-04
-26.58320000 6.70335000e-04
-26.55320000 4.21472000e-04
-26.52320000 -8.65784000e-05
-26.49320000 -9.37649000e-04
-26.46320000 -1.18282000e-03
-26.43320000 -3.44290000e-04
-26.40320000 3.12386000e-04
-26.37320000 6.48221000e-04
-26.34320000 8.23840000e-04
-26.31320000 9.24354000e-04
-26.28320000 9.87062000e-04
-26.25320000 1.02911000e-03
-26.22320000 1.05901000e-03
-26.19320000 1.08132000e-03
-26.16320000 1.09860000e-03
-26.13320000 1.11238000e-03
-26.10320000 1.12357000e-03
-26.07320000 1.13269000e-03
-26.04320000 1.13997000e-03
-26.01320000 1.14533000e-03
-25.98320000 1.14824000e-03
-25.95320000 1.14730000e-03
-25.92320000 1.13912000e-03
-25.89320000 1.11605000e-03
-25.86320000 1.07083000e-03
-25.83320000 1.05182000e-03
-25.80320000 1.10465000e-03
-25.77320000 1.15202000e-03
-25.74320000 1.17865000e-03
-25.71320000 1.19451000e-03
-25.68320000 1.20528000e-03
-25.65320000 1.21347000e-03
-25.62320000 1.22023000e-03
-25.59320000 1.22613000e-03
-25.56320000 1.23149000e-03
-25.53320000 1.23648000e-03
-25.50320000 1.24125000e-03
-25.47320000 1.24588000e-03
-25.44320000 1.25051000e-03
-25.41320000 1.25527000e-03
-25.38320000 1.26041000e-03
-25.35320000 1.26632000e-03
-25.32320000 1.27374000e-03
-25.29320000 1.28408000e-03
-25.26320000 1.30017000e-03
-25.23320000 1.32809000e-03
-25.20320000 1.38177000e-03
-25.17320000 1.49493000e-03
-25.14320000 1.74725000e-03
-25.11320000 2.23182000e-03
-25.08320000 2.31938000e-03
-25.05320000 6.39464000e-04
-25.02320000 -1.62718000e-03
-24.99320000 -1.85560000e-03
-24.96320000 -5.30856000e-04
-24.93320000 3.38426000e-04
-24.90320000 7.66042000e-04
-24.87320000 9.85886000e-04
-24.84320000 1.10957000e-03
-24.81320000 1.18532000e-03
-24.78320000 1.23524000e-03
-24.75320000 1.27026000e-03
-24.72320000 1.29619000e-03
-24.69320000 1.31631000e-03
-24.66320000 1.33258000e-03
-24.63320000 1.34622000e-03
-24.60320000 1.35803000e-03
-24.57320000 1.36855000e-03
-24.54320000 1.37818000e-03
-24.51320000 1.38721000e-03
-24.48320000 1.39593000e-03
-24.45320000 1.40462000e-03
-24.42320000 1.41365000e-03
-24.39320000 1.42366000e-03
-24.36320000 1.43588000e-03
-24.33320000 1.45303000e-03
-24.30320000 1.48083000e-03
-24.27320000 1.52215000e-03
-24.24320000 1.53636000e-03
-24.21320000 1.50789000e-03
-24.16760000 1.48293000e-03
-24.13760000 1.47953000e-03
-24.10760000 1.48037000e-03
-24.07760000 1.48327000e-03
-24.04760000 1.48725000e-03
-24.01760000 1.49187000e-03
-23.98760000 1.49688000e-03
-23.95760000 1.50216000e-03
-23.92760000 1.50766000e-03
-23.89760000 1.51334000e-03
-23.86760000 1.51921000e-03
-23.83760000 1.52529000e-03
-23.80760000 1.53165000e-03
-23.77760000 1.53843000e-03
-23.74760000 1.54594000e-03
-23.71760000 1.55481000e-03
-23.68760000 1.56653000e-03
-23.65760000 1.58374000e-03
-23.62760000 1.60290000e-03
-23.59760000 1.60347000e-03
-23.56760000 1.59653000e-03
-23.53760000 1.59565000e-03
-23.50760000 1.59924000e-03
-23.47760000 1.60569000e-03
-23.44760000 1.61465000e-03
-23.41760000 1.62353000e-03
-23.38760000 1.62836000e-03
-23.35760000 1.63370000e-03
-23.32760000 1.64132000e-03
-23.29760000 1.65099000e-03
-23.26760000 1.66297000e-03
-23.23760000 1.67834000e-03
-23.20760000 1.69944000e-03
-23.17760000 1.73059000e-03
-23.14760000 1.77612000e-03
-23.11760000 1.84759000e-03
-23.08760000 1.98726000e-03
-23.05760000 2.19982000e-03
-23.02760000 2.21316000e-03
-22.99760000 2.01148000e-03
-22.96760000 1.87607000e-03
-22.93760000 1.81134000e-03
-22.90760000 1.78078000e-03
-22.87760000 1.76636000e-03
-22.84760000 1.76020000e-03
-22.81760000 1.75860000e-03
-22.78760000 1.75972000e-03
-22.75760000 1.76256000e-03
-22.72760000 1.76656000e-03
-22.69760000 1.77135000e-03
-22.66760000 1.77673000e-03
-22.63760000 1.78255000e-03
-22.60760000 1.78872000e-03
-22.57760000 1.79517000e-03
-22.54760000 1.80187000e-03
-22.51760000 1.80878000e-03
-22.48760000 1.81590000e-03
-22.45760000 1.82321000e-03
-22.42760000 1.83073000e-03
-22.39760000 1.83849000e-03
-22.36760000 1.84656000e-03
-22.33760000 1.85503000e-03
-22.30760000 1.86414000e-03
-22.27760000 1.87436000e-03
-22.24760000 1.88673000e-03
-22.21760000 1.90362000e-03
-22.18760000 1.92852000e-03
-22.15760000 1.95120000e-03
-22.12760000 1.94621000e-03
-22.09760000 1.93725000e-03
-22.06760000 1.93642000e-03
-22.03760000 1.94037000e-03
-22.00760000 1.94664000e-03
-21.97760000 1.95418000e-03
-21.94760000 1.96258000e-03
-21.91760000 1.97176000e-03
-21.88760000 1.98188000e-03
-21.85760000 1.99357000e-03
-21.82760000 2.00828000e-03
-21.79760000 2.02777000e-03
-21.76760000 2.04394000e-03
-21.73760000 2.04522000e-03
-21.70760000 2.04693000e-03
-21.67760000 2.05386000e-03
-21.64760000 2.06464000e-03
-21.61760000 2.07939000e-03
-21.58760000 2.10050000e-03
-21.55760000 2.13061000e-03
-21.52760000 2.15447000e-03
-21.49760000 2.16308000e-03
-21.46760000 2.18637000e-03
-21.43760000 2.20913000e-03
-21.39210000 2.18517000e-03
-21.36210000 2.17778000e-03
-21.33210000 2.18078000e-03
-21.30210000 2.18964000e-03
-21.27210000 2.20279000e-03
-21.24210000 2.22088000e-03
-21.21210000 2.24704000e-03
-21.18210000 2.28691000e-03
-21.15210000 2.33584000e-03
-21.12210000 2.37072000e-03
-21.09210000 2.39002000e-03
-21.06210000 2.38024000e-03
-21.03210000 2.36880000e-03
-21.00210000 2.37281000e-03
-20.97210000 2.40277000e-03
-20.94210000 2.44516000e-03
-20.91210000 2.45941000e-03
-20.88210000 2.48643000e-03
-20.85210000 2.57187000e-03
-20.82210000 2.73370000e-03
-20.79210000 2.82113000e-03
-20.76210000 2.68913000e-03
-20.73210000 2.56792000e-03
-20.70210000 2.50935000e-03
-20.67210000 2.48597000e-03
-20.64210000 2.47951000e-03
-20.61210000 2.48167000e-03
-20.58210000 2.48871000e-03
-20.55210000 2.49883000e-03
-20.52210000 2.51117000e-03
-20.49210000 2.52539000e-03
-20.46210000 2.54152000e-03
-20.43210000 2.56011000e-03
-20.40210000 2.58262000e-03
-20.37210000 2.61209000e-03
-20.34210000 2.64927000e-03
-20.31210000 2.68014000e-03
-20.28210000 2.70598000e-03
-20.25210000 2.74013000e-03
-20.22210000 2.77264000e-03
-20.19210000 2.82226000e-03
-20.16210000 2.86260000e-03
-20.13210000 2.83607000e-03
-20.10210000 2.81421000e-03
-20.07210000 2.81727000e-03
-20.04210000 2.83622000e-03
-20.01210000 2.86711000e-03
-19.98210000 2.91169000e-03
-19.95210000 2.97799000e-03
-19.92210000 3.08154000e-03
-19.89210000 3.21520000e-03
-19.86210000 3.33710000e-03
-19.83210000 3.56925000e-03
-19.80210000 4.03399000e-03
-19.77210000 4.36224000e-03
-19.74210000 4.01399000e-03
-19.71210000 3.66404000e-03
-19.68210000 3.45601000e-03
-19.65210000 3.32985000e-03
-19.62210000 3.27844000e-03
-19.59210000 3.27511000e-03
-19.56210000 3.30984000e-03
-19.53210000 3.39251000e-03
-19.50210000 3.53023000e-03
-19.47210000 3.59560000e-03
-19.44210000 3.53728000e-03
-19.41210000 3.51714000e-03
-19.38210000 3.50436000e-03
-19.35210000 3.48664000e-03
-19.32210000 3.49471000e-03
-19.29210000 3.52335000e-03
-19.26210000 3.56624000e-03
-19.23210000 3.62226000e-03
-19.20210000 3.69249000e-03
-19.17210000 3.78441000e-03
-19.14210000 3.89604000e-03
-19.11210000 3.95818000e-03
-19.08210000 3.99276000e-03
-19.05210000 4.05872000e-03
-19.02210000 4.15561000e-03
-18.99210000 4.28067000e-03
-18.96210000 4.43846000e-03
-18.93210000 4.64167000e-03
-18.90210000 4.91668000e-03
-18.87210000 5.31262000e-03
-18.84210000 5.84784000e-03
-18.81210000 6.33539000e-03
-18.78210000 6.90920000e-03
-18.75210000 7.74589000e-03
-18.72210000 8.88080000e-03
-18.69210000 1.09546000e-02
-18.66210000 1.42320000e-02
-18.61650000 1.93101000e-02
-18.58650000 2.70150000e-02
-18.55650000 4.37411000e-02
-18.52650000 6.34334000e-02
-18.49650000 5.38622000e-02
-18.46650000 3.26599000e-02
-18.43650000 2.04915000e-02
-18.40650000 1.44569000e-02
-18.37650000 1.13226000e-02
-18.34650000 9.63657000e-03
-18.31650000 8.80430000e-03
-18.28650000 8.65171000e-03
-18.25650000 9.25514000e-03
-18.22650000 1.02512000e-02
-18.19650000 1.04556000e-02
-18.16650000 1.11543000e-02
-18.13650000 1.15351000e-02
-18.10650000 9.92059000e-03
-18.07650000 8.60167000e-03
-18.04650000 7.54682000e-03
-18.01650000 6.78648000e-03
-17.98650000 6.35489000e-03
-17.95650000 6.12251000e-03
-17.92650000 6.00268000e-03
-17.89650000 5.94832000e-03
-17.86650000 5.93587000e-03
-17.83650000 5.95319000e-03
-17.80650000 5.99398000e-03
-17.77650000 6.05551000e-03
-17.74650000 6.13809000e-03
-17.71650000 6.24612000e-03
-17.68650000 6.39070000e-03
-17.65650000 6.58044000e-03
-17.62650000 6.76327000e-03
-17.59650000 6.95072000e-03
-17.56650000 7.28050000e-03
-17.53650000 7.86786000e-03
-17.50650000 8.54738000e-03
-17.47650000 8.46019000e-03
-17.44650000 8.08694000e-03
-17.41650000 7.98361000e-03
-17.38650000 8.08958000e-03
-17.35650000 8.34708000e-03
-17.32650000 8.74998000e-03
-17.29650000 9.14698000e-03
-17.26650000 9.29224000e-03
-17.23650000 9.51117000e-03
-17.20650000 9.90552000e-03
-17.17650000 1.02438000e-02
-17.14650000 1.05429000e-02
-17.11650000 1.09930000e-02
-17.08650000 1.14999000e-02
-17.05650000 1.19934000e-02
-17.02650000 1.26049000e-02
-16.99650000 1.33648000e-02
-16.96650000 1.42794000e-02
-16.93650000 1.53727000e-02
-16.90650000 1.66928000e-02
-16.87650000 1.83140000e-02
-16.84650000 2.03528000e-02
-16.81650000 2.30043000e-02
-16.78650000 2.66099000e-02
-16.75650000 3.16537000e-02
-16.72650000 3.85009000e-02
-16.69650000 4.89207000e-02
-16.66650000 6.66213000e-02
-16.63650000 9.73145000e-02
-16.60650000 1.28577000e-01
-16.57650000 1.20532000e-01
-16.54650000 1.09465000e-01
-16.51650000 1.19873000e-01
-16.48650000 1.53749000e-01
-16.45650000 2.23561000e-01
-16.42650000 3.65323000e-01
-16.39650000 6.42090000e-01
-16.36650000 9.51201000e-01
-16.33650000 8.28514000e-01
-16.30650000 5.13908000e-01
-16.27650000 3.14166000e-01
-16.24650000 2.13203000e-01
-16.21650000 1.73364000e-01
-16.18650000 1.57699000e-01
-16.15650000 1.20317000e-01
-16.12650000 8.42592000e-02
-16.09650000 6.28258000e-02
-16.06650000 5.01934000e-02
-16.03650000 4.22461000e-02
-16.00650000 3.69883000e-02
-15.97650000 3.31781000e-02
-15.94650000 3.03019000e-02
-15.91650000 2.81577000e-02
-15.88650000 2.64790000e-02
-15.84100000 2.48492000e-02
-15.81100000 2.42778000e-02
-15.78100000 2.40288000e-02
-15.75100000 2.39449000e-02
-15.72100000 2.39637000e-02
-15.69100000 2.42382000e-02
-15.66100000 2.47659000e-02
-15.63100000 2.55211000e-02
-15.60100000 2.65779000e-02
-15.57100000 2.80233000e-02
-15.54100000 3.00077000e-02
-15.51100000 3.28341000e-02
-15.48100000 3.68106000e-02
-15.45100000 4.06501000e-02
-15.42100000 4.35413000e-02
-15.39100000 4.82332000e-02
-15.36100000 5.60836000e-02
-15.33100000 6.88211000e-02
-15.30100000 9.07512000e-02
-15.27100000 1.31459000e-01
-15.24100000 2.00322000e-01
-15.21100000 2.41735000e-01
-15.18100000 1.96806000e-01
-15.15100000 1.58946000e-01
-15.12100000 1.53027000e-01
-15.09100000 1.70463000e-01
-15.06100000 2.11161000e-01
-15.03100000 2.85730000e-01
-15.00100000 4.22095000e-01
-14.97100000 6.86822000e-01
-14.94100000 1.21621000e+00
-14.91100000 1.99169000e+00
-14.88100000 1.96027000e+00
-14.85100000 1.18283000e+00
-14.82100000 6.69419000e-01
-14.79100000 4.11721000e-01
-14.76100000 2.76414000e-01
-14.73100000 1.99366000e-01
-14.70100000 1.52715000e-01
-14.67100000 1.23360000e-01
-14.64100000 1.05057000e-01
-14.61100000 9.34594000e-02
-14.58100000 8.21550000e-02
-14.55100000 7.19411000e-02
-14.52100000 6.49147000e-02
-14.49100000 6.02645000e-02
-14.46100000 5.73461000e-02
-14.43100000 5.57680000e-02
-14.40100000 5.53446000e-02
-14.37100000 5.60499000e-02
-14.34100000 5.80118000e-02
-14.31100000 6.15609000e-02
-14.28100000 6.72062000e-02
-14.25100000 7.54266000e-02
-14.22100000 8.83447000e-02
-14.19100000 1.10992000e-01
-14.16100000 1.53489000e-01
-14.13100000 2.32099000e-01
-14.10100000 3.17648000e-01
-14.07100000 3.08932000e-01
-14.04100000 2.46114000e-01
-14.01100000 1.91872000e-01
-13.98100000 1.70374000e-01
-13.95100000 1.72944000e-01
-13.92100000 1.93599000e-01
-13.89100000 2.33449000e-01
-13.86100000 3.00754000e-01
-13.83100000 4.15117000e-01
-13.80100000 6.20580000e-01
-13.77100000 1.01852000e+00
-13.74100000 1.80880000e+00
-13.71100000 2.90112000e+00
-13.68100000 2.73068000e+00
-13.65100000 1.62463000e+00
-13.62100000 9.25292000e-01
-13.59100000 5.75810000e-01
-13.56100000 3.92951000e-01
-13.53100000 2.89510000e-01
-13.50100000 2.27136000e-01
-13.47100000 1.87862000e-01
-13.44100000 1.62763000e-01
-13.41100000 1.47253000e-01
-13.38100000 1.38936000e-01
-13.35100000 1.35714000e-01
-13.32100000 1.34982000e-01
-13.29100000 1.38247000e-01
-13.26100000 1.46951000e-01
-13.23100000 1.61953000e-01
-13.20100000 1.84990000e-01
-13.17100000 2.19764000e-01
-13.14100000 2.72989000e-01
-13.11100000 3.49349000e-01
-13.06550000 5.29871000e-01
-13.03550000 7.68466000e-01
-13.00550000 1.22605000e+00
-12.97550000 2.14504000e+00
-12.94550000 3.72295000e+00
-12.91550000 4.35037000e+00
-12.88550000 2.84467000e+00
-12.85550000 1.58372000e+00
-12.82550000 9.39398000e-01
-12.79550000 6.08494000e-01
-12.76550000 4.23999000e-01
-12.73550000 3.12717000e-01
-12.70550000 2.41196000e-01
-12.67550000 1.92948000e-01
-12.64550000 1.59257000e-01
-12.61550000 1.34969000e-01
-12.58550000 1.16939000e-01
-12.55550000 1.03965000e-01
-12.52550000 9.54000000e-02
-12.49550000 9.12862000e-02
-12.46550000 9.29764000e-02
-12.43550000 1.04389000e-01
-12.40550000 1.34183000e-01
-12.37550000 1.83241000e-01
-12.34550000 1.86966000e-01
-12.31550000 1.39056000e-01
-12.28550000 9.80135000e-02
-12.25550000 7.21503000e-02
-12.22550000 5.78463000e-02
-12.19550000 4.99258000e-02
-12.16550000 4.59767000e-02
-12.13550000 4.55680000e-02
-12.10550000 4.74850000e-02
-12.07550000 4.40417000e-02
-12.04550000 3.70185000e-02
-12.01550000 3.22737000e-02
-11.98550000 2.93208000e-02
-11.95550000 2.73206000e-02
-11.92550000 2.58686000e-02
-11.89550000 2.47658000e-02
-11.86550000 2.39188000e-02
-11.83550000 2.32920000e-02
-11.80550000 2.28947000e-02
-11.77550000 2.27982000e-02
-11.74550000 2.31633000e-02
-11.71550000 2.39562000e-02
-11.68550000 2.41759000e-02
-11.65550000 2.43521000e-02
-11.62550000 2.58060000e-02
-11.59550000 2.94860000e-02
-11.56550000 3.71844000e-02
-11.53550000 4.67985000e-02
-11.50550000 4.80479000e-02
-11.47550000 4.33654000e-02
-11.44550000 3.45516000e-02
-11.41550000 2.88775000e-02
-11.38550000 2.71609000e-02
-11.35550000 2.81753000e-02
-11.32550000 3.24055000e-02
-11.29550000 3.72118000e-02
-11.26550000 3.29898000e-02
-11.23550000 2.66905000e-02
-11.20550000 2.35425000e-02
-11.17550000 2.27289000e-02
-11.14550000 2.38600000e-02
-11.11550000 2.69987000e-02
-11.08550000 2.92342000e-02
-11.05550000 2.61671000e-02
-11.02550000 2.27904000e-02
-10.99550000 2.13847000e-02
-10.96550000 2.11818000e-02
-10.93550000 2.13663000e-02
-10.90550000 2.13524000e-02
-10.87550000 2.11985000e-02
-10.84550000 2.16992000e-02
-10.81550000 2.30900000e-02
-10.78550000 2.57148000e-02
-10.75550000 2.91379000e-02
-10.72550000 3.07752000e-02
-10.69550000 3.23070000e-02
-10.66550000 3.60468000e-02
-10.63550000 4.38758000e-02
-10.60550000 5.92988000e-02
-10.57550000 8.84466000e-02
-10.54550000 1.31685000e-01
-10.51550000 1.80029000e-01
-10.48550000 1.75593000e-01
-10.45550000 1.14285000e-01
-10.42550000 7.31413000e-02
-10.39550000 5.33523000e-02
-10.36550000 4.43195000e-02
-10.33550000 3.92091000e-02
-10.28990000 3.52416000e-02
-10.25990000 3.57398000e-02
-10.22990000 3.71738000e-02
-10.19990000 3.74406000e-02
-10.16990000 3.65146000e-02
-10.13990000 3.73225000e-02
-10.10990000 4.22061000e-02
-10.07990000 5.20230000e-02
-10.04990000 5.86180000e-02
-10.01990000 5.89815000e-02
-9.98991000 6.55437000e-02
-9.95991000 8.12534000e-02
-9.92991000 1.02153000e-01
-9.89991000 1.05687000e-01
-9.86991000 1.18206000e-01
-9.83991000 1.47699000e-01
-9.80991000 1.32711000e-01
-9.77991000 9.16008000e-02
-9.74991000 6.70872000e-02
-9.71991000 5.63137000e-02
-9.68991000 5.23708000e-02
-9.65991000 5.14036000e-02
-9.62991000 5.36424000e-02
-9.59991000 5.87324000e-02
-9.56991000 6.64604000e-02
-9.53991000 7.41386000e-02
-9.50991000 8.18989000e-02
-9.47991000 9.59499000e-02
-9.44991000 1.20912000e-01
-9.41991000 1.63468000e-01
-9.38991000 2.41060000e-01
-9.35991000 3.92510000e-01
-9.32991000 5.70084000e-01
-9.29991000 5.38866000e-01
-9.26991000 4.67342000e-01
-9.23991000 4.05146000e-01
-9.20991000 2.73320000e-01
-9.17991000 1.80417000e-01
-9.14991000 1.32443000e-01
-9.11991000 1.08080000e-01
-9.08991000 9.68836000e-02
-9.05991000 9.66660000e-02
-9.02991000 1.07617000e-01
-8.99991000 1.15009000e-01
-8.96991000 1.14597000e-01
-8.93991000 1.24015000e-01
-8.90991000 1.23807000e-01
-8.87991000 1.11115000e-01
-8.84991000 1.11978000e-01
-8.81991000 1.32398000e-01
-8.78991000 1.56754000e-01
-8.75991000 1.47905000e-01
-8.72991000 1.38237000e-01
-8.69991000 1.45332000e-01
-8.66991000 1.65099000e-01
-8.63991000 1.89376000e-01
-8.60991000 2.07106000e-01
-8.57991000 2.30273000e-01
-8.54991000 2.87370000e-01
-8.51991000 3.85347000e-01
-8.48991000 5.70669000e-01
-8.45991000 7.68541000e-01
-8.42991000 8.30035000e-01
-8.39991000 8.40175000e-01
-8.36991000 7.78516000e-01
-8.33991000 8.86264000e-01
-8.30991000 1.13613000e+00
-8.27991000 1.05484000e+00
-8.24991000 8.12789000e-01
-8.21991000 7.44570000e-01
-8.18991000 6.91617000e-01
-8.15991000 6.13116000e-01
-8.12991000 5.54762000e-01
-8.09991000 5.09831000e-01
-8.06991000 5.22016000e-01
-8.03991000 6.50138000e-01
-8.00991000 7.49770000e-01
-7.97991000 6.94317000e-01
-7.94991000 5.92974000e-01
-7.91991000 5.43250000e-01
-7.88991000 5.63892000e-01
-7.85991000 7.34195000e-01
-7.82991000 1.08608000e+00
-7.79991000 1.26146000e+00
-7.76991000 9.97751000e-01
-7.73991000 6.65573000e-01
-7.70991000 4.87060000e-01
-7.67991000 4.29527000e-01
-7.64991000 4.41221000e-01
-7.61991000 5.23720000e-01
-7.58991000 6.80064000e-01
-7.55991000 7.84041000e-01
-7.51437000 1.00866000e+00
-7.48437000 1.17859000e+00
-7.45437000 1.32872000e+00
-7.42437000 1.35480000e+00
-7.39437000 9.57145000e-01
-7.36437000 6.34745000e-01
-7.33437000 4.84440000e-01
-7.30437000 3.79899000e-01
-7.27437000 3.16772000e-01
-7.24437000 3.13595000e-01
-7.21437000 3.75977000e-01
-7.18437000 4.59979000e-01
-7.15437000 4.08897000e-01
-7.12437000 3.23862000e-01
-7.09437000 3.06962000e-01
-7.06437000 3.63517000e-01
-7.03437000 4.93203000e-01
-7.00437000 6.42782000e-01
-6.97437000 7.58584000e-01
-6.94437000 6.34258000e-01
-6.91437000 4.38405000e-01
-6.88437000 3.17205000e-01
-6.85437000 2.43760000e-01
-6.82437000 2.06759000e-01
-6.79437000 1.95967000e-01
-6.76437000 2.08096000e-01
-6.73437000 2.27610000e-01
-6.70437000 2.25896000e-01
-6.67437000 2.34137000e-01
-6.64437000 2.56817000e-01
-6.61437000 2.76162000e-01
-6.58437000 3.32720000e-01
-6.55437000 4.52803000e-01
-6.52437000 5.65692000e-01
-6.49437000 6.85985000e-01
-6.46437000 9.01704000e-01
-6.43437000 8.48940000e-01
-6.40437000 6.08899000e-01
-6.37437000 5.06938000e-01
-6.34437000 5.34707000e-01
-6.31437000 5.72814000e-01
-6.28437000 5.96951000e-01
-6.25437000 6.41469000e-01
-6.22437000 6.79218000e-01
-6.19437000 7.70831000e-01
-6.16437000 9.33458000e-01
-6.13437000 1.10687000e+00
-6.10437000 1.40614000e+00
-6.07437000 1.84626000e+00
-6.04437000 1.61047000e+00
-6.01437000 1.10906000e+00
-5.98437000 8.55053000e-01
-5.95437000 7.50373000e-01
-5.92437000 6.09845000e-01
-5.89437000 4.73798000e-01
-5.86437000 4.01588000e-01
-5.83437000 3.61220000e-01
-5.80437000 3.54123000e-01
-5.77437000 3.46510000e-01
-5.74437000 2.86597000e-01
-5.71437000 2.34746000e-01
-5.68437000 2.03906000e-01
-5.65437000 1.86818000e-01
-5.62437000 1.82330000e-01
-5.59437000 1.89796000e-01
-5.56437000 2.11663000e-01
-5.53437000 2.47417000e-01
-5.50437000 3.03393000e-01
-5.47437000 3.93204000e-01
-5.44437000 4.08564000e-01
-5.41437000 3.42812000e-01
-5.38437000 2.94218000e-01
-5.35437000 2.58324000e-01
-5.32437000 2.36890000e-01
-5.29437000 2.32290000e-01
-5.26437000 2.38990000e-01
-5.23437000 2.53984000e-01
-5.20437000 2.77988000e-01
-5.17437000 3.14675000e-01
-5.14437000 3.71725000e-01
-5.11437000 4.51275000e-01
-5.08437000 5.10799000e-01
-5.05437000 5.58785000e-01
-5.02437000 6.54585000e-01
-4.99437000 8.28317000e-01
-4.96437000 1.10703000e+00
-4.93437000 1.51450000e+00
-4.90437000 2.18867000e+00
-4.87437000 3.39508000e+00
-4.84437000 5.42402000e+00
-4.81437000 6.99367000e+00
-4.78437000 6.47952000e+00
-4.73882000 4.36182000e+00
-4.70882000 2.97431000e+00
-4.67882000 2.44668000e+00
-4.64882000 2.67987000e+00
-4.61882000 3.63273000e+00
-4.58882000 4.08162000e+00
-4.55882000 2.87699000e+00
-4.52882000 1.81698000e+00
-4.49882000 1.28275000e+00
-4.46882000 1.03833000e+00
-4.43882000 9.47262000e-01
-4.40882000 9.04186000e-01
-4.37882000 8.64969000e-01
-4.34882000 8.90440000e-01
-4.31882000 1.00474000e+00
-4.28882000 1.24311000e+00
-4.25882000 1.64684000e+00
-4.22882000 1.79506000e+00
-4.19882000 1.44771000e+00
-4.16882000 1.20496000e+00
-4.13882000 1.16593000e+00
-4.10882000 1.27438000e+00
-4.07882000 1.51074000e+00
-4.04882000 1.95742000e+00
-4.01882000 2.56675000e+00
-3.98882000 2.76685000e+00
-3.95882000 2.85085000e+00
-3.92882000 3.39890000e+00
-3.89882000 4.63148000e+00
-3.86882000 6.86986000e+00
-3.83882000 1.11110000e+01
-3.80882000 1.88716000e+01
-3.77882000 2.59938000e+01
-3.74882000 2.14048000e+01
-3.71882000 1.33429000e+01
-3.68882000 8.13224000e+00
-3.65882000 5.38766000e+00
-3.62882000 3.90094000e+00
-3.59882000 3.14331000e+00
-3.56882000 2.75755000e+00
-3.53882000 2.63295000e+00
-3.50882000 2.79364000e+00
-3.47882000 3.40274000e+00
-3.44882000 4.36572000e+00
-3.41882000 4.36806000e+00
-3.38882000 3.89268000e+00
-3.35882000 4.17794000e+00
-3.32882000 5.50199000e+00
-3.29882000 8.23140000e+00
-3.26882000 1.23091000e+01
-3.23882000 1.57946000e+01
-3.20882000 1.51694000e+01
-3.17882000 1.36595000e+01
-3.14882000 1.06583000e+01
-3.11882000 7.16108000e+00
-3.08882000 4.62836000e+00
-3.05882000 3.26957000e+00
-3.02882000 2.60790000e+00
-2.99882000 2.32472000e+00
-2.96882000 2.26129000e+00
-2.93882000 2.45387000e+00
-2.90882000 3.10448000e+00
-2.87882000 3.89776000e+00
-2.84882000 3.74709000e+00
-2.81882000 3.62942000e+00
-2.78882000 3.56310000e+00
-2.75882000 3.30071000e+00
-2.72882000 3.25306000e+00
-2.69882000 3.08804000e+00
-2.66882000 2.20433000e+00
-2.63882000 1.53596000e+00
-2.60882000 1.21947000e+00
-2.57882000 1.11399000e+00
-2.54882000 1.15375000e+00
-2.51882000 1.24374000e+00
-2.48882000 1.18834000e+00
-2.45882000 1.12219000e+00
-2.42882000 1.16108000e+00
-2.39882000 1.26999000e+00
-2.36882000 1.49259000e+00
-2.33882000 1.93663000e+00
-2.30882000 2.72623000e+00
-2.27882000 4.24003000e+00
-2.24882000 7.12866000e+00
-2.21882000 1.01281000e+01
-2.18882000 9.63919000e+00
-2.15882000 8.20542000e+00
-2.12882000 6.63735000e+00
-2.09882000 4.81676000e+00
-2.06882000 3.74473000e+00
-2.03882000 3.01868000e+00
-2.00882000 2.59355000e+00
-1.96328000 1.84189000e+00
-1.93328000 1.58275000e+00
-1.90328000 1.44723000e+00
-1.87328000 1.11835000e+00
-1.84328000 8.65155000e-01
-1.81328000 7.10564000e-01
-1.78328000 5.71570000e-01
-1.75328000 4.83172000e-01
-1.72328000 4.47099000e-01
-1.69328000 4.58414000e-01
-1.66328000 4.86354000e-01
-1.63328000 4.71954000e-01
-1.60328000 4.21385000e-01
-1.57328000 3.75004000e-01
-1.54328000 3.29376000e-01
-1.51328000 2.83476000e-01
-1.48328000 2.61495000e-01
-1.45328000 2.63135000e-01
-1.42328000 2.80249000e-01
-1.39328000 3.00393000e-01
-1.36328000 2.88659000e-01
-1.33328000 2.39305000e-01
-1.30328000 2.07293000e-01
-1.27328000 1.94699000e-01
-1.24328000 1.93322000e-01
-1.21328000 2.03476000e-01
-1.18328000 2.30012000e-01
-1.15328000 2.61365000e-01
-1.12328000 2.82590000e-01
-1.09328000 2.95153000e-01
-1.06328000 2.64940000e-01
-1.03328000 2.29384000e-01
-1.00328000 2.04104000e-01
-0.97327500 1.94550000e-01
-0.94327500 1.99722000e-01
-0.91327500 2.10010000e-01
-0.88327500 2.23298000e-01
-0.85327500 2.45986000e-01
-0.82327500 2.82909000e-01
-0.79327500 3.44072000e-01
-0.76327500 4.21121000e-01
-0.73327500 5.46513000e-01
-0.70327500 8.17671000e-01
-0.67327500 1.33585000e+00
-0.64327500 1.77360000e+00
-0.61327500 1.38065000e+00
-0.58327500 8.58978000e-01
-0.55327500 5.78789000e-01
-0.52327500 4.51205000e-01
-0.49327500 3.93601000e-01
-0.46327500 3.77643000e-01
-0.43327500 4.00371000e-01
-0.40327500 4.64263000e-01
-0.37327500 6.00730000e-01
-0.34327500 8.84178000e-01
-0.31327500 1.46018000e+00
-0.28327500 2.27697000e+00
-0.25327500 2.20235000e+00
-0.22327500 1.38404000e+00
-0.19327500 8.55598000e-01
-0.16327500 6.10568000e-01
-0.13327500 5.14217000e-01
-0.10327500 4.88659000e-01
-0.07327510 4.91657000e-01
-0.04327510 5.02029000e-01
-0.01327510 4.29100000e-01
0.01672490 3.55968000e-01
0.04672490 3.07357000e-01
0.07672490 2.71353000e-01
0.10672500 2.51876000e-01
0.13672500 2.51088000e-01
0.16672500 2.72307000e-01
0.19672500 3.24664000e-01
0.22672500 3.78151000e-01
0.25672500 3.56930000e-01
0.28672500 3.04899000e-01
0.31672500 2.84869000e-01
0.34672500 2.89464000e-01
0.37672500 3.06473000e-01
0.40672500 3.33623000e-01
0.43672500 3.73282000e-01
0.46672500 4.39519000e-01
0.49672500 5.32143000e-01
0.52672500 6.95538000e-01
0.55672500 9.99802000e-01
0.58672500 1.55715000e+00
0.61672500 2.14149000e+00
0.64672500 1.84712000e+00
0.67672500 1.31288000e+00
0.70672500 1.08736000e+00
0.73672500 9.93330000e-01
0.76672500 1.02445000e+00
