# E(MeV)  S_NSDRNSDR(K=0) for As112_DDPCX
-26.94320000 2.82949000e-02
-26.91320000 2.86865000e-02
-26.88320000 2.90019000e-02
-26.85320000 2.92294000e-02
-26.82320000 2.93300000e-02
-26.79320000 2.92038000e-02
-26.76320000 2.86185000e-02
-26.73320000 2.72684000e-02
-26.70320000 2.63649000e-02
-26.67320000 2.80489000e-02
-26.64320000 2.98774000e-02
-26.61320000 3.09632000e-02
-26.58320000 3.16385000e-02
-26.55320000 3.21215000e-02
-26.52320000 3.25090000e-02
-26.49320000 3.28447000e-02
-26.46320000 3.31503000e-02
-26.43320000 3.34373000e-02
-26.40320000 3.37122000e-02
-26.37320000 3.39792000e-02
-26.34320000 3.42406000e-02
-26.31320000 3.44984000e-02
-26.28320000 3.47537000e-02
-26.25320000 3.50074000e-02
-26.22320000 3.52602000e-02
-26.19320000 3.55126000e-02
-26.16320000 3.57650000e-02
-26.13320000 3.60177000e-02
-26.10320000 3.62711000e-02
-26.07320000 3.65254000e-02
-26.04320000 3.67807000e-02
-26.01320000 3.70373000e-02
-25.98320000 3.72954000e-02
-25.95320000 3.75550000e-02
-25.92320000 3.78164000e-02
-25.89320000 3.80795000e-02
-25.86320000 3.83447000e-02
-25.83320000 3.86119000e-02
-25.80320000 3.88814000e-02
-25.77320000 3.91531000e-02
-25.74320000 3.94271000e-02
-25.71320000 3.97037000e-02
-25.68320000 3.99828000e-02
-25.65320000 4.02646000e-02
-25.62320000 4.05491000e-02
-25.59320000 4.08365000e-02
-25.56320000 4.11268000e-02
-25.53320000 4.14201000e-02
-25.50320000 4.17165000e-02
-25.47320000 4.20161000e-02
-25.44320000 4.23189000e-02
-25.41320000 4.26251000e-02
-25.38320000 4.29348000e-02
-25.35320000 4.32480000e-02
-25.32320000 4.35648000e-02
-25.29320000 4.38853000e-02
-25.26320000 4.42097000e-02
-25.23320000 4.45379000e-02
-25.20320000 4.48701000e-02
-25.17320000 4.52065000e-02
-25.14320000 4.55470000e-02
-25.11320000 4.58918000e-02
-25.08320000 4.62410000e-02
-25.05320000 4.65947000e-02
-25.02320000 4.69530000e-02
-24.99320000 4.73161000e-02
-24.96320000 4.76839000e-02
-24.93320000 4.80567000e-02
-24.90320000 4.84345000e-02
-24.87320000 4.88175000e-02
-24.84320000 4.92058000e-02
-24.81320000 4.95996000e-02
-24.78320000 4.99989000e-02
-24.75320000 5.04038000e-02
-24.72320000 5.08146000e-02
-24.69320000 5.12314000e-02
-24.66320000 5.16543000e-02
-24.63320000 5.20834000e-02
-24.60320000 5.25190000e-02
-24.57320000 5.29611000e-02
-24.54320000 5.34099000e-02
-24.51320000 5.38657000e-02
-24.48320000 5.43285000e-02
-24.45320000 5.47986000e-02
-24.42320000 5.52761000e-02
-24.39320000 5.57612000e-02
-24.36320000 5.62542000e-02
-24.33320000 5.67552000e-02
-24.30320000 5.72645000e-02
-24.27320000 5.77822000e-02
-24.24320000 5.83086000e-02
-24.21320000 5.88440000e-02
-24.16760000 5.96744000e-02
-24.13760000 6.02333000e-02
-24.10760000 6.08021000e-02
-24.07760000 6.13809000e-02
-24.04760000 6.19702000e-02
-24.01760000 6.25702000e-02
-23.98760000 6.31812000e-02
-23.95760000 6.38035000e-02
-23.92760000 6.44376000e-02
-23.89760000 6.50836000e-02
-23.86760000 6.57421000e-02
-23.83760000 6.64134000e-02
-23.80760000 6.70979000e-02
-23.77760000 6.77960000e-02
-23.74760000 6.85083000e-02
-23.71760000 6.92350000e-02
-23.68760000 6.99769000e-02
-23.65760000 7.07342000e-02
-23.62760000 7.15077000e-02
-23.59760000 7.22979000e-02
-23.56760000 7.31055000e-02
-23.53760000 7.39310000e-02
-23.50760000 7.47752000e-02
-23.47760000 7.56390000e-02
-23.44760000 7.65236000e-02
-23.41760000 7.74301000e-02
-23.38760000 7.83578000e-02
-23.35760000 7.93043000e-02
-23.32760000 8.02740000e-02
-23.29760000 8.12696000e-02
-23.26760000 8.22917000e-02
-23.23760000 8.33413000e-02
-23.20760000 8.44196000e-02
-23.17760000 8.55282000e-02
-23.14760000 8.66688000e-02
-23.11760000 8.78436000e-02
-23.08760000 8.90550000e-02
-23.05760000 9.03063000e-02
-23.02760000 9.16018000e-02
-22.99760000 9.29473000e-02
-22.96760000 9.43524000e-02
-22.93760000 9.58327000e-02
-22.90760000 9.74187000e-02
-22.87760000 9.91742000e-02
-22.84760000 1.01241000e-01
-22.81760000 1.03848000e-01
-22.78760000 1.06508000e-01
-22.75760000 1.07525000e-01
-22.72760000 1.08188000e-01
-22.69760000 1.09430000e-01
-22.66760000 1.11063000e-01
-22.63760000 1.12929000e-01
-22.60760000 1.14964000e-01
-22.57760000 1.17144000e-01
-22.54760000 1.19467000e-01
-22.51760000 1.21941000e-01
-22.48760000 1.24581000e-01
-22.45760000 1.27410000e-01
-22.42760000 1.30460000e-01
-22.39760000 1.33776000e-01
-22.36760000 1.37422000e-01
-22.33760000 1.41492000e-01
-22.30760000 1.46135000e-01
-22.27760000 1.51593000e-01
-22.24760000 1.58290000e-01
-22.21760000 1.67029000e-01
-22.18760000 1.79463000e-01
-22.15760000 1.99266000e-01
-22.12760000 2.34545000e-01
-22.09760000 2.94086000e-01
-22.06760000 3.30712000e-01
-22.03760000 2.88130000e-01
-22.00760000 2.48777000e-01
-21.97760000 2.33421000e-01
-21.94760000 2.32080000e-01
-21.91760000 2.39929000e-01
-21.88760000 2.56696000e-01
-21.85760000 2.76820000e-01
-21.82760000 2.82193000e-01
-21.79760000 2.85410000e-01
-21.76760000 2.97022000e-01
-21.73760000 3.15820000e-01
-21.70760000 3.41130000e-01
-21.67760000 3.73737000e-01
-21.64760000 4.15616000e-01
-21.61760000 4.70116000e-01
-21.58760000 5.42636000e-01
-21.55760000 6.42034000e-01
-21.52760000 7.83430000e-01
-21.49760000 9.94088000e-01
-21.46760000 1.32654000e+00
-21.43760000 1.89008000e+00
-21.39210000 3.81805000e+00
-21.36210000 6.73403000e+00
-21.33210000 1.07032000e+01
-21.30210000 9.95914000e+00
-21.27210000 5.92826000e+00
-21.24210000 3.41724000e+00
-21.21210000 2.16338000e+00
-21.18210000 1.50554000e+00
-21.15210000 1.13217000e+00
-21.12210000 9.06217000e-01
-21.09210000 7.59465000e-01
-21.06210000 6.56894000e-01
-21.03210000 5.86188000e-01
-21.00210000 5.38355000e-01
-20.97210000 5.07445000e-01
-20.94210000 4.87255000e-01
-20.91210000 4.68157000e-01
-20.88210000 4.53740000e-01
-20.85210000 4.46912000e-01
-20.82210000 4.46497000e-01
-20.79210000 4.51964000e-01
-20.76210000 4.63845000e-01
-20.73210000 4.83924000e-01
-20.70210000 5.16054000e-01
-20.67210000 5.67832000e-01
-20.64210000 6.52268000e-01
-20.61210000 7.99712000e-01
-20.58210000 1.09003000e+00
-20.55210000 1.60486000e+00
-20.52210000 1.89333000e+00
-20.49210000 1.44021000e+00
-20.46210000 1.01622000e+00
-20.43210000 8.04744000e-01
-20.40210000 7.05562000e-01
-20.37210000 6.59562000e-01
-20.34210000 6.40868000e-01
-20.31210000 6.37850000e-01
-20.28210000 6.44951000e-01
-20.25210000 6.59144000e-01
-20.22210000 6.78551000e-01
-20.19210000 7.02917000e-01
-20.16210000 7.32258000e-01
-20.13210000 7.66727000e-01
-20.10210000 8.06910000e-01
-20.07210000 8.54019000e-01
-20.04210000 9.10402000e-01
-20.01210000 9.80859000e-01
-19.98210000 1.07557000e+00
-19.95210000 1.20886000e+00
-19.92210000 1.33955000e+00
-19.89210000 1.37662000e+00
-19.86210000 1.41798000e+00
-19.83210000 1.51121000e+00
-19.80210000 1.64931000e+00
-19.77210000 1.83907000e+00
-19.74210000 2.11067000e+00
-19.71210000 2.45545000e+00
-19.68210000 2.70219000e+00
-19.65210000 2.87434000e+00
-19.62210000 3.18111000e+00
-19.59210000 3.64517000e+00
-19.56210000 4.24737000e+00
-19.53210000 5.07490000e+00
-19.50210000 6.26707000e+00
-19.47210000 8.05296000e+00
-19.44210000 1.08968000e+01
-19.41210000 1.57951000e+01
-19.38210000 2.49717000e+01
-19.35210000 4.20156000e+01
-19.32210000 5.97235000e+01
-19.29210000 5.41893000e+01
-19.26210000 4.77123000e+01
-19.23210000 5.67625000e+01
-19.20210000 6.63652000e+01
-19.17210000 5.46457000e+01
-19.14210000 4.74875000e+01
-19.11210000 5.70312000e+01
-19.08210000 7.48448000e+01
-19.05210000 6.65964000e+01
-19.02210000 4.92738000e+01
-18.99210000 4.54133000e+01
-18.96210000 4.62927000e+01
-18.93210000 4.19102000e+01
-18.90210000 2.85269000e+01
-18.87210000 1.79127000e+01
-18.84210000 1.21658000e+01
-18.81210000 9.00187000e+00
-18.78210000 7.12044000e+00
-18.75210000 5.92990000e+00
-18.72210000 5.14949000e+00
-18.69210000 4.63797000e+00
-18.66210000 4.32473000e+00
-18.61650000 4.17340000e+00
-18.58650000 4.31245000e+00
-18.55650000 4.69494000e+00
-18.52650000 5.09304000e+00
-18.49650000 5.00275000e+00
-18.46650000 4.92763000e+00
-18.43650000 5.16218000e+00
-18.40650000 5.69923000e+00
-18.37650000 6.58175000e+00
-18.34650000 7.93546000e+00
-18.31650000 1.00254000e+01
-18.28650000 1.33830000e+01
-18.25650000 1.91250000e+01
-18.22650000 2.97505000e+01
-18.19650000 5.07291000e+01
-18.16650000 8.81760000e+01
-18.13650000 1.11461000e+02
-18.10650000 7.95700000e+01
-18.07650000 4.90189000e+01
-18.04650000 3.62716000e+01
-18.01650000 3.09022000e+01
-17.98650000 2.42288000e+01
-17.95650000 1.78726000e+01
-17.92650000 1.34251000e+01
-17.89650000 1.12910000e+01
-17.86650000 1.09722000e+01
-17.83650000 1.25522000e+01
-17.80650000 1.63673000e+01
-17.77650000 1.87671000e+01
-17.74650000 1.62124000e+01
-17.71650000 1.50269000e+01
-17.68650000 1.75795000e+01
-17.65650000 2.52239000e+01
-17.62650000 3.96519000e+01
-17.59650000 5.12036000e+01
-17.56650000 4.80897000e+01
-17.53650000 3.36506000e+01
-17.50650000 2.11197000e+01
-17.47650000 1.48054000e+01
-17.44650000 1.14004000e+01
-17.41650000 9.29236000e+00
-17.38650000 8.29206000e+00
-17.35650000 8.09187000e+00
-17.32650000 8.52515000e+00
-17.29650000 9.52642000e+00
-17.26650000 1.13476000e+01
-17.23650000 1.45902000e+01
-17.20650000 2.04039000e+01
-17.17650000 3.14062000e+01
-17.14650000 5.34700000e+01
-17.11650000 9.34231000e+01
-17.08650000 1.18195000e+02
-17.05650000 8.24376000e+01
-17.02650000 4.67391000e+01
-16.99650000 2.82929000e+01
-16.96650000 1.91774000e+01
-16.93650000 1.46499000e+01
-16.90650000 1.27821000e+01
-16.87650000 1.23570000e+01
-16.84650000 1.26314000e+01
-16.81650000 1.40496000e+01
-16.78650000 1.48150000e+01
-16.75650000 1.19936000e+01
-16.72650000 9.08271000e+00
-16.69650000 7.79380000e+00
-16.66650000 7.64302000e+00
-16.63650000 8.40924000e+00
-16.60650000 1.02958000e+01
-16.57650000 1.40666000e+01
-16.54650000 2.15752000e+01
-16.51650000 3.62915000e+01
-16.48650000 5.71728000e+01
-16.45650000 6.42522000e+01
-16.42650000 4.49110000e+01
-16.39650000 2.60143000e+01
-16.36650000 1.61676000e+01
-16.33650000 1.12517000e+01
-16.30650000 8.90819000e+00
-16.27650000 7.81405000e+00
-16.24650000 6.40280000e+00
-16.21650000 4.94126000e+00
-16.18650000 3.82506000e+00
-16.15650000 3.12027000e+00
-16.12650000 2.70160000e+00
-16.09650000 2.48803000e+00
-16.06650000 2.37796000e+00
-16.03650000 2.16948000e+00
-16.00650000 1.88438000e+00
-15.97650000 1.65829000e+00
-15.94650000 1.51300000e+00
-15.91650000 1.41825000e+00
-15.88650000 1.35670000e+00
-15.84100000 1.31844000e+00
-15.81100000 1.33421000e+00
-15.78100000 1.39610000e+00
-15.75100000 1.51569000e+00
-15.72100000 1.69582000e+00
-15.69100000 1.77993000e+00
-15.66100000 1.74099000e+00
-15.63100000 1.79654000e+00
-15.60100000 1.97853000e+00
-15.57100000 2.30083000e+00
-15.54100000 2.81900000e+00
-15.51100000 3.65728000e+00
-15.48100000 5.05829000e+00
-15.45100000 7.57214000e+00
-15.42100000 1.23695000e+01
-15.39100000 2.16306000e+01
-15.36100000 3.24153000e+01
-15.33100000 2.74190000e+01
-15.30100000 1.60481000e+01
-15.27100000 9.55860000e+00
-15.24100000 6.34758000e+00
-15.21100000 4.83132000e+00
-15.18100000 4.09081000e+00
-15.15100000 3.16661000e+00
-15.12100000 2.33061000e+00
-15.09100000 1.80966000e+00
-15.06100000 1.48629000e+00
-15.03100000 1.27530000e+00
-15.00100000 1.13613000e+00
-14.97100000 1.05199000e+00
-14.94100000 1.02264000e+00
-14.91100000 1.06768000e+00
-14.88100000 1.22658000e+00
-14.85100000 1.44095000e+00
-14.82100000 1.41930000e+00
-14.79100000 1.39772000e+00
-14.76100000 1.69442000e+00
-14.73100000 2.33376000e+00
-14.70100000 2.41202000e+00
-14.67100000 1.65253000e+00
-14.64100000 1.09293000e+00
-14.61100000 8.01818000e-01
-14.58100000 6.44601000e-01
-14.55100000 5.52349000e-01
-14.52100000 4.95205000e-01
-14.49100000 4.54478000e-01
-14.46100000 4.19464000e-01
-14.43100000 3.93195000e-01
-14.40100000 3.74749000e-01
-14.37100000 3.62164000e-01
-14.34100000 3.54563000e-01
-14.31100000 3.52229000e-01
-14.28100000 3.56284000e-01
-14.25100000 3.69314000e-01
-14.22100000 3.95636000e-01
-14.19100000 4.35748000e-01
-14.16100000 4.78027000e-01
-14.13100000 5.56292000e-01
-14.10100000 7.31221000e-01
-14.07100000 1.09603000e+00
-14.04100000 1.63644000e+00
-14.01100000 1.61772000e+00
-13.98100000 1.08064000e+00
-13.95100000 7.32347000e-01
-13.92100000 5.70450000e-01
-13.89100000 5.06446000e-01
-13.86100000 5.03813000e-01
-13.83100000 5.58672000e-01
-13.80100000 6.96651000e-01
-13.77100000 1.00208000e+00
-13.74100000 1.58793000e+00
-13.71100000 2.02440000e+00
-13.68100000 1.53941000e+00
-13.65100000 9.96487000e-01
-13.62100000 6.74520000e-01
-13.59100000 4.92348000e-01
-13.56100000 3.89007000e-01
-13.53100000 3.24286000e-01
-13.50100000 2.84780000e-01
-13.47100000 2.60717000e-01
-13.44100000 2.41692000e-01
-13.41100000 2.23932000e-01
-13.38100000 2.11984000e-01
-13.35100000 2.05651000e-01
-13.32100000 2.00062000e-01
-13.29100000 1.91083000e-01
-13.26100000 1.83771000e-01
-13.23100000 1.79221000e-01
-13.20100000 1.76681000e-01
-13.17100000 1.75586000e-01
-13.14100000 1.75223000e-01
-13.11100000 1.76057000e-01
-13.06550000 1.81160000e-01
-13.03550000 1.87921000e-01
-13.00550000 1.98469000e-01
-12.97550000 2.13079000e-01
-12.94550000 2.28796000e-01
-12.91550000 2.52458000e-01
-12.88550000 2.94988000e-01
-12.85550000 3.72154000e-01
-12.82550000 5.17423000e-01
-12.79550000 7.46417000e-01
-12.76550000 9.09415000e-01
-12.73550000 1.02158000e+00
-12.70550000 1.33322000e+00
-12.67550000 1.70598000e+00
-12.64550000 1.43156000e+00
-12.61550000 8.85796000e-01
-12.58550000 5.69427000e-01
-12.55550000 4.16260000e-01
-12.52550000 3.47990000e-01
-12.49550000 3.26660000e-01
-12.46550000 3.07793000e-01
-12.43550000 2.63505000e-01
-12.40550000 2.26947000e-01
-12.37550000 2.00202000e-01
-12.34550000 1.82420000e-01
-12.31550000 1.72049000e-01
-12.28550000 1.67384000e-01
-12.25550000 1.68014000e-01
-12.22550000 1.74510000e-01
-12.19550000 1.88642000e-01
-12.16550000 2.20656000e-01
-12.13550000 2.89064000e-01
-12.10550000 3.77270000e-01
-12.07550000 3.50454000e-01
-12.04550000 2.56805000e-01
-12.01550000 2.00232000e-01
-11.98550000 1.72837000e-01
-11.95550000 1.59678000e-01
-11.92550000 1.53988000e-01
-11.89550000 1.53009000e-01
-11.86550000 1.55749000e-01
-11.83550000 1.62224000e-01
-11.80550000 1.73316000e-01
-11.77550000 1.91059000e-01
-11.74550000 2.19481000e-01
-11.71550000 2.65865000e-01
-11.68550000 3.40393000e-01
-11.65550000 4.72704000e-01
-11.62550000 7.34206000e-01
-11.59550000 1.16149000e+00
-11.56550000 1.47448000e+00
-11.53550000 1.26135000e+00
-11.50550000 8.09663000e-01
-11.47550000 5.54719000e-01
-11.44550000 4.56586000e-01
-11.41550000 3.92662000e-01
-11.38550000 3.04457000e-01
-11.35550000 2.45609000e-01
-11.32550000 2.16012000e-01
-11.29550000 2.05319000e-01
-11.26550000 2.10923000e-01
-11.23550000 2.33774000e-01
-11.20550000 2.63812000e-01
-11.17550000 3.07103000e-01
-11.14550000 3.85972000e-01
-11.11550000 4.69069000e-01
-11.08550000 5.15066000e-01
-11.05550000 6.45699000e-01
-11.02550000 7.28151000e-01
-10.99550000 5.55373000e-01
-10.96550000 3.90119000e-01
-10.93550000 2.90648000e-01
-10.90550000 2.25936000e-01
-10.87550000 1.88347000e-01
-10.84550000 1.67726000e-01
-10.81550000 1.57600000e-01
-10.78550000 1.55133000e-01
-10.75550000 1.60292000e-01
-10.72550000 1.76207000e-01
-10.69550000 2.08421000e-01
-10.66550000 2.58466000e-01
-10.63550000 3.26097000e-01
-10.60550000 3.52422000e-01
-10.57550000 2.90520000e-01
-10.54550000 2.52299000e-01
-10.51550000 2.50350000e-01
-10.48550000 2.64279000e-01
-10.45550000 2.88308000e-01
-10.42550000 2.95166000e-01
-10.39550000 3.11081000e-01
-10.36550000 3.38254000e-01
-10.33550000 4.04376000e-01
-10.28990000 5.80249000e-01
-10.25990000 7.78805000e-01
-10.22990000 9.60757000e-01
-10.19990000 1.01944000e+00
-10.16990000 7.94610000e-01
-10.13990000 5.89143000e-01
-10.10990000 5.40954000e-01
-10.07990000 5.65074000e-01
-10.04990000 5.17577000e-01
-10.01990000 4.54674000e-01
-9.98991000 4.94748000e-01
-9.95991000 6.23554000e-01
-9.92991000 6.29779000e-01
-9.89991000 5.37028000e-01
-9.86991000 5.50713000e-01
-9.83991000 5.99361000e-01
-9.80991000 5.96098000e-01
-9.77991000 5.73524000e-01
-9.74991000 4.65201000e-01
-9.71991000 3.81012000e-01
-9.68991000 3.79471000e-01
-9.65991000 3.89438000e-01
-9.62991000 3.23298000e-01
-9.59991000 2.69539000e-01
-9.56991000 2.45867000e-01
-9.53991000 2.27809000e-01
-9.50991000 2.25335000e-01
-9.47991000 2.44598000e-01
-9.44991000 2.31254000e-01
-9.41991000 1.94374000e-01
-9.38991000 1.76462000e-01
-9.35991000 1.76216000e-01
-9.32991000 1.90553000e-01
-9.29991000 2.23550000e-01
-9.26991000 2.90426000e-01
-9.23991000 4.27235000e-01
-9.20991000 6.81921000e-01
-9.17991000 8.76566000e-01
-9.14991000 6.68310000e-01
-9.11991000 4.25004000e-01
-9.08991000 3.00989000e-01
-9.05991000 2.46480000e-01
-9.02991000 2.29923000e-01
-8.99991000 2.45045000e-01
-8.96991000 2.94955000e-01
-8.93991000 3.56373000e-01
-8.90991000 4.29334000e-01
-8.87991000 5.95176000e-01
-8.84991000 6.94075000e-01
-8.81991000 5.14351000e-01
-8.78991000 3.53932000e-01
-8.75991000 2.92708000e-01
-8.72991000 2.73453000e-01
-8.69991000 2.28363000e-01
-8.66991000 1.90319000e-01
-8.63991000 1.76822000e-01
-8.60991000 1.66223000e-01
-8.57991000 1.55293000e-01
-8.54991000 1.59512000e-01
-8.51991000 1.77662000e-01
-8.48991000 1.84071000e-01
-8.45991000 1.88455000e-01
-8.42991000 2.26953000e-01
-8.39991000 3.02007000e-01
-8.36991000 3.09217000e-01
-8.33991000 2.30401000e-01
-8.30991000 1.79083000e-01
-8.27991000 1.50958000e-01
-8.24991000 1.29949000e-01
-8.21991000 1.18802000e-01
-8.18991000 1.16459000e-01
-8.15991000 1.19158000e-01
-8.12991000 1.15811000e-01
-8.09991000 1.10886000e-01
-8.06991000 1.10485000e-01
-8.03991000 1.15121000e-01
-8.00991000 1.29660000e-01
-7.97991000 1.62049000e-01
-7.94991000 2.05769000e-01
-7.91991000 1.95805000e-01
-7.88991000 1.52718000e-01
-7.85991000 1.28911000e-01
-7.82991000 1.19291000e-01
-7.79991000 1.11172000e-01
-7.76991000 1.06303000e-01
-7.73991000 1.07050000e-01
-7.70991000 1.12912000e-01
-7.67991000 1.23176000e-01
-7.64991000 1.39768000e-01
-7.61991000 1.63842000e-01
-7.58991000 2.01793000e-01
-7.55991000 2.16723000e-01
-7.51437000 1.69014000e-01
-7.48437000 1.44056000e-01
-7.45437000 1.27566000e-01
-7.42437000 1.18865000e-01
-7.39437000 1.16478000e-01
-7.36437000 1.19439000e-01
-7.33437000 1.29670000e-01
-7.30437000 1.50760000e-01
-7.27437000 1.76854000e-01
-7.24437000 2.05571000e-01
-7.21437000 2.53510000e-01
-7.18437000 2.75507000e-01
-7.15437000 2.76162000e-01
-7.12437000 3.20768000e-01
-7.09437000 3.66293000e-01
-7.06437000 3.02156000e-01
-7.03437000 2.16093000e-01
-7.00437000 1.70862000e-01
-6.97437000 1.51324000e-01
-6.94437000 1.45746000e-01
-6.91437000 1.51309000e-01
-6.88437000 1.68733000e-01
-6.85437000 2.05713000e-01
-6.82437000 2.65469000e-01
-6.79437000 2.96767000e-01
-6.76437000 2.88393000e-01
-6.73437000 3.01052000e-01
-6.70437000 3.43124000e-01
-6.67437000 3.72084000e-01
-6.64437000 3.04770000e-01
-6.61437000 2.54277000e-01
-6.58437000 2.63702000e-01
-6.55437000 3.17447000e-01
-6.52437000 3.15979000e-01
-6.49437000 2.57492000e-01
-6.46437000 2.27315000e-01
-6.43437000 2.06053000e-01
-6.40437000 2.03120000e-01
-6.37437000 2.35645000e-01
-6.34437000 2.82262000e-01
-6.31437000 2.69656000e-01
-6.28437000 2.46174000e-01
-6.25437000 2.21705000e-01
-6.22437000 1.92415000e-01
-6.19437000 1.84575000e-01
-6.16437000 2.03671000e-01
-6.13437000 2.32498000e-01
-6.10437000 2.28765000e-01
-6.07437000 2.31580000e-01
-6.04437000 2.73987000e-01
-6.01437000 3.57844000e-01
-5.98437000 4.84199000e-01
-5.95437000 5.07491000e-01
-5.92437000 3.85906000e-01
-5.89437000 2.99388000e-01
-5.86437000 2.81781000e-01
-5.83437000 3.08173000e-01
-5.80437000 2.97847000e-01
-5.77437000 2.50630000e-01
-5.74437000 2.25727000e-01
-5.71437000 2.25257000e-01
-5.68437000 2.30817000e-01
-5.65437000 2.25178000e-01
-5.62437000 2.40538000e-01
-5.59437000 3.06548000e-01
-5.56437000 3.97061000e-01
-5.53437000 3.78319000e-01
-5.50437000 3.04567000e-01
-5.47437000 2.71022000e-01
-5.44437000 2.67336000e-01
-5.41437000 2.69629000e-01
-5.38437000 2.24229000e-01
-5.35437000 1.76848000e-01
-5.32437000 1.52272000e-01
-5.29437000 1.40706000e-01
-5.26437000 1.32777000e-01
-5.23437000 1.28977000e-01
-5.20437000 1.31185000e-01
-5.17437000 1.41104000e-01
-5.14437000 1.59347000e-01
-5.11437000 1.70612000e-01
-5.08437000 1.76165000e-01
-5.05437000 2.02966000e-01
-5.02437000 2.62467000e-01
-4.99437000 3.09357000e-01
-4.96437000 2.76638000e-01
-4.93437000 2.40178000e-01
-4.90437000 2.48541000e-01
-4.87437000 3.12570000e-01
-4.84437000 3.81432000e-01
-4.81437000 3.35015000e-01
-4.78437000 2.75231000e-01
-4.73882000 2.03156000e-01
-4.70882000 1.74541000e-01
-4.67882000 1.58577000e-01
-4.64882000 1.44580000e-01
-4.61882000 1.38529000e-01
-4.58882000 1.41197000e-01
-4.55882000 1.52315000e-01
-4.52882000 1.68640000e-01
-4.49882000 1.98678000e-01
-4.46882000 2.51272000e-01
-4.43882000 2.80764000e-01
-4.40882000 2.36578000e-01
-4.37882000 1.94737000e-01
-4.34882000 1.80305000e-01
-4.31882000 1.90790000e-01
-4.28882000 2.05479000e-01
-4.25882000 1.86695000e-01
-4.22882000 1.55590000e-01
-4.19882000 1.38009000e-01
-4.16882000 1.30552000e-01
-4.13882000 1.27676000e-01
-4.10882000 1.29115000e-01
-4.07882000 1.33856000e-01
-4.04882000 1.32726000e-01
-4.01882000 1.30514000e-01
-3.98882000 1.34652000e-01
-3.95882000 1.47737000e-01
-3.92882000 1.72008000e-01
-3.89882000 1.92729000e-01
-3.86882000 1.91205000e-01
-3.83882000 2.00576000e-01
-3.80882000 2.26030000e-01
-3.77882000 2.14733000e-01
-3.74882000 1.89950000e-01
-3.71882000 1.85273000e-01
-3.68882000 1.84104000e-01
-3.65882000 1.83716000e-01
-3.62882000 1.97086000e-01
-3.59882000 2.32190000e-01
-3.56882000 3.07022000e-01
-3.53882000 4.48107000e-01
-3.50882000 5.67156000e-01
-3.47882000 5.26159000e-01
-3.44882000 4.57968000e-01
-3.41882000 3.40614000e-01
-3.38882000 2.52809000e-01
-3.35882000 2.13930000e-01
-3.32882000 2.03689000e-01
-3.29882000 1.94116000e-01
-3.26882000 1.72239000e-01
-3.23882000 1.55852000e-01
-3.20882000 1.44503000e-01
-3.17882000 1.37744000e-01
-3.14882000 1.35217000e-01
-3.11882000 1.36041000e-01
-3.08882000 1.40654000e-01
-3.05882000 1.50189000e-01
-3.02882000 1.69827000e-01
-2.99882000 1.93090000e-01
-2.96882000 1.83238000e-01
-2.93882000 1.62997000e-01
-2.90882000 1.56274000e-01
-2.87882000 1.62519000e-01
-2.84882000 1.83593000e-01
-2.81882000 2.17008000e-01
-2.78882000 2.54259000e-01
-2.75882000 2.55695000e-01
-2.72882000 2.04588000e-01
-2.69882000 1.67219000e-01
-2.66882000 1.48650000e-01
-2.63882000 1.39693000e-01
-2.60882000 1.35786000e-01
-2.57882000 1.33968000e-01
-2.54882000 1.32533000e-01
-2.51882000 1.32660000e-01
-2.48882000 1.34895000e-01
-2.45882000 1.40263000e-01
-2.42882000 1.50563000e-01
-2.39882000 1.60920000e-01
-2.36882000 1.58754000e-01
-2.33882000 1.59201000e-01
-2.30882000 1.67002000e-01
-2.27882000 1.61900000e-01
-2.24882000 1.49493000e-01
-2.21882000 1.44359000e-01
-2.18882000 1.46282000e-01
-2.15882000 1.50730000e-01
-2.12882000 1.49187000e-01
-2.09882000 1.46201000e-01
-2.06882000 1.45189000e-01
-2.03882000 1.45337000e-01
-2.00882000 1.42930000e-01
-1.96328000 1.37931000e-01
-1.93328000 1.35925000e-01
-1.90328000 1.34944000e-01
-1.87328000 1.34424000e-01
-1.84328000 1.34442000e-01
-1.81328000 1.34859000e-01
-1.78328000 1.35568000e-01
-1.75328000 1.36611000e-01
-1.72328000 1.37662000e-01
-1.69328000 1.38355000e-01
-1.66328000 1.38965000e-01
-1.63328000 1.39470000e-01
-1.60328000 1.40126000e-01
-1.57328000 1.41034000e-01
-1.54328000 1.42146000e-01
-1.51328000 1.43446000e-01
-1.48328000 1.44898000e-01
-1.45328000 1.46495000e-01
-1.42328000 1.48436000e-01
-1.39328000 1.50921000e-01
-1.36328000 1.54162000e-01
-1.33328000 1.58735000e-01
-1.30328000 1.64821000e-01
-1.27328000 1.68587000e-01
-1.24328000 1.69721000e-01
-1.21328000 1.73631000e-01
-1.18328000 1.81818000e-01
-1.15328000 1.96325000e-01
-1.12328000 2.21281000e-01
-1.09328000 2.53673000e-01
-1.06328000 2.79092000e-01
-1.03328000 3.04336000e-01
-1.00328000 3.29273000e-01
-0.97327500 4.01747000e-01
-0.94327500 5.46505000e-01
-0.91327500 6.25492000e-01
-0.88327500 5.05695000e-01
-0.85327500 3.60883000e-01
-0.82327500 2.81580000e-01
-0.79327500 2.42912000e-01
-0.76327500 2.22244000e-01
-0.73327500 2.11701000e-01
-0.70327500 2.10072000e-01
-0.67327500 2.16231000e-01
-0.64327500 2.25780000e-01
-0.61327500 2.41502000e-01
-0.58327500 2.42329000e-01
-0.55327500 2.18437000e-01
-0.52327500 2.01190000e-01
-0.49327500 1.92667000e-01
-0.46327500 1.88533000e-01
-0.43327500 1.86603000e-01
-0.40327500 1.85876000e-01
-0.37327500 1.85813000e-01
-0.34327500 1.86208000e-01
-0.31327500 1.86995000e-01
-0.28327500 1.88151000e-01
-0.25327500 1.89700000e-01
-0.22327500 1.91252000e-01
-0.19327500 1.92562000e-01
-0.16327500 1.94184000e-01
-0.13327500 1.96169000e-01
-0.10327500 1.98402000e-01
-0.07327510 2.01562000e-01
-0.04327510 2.05887000e-01
-0.01327510 2.09374000e-01
0.01672490 2.12058000e-01
0.04672490 2.17471000e-01
0.07672490 2.26614000e-01
0.10672500 2.33295000e-01
0.13672500 2.37606000e-01
0.16672500 2.47630000e-01
0.19672500 2.57347000e-01
0.22672500 2.74012000e-01
0.25672500 3.04301000e-01
0.28672500 3.06284000e-01
0.31672500 2.79584000e-01
0.34672500 2.64823000e-01
0.37672500 2.61236000e-01
0.40672500 2.61839000e-01
0.43672500 2.62777000e-01
0.46672500 2.68764000e-01
0.49672500 2.80947000e-01
0.52672500 2.89268000e-01
0.55672500 2.95878000e-01
0.58672500 3.14672000e-01
0.61672500 3.54500000e-01
0.64672500 4.00850000e-01
0.67672500 3.99505000e-01
0.70672500 3.61192000e-01
0.73672500 3.34857000e-01
0.76672500 3.24770000e-01
