# E(MeV)  S_NSDRNSDR(K=1) for As112_DDPCX
-26.94320000 2.80248000e-02
-26.91320000 2.74295000e-02
-26.88320000 2.59002000e-02
-26.85320000 2.24839000e-02
-26.82320000 1.57400000e-02
-26.79320000 9.63526000e-03
-26.76320000 1.44702000e-02
-26.73320000 2.06239000e-02
-26.70320000 2.27007000e-02
-26.67320000 2.12033000e-02
-26.64320000 1.52148000e-02
-26.61320000 2.09568000e-03
-26.58320000 -1.08899000e-02
-26.55320000 -3.72985000e-04
-26.52320000 1.55016000e-02
-26.49320000 2.43953000e-02
-26.46320000 2.90354000e-02
-26.43320000 3.16882000e-02
-26.40320000 3.33711000e-02
-26.37320000 3.45403000e-02
-26.34320000 3.54157000e-02
-26.31320000 3.61123000e-02
-26.28320000 3.66945000e-02
-26.25320000 3.72001000e-02
-26.22320000 3.76531000e-02
-26.19320000 3.80686000e-02
-26.16320000 3.84572000e-02
-26.13320000 3.88260000e-02
-26.10320000 3.91801000e-02
-26.07320000 3.95233000e-02
-26.04320000 3.98584000e-02
-26.01320000 4.01876000e-02
-25.98320000 4.05125000e-02
-25.95320000 4.08345000e-02
-25.92320000 4.11545000e-02
-25.89320000 4.14735000e-02
-25.86320000 4.17922000e-02
-25.83320000 4.21111000e-02
-25.80320000 4.24309000e-02
-25.77320000 4.27519000e-02
-25.74320000 4.30745000e-02
-25.71320000 4.33992000e-02
-25.68320000 4.37261000e-02
-25.65320000 4.40555000e-02
-25.62320000 4.43878000e-02
-25.59320000 4.47232000e-02
-25.56320000 4.50619000e-02
-25.53320000 4.54041000e-02
-25.50320000 4.57501000e-02
-25.47320000 4.61000000e-02
-25.44320000 4.64540000e-02
-25.41320000 4.68124000e-02
-25.38320000 4.71753000e-02
-25.35320000 4.75430000e-02
-25.32320000 4.79156000e-02
-25.29320000 4.82933000e-02
-25.26320000 4.86764000e-02
-25.23320000 4.90651000e-02
-25.20320000 4.94596000e-02
-25.17320000 4.98601000e-02
-25.14320000 5.02668000e-02
-25.11320000 5.06801000e-02
-25.08320000 5.11001000e-02
-25.05320000 5.15272000e-02
-25.02320000 5.19616000e-02
-24.99320000 5.24037000e-02
-24.96320000 5.28537000e-02
-24.93320000 5.33120000e-02
-24.90320000 5.37791000e-02
-24.87320000 5.42552000e-02
-24.84320000 5.47409000e-02
-24.81320000 5.52366000e-02
-24.78320000 5.57427000e-02
-24.75320000 5.62600000e-02
-24.72320000 5.67889000e-02
-24.69320000 5.73301000e-02
-24.66320000 5.78845000e-02
-24.63320000 5.84527000e-02
-24.60320000 5.90357000e-02
-24.57320000 5.96345000e-02
-24.54320000 6.02503000e-02
-24.51320000 6.08843000e-02
-24.48320000 6.15380000e-02
-24.45320000 6.22130000e-02
-24.42320000 6.29113000e-02
-24.39320000 6.36351000e-02
-24.36320000 6.43868000e-02
-24.33320000 6.51696000e-02
-24.30320000 6.59868000e-02
-24.27320000 6.68427000e-02
-24.24320000 6.77421000e-02
-24.21320000 6.86911000e-02
-24.16760000 7.02434000e-02
-24.13760000 7.13531000e-02
-24.10760000 7.25464000e-02
-24.07760000 7.38386000e-02
-24.04760000 7.52497000e-02
-24.01760000 7.68053000e-02
-23.98760000 7.85391000e-02
-23.95760000 8.04959000e-02
-23.92760000 8.27367000e-02
-23.89760000 8.53461000e-02
-23.86760000 8.84441000e-02
-23.83760000 9.22057000e-02
-23.80760000 9.68938000e-02
-23.77760000 1.02918000e-01
-23.74760000 1.10943000e-01
-23.71760000 1.22102000e-01
-23.68760000 1.38443000e-01
-23.65760000 1.63931000e-01
-23.62760000 2.06863000e-01
-23.59760000 2.85885000e-01
-23.56760000 4.42123000e-01
-23.53760000 7.16589000e-01
-23.50760000 8.58166000e-01
-23.47760000 6.09015000e-01
-23.44760000 3.83898000e-01
-23.41760000 2.73076000e-01
-23.38760000 2.25986000e-01
-23.35760000 2.18208000e-01
-23.32760000 2.43691000e-01
-23.29760000 2.59175000e-01
-23.26760000 2.11718000e-01
-23.23760000 1.67131000e-01
-23.20760000 1.43274000e-01
-23.17760000 1.30727000e-01
-23.14760000 1.23727000e-01
-23.11760000 1.19673000e-01
-23.08760000 1.17344000e-01
-23.05760000 1.16118000e-01
-23.02760000 1.15663000e-01
-22.99760000 1.15797000e-01
-22.96760000 1.16436000e-01
-22.93760000 1.17579000e-01
-22.90760000 1.19339000e-01
-22.87760000 1.22046000e-01
-22.84760000 1.26516000e-01
-22.81760000 1.34319000e-01
-22.78760000 1.44077000e-01
-22.75760000 1.43246000e-01
-22.72760000 1.36519000e-01
-22.69760000 1.33310000e-01
-22.66760000 1.32794000e-01
-22.63760000 1.33617000e-01
-22.60760000 1.35156000e-01
-22.57760000 1.37140000e-01
-22.54760000 1.39449000e-01
-22.51760000 1.42028000e-01
-22.48760000 1.44857000e-01
-22.45760000 1.47939000e-01
-22.42760000 1.51289000e-01
-22.39760000 1.54941000e-01
-22.36760000 1.58947000e-01
-22.33760000 1.63386000e-01
-22.30760000 1.68386000e-01
-22.27760000 1.74157000e-01
-22.24760000 1.81070000e-01
-22.21760000 1.89835000e-01
-22.18760000 2.01918000e-01
-22.15760000 2.20542000e-01
-22.12760000 2.51984000e-01
-22.09760000 3.00557000e-01
-22.06760000 3.28316000e-01
-22.03760000 2.95757000e-01
-22.00760000 2.67565000e-01
-21.97760000 2.58200000e-01
-21.94760000 2.59531000e-01
-21.91760000 2.67291000e-01
-21.88760000 2.80397000e-01
-21.85760000 2.96927000e-01
-21.82760000 3.10328000e-01
-21.79760000 3.24712000e-01
-21.76760000 3.44821000e-01
-21.73760000 3.71078000e-01
-21.70760000 4.04384000e-01
-21.67760000 4.46781000e-01
-21.64760000 5.01743000e-01
-21.61760000 5.74959000e-01
-21.58760000 6.75959000e-01
-21.55760000 8.21260000e-01
-21.52760000 1.04159000e+00
-21.49760000 1.40011000e+00
-21.46760000 2.03378000e+00
-21.43760000 3.25079000e+00
-21.39210000 7.11534000e+00
-21.36210000 8.33615000e+00
-21.33210000 6.84589000e+00
-21.30210000 4.61509000e+00
-21.27210000 2.83836000e+00
-21.24210000 1.89223000e+00
-21.21210000 1.40678000e+00
-21.18210000 1.15219000e+00
-21.15210000 1.03283000e+00
-21.12210000 1.01227000e+00
-21.09210000 1.00437000e+00
-21.06210000 9.06951000e-01
-21.03210000 8.27468000e-01
-21.00210000 7.96389000e-01
-20.97210000 7.96625000e-01
-20.94210000 8.18308000e-01
-20.91210000 8.58151000e-01
-20.88210000 9.16543000e-01
-20.85210000 9.96676000e-01
-20.82210000 1.10498000e+00
-20.79210000 1.25287000e+00
-20.76210000 1.46064000e+00
-20.73210000 1.76627000e+00
-20.70210000 2.24601000e+00
-20.67210000 3.06324000e+00
-20.64210000 4.55476000e+00
-20.61210000 7.19713000e+00
-20.58210000 1.04927000e+01
-20.55210000 9.88358000e+00
-20.52210000 6.98124000e+00
-20.49210000 5.60107000e+00
-20.46210000 5.37328000e+00
-20.43210000 5.50117000e+00
-20.40210000 6.24712000e+00
-20.37210000 8.05000000e+00
-20.34210000 1.15847000e+01
-20.31210000 1.82126000e+01
-20.28210000 3.05862000e+01
-20.25210000 4.99101000e+01
-20.22210000 5.35283000e+01
-20.19210000 3.72030000e+01
-20.16210000 2.29640000e+01
-20.13210000 1.40957000e+01
-20.10210000 9.12826000e+00
-20.07210000 6.39425000e+00
-20.04210000 4.80978000e+00
-20.01210000 3.85846000e+00
-19.98210000 3.31209000e+00
-19.95210000 3.02972000e+00
-19.92210000 2.83275000e+00
-19.89210000 2.43588000e+00
-19.86210000 2.06544000e+00
-19.83210000 1.83247000e+00
-19.80210000 1.69157000e+00
-19.77210000 1.60772000e+00
-19.74210000 1.57003000e+00
-19.71210000 1.56629000e+00
-19.68210000 1.56859000e+00
-19.65210000 1.59165000e+00
-19.62210000 1.65004000e+00
-19.59210000 1.70053000e+00
-19.56210000 1.76305000e+00
-19.53210000 1.87647000e+00
-19.50210000 2.05104000e+00
-19.47210000 2.30220000e+00
-19.44210000 2.61731000e+00
-19.41210000 2.90519000e+00
-19.38210000 3.27921000e+00
-19.35210000 3.86123000e+00
-19.32210000 4.73059000e+00
-19.29210000 6.04672000e+00
-19.26210000 8.16046000e+00
-19.23210000 1.18022000e+01
-19.20210000 1.86113000e+01
-19.17210000 3.21380000e+01
-19.14210000 5.49534000e+01
-19.11210000 6.39053000e+01
-19.08210000 4.38416000e+01
-19.05210000 2.57411000e+01
-19.02210000 1.64034000e+01
-18.99210000 1.19616000e+01
-18.96210000 9.61843000e+00
-18.93210000 8.76825000e+00
-18.90210000 9.20026000e+00
-18.87210000 9.62875000e+00
-18.84210000 9.91637000e+00
-18.81210000 9.74078000e+00
-18.78210000 8.14938000e+00
-18.75210000 7.04755000e+00
-18.72210000 7.08347000e+00
-18.69210000 7.18032000e+00
-18.66210000 6.27340000e+00
-18.61650000 5.56647000e+00
-18.58650000 5.71066000e+00
-18.55650000 6.17888000e+00
-18.52650000 6.93537000e+00
-18.49650000 8.03964000e+00
-18.46650000 9.65759000e+00
-18.43650000 1.20770000e+01
-18.40650000 1.58607000e+01
-18.37650000 2.19659000e+01
-18.34650000 3.05100000e+01
-18.31650000 4.11267000e+01
-18.28650000 6.13826000e+01
-18.25650000 1.03442000e+02
-18.22650000 1.75683000e+02
-18.19650000 2.12856000e+02
-18.16650000 1.50615000e+02
-18.13650000 9.07783000e+01
-18.10650000 6.11430000e+01
-18.07650000 4.47289000e+01
-18.04650000 3.42327000e+01
-18.01650000 2.90060000e+01
-17.98650000 2.79799000e+01
-17.95650000 2.45528000e+01
-17.92650000 1.99572000e+01
-17.89650000 1.50054000e+01
-17.86650000 1.08808000e+01
-17.83650000 8.44859000e+00
-17.80650000 7.06363000e+00
-17.77650000 6.13152000e+00
-17.74650000 5.51834000e+00
-17.71650000 5.28175000e+00
-17.68650000 5.50283000e+00
-17.65650000 6.41969000e+00
-17.62650000 7.79253000e+00
-17.59650000 7.34832000e+00
-17.56650000 5.84666000e+00
-17.53650000 5.08641000e+00
-17.50650000 4.94778000e+00
-17.47650000 5.23184000e+00
-17.44650000 5.94457000e+00
-17.41650000 7.03770000e+00
-17.38650000 9.10073000e+00
-17.35650000 1.16721000e+01
-17.32650000 1.20476000e+01
-17.29650000 1.25523000e+01
-17.26650000 1.57928000e+01
-17.23650000 2.34397000e+01
-17.20650000 3.63082000e+01
-17.17650000 4.91448000e+01
-17.14650000 6.29452000e+01
-17.11650000 5.83210000e+01
-17.08650000 3.85184000e+01
-17.05650000 2.49947000e+01
-17.02650000 1.85065000e+01
-16.99650000 1.51557000e+01
-16.96650000 1.43383000e+01
-16.93650000 1.69666000e+01
-16.90650000 2.30788000e+01
-16.87650000 2.81173000e+01
-16.84650000 2.22810000e+01
-16.81650000 1.43795000e+01
-16.78650000 1.02550000e+01
-16.75650000 8.59849000e+00
-16.72650000 8.48736000e+00
-16.69650000 9.80777000e+00
-16.66650000 1.22567000e+01
-16.63650000 1.44656000e+01
-16.60650000 1.81208000e+01
-16.57650000 2.40374000e+01
-16.54650000 3.36844000e+01
-16.51650000 4.63753000e+01
-16.48650000 4.03025000e+01
-16.45650000 2.50239000e+01
-16.42650000 1.55562000e+01
-16.39650000 1.08960000e+01
-16.36650000 8.76807000e+00
-16.33650000 7.48798000e+00
-16.30650000 6.41008000e+00
-16.27650000 5.61512000e+00
-16.24650000 5.49260000e+00
-16.21650000 6.16038000e+00
-16.18650000 7.91217000e+00
-16.15650000 1.11172000e+01
-16.12650000 1.49520000e+01
-16.09650000 1.46317000e+01
-16.06650000 1.34711000e+01
-16.03650000 1.34153000e+01
-16.00650000 1.00865000e+01
-15.97650000 7.07730000e+00
-15.94650000 6.03259000e+00
-15.91650000 6.15297000e+00
-15.88650000 5.58738000e+00
-15.84100000 4.51624000e+00
-15.81100000 5.01028000e+00
-15.78100000 6.64811000e+00
-15.75100000 8.53236000e+00
-15.72100000 1.01816000e+01
-15.69100000 1.19287000e+01
-15.66100000 9.37333000e+00
-15.63100000 6.02768000e+00
-15.60100000 4.05292000e+00
-15.57100000 3.02572000e+00
-15.54100000 2.61883000e+00
-15.51100000 2.67511000e+00
-15.48100000 2.85929000e+00
-15.45100000 2.55218000e+00
-15.42100000 2.09074000e+00
-15.39100000 1.82883000e+00
-15.36100000 1.79084000e+00
-15.33100000 1.82453000e+00
-15.30100000 1.80184000e+00
-15.27100000 1.87830000e+00
-15.24100000 2.18142000e+00
-15.21100000 2.36758000e+00
-15.18100000 2.38300000e+00
-15.15100000 2.75762000e+00
-15.12100000 3.81945000e+00
-15.09100000 6.12467000e+00
-15.06100000 9.85862000e+00
-15.03100000 1.08380000e+01
-15.00100000 7.17376000e+00
-14.97100000 4.25660000e+00
-14.94100000 2.78192000e+00
-14.91100000 2.04660000e+00
-14.88100000 1.67417000e+00
-14.85100000 1.50757000e+00
-14.82100000 1.48331000e+00
-14.79100000 1.59893000e+00
-14.76100000 1.92248000e+00
-14.73100000 2.62239000e+00
-14.70100000 4.10164000e+00
-14.67100000 6.64939000e+00
-14.64100000 7.49128000e+00
-14.61100000 4.99902000e+00
-14.58100000 3.01896000e+00
-14.55100000 1.98843000e+00
-14.52100000 1.41921000e+00
-14.49100000 1.09686000e+00
-14.46100000 9.01733000e-01
-14.43100000 7.79209000e-01
-14.40100000 7.03517000e-01
-14.37100000 6.61793000e-01
-14.34100000 6.48939000e-01
-14.31100000 6.50374000e-01
-14.28100000 6.53941000e-01
-14.25100000 6.85467000e-01
-14.22100000 7.55491000e-01
-14.19100000 8.79765000e-01
-14.16100000 1.11717000e+00
-14.13100000 1.56742000e+00
-14.10100000 1.95796000e+00
-14.07100000 1.77595000e+00
-14.04100000 1.66749000e+00
-14.01100000 1.98423000e+00
-13.98100000 2.91154000e+00
-13.95100000 4.58334000e+00
-13.92100000 5.27725000e+00
-13.89100000 4.06645000e+00
-13.86100000 3.34879000e+00
-13.83100000 3.11442000e+00
-13.80100000 2.39400000e+00
-13.77100000 1.86548000e+00
-13.74100000 1.83701000e+00
-13.71100000 2.34222000e+00
-13.68100000 3.18080000e+00
-13.65100000 2.94865000e+00
-13.62100000 1.96100000e+00
-13.59100000 1.32630000e+00
-13.56100000 9.78584000e-01
-13.53100000 7.82463000e-01
-13.50100000 6.92736000e-01
-13.47100000 6.86502000e-01
-13.44100000 7.67914000e-01
-13.41100000 9.38148000e-01
-13.38100000 1.11349000e+00
-13.35100000 1.19866000e+00
-13.32100000 9.91093000e-01
-13.29100000 7.89023000e-01
-13.26100000 7.17827000e-01
-13.23100000 6.86853000e-01
-13.20100000 7.54221000e-01
-13.17100000 9.18440000e-01
-13.14100000 8.52619000e-01
-13.11100000 6.20590000e-01
-13.06550000 4.32275000e-01
-13.03550000 3.72292000e-01
-13.00550000 3.37306000e-01
-12.97550000 3.22298000e-01
-12.94550000 3.23027000e-01
-12.91550000 3.31127000e-01
-12.88550000 3.33563000e-01
-12.85550000 3.48465000e-01
-12.82550000 3.94002000e-01
-12.79550000 4.76091000e-01
-12.76550000 5.15111000e-01
-12.73550000 4.78725000e-01
-12.70550000 4.82999000e-01
-12.67550000 5.14051000e-01
-12.64550000 4.96502000e-01
-12.61550000 4.85019000e-01
-12.58550000 5.13018000e-01
-12.55550000 5.80187000e-01
-12.52550000 6.96461000e-01
-12.49550000 8.91161000e-01
-12.46550000 1.21928000e+00
-12.43550000 1.76877000e+00
-12.40550000 2.79882000e+00
-12.37550000 4.76962000e+00
-12.34550000 6.61688000e+00
-12.31550000 5.18453000e+00
-12.28550000 3.05215000e+00
-12.25550000 1.88656000e+00
-12.22550000 1.31984000e+00
-12.19550000 1.04373000e+00
-12.16550000 9.14606000e-01
-12.13550000 8.84484000e-01
-12.10550000 9.53011000e-01
-12.07550000 1.03070000e+00
-12.04550000 1.08699000e+00
-12.01550000 1.28926000e+00
-11.98550000 1.54564000e+00
-11.95550000 1.77733000e+00
-11.92550000 2.30018000e+00
-11.89550000 2.86839000e+00
-11.86550000 3.51395000e+00
-11.83550000 4.01363000e+00
-11.80550000 3.64985000e+00
-11.77550000 3.40723000e+00
-11.74550000 3.26404000e+00
-11.71550000 2.99606000e+00
-11.68550000 2.78466000e+00
-11.65550000 3.19956000e+00
-11.62550000 3.81086000e+00
-11.59550000 3.68039000e+00
-11.56550000 3.45450000e+00
-11.53550000 3.20090000e+00
-11.50550000 3.26272000e+00
-11.47550000 2.85598000e+00
-11.44550000 1.95882000e+00
-11.41550000 1.42404000e+00
-11.38550000 1.21397000e+00
-11.35550000 1.22251000e+00
-11.32550000 1.46523000e+00
-11.29550000 2.00755000e+00
-11.26550000 2.36874000e+00
-11.23550000 1.97235000e+00
-11.20550000 1.54840000e+00
-11.17550000 1.40989000e+00
-11.14550000 1.53358000e+00
-11.11550000 1.94546000e+00
-11.08550000 2.75430000e+00
-11.05550000 3.81981000e+00
-11.02550000 5.19050000e+00
-10.99550000 7.89485000e+00
-10.96550000 1.06041000e+01
-10.93550000 8.44577000e+00
-10.90550000 5.16090000e+00
-10.87550000 3.17204000e+00
-10.84550000 2.13517000e+00
-10.81550000 1.59566000e+00
-10.78550000 1.24324000e+00
-10.75550000 1.00663000e+00
-10.72550000 8.81481000e-01
-10.69550000 8.39832000e-01
-10.66550000 8.83686000e-01
-10.63550000 9.90799000e-01
-10.60550000 1.05311000e+00
-10.57550000 1.20339000e+00
-10.54550000 1.64500000e+00
-10.51550000 2.49331000e+00
-10.48550000 3.35982000e+00
-10.45550000 3.27692000e+00
-10.42550000 2.20665000e+00
-10.39550000 1.44222000e+00
-10.36550000 1.06805000e+00
-10.33550000 8.88588000e-01
-10.28990000 8.24187000e-01
-10.25990000 8.46145000e-01
-10.22990000 9.74506000e-01
-10.19990000 1.20302000e+00
-10.16990000 1.39263000e+00
-10.13990000 1.15329000e+00
-10.10990000 8.42114000e-01
-10.07990000 6.94672000e-01
-10.04990000 6.31656000e-01
-10.01990000 5.71329000e-01
-9.98991000 5.44506000e-01
-9.95991000 5.91741000e-01
-9.92991000 7.40843000e-01
-9.89991000 1.02255000e+00
-9.86991000 1.29840000e+00
-9.83991000 1.36955000e+00
-9.80991000 1.18580000e+00
-9.77991000 9.76373000e-01
-9.74991000 9.49173000e-01
-9.71991000 1.14453000e+00
-9.68991000 1.66120000e+00
-9.65991000 2.66114000e+00
-9.62991000 3.64946000e+00
-9.59991000 3.06622000e+00
-9.56991000 1.93961000e+00
-9.53991000 1.35251000e+00
-9.50991000 1.10859000e+00
-9.47991000 9.20364000e-01
-9.44991000 7.69646000e-01
-9.41991000 7.29802000e-01
-9.38991000 7.72215000e-01
-9.35991000 7.66195000e-01
-9.32991000 8.22471000e-01
-9.29991000 1.05004000e+00
-9.26991000 1.26852000e+00
-9.23991000 1.13803000e+00
-9.20991000 8.44993000e-01
-9.17991000 6.36245000e-01
-9.14991000 5.55620000e-01
-9.11991000 5.77428000e-01
-9.08991000 6.36241000e-01
-9.05991000 5.97817000e-01
-9.02991000 4.89391000e-01
-8.99991000 4.41336000e-01
-8.96991000 4.05166000e-01
-8.93991000 3.36640000e-01
-8.90991000 2.79896000e-01
-8.87991000 2.34879000e-01
-8.84991000 2.07332000e-01
-8.81991000 1.93698000e-01
-8.78991000 1.89535000e-01
-8.75991000 1.93722000e-01
-8.72991000 2.07546000e-01
-8.69991000 2.34592000e-01
-8.66991000 2.64608000e-01
-8.63991000 3.11244000e-01
-8.60991000 4.00533000e-01
-8.57991000 4.39957000e-01
-8.54991000 3.77927000e-01
-8.51991000 3.55993000e-01
-8.48991000 4.08309000e-01
-8.45991000 4.71703000e-01
-8.42991000 4.88754000e-01
-8.39991000 4.97465000e-01
-8.36991000 5.47866000e-01
-8.33991000 5.41544000e-01
-8.30991000 4.25712000e-01
-8.27991000 3.09359000e-01
-8.24991000 2.49690000e-01
-8.21991000 2.30217000e-01
-8.18991000 2.26578000e-01
-8.15991000 2.14879000e-01
-8.12991000 2.04604000e-01
-8.09991000 2.10892000e-01
-8.06991000 2.28195000e-01
-8.03991000 2.34338000e-01
-8.00991000 2.32956000e-01
-7.97991000 2.42770000e-01
-7.94991000 2.77270000e-01
-7.91991000 3.52695000e-01
-7.88991000 5.00890000e-01
-7.85991000 7.67687000e-01
-7.82991000 1.06284000e+00
-7.79991000 9.15249000e-01
-7.76991000 6.14760000e-01
-7.73991000 4.77673000e-01
-7.70991000 4.37148000e-01
-7.67991000 3.62890000e-01
-7.64991000 2.78911000e-01
-7.61991000 2.27093000e-01
-7.58991000 2.04212000e-01
-7.55991000 1.96032000e-01
-7.51437000 1.77580000e-01
-7.48437000 1.72744000e-01
-7.45437000 1.79790000e-01
-7.42437000 1.97151000e-01
-7.39437000 2.21094000e-01
-7.36437000 2.52603000e-01
-7.33437000 2.78650000e-01
-7.30437000 2.48297000e-01
-7.27437000 2.01907000e-01
-7.24437000 1.82134000e-01
-7.21437000 1.75823000e-01
-7.18437000 1.68310000e-01
-7.15437000 1.67817000e-01
-7.12437000 1.79638000e-01
-7.09437000 1.97503000e-01
-7.06437000 2.09888000e-01
-7.03437000 2.44224000e-01
-7.00437000 3.01788000e-01
-6.97437000 3.27576000e-01
-6.94437000 3.20974000e-01
-6.91437000 2.83970000e-01
-6.88437000 2.61338000e-01
-6.85437000 2.45190000e-01
-6.82437000 2.33139000e-01
-6.79437000 2.53159000e-01
-6.76437000 3.02540000e-01
-6.73437000 3.60805000e-01
-6.70437000 4.48241000e-01
-6.67437000 4.51769000e-01
-6.64437000 3.45369000e-01
-6.61437000 2.74774000e-01
-6.58437000 2.50881000e-01
-6.55437000 2.25421000e-01
-6.52437000 2.03185000e-01
-6.49437000 1.97449000e-01
-6.46437000 2.05823000e-01
-6.43437000 2.20131000e-01
-6.40437000 2.52773000e-01
-6.37437000 3.24447000e-01
-6.34437000 3.74317000e-01
-6.31437000 3.31858000e-01
-6.28437000 2.87883000e-01
-6.25437000 2.93582000e-01
-6.22437000 3.52479000e-01
-6.19437000 3.83081000e-01
-6.16437000 3.28859000e-01
-6.13437000 2.68154000e-01
-6.10437000 2.26813000e-01
-6.07437000 2.12732000e-01
-6.04437000 2.21550000e-01
-6.01437000 2.23926000e-01
-5.98437000 2.12101000e-01
-5.95437000 2.18928000e-01
-5.92437000 2.44140000e-01
-5.89437000 2.74553000e-01
-5.86437000 3.06939000e-01
-5.83437000 3.20657000e-01
-5.80437000 3.34673000e-01
-5.77437000 3.12993000e-01
-5.74437000 2.70322000e-01
-5.71437000 2.62293000e-01
-5.68437000 2.84840000e-01
-5.65437000 3.23149000e-01
-5.62437000 3.81826000e-01
-5.59437000 4.34787000e-01
-5.56437000 4.81815000e-01
-5.53437000 4.34807000e-01
-5.50437000 3.65937000e-01
-5.47437000 3.52366000e-01
-5.44437000 3.99927000e-01
-5.41437000 5.03107000e-01
-5.38437000 6.27492000e-01
-5.35437000 5.90081000e-01
-5.32437000 4.63283000e-01
-5.29437000 4.07741000e-01
-5.26437000 4.05834000e-01
-5.23437000 4.05660000e-01
-5.20437000 4.18683000e-01
-5.17437000 4.74273000e-01
-5.14437000 5.78972000e-01
-5.11437000 7.64804000e-01
-5.08437000 1.12763000e+00
-5.05437000 1.82678000e+00
-5.02437000 2.93316000e+00
-4.99437000 3.67200000e+00
-4.96437000 2.75819000e+00
-4.93437000 1.77852000e+00
-4.90437000 1.27345000e+00
-4.87437000 1.02761000e+00
-4.84437000 8.78736000e-01
-4.81437000 7.32877000e-01
-4.78437000 6.42991000e-01
-4.73882000 6.40356000e-01
-4.70882000 7.56758000e-01
-4.67882000 8.67456000e-01
-4.64882000 7.85506000e-01
-4.61882000 6.88639000e-01
-4.58882000 5.86013000e-01
-4.55882000 4.97064000e-01
-4.52882000 4.59630000e-01
-4.49882000 4.45604000e-01
-4.46882000 4.43093000e-01
-4.43882000 4.13440000e-01
-4.40882000 3.58322000e-01
-4.37882000 2.98879000e-01
-4.34882000 2.55549000e-01
-4.31882000 2.34488000e-01
-4.28882000 2.28149000e-01
-4.25882000 2.32461000e-01
-4.22882000 2.50548000e-01
-4.19882000 2.84183000e-01
-4.16882000 3.15078000e-01
-4.13882000 3.50218000e-01
-4.10882000 4.31376000e-01
-4.07882000 4.71304000e-01
-4.04882000 3.98353000e-01
-4.01882000 3.43080000e-01
-3.98882000 3.42333000e-01
-3.95882000 3.71317000e-01
-3.92882000 3.58472000e-01
-3.89882000 3.29152000e-01
-3.86882000 3.29728000e-01
-3.83882000 3.48020000e-01
-3.80882000 3.89393000e-01
-3.77882000 4.75636000e-01
-3.74882000 6.41956000e-01
-3.71882000 9.72040000e-01
-3.68882000 1.59622000e+00
-3.65882000 2.27096000e+00
-3.62882000 2.00216000e+00
-3.59882000 1.31094000e+00
-3.56882000 8.58141000e-01
-3.53882000 6.01141000e-01
-3.50882000 4.63025000e-01
-3.47882000 3.87624000e-01
-3.44882000 3.47522000e-01
-3.41882000 3.32465000e-01
-3.38882000 3.38760000e-01
-3.35882000 3.61778000e-01
-3.32882000 3.92869000e-01
-3.29882000 4.53609000e-01
-3.26882000 5.86325000e-01
-3.23882000 8.46675000e-01
-3.20882000 1.29230000e+00
-3.17882000 1.62809000e+00
-3.14882000 1.23843000e+00
-3.11882000 7.93140000e-01
-3.08882000 5.63715000e-01
-3.05882000 4.60467000e-01
-3.02882000 4.13746000e-01
-2.99882000 3.98042000e-01
-2.96882000 4.22669000e-01
-2.93882000 4.43027000e-01
-2.90882000 4.11259000e-01
-2.87882000 3.91440000e-01
-2.84882000 3.93125000e-01
-2.81882000 4.06849000e-01
-2.78882000 4.03488000e-01
-2.75882000 3.85288000e-01
-2.72882000 3.76199000e-01
-2.69882000 3.90856000e-01
-2.66882000 4.34852000e-01
-2.63882000 4.98770000e-01
-2.60882000 5.73222000e-01
-2.57882000 6.34731000e-01
-2.54882000 6.83019000e-01
-2.51882000 7.91542000e-01
-2.48882000 8.85526000e-01
-2.45882000 1.00433000e+00
-2.42882000 1.28612000e+00
-2.39882000 1.85528000e+00
-2.36882000 2.99755000e+00
-2.33882000 5.14448000e+00
-2.30882000 6.97345000e+00
-2.27882000 5.42798000e+00
-2.24882000 3.29307000e+00
-2.21882000 2.18931000e+00
-2.18882000 1.76783000e+00
-2.15882000 1.81307000e+00
-2.12882000 2.36464000e+00
-2.09882000 3.16756000e+00
-2.06882000 2.77625000e+00
-2.03882000 1.79554000e+00
-2.00882000 1.23073000e+00
-1.96328000 9.61593000e-01
-1.93328000 1.05211000e+00
-1.90328000 1.32170000e+00
-1.87328000 1.37081000e+00
-1.84328000 1.06756000e+00
-1.81328000 7.84203000e-01
-1.78328000 5.88567000e-01
-1.75328000 4.70642000e-01
-1.72328000 4.04545000e-01
-1.69328000 3.58234000e-01
-1.66328000 3.26522000e-01
-1.63328000 3.08272000e-01
-1.60328000 2.98526000e-01
-1.57328000 2.95937000e-01
-1.54328000 3.05969000e-01
-1.51328000 3.24777000e-01
-1.48328000 3.17891000e-01
-1.45328000 2.91575000e-01
-1.42328000 2.78706000e-01
-1.39328000 2.75443000e-01
-1.36328000 2.68230000e-01
-1.33328000 2.64326000e-01
-1.30328000 2.68700000e-01
-1.27328000 2.76916000e-01
-1.24328000 2.83651000e-01
-1.21328000 2.82396000e-01
-1.18328000 2.66953000e-01
-1.15328000 2.49935000e-01
-1.12328000 2.41466000e-01
-1.09328000 2.38803000e-01
-1.06328000 2.39733000e-01
-1.03328000 2.43631000e-01
-1.00328000 2.48786000e-01
-0.97327500 2.50256000e-01
-0.94327500 2.48251000e-01
-0.91327500 2.48240000e-01
-0.88327500 2.49516000e-01
-0.85327500 2.51671000e-01
-0.82327500 2.56125000e-01
-0.79327500 2.63277000e-01
-0.76327500 2.73300000e-01
-0.73327500 2.84276000e-01
-0.70327500 2.97852000e-01
-0.67327500 3.13031000e-01
-0.64327500 3.26227000e-01
-0.61327500 3.45997000e-01
-0.58327500 3.78664000e-01
-0.55327500 4.31179000e-01
-0.52327500 5.18591000e-01
-0.49327500 6.75272000e-01
-0.46327500 9.70644000e-01
-0.43327500 1.42250000e+00
-0.40327500 1.58164000e+00
-0.37327500 1.28665000e+00
-0.34327500 1.16638000e+00
-0.31327500 1.37644000e+00
-0.28327500 1.99321000e+00
-0.25327500 2.72482000e+00
-0.22327500 2.31524000e+00
-0.19327500 1.49707000e+00
-0.16327500 1.03169000e+00
-0.13327500 8.01950000e-01
-0.10327500 6.90752000e-01
-0.07327510 5.95680000e-01
-0.04327510 5.20560000e-01
-0.01327510 4.80149000e-01
0.01672490 4.64245000e-01
0.04672490 4.60359000e-01
0.07672490 4.60985000e-01
0.10672500 4.81107000e-01
0.13672500 5.38718000e-01
0.16672500 6.34095000e-01
0.19672500 6.77500000e-01
0.22672500 6.84740000e-01
0.25672500 7.82242000e-01
0.28672500 1.02615000e+00
0.31672500 1.42081000e+00
0.34672500 1.58038000e+00
0.37672500 1.28815000e+00
0.40672500 1.07662000e+00
0.43672500 1.09736000e+00
0.46672500 1.30543000e+00
0.49672500 1.43192000e+00
0.52672500 1.50472000e+00
0.55672500 1.72135000e+00
0.58672500 1.98203000e+00
0.61672500 1.83652000e+00
0.64672500 1.39148000e+00
0.67672500 1.18814000e+00
0.70672500 1.23132000e+00
0.73672500 1.55091000e+00
0.76672500 1.91155000e+00
