# E(MeV)  S_GAMTGAMT(K=1) for As112_DDPCX
-26.94320000 3.12403000e-04
-26.91320000 5.81118000e-04
-26.88320000 7.36491000e-04
-26.85320000 8.28625000e-04
-26.82320000 8.86127000e-04
-26.79320000 9.22768000e-04
-26.76320000 9.45138000e-04
-26.73320000 9.56037000e-04
-26.70320000 9.55232000e-04
-26.67320000 9.39041000e-04
-26.64320000 9.01720000e-04
-26.61320000 8.49259000e-04
-26.58320000 7.68354000e-04
-26.55320000 5.86619000e-04
-26.52320000 1.99266000e-04
-26.49320000 -3.61916000e-04
-26.46320000 -2.97178000e-04
-26.43320000 2.86802000e-04
-26.40320000 6.64916000e-04
-26.37320000 8.57114000e-04
-26.34320000 9.60517000e-04
-26.31320000 1.02169000e-03
-26.28320000 1.06111000e-03
-26.25320000 1.08837000e-03
-26.22320000 1.10831000e-03
-26.19320000 1.12355000e-03
-26.16320000 1.13557000e-03
-26.13320000 1.14521000e-03
-26.10320000 1.15293000e-03
-26.07320000 1.15886000e-03
-26.04320000 1.16284000e-03
-26.01320000 1.16419000e-03
-25.98320000 1.16123000e-03
-25.95320000 1.15000000e-03
-25.92320000 1.12172000e-03
-25.89320000 1.06975000e-03
-25.86320000 1.05273000e-03
-25.83320000 1.10961000e-03
-25.80320000 1.15578000e-03
-25.77320000 1.17864000e-03
-25.74320000 1.18779000e-03
-25.71320000 1.18665000e-03
-25.68320000 1.17231000e-03
-25.65320000 1.13402000e-03
-25.62320000 1.06335000e-03
-25.59320000 1.04028000e-03
-25.56320000 1.11809000e-03
-25.53320000 1.18247000e-03
-25.50320000 1.21717000e-03
-25.47320000 1.23679000e-03
-25.44320000 1.24933000e-03
-25.41320000 1.25836000e-03
-25.38320000 1.26563000e-03
-25.35320000 1.27221000e-03
-25.32320000 1.27909000e-03
-25.29320000 1.28763000e-03
-25.26320000 1.30036000e-03
-25.23320000 1.32258000e-03
-25.20320000 1.36656000e-03
-25.17320000 1.46235000e-03
-25.14320000 1.68284000e-03
-25.11320000 2.12876000e-03
-25.08320000 2.25303000e-03
-25.05320000 3.67040000e-04
-25.02320000 -2.21505000e-03
-24.99320000 -2.13308000e-03
-24.96320000 -6.22644000e-04
-24.93320000 2.92863000e-04
-24.90320000 7.42159000e-04
-24.87320000 9.75499000e-04
-24.84320000 1.10813000e-03
-24.81320000 1.19005000e-03
-24.78320000 1.24438000e-03
-24.75320000 1.28265000e-03
-24.72320000 1.31107000e-03
-24.69320000 1.33319000e-03
-24.66320000 1.35115000e-03
-24.63320000 1.36636000e-03
-24.60320000 1.37985000e-03
-24.57320000 1.39262000e-03
-24.54320000 1.40595000e-03
-24.51320000 1.42076000e-03
-24.48320000 1.43123000e-03
-24.45320000 1.43385000e-03
-24.42320000 1.43721000e-03
-24.39320000 1.44258000e-03
-24.36320000 1.44907000e-03
-24.33320000 1.45643000e-03
-24.30320000 1.46504000e-03
-24.27320000 1.47612000e-03
-24.24320000 1.49056000e-03
-24.21320000 1.49955000e-03
-24.16760000 1.49698000e-03
-24.13760000 1.49845000e-03
-24.10760000 1.50222000e-03
-24.07760000 1.50705000e-03
-24.04760000 1.51243000e-03
-24.01760000 1.51810000e-03
-23.98760000 1.52396000e-03
-23.95760000 1.52999000e-03
-23.92760000 1.53616000e-03
-23.89760000 1.54250000e-03
-23.86760000 1.54905000e-03
-23.83760000 1.55588000e-03
-23.80760000 1.56312000e-03
-23.77760000 1.57103000e-03
-23.74760000 1.58008000e-03
-23.71760000 1.59129000e-03
-23.68760000 1.60695000e-03
-23.65760000 1.63176000e-03
-23.62760000 1.66709000e-03
-23.59760000 1.68420000e-03
-23.56760000 1.67114000e-03
-23.53760000 1.65283000e-03
-23.50760000 1.64515000e-03
-23.47760000 1.64538000e-03
-23.44760000 1.64950000e-03
-23.41760000 1.65651000e-03
-23.38760000 1.66696000e-03
-23.35760000 1.68036000e-03
-23.32760000 1.68900000e-03
-23.29760000 1.69402000e-03
-23.26760000 1.70322000e-03
-23.23760000 1.71777000e-03
-23.20760000 1.73929000e-03
-23.17760000 1.77265000e-03
-23.14760000 1.82622000e-03
-23.11760000 1.90140000e-03
-23.08760000 2.02040000e-03
-23.05760000 2.23274000e-03
-23.02760000 2.32646000e-03
-22.99760000 2.12505000e-03
-22.96760000 1.95479000e-03
-22.93760000 1.87102000e-03
-22.90760000 1.83141000e-03
-22.87760000 1.81232000e-03
-22.84760000 1.80366000e-03
-22.81760000 1.80075000e-03
-22.78760000 1.80122000e-03
-22.75760000 1.80382000e-03
-22.72760000 1.80786000e-03
-22.69760000 1.81293000e-03
-22.66760000 1.81879000e-03
-22.63760000 1.82530000e-03
-22.60760000 1.83240000e-03
-22.57760000 1.84011000e-03
-22.54760000 1.84855000e-03
-22.51760000 1.85801000e-03
-22.48760000 1.86916000e-03
-22.45760000 1.88356000e-03
-22.42760000 1.90403000e-03
-22.39760000 1.92697000e-03
-22.36760000 1.93086000e-03
-22.33760000 1.92711000e-03
-22.30760000 1.93014000e-03
-22.27760000 1.93847000e-03
-22.24760000 1.95034000e-03
-22.21760000 1.96539000e-03
-22.18760000 1.98428000e-03
-22.15760000 2.00875000e-03
-22.12760000 2.04194000e-03
-22.09760000 2.08818000e-03
-22.06760000 2.15884000e-03
-22.03760000 2.28347000e-03
-22.00760000 2.52364000e-03
-21.97760000 2.95410000e-03
-21.94760000 3.24579000e-03
-21.91760000 2.89823000e-03
-21.88760000 2.54642000e-03
-21.85760000 2.39733000e-03
-21.82760000 2.35312000e-03
-21.79760000 2.29641000e-03
-21.76760000 2.24793000e-03
-21.73760000 2.25159000e-03
-21.70760000 2.28270000e-03
-21.67760000 2.25512000e-03
-21.64760000 2.20709000e-03
-21.61760000 2.18775000e-03
-21.58760000 2.19313000e-03
-21.55760000 2.22159000e-03
-21.52760000 2.25654000e-03
-21.49760000 2.25094000e-03
-21.46760000 2.22908000e-03
-21.43760000 2.21151000e-03
-21.39210000 2.20778000e-03
-21.36210000 2.21606000e-03
-21.33210000 2.23070000e-03
-21.30210000 2.24820000e-03
-21.27210000 2.25503000e-03
-21.24210000 2.26076000e-03
-21.21210000 2.27387000e-03
-21.18210000 2.28863000e-03
-21.15210000 2.30588000e-03
-21.12210000 2.31434000e-03
-21.09210000 2.31804000e-03
-21.06210000 2.32698000e-03
-21.03210000 2.34102000e-03
-21.00210000 2.35708000e-03
-20.97210000 2.36729000e-03
-20.94210000 2.38307000e-03
-20.91210000 2.40980000e-03
-20.88210000 2.43564000e-03
-20.85210000 2.45307000e-03
-20.82210000 2.48157000e-03
-20.79210000 2.53270000e-03
-20.76210000 2.62212000e-03
-20.73210000 2.67871000e-03
-20.70210000 2.62713000e-03
-20.67210000 2.59067000e-03
-20.64210000 2.60388000e-03
-20.61210000 2.66332000e-03
-20.58210000 2.72161000e-03
-20.55210000 2.68915000e-03
-20.52210000 2.64910000e-03
-20.49210000 2.63888000e-03
-20.46210000 2.64415000e-03
-20.43210000 2.66472000e-03
-20.40210000 2.69922000e-03
-20.37210000 2.73768000e-03
-20.34210000 2.78586000e-03
-20.31210000 2.86512000e-03
-20.28210000 3.00062000e-03
-20.25210000 3.24604000e-03
-20.22210000 3.68143000e-03
-20.19210000 4.25628000e-03
-20.16210000 4.77216000e-03
-20.13210000 4.48670000e-03
-20.10210000 3.76430000e-03
-20.07210000 3.33877000e-03
-20.04210000 3.13793000e-03
-20.01210000 3.03907000e-03
-19.98210000 2.98554000e-03
-19.95210000 2.96319000e-03
-19.92210000 2.96409000e-03
-19.89210000 2.98745000e-03
-19.86210000 3.03491000e-03
-19.83210000 3.08136000e-03
-19.80210000 3.11944000e-03
-19.77210000 3.20426000e-03
-19.74210000 3.32306000e-03
-19.71210000 3.29854000e-03
-19.68210000 3.20987000e-03
-19.65210000 3.15353000e-03
-19.62210000 3.12728000e-03
-19.59210000 3.12301000e-03
-19.56210000 3.12679000e-03
-19.53210000 3.13580000e-03
-19.50210000 3.15300000e-03
-19.47210000 3.17741000e-03
-19.44210000 3.20314000e-03
-19.41210000 3.22458000e-03
-19.38210000 3.25007000e-03
-19.35210000 3.28314000e-03
-19.32210000 3.32656000e-03
-19.29210000 3.37616000e-03
-19.26210000 3.40535000e-03
-19.23210000 3.42863000e-03
-19.20210000 3.46473000e-03
-19.17210000 3.51051000e-03
-19.14210000 3.56463000e-03
-19.11210000 3.63037000e-03
-19.08210000 3.69267000e-03
-19.05210000 3.76006000e-03
-19.02210000 3.85656000e-03
-18.99210000 3.99435000e-03
-18.96210000 4.18680000e-03
-18.93210000 4.47044000e-03
-18.90210000 4.95731000e-03
-18.87210000 5.87638000e-03
-18.84210000 7.57336000e-03
-18.81210000 9.20883000e-03
-18.78210000 8.22187000e-03
-18.75210000 6.73489000e-03
-18.72210000 6.19820000e-03
-18.69210000 6.48791000e-03
-18.66210000 7.65385000e-03
-18.61650000 9.13891000e-03
-18.58650000 7.59236000e-03
-18.55650000 6.30556000e-03
-18.52650000 5.73928000e-03
-18.49650000 5.59612000e-03
-18.46650000 5.75248000e-03
-18.43650000 6.25715000e-03
-18.40650000 7.24255000e-03
-18.37650000 8.28979000e-03
-18.34650000 8.91788000e-03
-18.31650000 1.04559000e-02
-18.28650000 1.23005000e-02
-18.25650000 1.08528000e-02
-18.22650000 8.66904000e-03
-18.19650000 7.57539000e-03
-18.16650000 7.14564000e-03
-18.13650000 7.21614000e-03
-18.10650000 7.56710000e-03
-18.07650000 8.04143000e-03
-18.04650000 8.39708000e-03
-18.01650000 8.97535000e-03
-17.98650000 1.02636000e-02
-17.95650000 1.25897000e-02
-17.92650000 1.70913000e-02
-17.89650000 2.53279000e-02
-17.86650000 3.78920000e-02
-17.83650000 4.15547000e-02
-17.80650000 2.88754000e-02
-17.77650000 1.90766000e-02
-17.74650000 1.44090000e-02
-17.71650000 1.24852000e-02
-17.68650000 1.21856000e-02
-17.65650000 1.33625000e-02
-17.62650000 1.66767000e-02
-17.59650000 2.38379000e-02
-17.56650000 3.34333000e-02
-17.53650000 3.09552000e-02
-17.50650000 2.11771000e-02
-17.47650000 1.51605000e-02
-17.44650000 1.18847000e-02
-17.41650000 1.00698000e-02
-17.38650000 9.09484000e-03
-17.35650000 8.60039000e-03
-17.32650000 8.41929000e-03
-17.29650000 8.45883000e-03
-17.26650000 8.68272000e-03
-17.23650000 9.22502000e-03
-17.20650000 1.02825000e-02
-17.17650000 1.20651000e-02
-17.14650000 1.54630000e-02
-17.11650000 2.10094000e-02
-17.08650000 2.20128000e-02
-17.05650000 1.67208000e-02
-17.02650000 1.29526000e-02
-16.99650000 1.12406000e-02
-16.96650000 1.05696000e-02
-16.93650000 1.05235000e-02
-16.90650000 1.09429000e-02
-16.87650000 1.18220000e-02
-16.84650000 1.35399000e-02
-16.81650000 1.48421000e-02
-16.78650000 1.40996000e-02
-16.75650000 1.37143000e-02
-16.72650000 1.44902000e-02
-16.69650000 1.64746000e-02
-16.66650000 2.01683000e-02
-16.63650000 2.74098000e-02
-16.60650000 4.15947000e-02
-16.57650000 5.98079000e-02
-16.54650000 5.73672000e-02
-16.51650000 3.97886000e-02
-16.48650000 2.89182000e-02
-16.45650000 2.46455000e-02
-16.42650000 2.44006000e-02
-16.39650000 2.77455000e-02
-16.36650000 3.64441000e-02
-16.33650000 5.47457000e-02
-16.30650000 7.93080000e-02
-16.27650000 7.68366000e-02
-16.24650000 5.14703000e-02
-16.21650000 3.41235000e-02
-16.18650000 2.54895000e-02
-16.15650000 2.12079000e-02
-16.12650000 1.90835000e-02
-16.09650000 1.81263000e-02
-16.06650000 1.78069000e-02
-16.03650000 1.76407000e-02
-16.00650000 1.78335000e-02
-15.97650000 1.78462000e-02
-15.94650000 1.76968000e-02
-15.91650000 1.79700000e-02
-15.88650000 1.86657000e-02
-15.84100000 2.05089000e-02
-15.81100000 2.23740000e-02
-15.78100000 2.49603000e-02
-15.75100000 2.87855000e-02
-15.72100000 3.47888000e-02
-15.69100000 4.44683000e-02
-15.66100000 6.19618000e-02
-15.63100000 9.58970000e-02
-15.60100000 1.42206000e-01
-15.57100000 1.39440000e-01
-15.54100000 1.04366000e-01
-15.51100000 8.87854000e-02
-15.48100000 9.77893000e-02
-15.45100000 1.13532000e-01
-15.42100000 9.82696000e-02
-15.39100000 7.68543000e-02
-15.36100000 6.73149000e-02
-15.33100000 7.09584000e-02
-15.30100000 9.01213000e-02
-15.27100000 1.24823000e-01
-15.24100000 1.31218000e-01
-15.21100000 9.91292000e-02
-15.18100000 7.77490000e-02
-15.15100000 6.98120000e-02
-15.12100000 6.91734000e-02
-15.09100000 7.35989000e-02
-15.06100000 8.35437000e-02
-15.03100000 9.90652000e-02
-15.00100000 1.10144000e-01
-14.97100000 9.90566000e-02
-14.94100000 9.02365000e-02
-14.91100000 9.01362000e-02
-14.88100000 9.56274000e-02
-14.85100000 1.06583000e-01
-14.82100000 1.23597000e-01
-14.79100000 1.48271000e-01
-14.76100000 1.83600000e-01
-14.73100000 2.35521000e-01
-14.70100000 3.18254000e-01
-14.67100000 4.54014000e-01
-14.64100000 6.88421000e-01
-14.61100000 1.15025000e+00
-14.58100000 2.00024000e+00
-14.55100000 2.61884000e+00
-14.52100000 1.98469000e+00
-14.49100000 1.37259000e+00
-14.46100000 1.25489000e+00
-14.43100000 1.23475000e+00
-14.40100000 8.68670000e-01
-14.37100000 5.45332000e-01
-14.34100000 3.71994000e-01
-14.31100000 2.82916000e-01
-14.28100000 2.38964000e-01
-14.25100000 2.09689000e-01
-14.22100000 1.83525000e-01
-14.19100000 1.71140000e-01
-14.16100000 1.73906000e-01
-14.13100000 1.96188000e-01
-14.10100000 2.52192000e-01
-14.07100000 3.42845000e-01
-14.04100000 3.62348000e-01
-14.01100000 2.88762000e-01
-13.98100000 2.30943000e-01
-13.95100000 2.11059000e-01
-13.92100000 2.16449000e-01
-13.89100000 2.41227000e-01
-13.86100000 2.87339000e-01
-13.83100000 3.64283000e-01
-13.80100000 4.93330000e-01
-13.77100000 7.20577000e-01
-13.74100000 1.15367000e+00
-13.71100000 1.99058000e+00
-13.68100000 3.09584000e+00
-13.65100000 3.30960000e+00
-13.62100000 2.82137000e+00
-13.59100000 1.85302000e+00
-13.56100000 1.09838000e+00
-13.53100000 6.93228000e-01
-13.50100000 4.79741000e-01
-13.47100000 3.58065000e-01
-13.44100000 2.83232000e-01
-13.41100000 2.36301000e-01
-13.38100000 2.06740000e-01
-13.35100000 1.88778000e-01
-13.32100000 1.78304000e-01
-13.29100000 1.73398000e-01
-13.26100000 1.75334000e-01
-13.23100000 1.84796000e-01
-13.20100000 2.03211000e-01
-13.17100000 2.34547000e-01
-13.14100000 2.87443000e-01
-13.11100000 3.80227000e-01
-13.06550000 6.98361000e-01
-13.03550000 1.09954000e+00
-13.00550000 1.28319000e+00
-12.97550000 1.02820000e+00
-12.94550000 8.99965000e-01
-12.91550000 1.02903000e+00
-12.88550000 1.48026000e+00
-12.85550000 2.46654000e+00
-12.82550000 3.76730000e+00
-12.79550000 3.39595000e+00
-12.76550000 2.06963000e+00
-12.73550000 1.30579000e+00
-12.70550000 9.99298000e-01
-12.67550000 9.86189000e-01
-12.64550000 1.27276000e+00
-12.61550000 1.80612000e+00
-12.58550000 1.74153000e+00
-12.55550000 1.09235000e+00
-12.52550000 6.59508000e-01
-12.49550000 4.36657000e-01
-12.46550000 3.12896000e-01
-12.43550000 2.36354000e-01
-12.40550000 1.87323000e-01
-12.37550000 1.54171000e-01
-12.34550000 1.30956000e-01
-12.31550000 1.14924000e-01
-12.28550000 1.04901000e-01
-12.25550000 1.01197000e-01
-12.22550000 1.06068000e-01
-12.19550000 1.14945000e-01
-12.16550000 1.01685000e-01
-12.13550000 7.93001000e-02
-12.10550000 6.49422000e-02
-12.07550000 5.62060000e-02
-12.04550000 5.02650000e-02
-12.01550000 4.58373000e-02
-11.98550000 4.23556000e-02
-11.95550000 3.95183000e-02
-11.92550000 3.71420000e-02
-11.89550000 3.51149000e-02
-11.86550000 3.33645000e-02
-11.83550000 3.18436000e-02
-11.80550000 3.05240000e-02
-11.77550000 2.93966000e-02
-11.74550000 2.84811000e-02
-11.71550000 2.78544000e-02
-11.68550000 2.76488000e-02
-11.65550000 2.74931000e-02
-11.62550000 2.62916000e-02
-11.59550000 2.49376000e-02
-11.56550000 2.39885000e-02
-11.53550000 2.33141000e-02
-11.50550000 2.28145000e-02
-11.47550000 2.24425000e-02
-11.44550000 2.21795000e-02
-11.41550000 2.20847000e-02
-11.38550000 2.22558000e-02
-11.35550000 2.28134000e-02
-11.32550000 2.37053000e-02
-11.29550000 2.53872000e-02
-11.26550000 2.88418000e-02
-11.23550000 3.14823000e-02
-11.20550000 2.99667000e-02
-11.17550000 2.98594000e-02
-11.14550000 2.99471000e-02
-11.11550000 2.64986000e-02
-11.08550000 2.36570000e-02
-11.05550000 2.23713000e-02
-11.02550000 2.20576000e-02
-10.99550000 2.23569000e-02
-10.96550000 2.33825000e-02
-10.93550000 2.43857000e-02
-10.90550000 2.40460000e-02
-10.87550000 2.37269000e-02
-10.84550000 2.47931000e-02
-10.81550000 2.77227000e-02
-10.78550000 3.27366000e-02
-10.75550000 3.96916000e-02
-10.72550000 4.80720000e-02
-10.69550000 4.74805000e-02
-10.66550000 3.83275000e-02
-10.63550000 3.32607000e-02
-10.60550000 3.30538000e-02
-10.57550000 3.74262000e-02
-10.54550000 4.82694000e-02
-10.51550000 6.60327000e-02
-10.48550000 7.41044000e-02
-10.45550000 5.67636000e-02
-10.42550000 4.13313000e-02
-10.39550000 3.39715000e-02
-10.36550000 3.09358000e-02
-10.33550000 3.01413000e-02
-10.28990000 3.33622000e-02
-10.25990000 3.94692000e-02
-10.22990000 4.68091000e-02
-10.19990000 4.85207000e-02
-10.16990000 5.06832000e-02
-10.13990000 5.45294000e-02
-10.10990000 5.30473000e-02
-10.07990000 4.96954000e-02
-10.04990000 4.70884000e-02
-10.01990000 4.51935000e-02
-9.98991000 4.57991000e-02
-9.95991000 4.87365000e-02
-9.92991000 4.97187000e-02
-9.89991000 5.35025000e-02
-9.86991000 6.43461000e-02
-9.83991000 8.25645000e-02
-9.80991000 1.09307000e-01
-9.77991000 1.47517000e-01
-9.74991000 2.10392000e-01
-9.71991000 2.38615000e-01
-9.68991000 1.79499000e-01
-9.65991000 1.33157000e-01
-9.62991000 1.10546000e-01
-9.59991000 9.62551000e-02
-9.56991000 8.84491000e-02
-9.53991000 8.99663000e-02
-9.50991000 8.29053000e-02
-9.47991000 7.24346000e-02
-9.44991000 7.19290000e-02
-9.41991000 8.20629000e-02
-9.38991000 1.02681000e-01
-9.35991000 1.34731000e-01
-9.32991000 1.59785000e-01
-9.29991000 1.55612000e-01
-9.26991000 1.33481000e-01
-9.23991000 1.07652000e-01
-9.20991000 9.60016000e-02
-9.17991000 9.75759000e-02
-9.14991000 1.15849000e-01
-9.11991000 1.59007000e-01
-9.08991000 2.27123000e-01
-9.05991000 2.37056000e-01
-9.02991000 1.77075000e-01
-8.99991000 1.43838000e-01
-8.96991000 1.47352000e-01
-8.93991000 1.80150000e-01
-8.90991000 2.19291000e-01
-8.87991000 2.19868000e-01
-8.84991000 1.92720000e-01
-8.81991000 1.78728000e-01
-8.78991000 1.89043000e-01
-8.75991000 2.02597000e-01
-8.72991000 1.83670000e-01
-8.69991000 1.69570000e-01
-8.66991000 1.72619000e-01
-8.63991000 1.90440000e-01
-8.60991000 2.28755000e-01
-8.57991000 2.93732000e-01
-8.54991000 3.96205000e-01
-8.51991000 5.47309000e-01
-8.48991000 6.74552000e-01
-8.45991000 7.58832000e-01
-8.42991000 8.30713000e-01
-8.39991000 7.17244000e-01
-8.36991000 5.33749000e-01
-8.33991000 4.34067000e-01
-8.30991000 4.15986000e-01
-8.27991000 4.21913000e-01
-8.24991000 4.35615000e-01
-8.21991000 4.35568000e-01
-8.18991000 4.00156000e-01
-8.15991000 4.06762000e-01
-8.12991000 4.52336000e-01
-8.09991000 5.58976000e-01
-8.06991000 7.45392000e-01
-8.03991000 8.81046000e-01
-8.00991000 8.90425000e-01
-7.97991000 1.08424000e+00
-7.94991000 1.52472000e+00
-7.91991000 1.58834000e+00
-7.88991000 1.14495000e+00
-7.85991000 8.31020000e-01
-7.82991000 6.99606000e-01
-7.79991000 7.42562000e-01
-7.76991000 9.50708000e-01
-7.73991000 1.19140000e+00
-7.70991000 1.28944000e+00
-7.67991000 9.85914000e-01
-7.64991000 6.87474000e-01
-7.61991000 5.35008000e-01
-7.58991000 4.83897000e-01
-7.55991000 5.01503000e-01
-7.51437000 6.73401000e-01
-7.48437000 9.00771000e-01
-7.45437000 1.24693000e+00
-7.42437000 1.41505000e+00
-7.39437000 1.05575000e+00
-7.36437000 7.68453000e-01
-7.33437000 6.71972000e-01
-7.30437000 6.54057000e-01
-7.27437000 6.13830000e-01
-7.24437000 6.35885000e-01
-7.21437000 7.95303000e-01
-7.18437000 1.03395000e+00
-7.15437000 1.03671000e+00
-7.12437000 9.78161000e-01
-7.09437000 1.14007000e+00
-7.06437000 1.62734000e+00
-7.03437000 2.46312000e+00
-7.00437000 3.06204000e+00
-6.97437000 3.40746000e+00
-6.94437000 3.87742000e+00
-6.91437000 3.57864000e+00
-6.88437000 2.60480000e+00
-6.85437000 1.73050000e+00
-6.82437000 1.33416000e+00
-6.79437000 1.14762000e+00
-6.76437000 9.31332000e-01
-6.73437000 7.84333000e-01
-6.70437000 6.58871000e-01
-6.67437000 5.79533000e-01
-6.64437000 5.26188000e-01
-6.61437000 4.26486000e-01
-6.58437000 3.44335000e-01
-6.55437000 2.98073000e-01
-6.52437000 2.73214000e-01
-6.49437000 2.73197000e-01
-6.46437000 2.96356000e-01
-6.43437000 3.18046000e-01
-6.40437000 3.19469000e-01
-6.37437000 3.39995000e-01
-6.34437000 4.05692000e-01
-6.31437000 5.30122000e-01
-6.28437000 7.32886000e-01
-6.25437000 1.08639000e+00
-6.22437000 1.54612000e+00
-6.19437000 1.63048000e+00
-6.16437000 1.27282000e+00
-6.13437000 1.02291000e+00
-6.10437000 8.44537000e-01
-6.07437000 7.70932000e-01
-6.04437000 8.76605000e-01
-6.01437000 1.15855000e+00
-5.98437000 1.36799000e+00
-5.95437000 1.41578000e+00
-5.92437000 1.22024000e+00
-5.89437000 9.04543000e-01
-5.86437000 7.21369000e-01
-5.83437000 6.74088000e-01
-5.80437000 7.36584000e-01
-5.77437000 7.61035000e-01
-5.74437000 7.51730000e-01
-5.71437000 8.88476000e-01
-5.68437000 1.11590000e+00
-5.65437000 1.04674000e+00
-5.62437000 8.98901000e-01
-5.59437000 9.02821000e-01
-5.56437000 9.62088000e-01
-5.53437000 1.11039000e+00
-5.50437000 1.27031000e+00
-5.47437000 1.33785000e+00
-5.44437000 1.47320000e+00
-5.41437000 1.79813000e+00
-5.38437000 2.58645000e+00
-5.35437000 3.77045000e+00
-5.32437000 3.74523000e+00
-5.29437000 2.46405000e+00
-5.26437000 1.53742000e+00
-5.23437000 1.10130000e+00
-5.20437000 9.36269000e-01
-5.17437000 9.62776000e-01
-5.14437000 1.20924000e+00
-5.11437000 1.66281000e+00
-5.08437000 1.75741000e+00
-5.05437000 1.49056000e+00
-5.02437000 1.50133000e+00
-4.99437000 1.70311000e+00
-4.96437000 1.44170000e+00
-4.93437000 1.00012000e+00
-4.90437000 7.72794000e-01
-4.87437000 7.10217000e-01
-4.84437000 7.12709000e-01
-4.81437000 7.85780000e-01
-4.78437000 9.50174000e-01
-4.73882000 1.12922000e+00
-4.70882000 1.32984000e+00
-4.67882000 1.80941000e+00
-4.64882000 2.09471000e+00
-4.61882000 1.58307000e+00
-4.58882000 1.11058000e+00
-4.55882000 9.07204000e-01
-4.52882000 8.84031000e-01
-4.49882000 1.01414000e+00
-4.46882000 1.27364000e+00
-4.43882000 1.65953000e+00
-4.40882000 1.80129000e+00
-4.37882000 1.59171000e+00
-4.34882000 1.42215000e+00
-4.31882000 1.23733000e+00
-4.28882000 1.17259000e+00
-4.25882000 1.05161000e+00
-4.22882000 9.35004000e-01
-4.19882000 1.00712000e+00
-4.16882000 1.19716000e+00
-4.13882000 1.14534000e+00
-4.10882000 9.62536000e-01
-4.07882000 9.00170000e-01
-4.04882000 9.79293000e-01
-4.01882000 1.14951000e+00
-3.98882000 1.36698000e+00
-3.95882000 1.56004000e+00
-3.92882000 1.72237000e+00
-3.89882000 1.96268000e+00
-3.86882000 2.26965000e+00
-3.83882000 2.97512000e+00
-3.80882000 4.36981000e+00
-3.77882000 6.94817000e+00
-3.74882000 1.07158000e+01
-3.71882000 1.10099000e+01
-3.68882000 7.83186000e+00
-3.65882000 6.10950000e+00
-3.62882000 5.57643000e+00
-3.59882000 4.97261000e+00
-3.56882000 4.24737000e+00
-3.53882000 4.15964000e+00
-3.50882000 3.90207000e+00
-3.47882000 3.30023000e+00
-3.44882000 3.19270000e+00
-3.41882000 3.27502000e+00
-3.38882000 3.48143000e+00
-3.35882000 4.26217000e+00
-3.32882000 5.88245000e+00
-3.29882000 8.56453000e+00
-3.26882000 1.09625000e+01
-3.23882000 9.51879000e+00
-3.20882000 7.09633000e+00
-3.17882000 6.47714000e+00
-3.14882000 6.12301000e+00
-3.11882000 4.50015000e+00
-3.08882000 3.09772000e+00
-3.05882000 2.17825000e+00
-3.02882000 1.62410000e+00
-2.99882000 1.34532000e+00
-2.96882000 1.24624000e+00
-2.93882000 1.30671000e+00
-2.90882000 1.59756000e+00
-2.87882000 2.30965000e+00
-2.84882000 3.51884000e+00
-2.81882000 3.78275000e+00
-2.78882000 2.59136000e+00
-2.75882000 1.66406000e+00
-2.72882000 1.19766000e+00
-2.69882000 9.99421000e-01
-2.66882000 9.45948000e-01
-2.63882000 9.12465000e-01
-2.60882000 9.29173000e-01
-2.57882000 9.15637000e-01
-2.54882000 8.79048000e-01
-2.51882000 9.20149000e-01
-2.48882000 1.07065000e+00
-2.45882000 1.39817000e+00
-2.42882000 2.03104000e+00
-2.39882000 3.03547000e+00
-2.36882000 3.41319000e+00
-2.33882000 2.87934000e+00
-2.30882000 2.31956000e+00
-2.27882000 1.68496000e+00
-2.24882000 1.19922000e+00
-2.21882000 1.00154000e+00
-2.18882000 1.01215000e+00
-2.15882000 1.08452000e+00
-2.12882000 1.01435000e+00
-2.09882000 8.41040000e-01
-2.06882000 6.72294000e-01
-2.03882000 5.89492000e-01
-2.00882000 5.64556000e-01
-1.96328000 6.21889000e-01
-1.93328000 6.37637000e-01
-1.90328000 5.69314000e-01
-1.87328000 5.10074000e-01
-1.84328000 5.38149000e-01
-1.81328000 5.99216000e-01
-1.78328000 7.00634000e-01
-1.75328000 8.66551000e-01
-1.72328000 8.35572000e-01
-1.69328000 6.49245000e-01
-1.66328000 5.08898000e-01
-1.63328000 4.29649000e-01
-1.60328000 3.89134000e-01
-1.57328000 3.90543000e-01
-1.54328000 4.31883000e-01
-1.51328000 5.55902000e-01
-1.48328000 6.99981000e-01
-1.45328000 5.88016000e-01
-1.42328000 4.06919000e-01
-1.39328000 3.13461000e-01
-1.36328000 2.82477000e-01
-1.33328000 2.91195000e-01
-1.30328000 3.13264000e-01
-1.27328000 3.05220000e-01
-1.24328000 2.67361000e-01
-1.21328000 2.52520000e-01
-1.18328000 2.67909000e-01
-1.15328000 2.93232000e-01
-1.12328000 3.18603000e-01
-1.09328000 3.24627000e-01
-1.06328000 3.44342000e-01
-1.03328000 3.74827000e-01
-1.00328000 4.17649000e-01
-0.97327500 5.19016000e-01
-0.94327500 5.81912000e-01
-0.91327500 5.12646000e-01
-0.88327500 4.66210000e-01
-0.85327500 4.35075000e-01
-0.82327500 3.51631000e-01
-0.79327500 2.91047000e-01
-0.76327500 2.66372000e-01
-0.73327500 2.63945000e-01
-0.70327500 2.76380000e-01
-0.67327500 2.99586000e-01
-0.64327500 3.37353000e-01
-0.61327500 3.82463000e-01
-0.58327500 4.27912000e-01
-0.55327500 4.99957000e-01
-0.52327500 6.10433000e-01
-0.49327500 7.62956000e-01
-0.46327500 1.01791000e+00
-0.43327500 1.50010000e+00
-0.40327500 2.37099000e+00
-0.37327500 3.50840000e+00
-0.34327500 4.24671000e+00
-0.31327500 3.53739000e+00
-0.28327500 2.70271000e+00
-0.25327500 2.34622000e+00
-0.22327500 2.26655000e+00
-0.19327500 1.98876000e+00
-0.16327500 1.84961000e+00
-0.13327500 2.01625000e+00
-0.10327500 2.08542000e+00
-0.07327510 1.79757000e+00
-0.04327510 1.40491000e+00
-0.01327510 1.14036000e+00
0.01672490 9.80115000e-01
0.04672490 8.24897000e-01
0.07672490 6.86994000e-01
0.10672500 6.25162000e-01
0.13672500 5.87795000e-01
0.16672500 5.48360000e-01
0.19672500 5.30545000e-01
0.22672500 5.26130000e-01
0.25672500 5.10617000e-01
0.28672500 5.22456000e-01
0.31672500 5.78358000e-01
0.34672500 6.96122000e-01
0.37672500 9.09457000e-01
0.40672500 1.16143000e+00
0.43672500 1.23164000e+00
0.46672500 1.22691000e+00
0.49672500 1.12264000e+00
0.52672500 1.07428000e+00
0.55672500 1.19086000e+00
0.58672500 1.52012000e+00
0.61672500 2.19578000e+00
0.64672500 3.27318000e+00
0.67672500 4.24477000e+00
0.70672500 4.18761000e+00
0.73672500 3.35743000e+00
0.76672500 2.58152000e+00
