# E(MeV)  S_NSDRNSDR(Total=K0+2*K1) for At220_DDPCX
-3.86520000 -1.10272900e+01
-3.83520000 -7.80527000e+00
-3.80520000 -4.70609000e+00
-3.77520000 -3.13903400e+00
-3.74520000 -2.56193800e+00
-3.71520000 -2.61460200e+00
-3.68520000 -2.57727200e+00
-3.65520000 -1.90313800e+00
-3.62520000 -1.38213900e+00
-3.59520000 -1.14595300e+00
-3.56520000 -1.01255900e+00
-3.53520000 -9.45316000e-01
-3.50520000 -1.03037600e+00
-3.47520000 -1.35593600e+00
-3.44520000 -1.93779400e+00
-3.39745000 -1.61675400e+00
-3.36745000 -1.03334000e+00
-3.33745000 -7.19797000e-01
-3.30745000 -5.61982000e-01
-3.27745000 -4.80404000e-01
-3.24745000 -4.40669600e-01
-3.21745000 -4.28762200e-01
-3.18745000 -4.40239400e-01
-3.15745000 -4.76616600e-01
-3.12745000 -5.45255000e-01
-3.09745000 -6.62230600e-01
-3.06745000 -8.60188600e-01
-3.03745000 -1.20783080e+00
-3.00745000 -1.85867840e+00
-2.97745000 -3.15868516e+00
-2.92970000 -7.18153450e+00
-2.89970000 -6.78507144e+00
-2.86970000 -4.00744830e+00
-2.83970000 -2.24319116e+00
-2.80970000 -1.35532140e+00
-2.77970000 -8.84001400e-01
-2.74970000 -6.10479800e-01
-2.71970000 -4.38465200e-01
-2.68970000 -3.22787400e-01
-2.65970000 -2.40524000e-01
-2.62970000 -1.79181800e-01
-2.59970000 -1.31514800e-01
-2.56970000 -9.30958000e-02
-2.53970000 -6.10894000e-02
-2.50970000 -3.36026000e-02
-2.46196000 3.93910000e-03
-2.43196000 2.49973000e-02
-2.40196000 4.48867000e-02
-2.37196000 6.41289000e-02
-2.34196000 8.31863900e-02
-2.31196000 1.02501600e-01
-2.28196000 1.22533000e-01
-2.25196000 1.43794400e-01
-2.22196000 1.66902100e-01
-2.19196000 1.92639900e-01
-2.16196000 2.22057000e-01
-2.13196000 2.56623000e-01
-2.10196000 2.98482400e-01
-2.07196000 3.50904000e-01
-2.04196000 4.19105600e-01
-1.99421000 5.84198000e-01
-1.96421000 7.53667200e-01
-1.93421000 1.02453220e+00
-1.90421000 1.49644380e+00
-1.87421000 2.38953760e+00
-1.84421000 4.01544360e+00
-1.81421000 5.54471300e+00
-1.78421000 5.54137200e+00
-1.75421000 5.65326800e+00
-1.72421000 4.47352400e+00
-1.69421000 2.75733400e+00
-1.66421000 1.77881000e+00
-1.63421000 1.29077800e+00
-1.60421000 1.04218800e+00
-1.57421000 9.18950000e-01
-1.52646000 8.73308000e-01
-1.49646000 9.19954000e-01
-1.46646000 1.03476700e+00
-1.43646000 1.25318400e+00
-1.40646000 1.66038100e+00
-1.37646000 2.45559400e+00
-1.34646000 4.02433400e+00
-1.31646000 6.10778200e+00
-1.28646000 5.68053300e+00
-1.25646000 3.68502300e+00
-1.22646000 2.54579900e+00
-1.19646000 2.12939800e+00
-1.16646000 2.15268400e+00
-1.13646000 2.51261800e+00
-1.10646000 3.41174400e+00
-1.05872000 6.81911800e+00
-1.02872000 7.15456800e+00
-0.99871700 4.83048000e+00
-0.96871700 3.28066600e+00
-0.93871700 2.72477800e+00
-0.90871700 2.87412800e+00
-0.87871700 3.81382600e+00
-0.84871700 5.44637200e+00
-0.81871700 5.40445400e+00
-0.78871700 3.65649200e+00
-0.75871700 2.56753200e+00
-0.72871700 2.19487200e+00
-0.69871700 2.10349000e+00
-0.66871700 1.77210700e+00
-0.63871700 1.44624900e+00
-0.59097000 1.24319900e+00
-0.56097000 1.23269100e+00
-0.53097000 1.28359200e+00
-0.50097000 1.39906000e+00
-0.47097000 1.60393400e+00
-0.44097000 1.95926400e+00
-0.41097000 2.60583800e+00
-0.38097000 3.86579600e+00
-0.35097000 6.24383000e+00
-0.32097000 8.49219300e+00
-0.29097000 6.86241400e+00
-0.26097000 4.47415700e+00
-0.23097000 3.26342200e+00
-0.20097000 2.79816700e+00
-0.17097000 2.74121600e+00
-0.12322400 3.32572200e+00
-0.09322350 4.41936800e+00
-0.06322350 6.64390400e+00
-0.03322350 9.61866000e+00
-0.00322353 9.60960000e+00
0.02677650 8.10675000e+00
0.05677650 6.62141000e+00
0.08677650 5.19420000e+00
0.11677600 4.40112000e+00
0.14677600 4.12196000e+00
0.17677600 4.26161000e+00
0.20677600 4.78664000e+00
0.23677600 5.82363000e+00
0.26677600 7.70024000e+00
0.29677600 1.11149700e+01
0.34452300 2.19457800e+01
0.37452300 2.92338600e+01
0.40452300 3.70733600e+01
0.43452300 4.47134700e+01
0.46452300 3.40135100e+01
0.49452300 2.08039400e+01
0.52452300 1.38469300e+01
0.55452300 1.03889500e+01
0.58452300 8.85966000e+00
0.61452300 8.50643000e+00
0.64452300 8.91321000e+00
0.67452300 1.04045100e+01
0.70452300 1.31488800e+01
0.73452300 1.62802500e+01
0.76452300 1.57928900e+01
