# E(MeV)  S_NSDRNSDR(K=1) for At227_DDPCX
-4.47148000 1.16695000e-01
-4.44148000 1.19766000e-01
-4.41148000 1.22907000e-01
-4.38148000 1.26125000e-01
-4.35148000 1.29428000e-01
-4.32148000 1.32826000e-01
-4.29148000 1.36331000e-01
-4.26148000 1.39961000e-01
-4.23148000 1.43735000e-01
-4.20148000 1.47683000e-01
-4.17148000 1.51844000e-01
-4.14148000 1.56280000e-01
-4.11148000 1.61088000e-01
-4.08148000 1.66428000e-01
-4.05148000 1.72589000e-01
-4.02148000 1.80132000e-01
-3.99148000 1.90231000e-01
-3.94310000 2.19789000e-01
-3.91310000 2.55803000e-01
-3.88310000 2.89288000e-01
-3.85310000 2.70948000e-01
-3.82310000 2.43273000e-01
-3.79310000 2.30915000e-01
-3.76310000 2.27730000e-01
-3.73310000 2.28964000e-01
-3.70310000 2.32509000e-01
-3.67310000 2.37437000e-01
-3.64310000 2.43319000e-01
-3.61310000 2.49947000e-01
-3.58310000 2.57225000e-01
-3.55310000 2.65119000e-01
-3.52310000 2.73629000e-01
-3.49310000 2.82783000e-01
-3.46310000 2.92631000e-01
-3.41473000 3.10185000e-01
-3.38473000 3.22327000e-01
-3.35473000 3.35689000e-01
-3.32473000 3.50130000e-01
-3.29473000 3.64883000e-01
-3.26473000 3.80817000e-01
-3.23473000 3.98653000e-01
-3.20473000 4.18560000e-01
-3.17473000 4.40782000e-01
-3.14473000 4.65704000e-01
-3.11473000 4.93842000e-01
-3.08473000 5.25876000e-01
-3.05473000 5.62702000e-01
-3.02473000 6.05511000e-01
-2.99473000 6.55914000e-01
-2.96473000 7.16142000e-01
-2.93473000 7.89344000e-01
-2.88635000 9.47170000e-01
-2.85635000 1.08221000e+00
-2.82635000 1.26182000e+00
-2.79635000 1.50972000e+00
-2.76635000 1.86767000e+00
-2.73635000 2.41407000e+00
-2.70635000 3.30761000e+00
-2.67635000 4.89548000e+00
-2.64635000 7.96900000e+00
-2.61635000 1.39431000e+01
-2.58635000 2.08933000e+01
-2.55635000 1.77645000e+01
-2.52635000 1.05052000e+01
-2.49635000 6.34043000e+00
-2.46635000 4.29445000e+00
-2.43635000 3.24791000e+00
-2.40635000 2.69251000e+00
-2.35798000 2.31962000e+00
-2.32798000 2.28542000e+00
-2.29798000 2.37038000e+00
-2.26798000 2.58196000e+00
-2.23798000 2.95863000e+00
-2.20798000 3.58970000e+00
-2.17798000 4.66950000e+00
-2.14798000 6.63470000e+00
-2.11798000 1.04327000e+01
-2.08798000 1.69206000e+01
-2.05798000 2.05692000e+01
-2.02798000 1.75531000e+01
-1.99798000 1.74943000e+01
-1.96798000 2.19498000e+01
-1.93798000 2.25895000e+01
-1.90798000 1.51297000e+01
-1.87798000 9.48214000e+00
-1.82960000 5.68693000e+00
-1.79960000 4.79101000e+00
-1.76960000 4.39673000e+00
-1.73960000 4.32100000e+00
-1.70960000 4.49959000e+00
-1.67960000 4.87273000e+00
-1.64960000 5.45496000e+00
-1.61960000 6.44112000e+00
-1.58960000 8.09753000e+00
-1.55960000 1.09173000e+01
-1.52960000 1.57631000e+01
-1.49960000 2.42803000e+01
-1.46960000 3.30030000e+01
-1.43960000 3.15697000e+01
-1.40960000 3.11346000e+01
-1.37960000 3.94922000e+01
-1.34960000 5.84003000e+01
-1.30123000 1.09935000e+02
-1.27123000 9.70443000e+01
-1.24123000 7.19486000e+01
-1.21123000 4.89821000e+01
-1.18123000 3.01882000e+01
-1.15123000 1.96786000e+01
-1.12123000 1.40700000e+01
-1.09123000 1.09621000e+01
-1.06123000 9.27853000e+00
-1.03123000 8.63047000e+00
-1.00123000 8.99143000e+00
-0.97123000 9.72454000e+00
-0.94123000 9.06542000e+00
-0.91123000 8.41686000e+00
-0.88123000 8.88185000e+00
-0.85123000 1.06641000e+01
-0.82123000 1.45201000e+01
-0.77285500 3.09907000e+01
-0.74285500 5.00937000e+01
-0.71285500 5.21232000e+01
-0.68285500 3.33403000e+01
-0.65285500 2.03509000e+01
-0.62285500 1.43590000e+01
-0.59285500 1.22843000e+01
-0.56285500 1.30563000e+01
-0.53285500 1.57214000e+01
-0.50285500 1.66796000e+01
-0.47285500 1.58846000e+01
-0.44285500 1.23556000e+01
-0.41285500 9.48181000e+00
-0.38285500 8.51241000e+00
-0.35285500 9.02100000e+00
-0.32285500 1.11820000e+01
-0.29285500 1.61351000e+01
-0.24448000 3.08344000e+01
-0.21448000 3.21300000e+01
-0.18448000 2.94779000e+01
-0.15448000 2.21081000e+01
-0.12448000 1.56101000e+01
-0.09447980 1.30375000e+01
-0.06447980 1.35368000e+01
-0.03447980 1.61501000e+01
-0.00447985 2.11932000e+01
0.02552020 2.72639000e+01
0.05552020 2.72780000e+01
0.08552020 2.07140000e+01
0.11552000 1.58711000e+01
0.14552000 1.26869000e+01
0.17552000 1.11086000e+01
0.20552000 9.96534000e+00
0.23552000 9.71081000e+00
0.28389500 1.21175000e+01
0.31389500 1.61040000e+01
0.34389500 2.20914000e+01
0.37389500 2.67138000e+01
0.40389500 3.42927000e+01
0.43389500 5.29199000e+01
0.46389500 7.68467000e+01
0.49389500 7.20308000e+01
0.52389500 5.91689000e+01
0.55389500 6.63036000e+01
0.58389500 8.72835000e+01
0.61389500 7.83585000e+01
0.64389500 4.95751000e+01
0.67389500 3.36217000e+01
0.70389500 2.83044000e+01
0.73389500 2.42185000e+01
0.76389500 1.83318000e+01
