# E(MeV)  S_NSDRNSDR(K=1) for At220_DDPCX
-3.86520000 -3.13209000e+00
-3.83520000 -2.50795000e+00
-3.80520000 -1.44111000e+00
-3.77520000 -8.46947000e-01
-3.74520000 -5.50314000e-01
-3.71520000 -3.93846000e-01
-3.68520000 -3.07881000e-01
-3.65520000 -2.63864000e-01
-3.62520000 -2.52737000e-01
-3.59520000 -2.68035000e-01
-3.56520000 -2.73816000e-01
-3.53520000 -2.82969000e-01
-3.50520000 -3.52533000e-01
-3.47520000 -5.33137000e-01
-3.44520000 -8.35965000e-01
-3.39745000 -6.86181000e-01
-3.36745000 -3.97304000e-01
-3.33745000 -2.40728000e-01
-3.30745000 -1.59369000e-01
-3.27745000 -1.13204000e-01
-3.24745000 -8.44428000e-02
-3.21745000 -6.50521000e-02
-3.18745000 -5.11137000e-02
-3.15745000 -4.05613000e-02
-3.12745000 -3.22280000e-02
-3.09745000 -2.54153000e-02
-3.06745000 -1.96838000e-02
-3.03745000 -1.47454000e-02
-3.00745000 -1.04042000e-02
-2.97745000 -6.52258000e-03
-2.92970000 -1.05725000e-03
-2.89970000 2.03428000e-03
-2.86970000 4.92085000e-03
-2.83970000 7.63942000e-03
-2.80970000 1.02193000e-02
-2.77970000 1.26843000e-02
-2.74970000 1.50536000e-02
-2.71970000 1.73434000e-02
-2.68970000 1.95673000e-02
-2.65970000 2.17370000e-02
-2.62970000 2.38626000e-02
-2.59970000 2.59531000e-02
-2.56970000 2.80166000e-02
-2.53970000 3.00603000e-02
-2.50970000 3.20913000e-02
-2.46196000 3.53131000e-02
-2.43196000 3.73403000e-02
-2.40196000 3.93770000e-02
-2.37196000 4.14294000e-02
-2.34196000 4.35038000e-02
-2.31196000 4.56068000e-02
-2.28196000 4.77452000e-02
-2.25196000 4.99267000e-02
-2.22196000 5.21595000e-02
-2.19196000 5.44527000e-02
-2.16196000 5.68165000e-02
-2.13196000 5.92625000e-02
-2.10196000 6.18042000e-02
-2.07196000 6.44570000e-02
-2.04196000 6.72393000e-02
-1.99421000 7.19895000e-02
-1.96421000 7.52196000e-02
-1.93421000 7.86806000e-02
-1.90421000 8.24169000e-02
-1.87421000 8.64838000e-02
-1.84421000 9.09518000e-02
-1.81421000 9.59115000e-02
-1.78421000 1.01481000e-01
-1.75421000 1.07819000e-01
-1.72421000 1.15137000e-01
-1.69421000 1.23732000e-01
-1.66421000 1.34020000e-01
-1.63421000 1.46608000e-01
-1.60421000 1.62404000e-01
-1.57421000 1.82818000e-01
-1.52646000 2.30987000e-01
-1.49646000 2.78353000e-01
-1.46646000 3.50114000e-01
-1.43646000 4.66483000e-01
-1.40646000 6.71310000e-01
-1.37646000 1.06464000e+00
-1.34646000 1.83895000e+00
-1.31646000 2.86378000e+00
-1.28646000 2.62431000e+00
-1.25646000 1.58790000e+00
-1.22646000 9.59784000e-01
-1.19646000 6.59817000e-01
-1.16646000 5.19117000e-01
-1.13646000 4.26249000e-01
-1.10646000 3.46487000e-01
-1.05872000 2.76469000e-01
-1.02872000 2.54844000e-01
-0.99871700 2.42475000e-01
-0.96871700 2.36353000e-01
-0.93871700 2.35019000e-01
-0.90871700 2.37939000e-01
-0.87871700 2.45313000e-01
-0.84871700 2.58236000e-01
-0.81871700 2.79797000e-01
-0.78871700 3.17101000e-01
-0.75871700 3.86236000e-01
-0.72871700 5.12291000e-01
-0.69871700 6.32603000e-01
-0.66871700 5.62586000e-01
-0.63871700 4.58644000e-01
-0.59097000 4.11369000e-01
-0.56097000 4.25931000e-01
-0.53097000 4.64298000e-01
-0.50097000 5.29835000e-01
-0.47097000 6.35981000e-01
-0.44097000 8.13788000e-01
-0.41097000 1.13381000e+00
-0.38097000 1.75695000e+00
-0.35097000 2.93503000e+00
-0.32097000 4.04318000e+00
-0.29097000 3.20546000e+00
-0.26097000 1.97882000e+00
-0.23097000 1.32627000e+00
-0.20097000 1.02274000e+00
-0.17097000 8.82171000e-01
-0.12322400 8.06341000e-01
-0.09322350 8.34179000e-01
-0.06322350 9.28897000e-01
-0.03322350 1.13099000e+00
-0.00322353 1.53013000e+00
0.02677650 2.08778000e+00
0.05677650 2.11959000e+00
0.08677650 1.78131000e+00
0.11677600 1.56819000e+00
0.14677600 1.51388000e+00
0.17677600 1.60827000e+00
0.20677600 1.84501000e+00
0.23677600 2.27821000e+00
0.26677600 3.03552000e+00
0.29677600 4.37438000e+00
0.34452300 8.38127000e+00
0.37452300 1.13742000e+01
0.40452300 1.61877000e+01
0.43452300 2.08934000e+01
0.46452300 1.59657000e+01
0.49452300 9.50722000e+00
0.52452300 6.04844000e+00
0.55452300 4.37511000e+00
0.58452300 3.63373000e+00
0.61452300 3.36284000e+00
0.64452300 3.35507000e+00
0.67452300 3.84939000e+00
0.70452300 5.16068000e+00
0.73452300 6.70654000e+00
0.76452300 6.18242000e+00
