# E(MeV)  S_NSDRNSDR(K=0) for At220_DDPCX
-3.86520000 -4.76311000e+00
-3.83520000 -2.78937000e+00
-3.80520000 -1.82387000e+00
-3.77520000 -1.44514000e+00
-3.74520000 -1.46131000e+00
-3.71520000 -1.82691000e+00
-3.68520000 -1.96151000e+00
-3.65520000 -1.37541000e+00
-3.62520000 -8.76665000e-01
-3.59520000 -6.09883000e-01
-3.56520000 -4.64927000e-01
-3.53520000 -3.79378000e-01
-3.50520000 -3.25310000e-01
-3.47520000 -2.89662000e-01
-3.44520000 -2.65864000e-01
-3.39745000 -2.44392000e-01
-3.36745000 -2.38732000e-01
-3.33745000 -2.38341000e-01
-3.30745000 -2.43244000e-01
-3.27745000 -2.53996000e-01
-3.24745000 -2.71784000e-01
-3.21745000 -2.98658000e-01
-3.18745000 -3.38012000e-01
-3.15745000 -3.95494000e-01
-3.12745000 -4.80799000e-01
-3.09745000 -6.11400000e-01
-3.06745000 -8.20821000e-01
-3.03745000 -1.17834000e+00
-3.00745000 -1.83787000e+00
-2.97745000 -3.14564000e+00
-2.92970000 -7.17942000e+00
-2.89970000 -6.78914000e+00
-2.86970000 -4.01729000e+00
-2.83970000 -2.25847000e+00
-2.80970000 -1.37576000e+00
-2.77970000 -9.09370000e-01
-2.74970000 -6.40587000e-01
-2.71970000 -4.73152000e-01
-2.68970000 -3.61922000e-01
-2.65970000 -2.83998000e-01
-2.62970000 -2.26907000e-01
-2.59970000 -1.83421000e-01
-2.56970000 -1.49129000e-01
-2.53970000 -1.21210000e-01
-2.50970000 -9.77852000e-02
-2.46196000 -6.66871000e-02
-2.43196000 -4.96833000e-02
-2.40196000 -3.38673000e-02
-2.37196000 -1.87299000e-02
-2.34196000 -3.82121000e-03
-2.31196000 1.12880000e-02
-2.28196000 2.70426000e-02
-2.25196000 4.39410000e-02
-2.22196000 6.25831000e-02
-2.19196000 8.37345000e-02
-2.16196000 1.08424000e-01
-2.13196000 1.38098000e-01
-2.10196000 1.74874000e-01
-2.07196000 2.21990000e-01
-2.04196000 2.84627000e-01
-1.99421000 4.40219000e-01
-1.96421000 6.03228000e-01
-1.93421000 8.67171000e-01
-1.90421000 1.33161000e+00
-1.87421000 2.21657000e+00
-1.84421000 3.83354000e+00
-1.81421000 5.35289000e+00
-1.78421000 5.33841000e+00
-1.75421000 5.43763000e+00
-1.72421000 4.24325000e+00
-1.69421000 2.50987000e+00
-1.66421000 1.51077000e+00
-1.63421000 9.97562000e-01
-1.60421000 7.17380000e-01
-1.57421000 5.53314000e-01
-1.52646000 4.11334000e-01
-1.49646000 3.63248000e-01
-1.46646000 3.34539000e-01
-1.43646000 3.20218000e-01
-1.40646000 3.17761000e-01
-1.37646000 3.26314000e-01
-1.34646000 3.46434000e-01
-1.31646000 3.80222000e-01
-1.28646000 4.31913000e-01
-1.25646000 5.09223000e-01
-1.22646000 6.26231000e-01
-1.19646000 8.09764000e-01
-1.16646000 1.11445000e+00
-1.13646000 1.66012000e+00
-1.10646000 2.71877000e+00
-1.05872000 6.26618000e+00
-1.02872000 6.64488000e+00
-0.99871700 4.34553000e+00
-0.96871700 2.80796000e+00
-0.93871700 2.25474000e+00
-0.90871700 2.39825000e+00
-0.87871700 3.32320000e+00
-0.84871700 4.92990000e+00
-0.81871700 4.84486000e+00
-0.78871700 3.02229000e+00
-0.75871700 1.79506000e+00
-0.72871700 1.17029000e+00
-0.69871700 8.38284000e-01
-0.66871700 6.46935000e-01
-0.63871700 5.28961000e-01
-0.59097000 4.20461000e-01
-0.56097000 3.80829000e-01
-0.53097000 3.54996000e-01
-0.50097000 3.39390000e-01
-0.47097000 3.31972000e-01
-0.44097000 3.31688000e-01
-0.41097000 3.38218000e-01
-0.38097000 3.51896000e-01
-0.35097000 3.73770000e-01
-0.32097000 4.05833000e-01
-0.29097000 4.51494000e-01
-0.26097000 5.16517000e-01
-0.23097000 6.10882000e-01
-0.20097000 7.52687000e-01
-0.17097000 9.76874000e-01
-0.12322400 1.71304000e+00
-0.09322350 2.75101000e+00
-0.06322350 4.78611000e+00
-0.03322350 7.35668000e+00
-0.00322353 6.54934000e+00
0.02677650 3.93119000e+00
0.05677650 2.38223000e+00
0.08677650 1.63158000e+00
0.11677600 1.26474000e+00
0.14677600 1.09420000e+00
0.17677600 1.04507000e+00
0.20677600 1.09662000e+00
0.23677600 1.26721000e+00
0.26677600 1.62920000e+00
0.29677600 2.36621000e+00
0.34452300 5.18324000e+00
0.37452300 6.48546000e+00
0.40452300 4.69796000e+00
0.43452300 2.92667000e+00
0.46452300 2.08211000e+00
0.49452300 1.78950000e+00
0.52452300 1.75005000e+00
0.55452300 1.63873000e+00
0.58452300 1.59220000e+00
0.61452300 1.78075000e+00
0.64452300 2.20307000e+00
0.67452300 2.70573000e+00
0.70452300 2.82752000e+00
0.73452300 2.86717000e+00
0.76452300 3.42805000e+00
