# E(MeV)  S_NSDRNSDR(Total=K0+2*K1) for At253_DDPCX
-11.46900000 6.04168000e-01
-11.43900000 7.18077000e-01
-11.40900000 8.63040000e-01
-11.37900000 8.25707000e-01
-11.34900000 6.92460000e-01
-11.31900000 6.18636000e-01
-11.28900000 5.88907000e-01
-11.25900000 5.80859000e-01
-11.22900000 5.84580000e-01
-11.19900000 5.96337000e-01
-11.16900000 6.15310000e-01
-11.13900000 6.42520000e-01
-11.10900000 6.80836000e-01
-11.07900000 7.35908000e-01
-11.04900000 8.18488000e-01
-11.01900000 9.50014000e-01
-10.98900000 1.17625300e+00
-10.95900000 1.60120500e+00
-10.92900000 2.44574800e+00
-10.89900000 3.80362100e+00
-10.86900000 4.07732400e+00
-10.83900000 2.75661900e+00
-10.80900000 1.78269600e+00
-10.77900000 1.29447500e+00
-10.74900000 1.04179900e+00
-10.71900000 9.00763000e-01
-10.68900000 8.17562000e-01
-10.65900000 7.66200000e-01
-10.62900000 7.33417000e-01
-10.59900000 7.11750000e-01
-10.56900000 6.97600000e-01
-10.53900000 6.88855000e-01
-10.50900000 6.83996000e-01
-10.47900000 6.82060000e-01
-10.44900000 6.82450000e-01
-10.41900000 6.84827000e-01
-10.38900000 6.89061000e-01
-10.35900000 6.95250000e-01
-10.32900000 7.03816000e-01
-10.29900000 7.15763000e-01
-10.24090000 7.52456000e-01
-10.21090000 7.78443000e-01
-10.18090000 8.24024000e-01
-10.15090000 9.12824000e-01
-10.12090000 1.07284400e+00
-10.09090000 1.18986800e+00
-10.06090000 1.06586300e+00
-10.03090000 9.29329000e-01
-10.00090000 8.61883000e-01
-9.97086000 8.32618000e-01
-9.94086000 8.21381000e-01
-9.91086000 8.19294000e-01
-9.88086000 8.22381000e-01
-9.85086000 8.28737000e-01
-9.82086000 8.37398000e-01
-9.79086000 8.47869000e-01
-9.76086000 8.59912000e-01
-9.73086000 8.73441000e-01
-9.70086000 8.88480000e-01
-9.67086000 9.05145000e-01
-9.64086000 9.23646000e-01
-9.61086000 9.44291000e-01
-9.58086000 9.67540000e-01
-9.55086000 9.94038000e-01
-9.52086000 1.02473900e+00
-9.49086000 1.06106500e+00
-9.46086000 1.10525000e+00
-9.43086000 1.16099700e+00
-9.40086000 1.23491200e+00
-9.37086000 1.33972900e+00
-9.34086000 1.49969300e+00
-9.31086000 1.73456600e+00
-9.28086000 1.98121200e+00
-9.25086000 2.32324600e+00
-9.22086000 2.99472600e+00
-9.19086000 4.05767000e+00
-9.16086000 5.83924600e+00
-9.13086000 7.31545000e+00
-9.10086000 5.73265600e+00
-9.07086000 3.81655200e+00
-9.01274000 2.37516800e+00
-8.98274000 2.17322600e+00
-8.95274000 2.12910300e+00
-8.92274000 2.22596100e+00
-8.89274000 2.49688500e+00
-8.86274000 2.79503100e+00
-8.83274000 2.94767300e+00
-8.80274000 3.24706000e+00
-8.77274000 3.50190000e+00
-8.74274000 3.97630000e+00
-8.71274000 5.24829000e+00
-8.68274000 7.32461000e+00
-8.65274000 8.21460000e+00
-8.62274000 7.87821000e+00
-8.59274000 7.39980000e+00
-8.56274000 7.36251000e+00
-8.53274000 6.69597000e+00
-8.50274000 6.53953900e+00
-8.47274000 7.84813600e+00
-8.44274000 1.13399930e+01
-8.41274000 1.51770980e+01
-8.38274000 1.25909380e+01
-8.35274000 8.13080900e+00
-8.32274000 5.70117200e+00
-8.29274000 4.60712500e+00
-8.26274000 4.21817500e+00
-8.23274000 4.16587000e+00
-8.20274000 4.26569500e+00
-8.17274000 4.82385000e+00
-8.14274000 6.06106000e+00
-8.11274000 7.40245000e+00
-8.08274000 8.90898000e+00
-8.05274000 1.04969700e+01
-8.02274000 8.97788000e+00
-7.99274000 6.69917000e+00
-7.96274000 5.49230000e+00
-7.93274000 5.06608000e+00
-7.90274000 5.18726000e+00
-7.87274000 5.16150000e+00
-7.84274000 5.02137000e+00
-7.78461000 5.56606000e+00
-7.75461000 6.41908000e+00
-7.72461000 8.11098000e+00
-7.69461000 1.14208600e+01
-7.66461000 1.80203000e+01
-7.63461000 2.79227100e+01
-7.60461000 2.83358400e+01
-7.57461000 1.90468700e+01
-7.54461000 1.31157800e+01
-7.51461000 1.08117800e+01
-7.48461000 1.08083800e+01
-7.45461000 1.31013900e+01
-7.42461000 1.86676400e+01
-7.39461000 2.44562600e+01
-7.36461000 2.02686200e+01
-7.33461000 1.36832000e+01
-7.30461000 1.02077700e+01
-7.27461000 8.71763000e+00
-7.24461000 8.28634000e+00
-7.21461000 8.57843000e+00
-7.18461000 9.47370000e+00
-7.15461000 1.10266900e+01
-7.12461000 1.41369000e+01
-7.09461000 2.04989800e+01
-7.06461000 3.12252600e+01
-7.03461000 3.58648200e+01
-7.00461000 2.88615200e+01
-6.97461000 2.41815800e+01
-6.94461000 2.50295400e+01
-6.91461000 2.64658400e+01
-6.88461000 2.34842800e+01
-6.85461000 2.22839000e+01
-6.82461000 2.33875800e+01
-6.79461000 2.42686800e+01
-6.76461000 2.28109200e+01
-6.73461000 2.38786200e+01
-6.70461000 3.03812400e+01
-6.67461000 4.47035000e+01
-6.64461000 5.84908000e+01
-6.61461000 4.91888000e+01
-6.55648000 2.96863000e+01
-6.52648000 2.92113000e+01
-6.49648000 3.34981600e+01
-6.46648000 4.39942400e+01
-6.43648000 6.21668000e+01
-6.40648000 7.60782800e+01
-6.37648000 8.66608900e+01
-6.34648000 1.20715100e+02
-6.31648000 1.78464800e+02
-6.28648000 1.81010800e+02
-6.25648000 1.34696600e+02
-6.22648000 1.12425100e+02
-6.19648000 8.99427000e+01
-6.16648000 6.85415000e+01
-6.13648000 6.12738000e+01
-6.10648000 6.39258000e+01
-6.07648000 7.55654000e+01
-6.04648000 1.04542600e+02
-6.01648000 1.41960200e+02
-5.98648000 1.28937200e+02
-5.95648000 9.54712000e+01
-5.92648000 8.36299000e+01
-5.89648000 9.28850000e+01
-5.86648000 1.22771900e+02
-5.83648000 1.67744200e+02
-5.80648000 2.35177400e+02
-5.77648000 2.66003200e+02
-5.74648000 1.95888000e+02
-5.71648000 1.34329700e+02
-5.68648000 1.09309900e+02
-5.65648000 1.08867800e+02
-5.62648000 1.29456800e+02
-5.59648000 1.76216500e+02
-5.56648000 2.67122100e+02
-5.53648000 3.99420800e+02
-5.50648000 4.53334800e+02
-5.47648000 3.93225100e+02
-5.44648000 3.90498000e+02
-5.41648000 4.40534000e+02
-5.38648000 5.14892200e+02
-5.32836000 3.19759600e+02
-5.29836000 1.99330100e+02
-5.26836000 1.38355300e+02
-5.23836000 1.04778400e+02
-5.20836000 8.15906000e+01
-5.17836000 6.80736300e+01
-5.14836000 6.16120800e+01
-5.11836000 5.84214900e+01
-5.08836000 5.43987600e+01
-5.05836000 5.36212000e+01
-5.02836000 5.84213000e+01
-4.99836000 6.76098000e+01
-4.96836000 7.96467000e+01
-4.93836000 1.02993100e+02
-4.90836000 1.41828900e+02
-4.87836000 1.68616300e+02
-4.84836000 1.88699400e+02
-4.81836000 2.19593800e+02
-4.78836000 1.93437000e+02
-4.75836000 1.63251600e+02
-4.72836000 1.63118600e+02
-4.69836000 1.86067400e+02
-4.66836000 2.55900800e+02
-4.63836000 3.85908000e+02
-4.60836000 5.29866000e+02
-4.57836000 5.96345000e+02
-4.54836000 5.16321000e+02
-4.51836000 4.05416600e+02
-4.48836000 2.90570000e+02
-4.45836000 2.26576000e+02
-4.42836000 1.82540500e+02
-4.39836000 1.44582400e+02
-4.36836000 1.30401800e+02
-4.33836000 1.40214200e+02
-4.30836000 1.46836500e+02
-4.27836000 1.27656100e+02
-4.24836000 1.12853400e+02
-4.21836000 1.09347600e+02
-4.18836000 1.17072500e+02
-4.15836000 1.37826100e+02
-4.10023000 2.49734000e+02
-4.07023000 2.98919200e+02
-4.04023000 3.11655400e+02
-4.01023000 3.29685000e+02
-3.98023000 3.36654000e+02
-3.95023000 3.50144000e+02
-3.92023000 3.75285100e+02
-3.89023000 4.34586100e+02
-3.86023000 4.92564300e+02
-3.83023000 4.28761300e+02
-3.80023000 3.70787500e+02
-3.77023000 3.64370200e+02
-3.74023000 3.22242500e+02
-3.71023000 2.51579100e+02
-3.68023000 1.97514800e+02
-3.65023000 1.72748500e+02
-3.62023000 1.84140800e+02
-3.59023000 2.09715000e+02
-3.56023000 2.20362000e+02
-3.53023000 1.84316200e+02
-3.50023000 1.56480100e+02
-3.47023000 1.61293500e+02
-3.44023000 1.57325000e+02
-3.41023000 1.55553000e+02
-3.38023000 1.83133000e+02
-3.35023000 2.04325000e+02
-3.32023000 1.83562600e+02
-3.29023000 1.31581900e+02
-3.26023000 1.00816400e+02
-3.23023000 8.69075000e+01
-3.20023000 7.59333000e+01
-3.17023000 7.16060000e+01
-3.14023000 7.66743000e+01
-3.11023000 9.02877000e+01
-3.08023000 1.22841900e+02
-3.05023000 1.79240200e+02
-3.02023000 1.94873800e+02
-2.99023000 1.51444600e+02
-2.96023000 1.28541600e+02
-2.93023000 1.37349800e+02
-2.87211000 2.52506600e+02
-2.84211000 3.97299700e+02
-2.81211000 5.48053500e+02
-2.78211000 5.29084000e+02
-2.75211000 3.73461000e+02
-2.72211000 2.53408000e+02
-2.69211000 1.95155400e+02
-2.66211000 1.82971900e+02
-2.63211000 1.74762400e+02
-2.60211000 1.62073200e+02
-2.57211000 1.61893000e+02
-2.54211000 1.61585400e+02
-2.51211000 1.53437300e+02
-2.48211000 1.75268900e+02
-2.45211000 2.33315100e+02
-2.42211000 2.60649000e+02
-2.39211000 1.91417600e+02
-2.36211000 1.25915100e+02
-2.33211000 9.46516000e+01
-2.30211000 8.79268000e+01
-2.27211000 1.03765200e+02
-2.24211000 1.37963700e+02
-2.21211000 1.49733200e+02
-2.18211000 1.30984200e+02
-2.15211000 9.27506000e+01
-2.12211000 6.21725000e+01
-2.09211000 4.65672000e+01
-2.06211000 4.00045000e+01
-2.03211000 3.91943000e+01
-2.00211000 4.42580000e+01
-1.97211000 5.56598000e+01
-1.94211000 7.09606000e+01
-1.91211000 8.07291000e+01
-1.88211000 9.15623000e+01
-1.85211000 8.66018000e+01
-1.82211000 6.49770000e+01
-1.79211000 4.85325000e+01
-1.76211000 4.03960000e+01
-1.73211000 4.11469000e+01
-1.70211000 4.53186100e+01
-1.64398000 4.70339000e+01
-1.61398000 4.75922400e+01
-1.58398000 4.85999600e+01
-1.55398000 5.49556100e+01
-1.52398000 7.07478700e+01
-1.49398000 7.55654000e+01
-1.46398000 5.82994100e+01
-1.43398000 4.90515900e+01
-1.40398000 5.35264400e+01
-1.37398000 6.61883000e+01
-1.34398000 5.99945100e+01
-1.31398000 4.06863400e+01
-1.28398000 2.98217100e+01
-1.25398000 2.47686300e+01
-1.22398000 2.03978800e+01
-1.19398000 1.76465900e+01
-1.16398000 1.72761100e+01
-1.13398000 1.94112400e+01
-1.10398000 2.49713000e+01
-1.07398000 3.22737000e+01
-1.04398000 3.41513600e+01
-1.01398000 2.95515400e+01
-0.98398100 2.81728500e+01
-0.95398100 3.16130800e+01
-0.92398100 3.72049000e+01
-0.89398100 4.65125000e+01
-0.86398100 5.74147000e+01
-0.83398100 6.15151900e+01
-0.80398100 4.94835900e+01
-0.77398100 3.48673300e+01
-0.74398100 2.52546100e+01
-0.71398100 1.80140200e+01
-0.68398100 1.36394300e+01
-0.65398100 1.13554800e+01
-0.62398100 1.04300900e+01
-0.59398100 1.06678400e+01
-0.56398100 1.24539200e+01
-0.53398100 1.66533800e+01
-0.50398100 2.13303000e+01
-0.47398100 2.02569800e+01
-0.41585600 1.46824300e+01
-0.38585600 1.12920400e+01
-0.35585600 9.57852000e+00
-0.32585600 8.88546000e+00
-0.29585600 8.89715000e+00
-0.26585600 9.79536000e+00
-0.23585600 1.18883700e+01
-0.20585600 1.45365200e+01
-0.17585600 1.68932300e+01
-0.14585600 2.10163000e+01
-0.11585600 2.86355300e+01
-0.08585570 3.01105600e+01
-0.05585570 2.48934000e+01
-0.02585570 2.36747000e+01
0.00414429 2.49694000e+01
0.03414430 2.53460400e+01
0.06414430 2.75083100e+01
0.09414430 3.37416000e+01
0.12414400 3.63712900e+01
0.15414400 2.89413400e+01
0.18414400 1.97191400e+01
0.21414400 1.45841300e+01
0.24414400 1.28393400e+01
0.27414400 1.31697600e+01
0.30414400 1.35789900e+01
0.33414400 1.37398200e+01
0.36414400 1.56861900e+01
0.39414400 2.06182900e+01
0.42414400 3.07429200e+01
0.45414400 4.93128900e+01
0.48414400 6.44997100e+01
0.51414400 4.96666400e+01
0.54414400 3.05992400e+01
0.57414400 1.96580400e+01
0.60414400 1.38267700e+01
0.63414400 1.06048400e+01
0.66414400 8.52090000e+00
0.69414400 7.13438400e+00
0.72414400 6.37274300e+00
0.75414400 6.09784500e+00
