# E(MeV)  S_NSDRNSDR(K=0) for Au215_DDPCX
-7.51717000 -2.51881000e-02
-7.48717000 -2.29626000e-02
-7.45717000 -2.07526000e-02
-7.42717000 -1.85569000e-02
-7.39717000 -1.63743000e-02
-7.36717000 -1.42036000e-02
-7.33717000 -1.20437000e-02
-7.30717000 -9.89325000e-03
-7.27717000 -7.75115000e-03
-7.24717000 -5.61620000e-03
-7.21717000 -3.48721000e-03
-7.18717000 -1.36299000e-03
-7.15717000 7.57649000e-04
-7.12717000 2.87592000e-03
-7.09717000 4.99305000e-03
-7.06717000 7.11025000e-03
-7.03717000 9.22879000e-03
-7.00717000 1.13499000e-02
-6.97717000 1.34750000e-02
-6.94717000 1.56053000e-02
-6.91717000 1.77423000e-02
-6.88717000 1.98875000e-02
-6.85717000 2.20426000e-02
-6.82717000 2.42100000e-02
-6.79717000 2.63926000e-02
-6.76717000 2.85961000e-02
-6.73717000 3.08258000e-02
-6.68422000 3.47520000e-02
-6.65422000 3.69801000e-02
-6.62422000 3.92407000e-02
-6.59422000 4.15309000e-02
-6.56422000 4.38488000e-02
-6.53422000 4.61949000e-02
-6.50422000 4.85703000e-02
-6.47422000 5.09769000e-02
-6.44422000 5.34166000e-02
-6.41422000 5.58915000e-02
-6.38422000 5.84042000e-02
-6.35422000 6.09569000e-02
-6.32422000 6.35523000e-02
-6.29422000 6.61932000e-02
-6.26422000 6.88825000e-02
-6.23422000 7.16233000e-02
-6.20422000 7.44188000e-02
-6.17422000 7.72725000e-02
-6.14422000 8.01882000e-02
-6.11422000 8.31696000e-02
-6.08422000 8.62209000e-02
-6.05422000 8.93467000e-02
-6.02422000 9.25516000e-02
-5.99422000 9.58406000e-02
-5.96422000 9.92193000e-02
-5.93422000 1.02693000e-01
-5.90422000 1.06269000e-01
-5.85128000 1.12849000e-01
-5.82128000 1.16743000e-01
-5.79128000 1.20767000e-01
-5.76128000 1.24929000e-01
-5.73128000 1.29241000e-01
-5.70128000 1.33712000e-01
-5.67128000 1.38355000e-01
-5.64128000 1.43181000e-01
-5.61128000 1.48206000e-01
-5.58128000 1.53443000e-01
-5.55128000 1.58911000e-01
-5.52128000 1.64627000e-01
-5.49128000 1.70613000e-01
-5.46128000 1.76890000e-01
-5.43128000 1.83486000e-01
-5.40128000 1.90426000e-01
-5.37128000 1.97744000e-01
-5.34128000 2.05475000e-01
-5.31128000 2.13658000e-01
-5.28128000 2.22339000e-01
-5.25128000 2.31569000e-01
-5.22128000 2.41406000e-01
-5.19128000 2.51917000e-01
-5.16128000 2.63178000e-01
-5.13128000 2.75277000e-01
-5.10128000 2.88316000e-01
-5.07128000 3.02414000e-01
-5.01833000 3.30317000e-01
-4.98833000 3.48145000e-01
-4.95833000 3.67703000e-01
-4.92833000 3.89257000e-01
-4.89833000 4.13129000e-01
-4.86833000 4.39712000e-01
-4.83833000 4.69488000e-01
-4.80833000 5.03056000e-01
-4.77833000 5.41168000e-01
-4.74833000 5.84777000e-01
-4.71833000 6.35110000e-01
-4.68833000 6.93765000e-01
-4.65833000 7.62855000e-01
-4.62833000 8.45208000e-01
-4.59833000 9.44704000e-01
-4.56833000 1.06680000e+00
-4.53833000 1.21937000e+00
-4.50833000 1.41400000e+00
-4.47833000 1.66840000e+00
-4.44833000 2.01065000e+00
-4.41833000 2.48733000e+00
-4.38833000 3.17993000e+00
-4.35833000 4.24021000e+00
-4.32833000 5.97241000e+00
-4.29833000 9.03601000e+00
-4.26833000 1.49353000e+01
-4.23833000 2.65710000e+01
-4.18539000 4.17056000e+01
-4.15539000 2.63061000e+01
-4.12539000 1.50802000e+01
-4.09539000 9.40504000e+00
-4.06539000 6.55413000e+00
-4.03539000 5.09820000e+00
-4.00539000 4.42348000e+00
-3.97539000 4.24695000e+00
-3.94539000 4.65984000e+00
-3.91539000 6.06038000e+00
-3.88539000 8.19604000e+00
-3.85539000 8.00118000e+00
-3.82539000 6.46167000e+00
-3.79539000 6.04973000e+00
-3.76539000 5.66282000e+00
-3.73539000 4.76710000e+00
-3.70539000 4.51274000e+00
-3.67539000 4.74847000e+00
-3.64539000 5.50447000e+00
-3.61539000 7.55239000e+00
-3.58539000 1.19520000e+01
-3.55539000 1.77417000e+01
-3.52539000 1.70362000e+01
-3.49539000 1.27218000e+01
-3.46539000 9.02172000e+00
-3.43539000 6.74037000e+00
-3.40539000 6.02139000e+00
-3.35245000 5.73874000e+00
-3.32245000 6.78578000e+00
-3.29245000 9.16352000e+00
-3.26245000 9.62961000e+00
-3.23245000 7.08493000e+00
-3.20245000 5.32780000e+00
-3.17245000 4.65781000e+00
-3.14245000 4.63427000e+00
-3.11245000 5.08477000e+00
-3.08245000 5.98382000e+00
-3.05245000 7.55762000e+00
-3.02245000 1.04910000e+01
-2.99245000 1.62296000e+01
-2.96245000 2.76265000e+01
-2.93245000 4.34648000e+01
-2.90245000 4.12925000e+01
-2.87245000 2.56385000e+01
-2.84245000 1.59344000e+01
-2.81245000 1.13871000e+01
-2.78245000 9.43859000e+00
-2.75245000 8.88512000e+00
-2.72245000 9.25057000e+00
-2.69245000 1.08300000e+01
-2.66245000 1.36851000e+01
-2.63245000 1.50188000e+01
-2.60245000 1.46321000e+01
-2.57245000 1.63297000e+01
-2.51950000 2.52853000e+01
-2.48950000 3.01847000e+01
-2.45950000 3.84717000e+01
-2.42950000 5.62883000e+01
-2.39950000 9.25299000e+01
-2.36950000 1.58526000e+02
-2.33950000 1.93964000e+02
-2.30950000 1.32378000e+02
-2.27950000 7.56333000e+01
-2.24950000 4.73505000e+01
-2.21950000 3.50009000e+01
-2.18950000 3.23452000e+01
-2.15950000 3.70316000e+01
-2.12950000 3.71747000e+01
-2.09950000 2.57987000e+01
-2.06950000 1.66041000e+01
-2.03950000 1.15344000e+01
-2.00950000 8.68452000e+00
-1.97950000 6.95401000e+00
-1.94950000 5.84507000e+00
-1.91950000 5.13365000e+00
-1.88950000 4.72402000e+00
-1.85950000 4.54305000e+00
-1.82950000 4.58803000e+00
-1.79950000 5.10796000e+00
-1.76950000 6.53829000e+00
-1.73950000 9.25735000e+00
-1.68656000 9.87338000e+00
-1.65656000 6.76242000e+00
-1.62656000 4.81538000e+00
-1.59656000 3.99411000e+00
-1.56656000 3.82329000e+00
-1.53656000 3.67559000e+00
-1.50656000 3.35550000e+00
-1.47656000 3.37870000e+00
-1.44656000 3.95314000e+00
-1.41656000 5.41292000e+00
-1.38656000 7.71708000e+00
-1.35656000 7.76476000e+00
-1.32656000 5.46707000e+00
-1.29656000 3.99577000e+00
-1.26656000 3.41160000e+00
-1.23656000 3.35953000e+00
-1.20656000 3.75535000e+00
-1.17656000 4.77106000e+00
-1.14656000 6.95565000e+00
-1.11656000 1.12588000e+01
-1.08656000 1.57364000e+01
-1.05656000 1.29344000e+01
-1.02656000 8.15309000e+00
-0.99656100 5.65911000e+00
-0.96656100 4.74641000e+00
-0.93656100 4.88099000e+00
-0.90656100 5.57977000e+00
-0.85361700 4.41720000e+00
-0.82361700 3.87746000e+00
-0.79361700 3.83299000e+00
-0.76361700 4.16259000e+00
-0.73361700 4.96839000e+00
-0.70361700 6.53525000e+00
-0.67361700 9.10831000e+00
-0.64361700 1.13585000e+01
-0.61361700 1.25888000e+01
-0.58361700 1.56111000e+01
-0.55361700 2.18243000e+01
-0.52361700 3.41351000e+01
-0.49361700 4.82805000e+01
-0.46361700 5.28682000e+01
-0.43361700 4.76789000e+01
-0.40361700 3.17679000e+01
-0.37361700 2.05767000e+01
-0.34361700 1.62361000e+01
-0.31361700 1.69221000e+01
-0.28361700 2.12522000e+01
-0.25361700 2.11044000e+01
-0.22361700 1.48456000e+01
-0.19361700 1.00057000e+01
-0.16361700 7.70586000e+00
-0.13361700 7.10178000e+00
-0.10361700 7.99893000e+00
-0.07361710 1.05701000e+01
-0.02067360 1.45632000e+01
0.00932644 1.09332000e+01
0.03932640 7.63936000e+00
0.06932640 6.52231000e+00
0.09932640 7.07898000e+00
0.12932600 7.99384000e+00
0.15932600 6.88658000e+00
0.18932600 5.91935000e+00
0.21932600 6.46702000e+00
0.24932600 7.82437000e+00
0.27932600 7.40209000e+00
0.30932600 6.29501000e+00
0.33932600 5.69037000e+00
0.36932600 6.16018000e+00
0.39932600 8.46206000e+00
0.42932600 1.33842000e+01
0.45932600 1.70205000e+01
0.48932600 1.25514000e+01
0.51932600 7.59192000e+00
0.54932600 5.07830000e+00
0.57932600 4.07430000e+00
0.60932600 4.01796000e+00
0.63932600 4.27273000e+00
0.66932600 3.58425000e+00
0.69932600 2.71397000e+00
0.72932600 2.33188000e+00
0.75932600 2.32732000e+00
