# E(MeV)  S_NSDRNSDR(K=1) for Au213_DDPCX
-7.28688000 3.48454000e-03
-7.25688000 5.15892000e-03
-7.22688000 6.82450000e-03
-7.19688000 8.48217000e-03
-7.16688000 1.01329000e-02
-7.13688000 1.17775000e-02
-7.10688000 1.34169000e-02
-7.07688000 1.50521000e-02
-7.04688000 1.66839000e-02
-7.01688000 1.83133000e-02
-6.98688000 1.99411000e-02
-6.95688000 2.15683000e-02
-6.92688000 2.31958000e-02
-6.89688000 2.48245000e-02
-6.86688000 2.64554000e-02
-6.83688000 2.80895000e-02
-6.80688000 2.97277000e-02
-6.77688000 3.13711000e-02
-6.74688000 3.30206000e-02
-6.71688000 3.46773000e-02
-6.68688000 3.63423000e-02
-6.65688000 3.80166000e-02
-6.62688000 3.97014000e-02
-6.59688000 4.13978000e-02
-6.56688000 4.31071000e-02
-6.53688000 4.48305000e-02
-6.47696000 4.83197000e-02
-6.44696000 5.00932000e-02
-6.41696000 5.18863000e-02
-6.38696000 5.37005000e-02
-6.35696000 5.55374000e-02
-6.32696000 5.73990000e-02
-6.29696000 5.92871000e-02
-6.26696000 6.12041000e-02
-6.23696000 6.31535000e-02
-6.20696000 6.51393000e-02
-6.17696000 6.71582000e-02
-6.14696000 6.91969000e-02
-6.11696000 7.12711000e-02
-6.08696000 7.33913000e-02
-6.05696000 7.55583000e-02
-6.02696000 7.77736000e-02
-5.99696000 8.00395000e-02
-5.96696000 8.23594000e-02
-5.93696000 8.47369000e-02
-5.90696000 8.71758000e-02
-5.87696000 8.96793000e-02
-5.84696000 9.22512000e-02
-5.81696000 9.48981000e-02
-5.78696000 9.76255000e-02
-5.75696000 1.00439000e-01
-5.72696000 1.03345000e-01
-5.66705000 1.09455000e-01
-5.63705000 1.12684000e-01
-5.60705000 1.16038000e-01
-5.57705000 1.19527000e-01
-5.54705000 1.23164000e-01
-5.51705000 1.26962000e-01
-5.48705000 1.30934000e-01
-5.45705000 1.35097000e-01
-5.42705000 1.39470000e-01
-5.39705000 1.44074000e-01
-5.36705000 1.48933000e-01
-5.33705000 1.54073000e-01
-5.30705000 1.59526000e-01
-5.27705000 1.65327000e-01
-5.24705000 1.71520000e-01
-5.21705000 1.78152000e-01
-5.18705000 1.85280000e-01
-5.15705000 1.92972000e-01
-5.12705000 2.01307000e-01
-5.09705000 2.10383000e-01
-5.06705000 2.20314000e-01
-5.03705000 2.31240000e-01
-5.00705000 2.43335000e-01
-4.97705000 2.56810000e-01
-4.94705000 2.71934000e-01
-4.91705000 2.89043000e-01
-4.85713000 3.31007000e-01
-4.82713000 3.57221000e-01
-4.79713000 3.88143000e-01
-4.76713000 4.25126000e-01
-4.73713000 4.70058000e-01
-4.70713000 5.25632000e-01
-4.67713000 5.95801000e-01
-4.64713000 6.86551000e-01
-4.61713000 8.07275000e-01
-4.58713000 9.73369000e-01
-4.55713000 1.21136000e+00
-4.52713000 1.56981000e+00
-4.49713000 2.14407000e+00
-4.46713000 3.13661000e+00
-4.43713000 5.00645000e+00
-4.40713000 8.73070000e+00
-4.37713000 1.47621000e+01
-4.34713000 1.60981000e+01
-4.31713000 1.02805000e+01
-4.28713000 5.98408000e+00
-4.25713000 3.92349000e+00
-4.22713000 2.97291000e+00
-4.19713000 2.27662000e+00
-4.16713000 1.71594000e+00
-4.13713000 1.38495000e+00
-4.10713000 1.21304000e+00
-4.04722000 1.15991000e+00
-4.01722000 1.24837000e+00
-3.98722000 1.30247000e+00
-3.95722000 1.30425000e+00
-3.92722000 1.25217000e+00
-3.89722000 1.21832000e+00
-3.86722000 1.30087000e+00
-3.83722000 1.22935000e+00
-3.80722000 1.04684000e+00
-3.77722000 9.50230000e-01
-3.74722000 9.23782000e-01
-3.71722000 9.38486000e-01
-3.68722000 9.84734000e-01
-3.65722000 1.06617000e+00
-3.62722000 1.17166000e+00
-3.59722000 1.25635000e+00
-3.56722000 1.36877000e+00
-3.53722000 1.56763000e+00
-3.50722000 1.90664000e+00
-3.47722000 2.41206000e+00
-3.44722000 2.74529000e+00
-3.41722000 2.87427000e+00
-3.38722000 3.30007000e+00
-3.35722000 4.11112000e+00
-3.32722000 5.52454000e+00
-3.29722000 8.31095000e+00
-3.23730000 1.94570000e+01
-3.20730000 1.79671000e+01
-3.17730000 1.33609000e+01
-3.14730000 1.22318000e+01
-3.11730000 1.23158000e+01
-3.08730000 1.03349000e+01
-3.05730000 9.21097000e+00
-3.02730000 1.00672000e+01
-2.99730000 1.33601000e+01
-2.96730000 2.04538000e+01
-2.93730000 2.80225000e+01
-2.90730000 2.53662000e+01
-2.87730000 2.05200000e+01
-2.84730000 1.81670000e+01
-2.81730000 2.00914000e+01
-2.78730000 2.66731000e+01
-2.75730000 3.48176000e+01
-2.72730000 4.65573000e+01
-2.69730000 5.64155000e+01
-2.66730000 5.09865000e+01
-2.63730000 3.69386000e+01
-2.60730000 2.28683000e+01
-2.57730000 1.50933000e+01
-2.54730000 1.14346000e+01
-2.51730000 9.88347000e+00
-2.48730000 9.84743000e+00
-2.42739000 1.54567000e+01
-2.39739000 1.49640000e+01
-2.36739000 1.11602000e+01
-2.33739000 9.23662000e+00
-2.30739000 8.57077000e+00
-2.27739000 8.23079000e+00
-2.24739000 8.82961000e+00
-2.21739000 1.07581000e+01
-2.18739000 1.47828000e+01
-2.15739000 2.24339000e+01
-2.12739000 3.39381000e+01
-2.09739000 4.36943000e+01
-2.06739000 4.65010000e+01
-2.03739000 5.63741000e+01
-2.00739000 6.45082000e+01
-1.97739000 4.77289000e+01
-1.94739000 3.31577000e+01
-1.91739000 2.76299000e+01
-1.88739000 2.08684000e+01
-1.85739000 1.41154000e+01
-1.82739000 1.03917000e+01
-1.79739000 8.73570000e+00
-1.76739000 8.45893000e+00
-1.73739000 8.99391000e+00
-1.70739000 9.25474000e+00
-1.67739000 1.03288000e+01
-1.61747000 2.20939000e+01
-1.58747000 3.30228000e+01
-1.55747000 2.99618000e+01
-1.52747000 1.85697000e+01
-1.49747000 1.18607000e+01
-1.46747000 8.84047000e+00
-1.43747000 7.35449000e+00
-1.40747000 6.30398000e+00
-1.37747000 6.05893000e+00
-1.34747000 6.80876000e+00
-1.31747000 8.54985000e+00
-1.28747000 1.07074000e+01
-1.25747000 1.41436000e+01
-1.22747000 1.46079000e+01
-1.19747000 1.04074000e+01
-1.16747000 7.46506000e+00
-1.13747000 6.33910000e+00
-1.10747000 6.59246000e+00
-1.07747000 7.64778000e+00
-1.04747000 8.14925000e+00
-1.01747000 6.66915000e+00
-0.98747500 5.58007000e+00
-0.95747500 5.47176000e+00
-0.92747500 5.97894000e+00
-0.89747500 7.47547000e+00
-0.86747500 1.08754000e+01
-0.80756000 1.87563000e+01
-0.77756000 1.42440000e+01
-0.74756000 1.07509000e+01
-0.71756000 9.51238000e+00
-0.68756000 1.02389000e+01
-0.65756000 1.30073000e+01
-0.62756000 1.92029000e+01
-0.59756000 3.05098000e+01
-0.56756000 4.22684000e+01
-0.53756000 4.42477000e+01
-0.50756000 3.44656000e+01
-0.47756000 3.04400000e+01
-0.44756000 3.25651000e+01
-0.41756000 2.81923000e+01
-0.38756000 1.99793000e+01
-0.35756000 1.57850000e+01
-0.32756000 1.30558000e+01
-0.29756000 1.13110000e+01
-0.26756000 1.02804000e+01
-0.23756000 9.94158000e+00
-0.20756000 1.00763000e+01
-0.17756000 1.08465000e+01
-0.14756000 1.28913000e+01
-0.11756000 1.27149000e+01
-0.08755970 1.07520000e+01
-0.05755970 9.24801000e+00
0.00235513 9.84740000e+00
0.03235510 1.31626000e+01
0.06235510 2.00400000e+01
0.09235510 3.24759000e+01
0.12235500 3.99191000e+01
0.15235500 3.18569000e+01
0.18235500 2.05934000e+01
0.21235500 1.27245000e+01
0.24235500 8.69681000e+00
0.27235500 6.81756000e+00
0.30235500 6.14632000e+00
0.33235500 5.99350000e+00
0.36235500 6.37236000e+00
0.39235500 8.02599000e+00
0.42235500 1.12313000e+01
0.45235500 1.27622000e+01
0.48235500 9.57150000e+00
0.51235500 6.37140000e+00
0.54235500 4.59282000e+00
0.57235500 3.76368000e+00
0.60235500 3.47146000e+00
0.63235500 3.53923000e+00
0.66235500 3.95309000e+00
0.69235500 4.58646000e+00
0.72235500 5.61806000e+00
0.75235500 7.81215000e+00
