# E(MeV)  S_NSDRNSDR(K=1) for Au215_DDPCX
-7.51717000 3.72205000e-02
-7.48717000 3.88514000e-02
-7.45717000 4.04831000e-02
-7.42717000 4.21166000e-02
-7.39717000 4.37528000e-02
-7.36717000 4.53926000e-02
-7.33717000 4.70371000e-02
-7.30717000 4.86872000e-02
-7.27717000 5.03438000e-02
-7.24717000 5.20079000e-02
-7.21717000 5.36807000e-02
-7.18717000 5.53631000e-02
-7.15717000 5.70561000e-02
-7.12717000 5.87610000e-02
-7.09717000 6.04787000e-02
-7.06717000 6.22106000e-02
-7.03717000 6.39579000e-02
-7.00717000 6.57220000e-02
-6.97717000 6.75045000e-02
-6.94717000 6.93074000e-02
-6.91717000 7.11339000e-02
-6.88717000 7.29892000e-02
-6.85717000 7.48807000e-02
-6.82717000 7.67923000e-02
-6.79717000 7.86835000e-02
-6.76717000 8.05958000e-02
-6.73717000 8.25507000e-02
-6.68422000 8.60937000e-02
-6.65422000 8.81521000e-02
-6.62422000 9.02486000e-02
-6.59422000 9.23856000e-02
-6.56422000 9.45668000e-02
-6.53422000 9.67982000e-02
-6.50422000 9.90892000e-02
-6.47422000 1.01433000e-01
-6.44422000 1.03778000e-01
-6.41422000 1.06156000e-01
-6.38422000 1.08607000e-01
-6.35422000 1.11127000e-01
-6.32422000 1.13717000e-01
-6.29422000 1.16376000e-01
-6.26422000 1.19108000e-01
-6.23422000 1.21916000e-01
-6.20422000 1.24806000e-01
-6.17422000 1.27782000e-01
-6.14422000 1.30849000e-01
-6.11422000 1.34014000e-01
-6.08422000 1.37284000e-01
-6.05422000 1.40664000e-01
-6.02422000 1.44163000e-01
-5.99422000 1.47789000e-01
-5.96422000 1.51552000e-01
-5.93422000 1.55462000e-01
-5.90422000 1.59529000e-01
-5.85128000 1.67132000e-01
-5.82128000 1.71706000e-01
-5.79128000 1.76492000e-01
-5.76128000 1.81510000e-01
-5.73128000 1.86780000e-01
-5.70128000 1.92326000e-01
-5.67128000 1.98176000e-01
-5.64128000 2.04360000e-01
-5.61128000 2.10913000e-01
-5.58128000 2.17877000e-01
-5.55128000 2.25296000e-01
-5.52128000 2.33228000e-01
-5.49128000 2.41734000e-01
-5.46128000 2.50890000e-01
-5.43128000 2.60786000e-01
-5.40128000 2.71528000e-01
-5.37128000 2.83243000e-01
-5.34128000 2.96089000e-01
-5.31128000 3.10257000e-01
-5.28128000 3.25983000e-01
-5.25128000 3.43563000e-01
-5.22128000 3.63375000e-01
-5.19128000 3.85901000e-01
-5.16128000 4.11771000e-01
-5.13128000 4.41818000e-01
-5.10128000 4.77165000e-01
-5.07128000 5.19355000e-01
-5.01833000 6.17704000e-01
-4.98833000 6.93370000e-01
-4.95833000 7.90991000e-01
-4.92833000 9.20743000e-01
-4.89833000 1.09946000e+00
-4.86833000 1.35649000e+00
-4.83833000 1.74631000e+00
-4.80833000 2.37768000e+00
-4.77833000 3.48553000e+00
-4.74833000 5.60514000e+00
-4.71833000 9.78678000e+00
-4.68833000 1.55394000e+01
-4.65833000 1.46706000e+01
-4.62833000 9.05445000e+00
-4.59833000 5.72536000e+00
-4.56833000 4.29745000e+00
-4.53833000 3.26380000e+00
-4.50833000 2.36346000e+00
-4.47833000 1.82677000e+00
-4.44833000 1.52783000e+00
-4.41833000 1.36096000e+00
-4.38833000 1.27641000e+00
-4.35833000 1.25020000e+00
-4.32833000 1.25710000e+00
-4.29833000 1.27603000e+00
-4.26833000 1.33616000e+00
-4.23833000 1.46710000e+00
-4.18539000 1.92453000e+00
-4.15539000 2.47596000e+00
-4.12539000 3.36322000e+00
-4.09539000 3.78325000e+00
-4.06539000 3.61663000e+00
-4.03539000 3.86477000e+00
-4.00539000 4.05940000e+00
-3.97539000 4.31176000e+00
-3.94539000 5.44682000e+00
-3.91539000 8.14380000e+00
-3.88539000 1.25694000e+01
-3.85539000 1.34274000e+01
-3.82539000 9.39711000e+00
-3.79539000 6.65602000e+00
-3.76539000 5.60501000e+00
-3.73539000 5.54512000e+00
-3.70539000 6.24715000e+00
-3.67539000 7.89385000e+00
-3.64539000 1.11980000e+01
-3.61539000 1.76575000e+01
-3.58539000 2.74461000e+01
-3.55539000 3.10038000e+01
-3.52539000 2.42507000e+01
-3.49539000 1.85325000e+01
-3.46539000 1.75615000e+01
-3.43539000 2.13890000e+01
-3.40539000 3.04192000e+01
-3.35245000 4.04691000e+01
-3.32245000 4.20996000e+01
-3.29245000 5.67545000e+01
-3.26245000 7.50507000e+01
-3.23245000 6.06180000e+01
-3.20245000 3.80343000e+01
-3.17245000 2.43897000e+01
-3.14245000 1.62288000e+01
-3.11245000 1.18603000e+01
-3.08245000 9.75970000e+00
-3.05245000 9.18403000e+00
-3.02245000 8.89858000e+00
-2.99245000 7.74471000e+00
-2.96245000 7.10981000e+00
-2.93245000 7.46187000e+00
-2.90245000 8.23206000e+00
-2.87245000 8.63832000e+00
-2.84245000 1.01735000e+01
-2.81245000 1.40088000e+01
-2.78245000 1.78291000e+01
-2.75245000 1.69166000e+01
-2.72245000 1.72895000e+01
-2.69245000 2.22117000e+01
-2.66245000 2.67949000e+01
-2.63245000 2.71863000e+01
-2.60245000 2.56852000e+01
-2.57245000 2.13048000e+01
-2.51950000 1.87437000e+01
-2.48950000 2.23894000e+01
-2.45950000 3.26368000e+01
-2.42950000 5.43209000e+01
-2.39950000 7.82536000e+01
-2.36950000 6.49008000e+01
-2.33950000 3.95697000e+01
-2.30950000 2.59782000e+01
-2.27950000 2.00061000e+01
-2.24950000 1.92407000e+01
-2.21950000 2.30774000e+01
-2.18950000 2.53232000e+01
-2.15950000 1.93132000e+01
-2.12950000 1.31644000e+01
-2.09950000 1.00397000e+01
-2.06950000 8.68150000e+00
-2.03950000 8.41170000e+00
-2.00950000 9.52158000e+00
-1.97950000 1.28033000e+01
-1.94950000 1.97141000e+01
-1.91950000 2.70380000e+01
-1.88950000 2.22409000e+01
-1.85950000 1.40677000e+01
-1.82950000 9.63700000e+00
-1.79950000 7.62309000e+00
-1.76950000 7.02598000e+00
-1.73950000 7.54816000e+00
-1.68656000 1.02505000e+01
-1.65656000 1.30062000e+01
-1.62656000 1.50008000e+01
-1.59656000 1.64505000e+01
-1.56656000 1.73057000e+01
-1.53656000 1.59341000e+01
-1.50656000 1.43827000e+01
-1.47656000 1.51269000e+01
-1.44656000 1.96399000e+01
-1.41656000 2.51226000e+01
-1.38656000 2.68155000e+01
-1.35656000 2.54113000e+01
-1.32656000 2.80551000e+01
-1.29656000 3.45250000e+01
-1.26656000 3.20564000e+01
-1.23656000 2.62319000e+01
-1.20656000 2.58192000e+01
-1.17656000 2.91337000e+01
-1.14656000 3.42543000e+01
-1.11656000 2.84306000e+01
-1.08656000 1.98704000e+01
-1.05656000 1.64849000e+01
-1.02656000 1.74881000e+01
-0.99656100 2.04928000e+01
-0.96656100 1.82197000e+01
-0.93656100 1.38236000e+01
-0.90656100 1.10644000e+01
-0.85361700 1.15717000e+01
-0.82361700 1.18611000e+01
-0.79361700 1.14266000e+01
-0.76361700 1.14074000e+01
-0.73361700 1.19006000e+01
-0.70361700 1.45621000e+01
-0.67361700 1.81379000e+01
-0.64361700 2.09495000e+01
-0.61361700 2.42058000e+01
-0.58361700 2.96445000e+01
-0.55361700 4.13316000e+01
-0.52361700 4.43887000e+01
-0.49361700 3.02482000e+01
-0.46361700 1.98304000e+01
-0.43361700 1.57325000e+01
-0.40361700 1.55445000e+01
-0.37361700 1.77563000e+01
-0.34361700 2.13132000e+01
-0.31361700 2.70628000e+01
-0.28361700 3.62742000e+01
-0.25361700 4.25285000e+01
-0.22361700 3.37328000e+01
-0.19361700 2.09991000e+01
-0.16361700 1.37738000e+01
-0.13361700 1.04087000e+01
-0.10361700 9.03247000e+00
-0.07361710 8.77469000e+00
-0.02067360 1.27199000e+01
0.00932644 1.93262000e+01
0.03932640 2.46561000e+01
0.06932640 1.94988000e+01
0.09932640 1.30457000e+01
0.12932600 9.96857000e+00
0.15932600 9.00173000e+00
0.18932600 9.10865000e+00
0.21932600 8.18103000e+00
0.24932600 7.77875000e+00
0.27932600 8.25712000e+00
0.30932600 7.27210000e+00
0.33932600 5.92216000e+00
0.36932600 5.57442000e+00
0.39932600 6.35291000e+00
0.42932600 8.43427000e+00
0.45932600 1.14451000e+01
0.48932600 1.54627000e+01
0.51932600 1.92205000e+01
0.54932600 1.71378000e+01
0.57932600 1.29835000e+01
0.60932600 1.07148000e+01
0.63932600 8.40854000e+00
0.66932600 6.62833000e+00
0.69932600 5.52101000e+00
0.72932600 5.30248000e+00
0.75932600 6.00276000e+00
