# E(MeV)  S_NSDRNSDR(Total=K0+2*K1) for Au215_DDPCX
-7.51717000 4.92529000e-02
-7.48717000 5.47402000e-02
-7.45717000 6.02136000e-02
-7.42717000 6.56763000e-02
-7.39717000 7.11313000e-02
-7.36717000 7.65816000e-02
-7.33717000 8.20305000e-02
-7.30717000 8.74811500e-02
-7.27717000 9.29364500e-02
-7.24717000 9.83996000e-02
-7.21717000 1.03874190e-01
-7.18717000 1.09363210e-01
-7.15717000 1.14869849e-01
-7.12717000 1.20397920e-01
-7.09717000 1.25950450e-01
-7.06717000 1.31531450e-01
-7.03717000 1.37144590e-01
-7.00717000 1.42793900e-01
-6.97717000 1.48484000e-01
-6.94717000 1.54220100e-01
-6.91717000 1.60010100e-01
-6.88717000 1.65865900e-01
-6.85717000 1.71804000e-01
-6.82717000 1.77794600e-01
-6.79717000 1.83759600e-01
-6.76717000 1.89787700e-01
-6.73717000 1.95927200e-01
-6.68422000 2.06939400e-01
-6.65422000 2.13284300e-01
-6.62422000 2.19737900e-01
-6.59422000 2.26302100e-01
-6.56422000 2.32982400e-01
-6.53422000 2.39791300e-01
-6.50422000 2.46748700e-01
-6.47422000 2.53842900e-01
-6.44422000 2.60972600e-01
-6.41422000 2.68203500e-01
-6.38422000 2.75618200e-01
-6.35422000 2.83210900e-01
-6.32422000 2.90986300e-01
-6.29422000 2.98945200e-01
-6.26422000 3.07098500e-01
-6.23422000 3.15455300e-01
-6.20422000 3.24030800e-01
-6.17422000 3.32836500e-01
-6.14422000 3.41886200e-01
-6.11422000 3.51197600e-01
-6.08422000 3.60788900e-01
-6.05422000 3.70674700e-01
-6.02422000 3.80877600e-01
-5.99422000 3.91418600e-01
-5.96422000 4.02323300e-01
-5.93422000 4.13617000e-01
-5.90422000 4.25327000e-01
-5.85128000 4.47113000e-01
-5.82128000 4.60155000e-01
-5.79128000 4.73751000e-01
-5.76128000 4.87949000e-01
-5.73128000 5.02801000e-01
-5.70128000 5.18364000e-01
-5.67128000 5.34707000e-01
-5.64128000 5.51901000e-01
-5.61128000 5.70032000e-01
-5.58128000 5.89197000e-01
-5.55128000 6.09503000e-01
-5.52128000 6.31083000e-01
-5.49128000 6.54081000e-01
-5.46128000 6.78670000e-01
-5.43128000 7.05058000e-01
-5.40128000 7.33482000e-01
-5.37128000 7.64230000e-01
-5.34128000 7.97653000e-01
-5.31128000 8.34172000e-01
-5.28128000 8.74305000e-01
-5.25128000 9.18695000e-01
-5.22128000 9.68156000e-01
-5.19128000 1.02371900e+00
-5.16128000 1.08672000e+00
-5.13128000 1.15891300e+00
-5.10128000 1.24264600e+00
-5.07128000 1.34112400e+00
-5.01833000 1.56572500e+00
-4.98833000 1.73488500e+00
-4.95833000 1.94968500e+00
-4.92833000 2.23074300e+00
-4.89833000 2.61204900e+00
-4.86833000 3.15269200e+00
-4.83833000 3.96210800e+00
-4.80833000 5.25841600e+00
-4.77833000 7.51222800e+00
-4.74833000 1.17950570e+01
-4.71833000 2.02086700e+01
-4.68833000 3.17725650e+01
-4.65833000 3.01040550e+01
-4.62833000 1.89541080e+01
-4.59833000 1.23954240e+01
-4.56833000 9.66170000e+00
-4.53833000 7.74697000e+00
-4.50833000 6.14092000e+00
-4.47833000 5.32194000e+00
-4.44833000 5.06631000e+00
-4.41833000 5.20925000e+00
-4.38833000 5.73275000e+00
-4.35833000 6.74061000e+00
-4.32833000 8.48661000e+00
-4.29833000 1.15880700e+01
-4.26833000 1.76076200e+01
-4.23833000 2.95052000e+01
-4.18539000 4.55546600e+01
-4.15539000 3.12580200e+01
-4.12539000 2.18066400e+01
-4.09539000 1.69715400e+01
-4.06539000 1.37873900e+01
-4.03539000 1.28277400e+01
-4.00539000 1.25422800e+01
-3.97539000 1.28704700e+01
-3.94539000 1.55534800e+01
-3.91539000 2.23479800e+01
-3.88539000 3.33348400e+01
-3.85539000 3.48559800e+01
-3.82539000 2.52558900e+01
-3.79539000 1.93617700e+01
-3.76539000 1.68728400e+01
-3.73539000 1.58573400e+01
-3.70539000 1.70070400e+01
-3.67539000 2.05361700e+01
-3.64539000 2.79004700e+01
-3.61539000 4.28673900e+01
-3.58539000 6.68442000e+01
-3.55539000 7.97493000e+01
-3.52539000 6.55376000e+01
-3.49539000 4.97868000e+01
-3.46539000 4.41447200e+01
-3.43539000 4.95183700e+01
-3.40539000 6.68597900e+01
-3.35245000 8.66769400e+01
-3.32245000 9.09849800e+01
-3.29245000 1.22672520e+02
-3.26245000 1.59731010e+02
-3.23245000 1.28320930e+02
-3.20245000 8.13964000e+01
-3.17245000 5.34372100e+01
-3.14245000 3.70918700e+01
-3.11245000 2.88053700e+01
-3.08245000 2.55032200e+01
-3.05245000 2.59256800e+01
-3.02245000 2.82881600e+01
-2.99245000 3.17190200e+01
-2.96245000 4.18461200e+01
-2.93245000 5.83885400e+01
-2.90245000 5.77566200e+01
-2.87245000 4.29151400e+01
-2.84245000 3.62814000e+01
-2.81245000 3.94047000e+01
-2.78245000 4.50967900e+01
-2.75245000 4.27183200e+01
-2.72245000 4.38295700e+01
-2.69245000 5.52534000e+01
-2.66245000 6.72749000e+01
-2.63245000 6.93914000e+01
-2.60245000 6.60025000e+01
-2.57245000 5.89393000e+01
-2.51950000 6.27727000e+01
-2.48950000 7.49635000e+01
-2.45950000 1.03745300e+02
-2.42950000 1.64930100e+02
-2.39950000 2.49037100e+02
-2.36950000 2.88327600e+02
-2.33950000 2.73103400e+02
-2.30950000 1.84334400e+02
-2.27950000 1.15645500e+02
-2.24950000 8.58319000e+01
-2.21950000 8.11557000e+01
-2.18950000 8.29916000e+01
-2.15950000 7.56580000e+01
-2.12950000 6.35035000e+01
-2.09950000 4.58781000e+01
-2.06950000 3.39671000e+01
-2.03950000 2.83578000e+01
-2.00950000 2.77276800e+01
-1.97950000 3.25606100e+01
-1.94950000 4.52732700e+01
-1.91950000 5.92096500e+01
-1.88950000 4.92058200e+01
-1.85950000 3.26784500e+01
-1.82950000 2.38620300e+01
-1.79950000 2.03541400e+01
-1.76950000 2.05902500e+01
-1.73950000 2.43536700e+01
-1.68656000 3.03743800e+01
-1.65656000 3.27748200e+01
-1.62656000 3.48169800e+01
-1.59656000 3.68951100e+01
-1.56656000 3.84346900e+01
-1.53656000 3.55437900e+01
-1.50656000 3.21209000e+01
-1.47656000 3.36325000e+01
-1.44656000 4.32329400e+01
-1.41656000 5.56581200e+01
-1.38656000 6.13480800e+01
-1.35656000 5.85873600e+01
-1.32656000 6.15772700e+01
-1.29656000 7.30457700e+01
-1.26656000 6.75244000e+01
-1.23656000 5.58233300e+01
-1.20656000 5.53937500e+01
-1.17656000 6.30384600e+01
-1.14656000 7.54642500e+01
-1.11656000 6.81200000e+01
-1.08656000 5.54772000e+01
-1.05656000 4.59042000e+01
-1.02656000 4.31292900e+01
-0.99656100 4.66447100e+01
-0.96656100 4.11858100e+01
-0.93656100 3.25281900e+01
-0.90656100 2.77085700e+01
-0.85361700 2.75606000e+01
-0.82361700 2.75996600e+01
-0.79361700 2.66861900e+01
-0.76361700 2.69773900e+01
-0.73361700 2.87695900e+01
-0.70361700 3.56594500e+01
-0.67361700 4.53841100e+01
-0.64361700 5.32575000e+01
-0.61361700 6.10004000e+01
-0.58361700 7.49001000e+01
-0.55361700 1.04487500e+02
-0.52361700 1.22912500e+02
-0.49361700 1.08776900e+02
-0.46361700 9.25290000e+01
-0.43361700 7.91439000e+01
-0.40361700 6.28569000e+01
-0.37361700 5.60893000e+01
-0.34361700 5.88625000e+01
-0.31361700 7.10477000e+01
-0.28361700 9.38006000e+01
-0.25361700 1.06161400e+02
-0.22361700 8.23112000e+01
-0.19361700 5.20039000e+01
-0.16361700 3.52534600e+01
-0.13361700 2.79191800e+01
-0.10361700 2.60638700e+01
-0.07361710 2.81194800e+01
-0.02067360 4.00030000e+01
0.00932644 4.95856000e+01
0.03932640 5.69515600e+01
0.06932640 4.55199100e+01
0.09932640 3.31703800e+01
0.12932600 2.79309800e+01
0.15932600 2.48900400e+01
0.18932600 2.41366500e+01
0.21932600 2.28290800e+01
0.24932600 2.33818700e+01
0.27932600 2.39163300e+01
0.30932600 2.08392100e+01
0.33932600 1.75346900e+01
0.36932600 1.73090200e+01
0.39932600 2.11678800e+01
0.42932600 3.02527400e+01
0.45932600 3.99107000e+01
0.48932600 4.34768000e+01
0.51932600 4.60329200e+01
0.54932600 3.93539000e+01
0.57932600 3.00413000e+01
0.60932600 2.54475600e+01
0.63932600 2.10898100e+01
0.66932600 1.68409100e+01
0.69932600 1.37559900e+01
0.72932600 1.29368400e+01
0.75932600 1.43328400e+01
