# E(MeV)  S_NSDRNSDR(K=0) for Bi218_DDPCX
-6.22596000 -3.19103000e-01
-6.19596000 -3.33587000e-01
-6.16596000 -3.58076000e-01
-6.13596000 -3.97761000e-01
-6.10596000 -4.62339000e-01
-6.07596000 -5.71064000e-01
-6.04596000 -7.65082000e-01
-6.01596000 -1.13794000e+00
-5.98596000 -1.88718000e+00
-5.95596000 -3.08171000e+00
-5.92596000 -3.27417000e+00
-5.89596000 -2.09266000e+00
-5.86596000 -1.23539000e+00
-5.83596000 -8.02833000e-01
-5.80596000 -5.78598000e-01
-5.77596000 -4.52644000e-01
-5.74596000 -3.76818000e-01
-5.71596000 -3.28963000e-01
-5.68596000 -2.98131000e-01
-5.65596000 -2.78602000e-01
-5.62596000 -2.67327000e-01
-5.59596000 -2.62766000e-01
-5.56596000 -2.64367000e-01
-5.52214000 -2.78478000e-01
-5.49214000 -2.98038000e-01
-5.46214000 -3.28710000e-01
-5.43214000 -3.75447000e-01
-5.40214000 -4.47085000e-01
-5.37214000 -5.60112000e-01
-5.34214000 -7.47347000e-01
-5.31214000 -1.07924000e+00
-5.28214000 -1.71624000e+00
-5.25214000 -2.98881000e+00
-5.22214000 -4.91313000e+00
-5.19214000 -4.97579000e+00
-5.16214000 -3.06169000e+00
-5.13214000 -1.76374000e+00
-5.10214000 -1.11917000e+00
-5.07214000 -7.93621000e-01
-5.04214000 -6.24888000e-01
-5.01214000 -5.46288000e-01
-4.98214000 -5.35572000e-01
-4.95214000 -5.99909000e-01
-4.92214000 -7.84471000e-01
-4.89214000 -1.20414000e+00
-4.86214000 -1.97810000e+00
-4.81831000 -2.09853000e+00
-4.78831000 -1.24921000e+00
-4.75831000 -7.23683000e-01
-4.72831000 -4.54497000e-01
-4.69831000 -3.06599000e-01
-4.66831000 -2.16567000e-01
-4.63831000 -1.56271000e-01
-4.60831000 -1.12315000e-01
-4.57831000 -7.77264000e-02
-4.54831000 -4.85355000e-02
-4.51831000 -2.22519000e-02
-4.48831000 2.87147000e-03
-4.45831000 2.82368000e-02
-4.42831000 5.51526000e-02
-4.39831000 8.50328000e-02
-4.36831000 1.19604000e-01
-4.33831000 1.61181000e-01
-4.30831000 2.13092000e-01
-4.27831000 2.80406000e-01
-4.24831000 3.71260000e-01
-4.21831000 4.99457000e-01
-4.18831000 6.89874000e-01
-4.15831000 9.90582000e-01
-4.11449000 1.86271000e+00
-4.08449000 3.15686000e+00
-4.05449000 5.71650000e+00
-4.02449000 9.18606000e+00
-3.99449000 8.50682000e+00
-3.96449000 4.97797000e+00
-3.93449000 2.78462000e+00
-3.90449000 1.68798000e+00
-3.87449000 1.11052000e+00
-3.84449000 7.80022000e-01
-3.81449000 5.76560000e-01
-3.78449000 4.43773000e-01
-3.75449000 3.53023000e-01
-3.72449000 2.88696000e-01
-3.69449000 2.41757000e-01
-3.66449000 2.06704000e-01
-3.63449000 1.80045000e-01
-3.60449000 1.59480000e-01
-3.57449000 1.43447000e-01
-3.54449000 1.30857000e-01
-3.51449000 1.20935000e-01
-3.48449000 1.13114000e-01
-3.45449000 1.06977000e-01
-3.41067000 1.00406000e-01
-3.38067000 9.72250000e-02
-3.35067000 9.49211000e-02
-3.32067000 9.33672000e-02
-3.29067000 9.24643000e-02
-3.26067000 9.21352000e-02
-3.23067000 9.23199000e-02
-3.20067000 9.29721000e-02
-3.17067000 9.40569000e-02
-3.14067000 9.55492000e-02
-3.11067000 9.74318000e-02
-3.08067000 9.96953000e-02
-3.05067000 1.02337000e-01
-3.02067000 1.05360000e-01
-2.99067000 1.08776000e-01
-2.96067000 1.12601000e-01
-2.93067000 1.16860000e-01
-2.90067000 1.21588000e-01
-2.87067000 1.26826000e-01
-2.84067000 1.32629000e-01
-2.81067000 1.39068000e-01
-2.78067000 1.46229000e-01
-2.75067000 1.54224000e-01
-2.70684000 1.67705000e-01
-2.67684000 1.78444000e-01
-2.64684000 1.90717000e-01
-2.61684000 2.04886000e-01
-2.58684000 2.21450000e-01
-2.55684000 2.41102000e-01
-2.52684000 2.64839000e-01
-2.49684000 2.94132000e-01
-2.46684000 3.31236000e-01
-2.43684000 3.79747000e-01
-2.40684000 4.45686000e-01
-2.37684000 5.39720000e-01
-2.34684000 6.82056000e-01
-2.31684000 9.14029000e-01
-2.28684000 1.32696000e+00
-2.25684000 2.12776000e+00
-2.22684000 3.64060000e+00
-2.19684000 5.06784000e+00
-2.16684000 3.99289000e+00
-2.13684000 2.40898000e+00
-2.10684000 1.55896000e+00
-2.07684000 1.15133000e+00
-2.04684000 9.53405000e-01
-2.00302000 8.43025000e-01
-1.97302000 8.36118000e-01
-1.94302000 8.68686000e-01
-1.91302000 9.38209000e-01
-1.88302000 1.04956000e+00
-1.85302000 1.21602000e+00
-1.82302000 1.46404000e+00
-1.79302000 1.84512000e+00
-1.76302000 2.46428000e+00
-1.73302000 3.55010000e+00
-1.70302000 5.60212000e+00
-1.67302000 9.27431000e+00
-1.64302000 1.29685000e+01
-1.61302000 1.44469000e+01
-1.58302000 1.21848000e+01
-1.55302000 7.71477000e+00
-1.52302000 5.07489000e+00
-1.49302000 3.86283000e+00
-1.46302000 3.38368000e+00
-1.43302000 3.33291000e+00
-1.40302000 3.61696000e+00
-1.37302000 4.26636000e+00
-1.34302000 5.43819000e+00
-1.29920000 8.96539000e+00
-1.26920000 1.41382000e+01
-1.23920000 2.45143000e+01
-1.20920000 4.23851000e+01
-1.17920000 4.97215000e+01
-1.14920000 3.27983000e+01
-1.11920000 1.85601000e+01
-1.08920000 1.13852000e+01
-1.05920000 7.88201000e+00
-1.02920000 6.24968000e+00
-0.99919900 5.88415000e+00
-0.96919900 6.79568000e+00
-0.93919900 8.10322000e+00
-0.90919900 6.70326000e+00
-0.87919900 4.51252000e+00
-0.84919900 3.27944000e+00
-0.81919900 2.68604000e+00
-0.78919900 2.44130000e+00
-0.75919900 2.43595000e+00
-0.72919900 2.66888000e+00
-0.69919900 3.24143000e+00
-0.66919900 4.42777000e+00
-0.63919900 6.73335000e+00
-0.59537600 1.07677000e+01
-0.56537600 1.30967000e+01
-0.53537600 1.69379000e+01
-0.50537600 1.45255000e+01
-0.47537600 8.76689000e+00
-0.44537600 5.33677000e+00
-0.41537600 3.50798000e+00
-0.38537600 2.48916000e+00
-0.35537600 1.89510000e+00
-0.32537600 1.52600000e+00
-0.29537600 1.28454000e+00
-0.26537600 1.12149000e+00
-0.23537600 1.01050000e+00
-0.20537600 9.37206000e-01
-0.17537600 8.94299000e-01
-0.14537600 8.79731000e-01
-0.11537600 8.97021000e-01
-0.08537570 9.58446000e-01
-0.05537570 1.09437000e+00
-0.02537570 1.37658000e+00
0.00462431 1.94562000e+00
0.03462430 2.71950000e+00
0.06462430 2.59843000e+00
0.10844700 1.66643000e+00
0.13844700 1.42612000e+00
0.16844700 1.41332000e+00
0.19844700 1.58401000e+00
0.22844700 1.99828000e+00
0.25844700 2.80028000e+00
0.28844700 3.84745000e+00
0.31844700 4.93762000e+00
0.34844700 6.52814000e+00
0.37844700 6.04295000e+00
0.40844700 4.06979000e+00
0.43844700 2.91713000e+00
0.46844700 2.45856000e+00
0.49844700 2.38356000e+00
0.52844700 2.57491000e+00
0.55844700 3.02889000e+00
0.58844700 3.84113000e+00
0.61844700 5.29326000e+00
0.64844700 8.01725000e+00
0.67844700 1.34285000e+01
0.70844700 2.33849000e+01
0.73844700 3.12176000e+01
0.76844700 2.53267000e+01
