# E(MeV)  S_NSDRNSDR(Total=K0+2*K1) for Bi218_DDPCX
-6.22596000 -6.43885000e-01
-6.19596000 -6.76615000e-01
-6.16596000 -7.29748000e-01
-6.13596000 -8.13483000e-01
-6.10596000 -9.46509000e-01
-6.07596000 -1.16516000e+00
-6.04596000 -1.54541200e+00
-6.01596000 -2.25743000e+00
-5.98596000 -3.67324800e+00
-5.95596000 -6.16117000e+00
-5.92596000 -7.75921000e+00
-5.89596000 -5.78398000e+00
-5.86596000 -3.41067000e+00
-5.83596000 -2.12419700e+00
-5.80596000 -1.47600200e+00
-5.77596000 -1.12805400e+00
-5.74596000 -9.29442000e-01
-5.71596000 -8.12887000e-01
-5.68596000 -7.46695000e-01
-5.65596000 -7.15620000e-01
-5.62596000 -7.13155000e-01
-5.59596000 -7.38630000e-01
-5.56596000 -7.97017000e-01
-5.52214000 -9.71712000e-01
-5.49214000 -1.20162200e+00
-5.46214000 -1.61713600e+00
-5.43214000 -2.41802700e+00
-5.40214000 -3.88634500e+00
-5.37214000 -5.13157200e+00
-5.34214000 -4.25348700e+00
-5.31214000 -3.30758000e+00
-5.28214000 -3.32754800e+00
-5.25214000 -4.38346000e+00
-5.22214000 -6.32513400e+00
-5.19214000 -6.59970000e+00
-5.16214000 -5.14237000e+00
-5.13214000 -4.71428000e+00
-5.10214000 -5.76491000e+00
-5.07214000 -8.86486100e+00
-5.04214000 -1.44480280e+01
-5.01214000 -1.62072880e+01
-4.98214000 -1.07207320e+01
-4.95214000 -6.52760900e+00
-4.92214000 -4.75003100e+00
-4.89214000 -4.57096000e+00
-4.86214000 -5.59712000e+00
-4.81831000 -4.98957000e+00
-4.78831000 -3.06190400e+00
-4.75831000 -1.90070900e+00
-4.72831000 -1.27772100e+00
-4.69831000 -9.15487000e-01
-4.66831000 -6.84087000e-01
-4.63831000 -5.24137000e-01
-4.60831000 -4.06283000e-01
-4.57831000 -3.14706400e-01
-4.54831000 -2.40172700e-01
-4.51831000 -1.76873900e-01
-4.48831000 -1.20873730e-01
-4.45831000 -6.92666000e-02
-4.42831000 -1.96790000e-02
-4.39831000 3.00786000e-02
-4.36831000 8.23114000e-02
-4.33831000 1.39774800e-01
-4.30831000 2.06138460e-01
-4.27831000 2.86741000e-01
-4.24831000 3.89935700e-01
-4.21831000 5.29701800e-01
-4.18831000 7.31062200e-01
-4.15831000 1.04221080e+00
-4.11449000 1.92890100e+00
-4.08449000 3.23267480e+00
-4.05449000 5.80174920e+00
-4.02449000 9.28062600e+00
-3.99449000 8.61065260e+00
-3.96449000 5.09108480e+00
-3.93449000 2.90709780e+00
-3.90449000 1.81996860e+00
-3.87449000 1.25223800e+00
-3.84449000 9.31764800e-01
-3.81449000 7.38708400e-01
-3.78449000 6.16805400e-01
-3.75449000 5.37531800e-01
-3.72449000 4.85409400e-01
-3.69449000 4.51569000e-01
-3.66449000 4.30714000e-01
-3.63449000 4.19613000e-01
-3.60449000 4.16304000e-01
-3.57449000 4.19663000e-01
-3.54449000 4.29199000e-01
-3.51449000 4.44953000e-01
-3.48449000 4.67514000e-01
-3.45449000 4.98131000e-01
-3.41067000 5.62194000e-01
-3.38067000 6.25161000e-01
-3.35067000 7.12173100e-01
-3.32067000 8.36893200e-01
-3.29067000 1.02475630e+00
-3.26067000 1.32651320e+00
-3.23067000 1.85156190e+00
-3.20067000 2.84935210e+00
-3.17067000 4.82161690e+00
-3.14067000 7.65788920e+00
-3.11067000 7.46243180e+00
-3.08067000 4.64167530e+00
-3.05067000 2.81597700e+00
-3.02067000 1.91259600e+00
-2.99067000 1.45074000e+00
-2.96067000 1.19909500e+00
-2.93067000 1.05612600e+00
-2.90067000 9.74546000e-01
-2.87067000 9.30628000e-01
-2.84067000 9.11701000e-01
-2.81067000 9.10690000e-01
-2.78067000 9.23569000e-01
-2.75067000 9.48104000e-01
-2.70684000 1.00282300e+00
-2.67684000 1.05301600e+00
-2.64684000 1.11421500e+00
-2.61684000 1.18767000e+00
-2.58684000 1.27532400e+00
-2.55684000 1.37999600e+00
-2.52684000 1.50569500e+00
-2.49684000 1.65814800e+00
-2.46684000 1.84570800e+00
-2.43684000 2.08093100e+00
-2.40684000 2.38349400e+00
-2.37684000 2.78592000e+00
-2.34684000 3.34565600e+00
-2.31684000 4.17268900e+00
-2.28684000 5.49652000e+00
-2.25684000 7.81918000e+00
-2.22684000 1.19742400e+01
-2.19684000 1.65917200e+01
-2.16684000 1.61010900e+01
-2.13684000 1.50108000e+01
-2.10684000 1.76406600e+01
-2.07684000 2.56263300e+01
-2.04684000 4.29540050e+01
-2.00302000 7.40358250e+01
-1.97302000 5.66003180e+01
-1.94302000 3.51120860e+01
-1.91302000 2.28124090e+01
-1.88302000 1.56789000e+01
-1.85302000 1.20201200e+01
-1.82302000 1.03592000e+01
-1.79302000 9.95294000e+00
-1.76302000 1.06123200e+01
-1.73302000 1.25913600e+01
-1.70302000 1.67652400e+01
-1.67302000 2.46851300e+01
-1.64302000 3.51219000e+01
-1.61302000 4.15159000e+01
-1.58302000 4.52322000e+01
-1.55302000 5.77303700e+01
-1.52302000 8.09940900e+01
-1.49302000 8.47910300e+01
-1.46302000 6.23640800e+01
-1.43302000 3.95119100e+01
-1.40302000 2.70447600e+01
-1.37302000 1.98770400e+01
-1.34302000 1.65284900e+01
-1.29920000 1.70676300e+01
-1.26920000 2.18168800e+01
-1.23920000 3.23914600e+01
-1.20920000 4.91544600e+01
-1.17920000 5.49294600e+01
-1.14920000 3.70915400e+01
-1.11920000 2.24095000e+01
-1.08920000 1.50861800e+01
-1.05920000 1.16801300e+01
-1.02920000 1.04346800e+01
-0.99919900 1.09106500e+01
-0.96919900 1.35285400e+01
-0.93919900 1.83251000e+01
-0.90919900 2.30233200e+01
-0.87919900 2.37304400e+01
-0.84919900 1.73416800e+01
-0.81919900 1.27687400e+01
-0.78919900 1.16638600e+01
-0.75919900 1.21808500e+01
-0.72919900 1.14596400e+01
-0.69919900 1.12036700e+01
-0.66919900 1.32424700e+01
-0.63919900 1.84471900e+01
-0.59537600 3.08271000e+01
-0.56537600 4.32547000e+01
-0.53537600 4.89561000e+01
-0.50537600 3.60143000e+01
-0.47537600 2.31915700e+01
-0.44537600 1.73250900e+01
-0.41537600 1.49700800e+01
-0.38537600 1.52886000e+01
-0.35537600 1.57591400e+01
-0.32537600 1.20259200e+01
-0.29537600 8.28426000e+00
-0.26537600 6.24099000e+00
-0.23537600 5.25410000e+00
-0.20537600 4.88838600e+00
-0.17537600 5.03977900e+00
-0.14537600 5.88267100e+00
-0.11537600 7.84688100e+00
-0.08537570 1.01141660e+01
-0.05537570 9.08087000e+00
-0.02537570 7.17938000e+00
0.00462431 6.75298000e+00
0.03462430 7.27524000e+00
0.06462430 7.46091000e+00
0.10844700 8.56669000e+00
0.13844700 1.02813800e+01
0.16844700 9.90998000e+00
0.19844700 9.21311000e+00
0.22844700 1.03217400e+01
0.25844700 1.36317800e+01
0.28844700 1.76824500e+01
0.31844700 1.99511600e+01
0.34844700 2.53158400e+01
0.37844700 3.44407500e+01
0.40844700 4.05717900e+01
0.43844700 3.23545300e+01
0.46844700 2.21335400e+01
0.49844700 1.72021400e+01
0.52844700 1.62899900e+01
0.55844700 1.84588500e+01
0.58844700 2.44725300e+01
0.61844700 3.74408600e+01
0.64844700 6.24748500e+01
0.67844700 8.77141000e+01
0.70844700 8.23235000e+01
0.73844700 7.00822000e+01
0.76844700 5.65895000e+01
