# E(MeV)  S_NSDRNSDR(K=0) for Bi226_DDPCX
-8.47249000 -1.68226000e+01
-8.44249000 -2.19587000e+01
-8.41249000 -1.56624000e+01
-8.38249000 -8.80224000e+00
-8.35249000 -5.18750000e+00
-8.32249000 -3.35184000e+00
-8.29249000 -2.34374000e+00
-8.26249000 -1.74344000e+00
-8.23249000 -1.36174000e+00
-8.20249000 -1.10694000e+00
-8.17249000 -9.31628000e-01
-8.14249000 -8.10548000e-01
-8.11249000 -7.31273000e-01
-8.08249000 -6.91368000e-01
-8.05249000 -7.01094000e-01
-8.02249000 -7.94231000e-01
-7.99249000 -1.03160000e+00
-7.96249000 -1.28813000e+00
-7.93249000 -1.07364000e+00
-7.90249000 -7.25703000e-01
-7.87249000 -5.22890000e-01
-7.84249000 -4.12395000e-01
-7.81249000 -3.45917000e-01
-7.78249000 -3.01526000e-01
-7.75249000 -2.69320000e-01
-7.72249000 -2.44457000e-01
-7.69249000 -2.24364000e-01
-7.66249000 -2.07561000e-01
-7.63249000 -1.93143000e-01
-7.60249000 -1.80523000e-01
-7.54401000 -1.59693000e-01
-7.51401000 -1.50464000e-01
-7.48401000 -1.42001000e-01
-7.45401000 -1.34184000e-01
-7.42401000 -1.26918000e-01
-7.39401000 -1.20128000e-01
-7.36401000 -1.13753000e-01
-7.33401000 -1.07741000e-01
-7.30401000 -1.02052000e-01
-7.27401000 -9.66505000e-02
-7.24401000 -9.15087000e-02
-7.21401000 -8.66042000e-02
-7.18401000 -8.19222000e-02
-7.15401000 -7.74591000e-02
-7.12401000 -7.32336000e-02
-7.09401000 -6.93121000e-02
-7.06401000 -6.57925000e-02
-7.03401000 -6.22666000e-02
-7.00401000 -5.79353000e-02
-6.97401000 -5.36274000e-02
-6.94401000 -4.96764000e-02
-6.91401000 -4.59586000e-02
-6.88401000 -4.23878000e-02
-6.85401000 -3.89222000e-02
-6.82401000 -3.55396000e-02
-6.79401000 -3.22264000e-02
-6.76401000 -2.89729000e-02
-6.73401000 -2.57714000e-02
-6.70401000 -2.26156000e-02
-6.67401000 -1.94997000e-02
-6.61553000 -1.35222000e-02
-6.58553000 -1.04955000e-02
-6.55553000 -7.49030000e-03
-6.52553000 -4.50225000e-03
-6.49553000 -1.52728000e-03
-6.46553000 1.43864000e-03
-6.43553000 4.39948000e-03
-6.40553000 7.35923000e-03
-6.37553000 1.03218000e-02
-6.34553000 1.32914000e-02
-6.31553000 1.62718000e-02
-6.28553000 1.92674000e-02
-6.25553000 2.22824000e-02
-6.22553000 2.53212000e-02
-6.19553000 2.83884000e-02
-6.16553000 3.14888000e-02
-6.13553000 3.46274000e-02
-6.10553000 3.78095000e-02
-6.07553000 4.10407000e-02
-6.04553000 4.43270000e-02
-6.01553000 4.76749000e-02
-5.98553000 5.10912000e-02
-5.95553000 5.45836000e-02
-5.92553000 5.81603000e-02
-5.89553000 6.18302000e-02
-5.86553000 6.56033000e-02
-5.83553000 6.94910000e-02
-5.80553000 7.35057000e-02
-5.77553000 7.76620000e-02
-5.74553000 8.19766000e-02
-5.68706000 9.09204000e-02
-5.65706000 9.58351000e-02
-5.62706000 1.01019000e-01
-5.59706000 1.06525000e-01
-5.56706000 1.12430000e-01
-5.53706000 1.18854000e-01
-5.50706000 1.26003000e-01
-5.47706000 1.34267000e-01
-5.44706000 1.44458000e-01
-5.41706000 1.58392000e-01
-5.38706000 1.79409000e-01
-5.35706000 2.04261000e-01
-5.32706000 2.07098000e-01
-5.29706000 1.99027000e-01
-5.26706000 1.98794000e-01
-5.23706000 2.04605000e-01
-5.20706000 2.13851000e-01
-5.17706000 2.25421000e-01
-5.14706000 2.38945000e-01
-5.11706000 2.54387000e-01
-5.08706000 2.71891000e-01
-5.05706000 2.91732000e-01
-5.02706000 3.14298000e-01
-4.99706000 3.40110000e-01
-4.96706000 3.69850000e-01
-4.93706000 4.04410000e-01
-4.90706000 4.44966000e-01
-4.87706000 4.93093000e-01
-4.84706000 5.50930000e-01
-4.81706000 6.21438000e-01
-4.75858000 8.12840000e-01
-4.72858000 9.53288000e-01
-4.69858000 1.13896000e+00
-4.66858000 1.39193000e+00
-4.63858000 1.74928000e+00
-4.60858000 2.27696000e+00
-4.57858000 3.10003000e+00
-4.54858000 4.47421000e+00
-4.51858000 6.96416000e+00
-4.48858000 1.18526000e+01
-4.45858000 2.12210000e+01
-4.42858000 3.05271000e+01
-4.39858000 2.40213000e+01
-4.36858000 1.36286000e+01
-4.33858000 7.88949000e+00
-4.30858000 5.01230000e+00
-4.27858000 3.46842000e+00
-4.24858000 2.57248000e+00
-4.21858000 2.01928000e+00
-4.18858000 1.66325000e+00
-4.15858000 1.43044000e+00
-4.12858000 1.28234000e+00
-4.09858000 1.20096000e+00
-4.06858000 1.18454000e+00
-4.03858000 1.25241000e+00
-4.00858000 1.46419000e+00
-3.97858000 1.94100000e+00
-3.94858000 2.58194000e+00
-3.91858000 2.39977000e+00
-3.88858000 1.73785000e+00
-3.83011000 1.19147000e+00
-3.80011000 1.13219000e+00
-3.77011000 1.14005000e+00
-3.74011000 1.19815000e+00
-3.71011000 1.30565000e+00
-3.68011000 1.47381000e+00
-3.65011000 1.72904000e+00
-3.62011000 2.12460000e+00
-3.59011000 2.77026000e+00
-3.56011000 3.90710000e+00
-3.53011000 6.08183000e+00
-3.50011000 1.02232000e+01
-3.47011000 1.46890000e+01
-3.44011000 1.24087000e+01
-3.41011000 8.08794000e+00
-3.38011000 5.95224000e+00
-3.35011000 5.36948000e+00
-3.32011000 5.83148000e+00
-3.29011000 7.41952000e+00
-3.26011000 1.08781000e+01
-3.23011000 1.80082000e+01
-3.20011000 3.04541000e+01
-3.17011000 3.75612000e+01
-3.14011000 2.60118000e+01
-3.11011000 1.47788000e+01
-3.08011000 8.94226000e+00
-3.05011000 5.97766000e+00
-3.02011000 4.35746000e+00
-2.99011000 3.41091000e+00
-2.96011000 2.83646000e+00
-2.90163000 2.31628000e+00
-2.87163000 2.26953000e+00
-2.84163000 2.36433000e+00
-2.81163000 2.65750000e+00
-2.78163000 3.35350000e+00
-2.75163000 4.78079000e+00
-2.72163000 6.30557000e+00
-2.69163000 5.51682000e+00
-2.66163000 4.19898000e+00
-2.63163000 3.81401000e+00
-2.60163000 4.31062000e+00
-2.57163000 5.94891000e+00
-2.54163000 8.57238000e+00
-2.51163000 8.42124000e+00
-2.48163000 5.67951000e+00
-2.45163000 3.90515000e+00
-2.42163000 3.06147000e+00
-2.39163000 2.67787000e+00
-2.36163000 2.52907000e+00
-2.33163000 2.52115000e+00
-2.30163000 2.61814000e+00
-2.27163000 2.80917000e+00
-2.24163000 3.10637000e+00
-2.21163000 3.51188000e+00
-2.18163000 3.91569000e+00
-2.15163000 4.42121000e+00
-2.12163000 5.19852000e+00
-2.09163000 6.36784000e+00
-2.06163000 8.15940000e+00
-2.03163000 1.10585000e+01
-1.97316000 2.51248000e+01
-1.94316000 4.28792000e+01
-1.91316000 6.28278000e+01
-1.88316000 5.49933000e+01
-1.85316000 3.87797000e+01
-1.82316000 3.43117000e+01
-1.79316000 4.19614000e+01
-1.76316000 5.96671000e+01
-1.73316000 6.33453000e+01
-1.70316000 4.69004000e+01
-1.67316000 3.61439000e+01
-1.64316000 3.69358000e+01
-1.61316000 4.49551000e+01
-1.58316000 4.28716000e+01
-1.55316000 3.09626000e+01
-1.52316000 2.39858000e+01
-1.49316000 2.28803000e+01
-1.46316000 2.67805000e+01
-1.43316000 3.74642000e+01
-1.40316000 5.88442000e+01
-1.37316000 8.84851000e+01
-1.34316000 1.16905000e+02
-1.31316000 1.03319000e+02
-1.28316000 6.25367000e+01
-1.25316000 3.66151000e+01
-1.22316000 2.36625000e+01
-1.19316000 1.69751000e+01
-1.16316000 1.29066000e+01
-1.13316000 1.04956000e+01
-1.10316000 9.60748000e+00
-1.04468000 1.10131000e+01
-1.01468000 9.02034000e+00
-0.98468100 6.65282000e+00
-0.95468100 5.40492000e+00
-0.92468100 4.72173000e+00
-0.89468100 4.09667000e+00
-0.86468100 3.67350000e+00
-0.83468100 3.52166000e+00
-0.80468100 3.62913000e+00
-0.77468100 4.04392000e+00
-0.74468100 4.86541000e+00
-0.71468100 6.51634000e+00
-0.68468100 8.70626000e+00
-0.65468100 8.63194000e+00
-0.62468100 8.00055000e+00
-0.59468100 9.53576000e+00
-0.56468100 1.41430000e+01
-0.53468100 1.92600000e+01
-0.50468100 1.67932000e+01
-0.47468100 1.07336000e+01
-0.44468100 6.79906000e+00
-0.41468100 4.80666000e+00
-0.38468100 3.79342000e+00
-0.35468100 3.32461000e+00
-0.32468100 3.22397000e+00
-0.29468100 3.20155000e+00
-0.26468100 2.97475000e+00
-0.23468100 2.87642000e+00
-0.20468100 2.96300000e+00
-0.17468100 3.10882000e+00
-0.11620600 3.93571000e+00
-0.08620550 4.90760000e+00
-0.05620550 6.63300000e+00
-0.02620550 9.87485000e+00
0.00379449 1.58042000e+01
0.03379450 2.23454000e+01
0.06379450 2.40975000e+01
0.09379450 2.10074000e+01
0.12379400 1.78403000e+01
0.15379400 1.99750000e+01
0.18379400 2.86795000e+01
0.21379400 3.83952000e+01
0.24379400 3.70500000e+01
0.27379400 3.44182000e+01
0.30379400 2.81797000e+01
0.33379400 2.41556000e+01
0.36379400 2.12084000e+01
0.39379400 1.50189000e+01
0.42379400 1.07571000e+01
0.45379400 9.24919000e+00
0.48379400 1.01490000e+01
0.51379400 1.18235000e+01
0.54379400 1.02206000e+01
0.57379400 7.84981000e+00
0.60379400 6.55053000e+00
0.63379400 6.33386000e+00
0.66379400 6.14117000e+00
0.69379400 6.26148000e+00
0.72379400 5.47878000e+00
0.75379400 4.04042000e+00
