# E(MeV)  S_NSDRNSDR(Total=K0+2*K1) for Bi226_DDPCX
-8.47249000 -2.56715800e+01
-8.44249000 -3.12201800e+01
-8.41249000 -2.16312200e+01
-8.38249000 -1.22556200e+01
-8.35249000 -7.31470000e+00
-8.32249000 -4.78434200e+00
-8.29249000 -3.38212800e+00
-8.26249000 -2.53963600e+00
-8.23249000 -1.99921600e+00
-8.20249000 -1.63528800e+00
-8.17249000 -1.38252000e+00
-8.14249000 -1.20576800e+00
-8.11249000 -1.08719900e+00
-8.08249000 -1.02190200e+00
-8.05249000 -1.02023200e+00
-8.02249000 -1.11944700e+00
-7.99249000 -1.39018000e+00
-7.96249000 -1.73137200e+00
-7.93249000 -1.70484000e+00
-7.90249000 -1.67017300e+00
-7.87249000 -1.52917000e+00
-7.84249000 -1.11295100e+00
-7.81249000 -8.34863000e-01
-7.78249000 -7.15048000e-01
-7.75249000 -7.07616000e-01
-7.72249000 -8.24845000e-01
-7.69249000 -1.06923400e+00
-7.66249000 -1.09173900e+00
-7.63249000 -7.91057000e-01
-7.60249000 -5.72883000e-01
-7.54401000 -4.11431000e-01
-7.51401000 -3.87230000e-01
-7.48401000 -3.83399000e-01
-7.45401000 -3.96380000e-01
-7.42401000 -4.26600000e-01
-7.39401000 -4.77662000e-01
-7.36401000 -5.56953000e-01
-7.33401000 -6.77783000e-01
-7.30401000 -8.64186000e-01
-7.27401000 -1.16155250e+00
-7.24401000 -1.66151470e+00
-7.21401000 -2.56356420e+00
-7.18401000 -4.32318220e+00
-7.15401000 -7.80545910e+00
-7.12401000 -1.23135136e+01
-7.09401000 -1.10414521e+01
-7.06401000 -6.42293250e+00
-7.03401000 -3.61304660e+00
-7.00401000 -2.16547530e+00
-6.97401000 -1.38661540e+00
-6.94401000 -9.35342400e-01
-6.91401000 -6.53090600e-01
-6.88401000 -4.64739800e-01
-6.85401000 -3.32194200e-01
-6.82401000 -2.34741400e-01
-6.79401000 -1.60416200e-01
-6.76401000 -1.01963500e-01
-6.73401000 -5.48200000e-02
-6.70401000 -1.60706800e-02
-6.67401000 1.60729000e-02
-6.61553000 6.17048000e-02
-6.58553000 7.39935000e-02
-6.55553000 7.98223000e-02
-6.52553000 1.01658950e-01
-6.49553000 1.35585120e-01
-6.46553000 1.62738040e-01
-6.43553000 1.84131880e-01
-6.40553000 2.02543830e-01
-6.37553000 2.19359800e-01
-6.34553000 2.35251400e-01
-6.31553000 2.50589800e-01
-6.28553000 2.65607400e-01
-6.25553000 2.80472400e-01
-6.22553000 2.95317200e-01
-6.19553000 3.10268400e-01
-6.16553000 3.25448800e-01
-6.13553000 3.40991400e-01
-6.10553000 3.57063500e-01
-6.07553000 3.73888700e-01
-6.04553000 3.91797000e-01
-6.01553000 4.11328900e-01
-5.98553000 4.33467200e-01
-5.95553000 4.60177600e-01
-5.92553000 4.95772300e-01
-5.89553000 5.49726200e-01
-5.86553000 6.32547300e-01
-5.83553000 6.90195000e-01
-5.80553000 6.55069700e-01
-5.77553000 6.23274000e-01
-5.74553000 6.19938600e-01
-5.68706000 6.53640400e-01
-5.65706000 6.81833100e-01
-5.62706000 7.15747000e-01
-5.59706000 7.55731000e-01
-5.56706000 8.03014000e-01
-5.53706000 8.59868000e-01
-5.50706000 9.30195000e-01
-5.47706000 1.02087700e+00
-5.44706000 1.14479200e+00
-5.41706000 1.32787000e+00
-5.38706000 1.62352900e+00
-5.35706000 2.11175700e+00
-5.32706000 2.82099800e+00
-5.29706000 3.93848700e+00
-5.26706000 4.76289400e+00
-5.23706000 3.80798500e+00
-5.20706000 2.78895100e+00
-5.17706000 2.31584100e+00
-5.14706000 2.15397100e+00
-5.11706000 2.15427500e+00
-5.08706000 2.25634500e+00
-5.05706000 2.44069200e+00
-5.02706000 2.70895800e+00
-4.99706000 3.07839000e+00
-4.96706000 3.58389000e+00
-4.93706000 4.28695000e+00
-4.90706000 5.29588600e+00
-4.87706000 6.81009300e+00
-4.84706000 9.22121000e+00
-4.81706000 1.33601980e+01
-4.75858000 3.53972400e+01
-4.72858000 5.97308880e+01
-4.69858000 6.65719600e+01
-4.66858000 4.39543300e+01
-4.63858000 2.71154800e+01
-4.60858000 1.98140400e+01
-4.57858000 1.82965100e+01
-4.54858000 2.17077300e+01
-4.51858000 3.02379600e+01
-4.48858000 3.60284000e+01
-4.45858000 3.73212800e+01
-4.42858000 4.05297400e+01
-4.39858000 3.08535000e+01
-4.36858000 1.87705200e+01
-4.33858000 1.20627500e+01
-4.30858000 8.60294000e+00
-4.27858000 6.70780000e+00
-4.24858000 5.61806000e+00
-4.21858000 4.99568000e+00
-4.18858000 4.68887000e+00
-4.15858000 4.64232000e+00
-4.12858000 4.87132000e+00
-4.09858000 5.47754000e+00
-4.06858000 6.72412000e+00
-4.03858000 9.23849000e+00
-4.00858000 1.43609500e+01
-3.97858000 2.26170000e+01
-3.94858000 2.48447400e+01
-3.91858000 1.77108700e+01
-3.88858000 1.12250700e+01
-3.83011000 6.00879000e+00
-3.80011000 5.06889000e+00
-3.77011000 4.58787000e+00
-3.74011000 4.37435000e+00
-3.71011000 4.34249000e+00
-3.68011000 4.46375000e+00
-3.65011000 4.74304000e+00
-3.62011000 5.22334000e+00
-3.59011000 6.01196000e+00
-3.56011000 7.35392000e+00
-3.53011000 9.80633000e+00
-3.50011000 1.43166400e+01
-3.47011000 1.92737400e+01
-3.44011000 1.76591600e+01
-3.41011000 1.42686800e+01
-3.38011000 1.34854200e+01
-3.35011000 1.49158200e+01
-3.32011000 1.85356200e+01
-3.29011000 2.57801800e+01
-3.26011000 4.01281000e+01
-3.23011000 6.50774000e+01
-3.20011000 8.45129000e+01
-3.17011000 7.98612000e+01
-3.14011000 6.30886000e+01
-3.11011000 5.90134000e+01
-3.08011000 7.63088600e+01
-3.05011000 1.07882260e+02
-3.02011000 9.96546600e+01
-2.99011000 6.16903100e+01
-2.96011000 3.79618600e+01
-2.90163000 2.05392400e+01
-2.87163000 1.75213100e+01
-2.84163000 1.62816900e+01
-2.81163000 1.63506400e+01
-2.78163000 1.79151200e+01
-2.75163000 2.16160900e+01
-2.72163000 2.77301700e+01
-2.69163000 3.56090200e+01
-2.66163000 4.75927800e+01
-2.63163000 5.54884100e+01
-2.60163000 5.39732200e+01
-2.57163000 5.81825100e+01
-2.54163000 7.82919800e+01
-2.51163000 1.21187440e+02
-2.48163000 1.90072910e+02
-2.45163000 2.00092950e+02
-2.42163000 1.27192470e+02
-2.39163000 7.45628700e+01
-2.36163000 4.83844700e+01
-2.33163000 3.53851500e+01
-2.30163000 2.89205400e+01
-2.27163000 2.63149700e+01
-2.24163000 2.67189700e+01
-2.21163000 3.00248800e+01
-2.18163000 3.50716900e+01
-2.15163000 3.69524100e+01
-2.12163000 4.02303200e+01
-2.09163000 5.17078400e+01
-2.06163000 7.74696000e+01
-2.03163000 1.22505700e+02
-1.97316000 1.49294800e+02
-1.94316000 1.61531200e+02
-1.91316000 1.71633000e+02
-1.88316000 1.34370700e+02
-1.85316000 8.84683000e+01
-1.82316000 6.79445000e+01
-1.79316000 6.80662000e+01
-1.76316000 8.26677000e+01
-1.73316000 8.58991000e+01
-1.70316000 6.94914000e+01
-1.67316000 5.55611600e+01
-1.64316000 5.39402800e+01
-1.61316000 6.17041200e+01
-1.58316000 6.13733800e+01
-1.55316000 5.38422000e+01
-1.52316000 5.58674000e+01
-1.49316000 7.09545000e+01
-1.46316000 9.00305000e+01
-1.43316000 1.00191400e+02
-1.40316000 1.26421600e+02
-1.37316000 1.53478700e+02
-1.34316000 1.62682800e+02
-1.31316000 1.36320400e+02
-1.28316000 9.05199000e+01
-1.25316000 6.62979000e+01
-1.22316000 6.20397000e+01
-1.19316000 6.16345000e+01
-1.16316000 4.77728000e+01
-1.13316000 3.56882000e+01
-1.10316000 3.06026800e+01
-1.04468000 3.34499000e+01
-1.01468000 3.66999400e+01
-0.98468100 4.51246200e+01
-0.95468100 6.12797200e+01
-0.92468100 6.72381300e+01
-0.89468100 5.62872700e+01
-0.86468100 5.21393000e+01
-0.83468100 5.89534600e+01
-0.80468100 7.98563300e+01
-0.77468100 1.22447320e+02
-0.74468100 1.65845010e+02
-0.71468100 1.63187740e+02
-0.68468100 1.76038860e+02
-0.65468100 2.31807940e+02
-0.62468100 2.98712550e+02
-0.59468100 2.75075760e+02
-0.56468100 1.90261000e+02
-0.53468100 1.41118800e+02
-0.50468100 1.13819000e+02
-0.47468100 1.03781000e+02
-0.44468100 9.15480600e+01
-0.41468100 6.38200600e+01
-0.38468100 4.31646200e+01
-0.35468100 3.21440100e+01
-0.32468100 2.64113700e+01
-0.29468100 2.38815500e+01
-0.26468100 2.39735500e+01
-0.23468100 2.73670200e+01
-0.20468100 3.18364000e+01
-0.17468100 2.87840200e+01
-0.11620600 1.93650500e+01
-0.08620550 1.78326400e+01
-0.05620550 1.89041800e+01
-0.02620550 2.31212900e+01
0.00379449 3.22150600e+01
0.03379450 4.25016000e+01
0.06379450 4.31698400e+01
0.09379450 3.92170800e+01
0.12379400 3.73179000e+01
0.15379400 3.73917800e+01
0.18379400 4.36636000e+01
0.21379400 5.36350600e+01
0.24379400 5.56310000e+01
0.27379400 6.02976000e+01
0.30379400 6.25609000e+01
0.33379400 6.42170000e+01
0.36379400 6.52810000e+01
0.39379400 5.99299000e+01
0.42379400 4.80631000e+01
0.45379400 4.20941900e+01
0.48379400 4.82458000e+01
0.51379400 5.95325000e+01
0.54379400 5.69666000e+01
0.57379400 5.62638100e+01
0.60379400 6.45507300e+01
0.63379400 5.89658600e+01
0.66379400 4.26985700e+01
0.69379400 3.38080800e+01
0.72379400 2.92935800e+01
0.75379400 2.42110200e+01
