# E(MeV)  S_NSDRNSDR(Total=K0+2*K1) for Cd123_DDPCX
-6.39584000 5.66011800e-01
-6.36584000 1.22418810e+00
-6.33584000 1.13958350e+00
-6.30584000 5.60756300e-01
-6.27584000 2.10955100e-01
-6.24584000 4.65061000e-02
-6.21584000 -3.18251000e-02
-6.18584000 -7.04105000e-02
-6.15584000 -8.94483000e-02
-6.12584000 -9.82648000e-02
-6.09584000 -1.01479900e-01
-6.06584000 -1.01527400e-01
-6.03584000 -9.97550000e-02
-6.00584000 -9.69384000e-02
-5.97584000 -9.35379000e-02
-5.94584000 -8.98321000e-02
-5.91584000 -8.59918000e-02
-5.88584000 -8.21222000e-02
-5.85584000 -7.82877000e-02
-5.82584000 -7.45270200e-02
-5.79584000 -7.08617700e-02
-5.76584000 -6.73033900e-02
-5.73584000 -6.38563000e-02
-5.70584000 -6.05203300e-02
-5.67503000 -5.72070200e-02
-5.64503000 -5.40857300e-02
-5.61503000 -5.10621800e-02
-5.58503000 -4.81303300e-02
-5.55503000 -4.52835700e-02
-5.52503000 -4.25150400e-02
-5.49503000 -3.98185000e-02
-5.46503000 -3.71874600e-02
-5.43503000 -3.46156200e-02
-5.40503000 -3.20968600e-02
-5.37503000 -2.96256200e-02
-5.34503000 -2.71961400e-02
-5.31503000 -2.48028100e-02
-5.28503000 -2.24405740e-02
-5.25503000 -2.01040870e-02
-5.22503000 -1.77882610e-02
-5.19503000 -1.54881510e-02
-5.16503000 -1.31987600e-02
-5.13503000 -1.09151800e-02
-5.10503000 -8.63244000e-03
-5.07503000 -6.34555000e-03
-5.04503000 -4.04942000e-03
-5.01503000 -1.73880000e-03
-4.98503000 5.91630000e-04
-4.95422000 3.01156000e-03
-4.92422000 5.39953800e-03
-4.89422000 7.82502000e-03
-4.86422000 1.02944900e-02
-4.83422000 1.28148200e-02
-4.80422000 1.53934200e-02
-4.77422000 1.80381500e-02
-4.74422000 2.07576200e-02
-4.71422000 2.35611400e-02
-4.68422000 2.64588400e-02
-4.65422000 2.94618000e-02
-4.62422000 3.25823600e-02
-4.59422000 3.58340000e-02
-4.56422000 3.92316000e-02
-4.53422000 4.27921000e-02
-4.50422000 4.65339000e-02
-4.47422000 5.04783000e-02
-4.44422000 5.46488000e-02
-4.41422000 5.90724000e-02
-4.38422000 6.37792000e-02
-4.35422000 6.88039000e-02
-4.32422000 7.41868000e-02
-4.29422000 7.99735000e-02
-4.26422000 8.62167000e-02
-4.23341000 9.31691000e-02
-4.20341000 1.00538100e-01
-4.17341000 1.08584100e-01
-4.14341000 1.17407900e-01
-4.11341000 1.27128300e-01
-4.08341000 1.37887500e-01
-4.05341000 1.49857700e-01
-4.02341000 1.63247000e-01
-3.99341000 1.78310400e-01
-3.96341000 1.95362400e-01
-3.93341000 2.14795500e-01
-3.90341000 2.37103600e-01
-3.87341000 2.62916700e-01
-3.84341000 2.93048100e-01
-3.81341000 3.28563000e-01
-3.78341000 3.70882000e-01
-3.75341000 4.21931000e-01
-3.72341000 4.84384000e-01
-3.69341000 5.62039000e-01
-3.66341000 6.60469000e-01
-3.63341000 7.88141000e-01
-3.60341000 9.58494000e-01
-3.57341000 1.19407800e+00
-3.54341000 1.53537600e+00
-3.51260000 2.07898600e+00
-3.48260000 2.96278100e+00
-3.45260000 4.46952500e+00
-3.42260000 6.43013000e+00
-3.39260000 8.34272000e+00
-3.36260000 1.22133500e+01
-3.33260000 1.91987200e+01
-3.30260000 2.57020800e+01
-3.27260000 2.48736400e+01
-3.24260000 1.79456800e+01
-3.21260000 1.10046500e+01
-3.18260000 6.54369000e+00
-3.15260000 4.17308000e+00
-3.12260000 2.86672000e+00
-3.09260000 2.08765400e+00
-3.06260000 1.58945700e+00
-3.03260000 1.25264700e+00
-3.00260000 1.01470600e+00
-2.97260000 8.40580000e-01
-2.94260000 7.09452000e-01
-2.91260000 6.08338000e-01
-2.88260000 5.28812000e-01
-2.85260000 4.65212000e-01
-2.82260000 4.13620000e-01
-2.79179000 3.70221000e-01
-2.76179000 3.35249000e-01
-2.73179000 3.05966600e-01
-2.70179000 2.81265800e-01
-2.67179000 2.60296800e-01
-2.64179000 2.42404000e-01
-2.61179000 2.27074700e-01
-2.58179000 2.13903100e-01
-2.55179000 2.02566900e-01
-2.52179000 1.92806800e-01
-2.49179000 1.84413800e-01
-2.46179000 1.77219300e-01
-2.43179000 1.71086200e-01
-2.40179000 1.65904200e-01
-2.37179000 1.61584700e-01
-2.34179000 1.58057800e-01
-2.31179000 1.55270000e-01
-2.28179000 1.53181600e-01
-2.25179000 1.51766700e-01
-2.22179000 1.51011400e-01
-2.19179000 1.50914800e-01
-2.16179000 1.51488600e-01
-2.13179000 1.52758100e-01
-2.10179000 1.54765000e-01
-2.07097000 1.57655300e-01
-2.04097000 1.61360100e-01
-2.01097000 1.66052700e-01
-1.98097000 1.71875500e-01
-1.95097000 1.79015400e-01
-1.92097000 1.87719100e-01
-1.89097000 1.98314700e-01
-1.86097000 2.11245200e-01
-1.83097000 2.27121100e-01
-1.80097000 2.46804600e-01
-1.77097000 2.71554700e-01
-1.74097000 3.03289000e-01
-1.71097000 3.45083000e-01
-1.68097000 4.02227000e-01
-1.65097000 4.84610000e-01
-1.62097000 6.12432000e-01
-1.59097000 8.28186000e-01
-1.56097000 1.18736300e+00
-1.53097000 1.53054600e+00
-1.50097000 1.58992700e+00
-1.47097000 1.65257900e+00
-1.44097000 2.00219200e+00
-1.41097000 2.83159200e+00
-1.38097000 4.54586000e+00
-1.35016000 8.11219000e+00
-1.32016000 1.28908700e+01
-1.29016000 1.24906000e+01
-1.26016000 7.58745000e+00
-1.23016000 4.28752000e+00
-1.20016000 2.62642800e+00
-1.17016000 1.76191200e+00
-1.14016000 1.28186200e+00
-1.11016000 1.00648500e+00
-1.08016000 8.18168000e-01
-1.05016000 6.51029000e-01
-1.02016000 5.28296000e-01
-0.99016400 4.43525000e-01
-0.96016400 3.82576000e-01
-0.93016400 3.36994000e-01
-0.90016400 3.01946300e-01
-0.87016400 2.74472500e-01
-0.84016400 2.52647000e-01
-0.81016400 2.35161100e-01
-0.78016400 2.21097800e-01
-0.75016400 2.09800300e-01
-0.72016400 2.00793100e-01
-0.69016400 1.93731900e-01
-0.66016400 1.88370100e-01
-0.62935200 1.84456000e-01
-0.59935200 1.82090300e-01
-0.56935200 1.81106400e-01
-0.53935200 1.81517800e-01
-0.50935200 1.83400000e-01
-0.47935200 1.86900900e-01
-0.44935200 1.92261400e-01
-0.41935200 1.99847400e-01
-0.38935200 2.10205600e-01
-0.35935200 2.24152300e-01
-0.32935200 2.42929200e-01
-0.29935200 2.68474600e-01
-0.26935200 3.03929400e-01
-0.23935200 3.54624000e-01
-0.20935200 4.30139000e-01
-0.17935200 5.48896000e-01
-0.14935200 7.49202000e-01
-0.11935200 1.11670400e+00
-0.08935230 1.84039300e+00
-0.05935230 3.12014000e+00
-0.02935230 3.86473000e+00
0.00064765 2.86693900e+00
0.03064770 1.89601400e+00
0.06064770 1.27654700e+00
0.09145880 9.41159000e-01
0.12145900 8.09965000e-01
0.15145900 8.00604000e-01
0.18145900 9.00172000e-01
0.21145900 1.13929400e+00
0.24145900 1.56776200e+00
0.27145900 2.37288000e+00
0.30145900 3.99411000e+00
0.33145900 5.84423000e+00
0.36145900 5.19755000e+00
0.39145900 3.46793000e+00
0.42145900 2.09395300e+00
0.45145900 1.30193400e+00
0.48145900 8.82238000e-01
0.51145900 6.45288000e-01
0.54145900 5.00574000e-01
0.57145900 4.06179000e-01
0.60145900 3.41318000e-01
0.63145900 2.94884000e-01
0.66145900 2.60548100e-01
0.69145900 2.34517500e-01
0.72145900 2.14447500e-01
0.75145900 1.98835900e-01
0.78145900 1.86228800e-01
