# E(MeV)  S_NSDRNSDR(K=0) for Cf269_DDPCX
-3.48770000 2.50502000e-01
-3.45770000 2.55974000e-01
-3.42770000 2.61556000e-01
-3.39770000 2.67254000e-01
-3.36770000 2.73079000e-01
-3.33770000 2.79040000e-01
-3.30770000 2.85149000e-01
-3.27770000 2.91420000e-01
-3.24770000 2.97866000e-01
-3.21770000 3.04505000e-01
-3.18770000 3.11359000e-01
-3.15770000 3.18451000e-01
-3.12770000 3.25812000e-01
-3.09770000 3.33478000e-01
-3.05770000 3.44254000e-01
-3.02770000 3.52831000e-01
-2.99770000 3.61920000e-01
-2.96770000 3.71631000e-01
-2.93770000 3.82111000e-01
-2.90770000 3.93564000e-01
-2.87770000 4.06285000e-01
-2.84770000 4.20706000e-01
-2.81770000 4.37489000e-01
-2.78770000 4.57691000e-01
-2.75770000 4.83072000e-01
-2.72770000 5.16744000e-01
-2.69770000 5.64577000e-01
-2.66770000 6.38502000e-01
-2.62771000 8.27214000e-01
-2.59771000 1.12521000e+00
-2.56771000 1.64739000e+00
-2.53771000 1.94169000e+00
-2.50771000 1.49827000e+00
-2.47771000 1.08091000e+00
-2.44771000 8.56187000e-01
-2.41771000 7.42086000e-01
-2.38771000 6.85439000e-01
-2.35771000 6.57825000e-01
-2.32771000 6.45906000e-01
-2.29771000 6.43240000e-01
-2.26771000 6.46497000e-01
-2.23771000 6.53853000e-01
-2.19771000 6.68293000e-01
-2.16771000 6.81863000e-01
-2.13771000 6.97430000e-01
-2.10771000 7.14833000e-01
-2.07771000 7.34010000e-01
-2.04771000 7.54967000e-01
-2.01771000 7.77771000e-01
-1.98771000 8.02541000e-01
-1.95771000 8.29450000e-01
-1.92771000 8.58730000e-01
-1.89771000 8.90681000e-01
-1.86771000 9.25689000e-01
-1.83771000 9.64245000e-01
-1.80771000 1.00698000e+00
-1.76771000 1.07193000e+00
-1.73771000 1.12810000e+00
-1.70771000 1.19245000e+00
-1.67771000 1.26722000e+00
-1.64771000 1.35565000e+00
-1.61771000 1.46248000e+00
-1.58771000 1.59497000e+00
-1.55771000 1.76461000e+00
-1.52771000 1.99068000e+00
-1.49771000 2.30728000e+00
-1.46771000 2.77911000e+00
-1.43771000 3.53886000e+00
-1.40771000 4.88039000e+00
-1.37771000 7.46611000e+00
-1.33771000 1.41483000e+01
-1.30771000 1.58785000e+01
-1.27771000 1.09489000e+01
-1.24771000 7.12649000e+00
-1.21771000 5.31669000e+00
-1.18771000 4.55588000e+00
-1.15771000 4.35733000e+00
-1.12771000 4.56259000e+00
-1.09771000 5.21472000e+00
-1.06771000 6.59343000e+00
-1.03771000 9.34806000e+00
-1.00771000 1.35071000e+01
-0.97771500 1.40409000e+01
-0.94771500 1.08116000e+01
-0.90771800 8.95161000e+00
-0.87771800 9.33937000e+00
-0.84771800 1.05992000e+01
-0.81771800 1.32949000e+01
-0.78771800 1.86736000e+01
-0.75771800 2.65469000e+01
-0.72771800 3.03863000e+01
-0.69771800 3.40510000e+01
-0.66771800 4.79481000e+01
-0.63771800 7.97632000e+01
-0.60771800 1.19557000e+02
-0.57771800 1.03458000e+02
-0.54771800 6.10823000e+01
-0.51771800 3.65512000e+01
-0.47772100 2.27443000e+01
-0.44772100 1.80784000e+01
-0.41772100 1.39812000e+01
-0.38772100 1.10536000e+01
-0.35772100 9.32674000e+00
-0.32772100 8.35473000e+00
-0.29772100 7.90506000e+00
-0.26772100 7.89873000e+00
-0.23772100 8.40773000e+00
-0.20772100 9.73183000e+00
-0.17772100 1.25750000e+01
-0.14772100 1.73250000e+01
-0.11772100 1.99839000e+01
-0.08772090 1.66869000e+01
-0.04772390 1.21989000e+01
-0.01772390 1.14093000e+01
0.01227610 1.18949000e+01
0.04227610 1.20625000e+01
0.07227610 1.19448000e+01
0.10227600 1.25938000e+01
0.13227600 1.41088000e+01
0.16227600 1.66233000e+01
0.19227600 2.06314000e+01
0.22227600 2.71944000e+01
0.25227600 3.76261000e+01
0.28227600 5.30074000e+01
0.31227600 8.00083000e+01
0.34227600 1.17445000e+02
0.38227300 1.37654000e+02
0.41227300 1.65193000e+02
0.44227300 2.09284000e+02
0.47227300 1.68738000e+02
0.50227300 1.02423000e+02
0.53227300 6.60865000e+01
0.56227300 4.94936000e+01
0.59227300 4.32972000e+01
0.62227300 4.37868000e+01
0.65227300 4.90251000e+01
0.68227300 5.03508000e+01
0.71227300 5.15352000e+01
0.74227300 5.90036000e+01
0.77227300 6.79056000e+01
