# E(MeV)  S_NSDRNSDR(Total=K0+2*K1) for Cf269_DDPCX
-3.48770000 7.69042000e-01
-3.45770000 7.90588000e-01
-3.42770000 8.13400000e-01
-3.39770000 8.37672000e-01
-3.36770000 8.63645000e-01
-3.33770000 8.91612000e-01
-3.30770000 9.21949000e-01
-3.27770000 9.55120000e-01
-3.24770000 9.91726000e-01
-3.21770000 1.03255500e+00
-3.18770000 1.07864900e+00
-3.15770000 1.13140900e+00
-3.12770000 1.19277800e+00
-3.09770000 1.26549400e+00
-3.05770000 1.38720800e+00
-3.02770000 1.50539500e+00
-2.99770000 1.65817000e+00
-2.96770000 1.86312300e+00
-2.93770000 2.15062300e+00
-2.90770000 2.57642400e+00
-2.87770000 3.25056500e+00
-2.84770000 4.40796600e+00
-2.81770000 6.58218900e+00
-2.78770000 1.08760110e+01
-2.75770000 1.74059120e+01
-2.72770000 1.78607440e+01
-2.69770000 1.16008370e+01
-2.66770000 7.42740200e+00
-2.62771000 5.31937400e+00
-2.59771000 5.24297000e+00
-2.56771000 6.33749000e+00
-2.53771000 8.09155000e+00
-2.50771000 7.81535000e+00
-2.47771000 5.51911000e+00
-2.44771000 3.90954700e+00
-2.41771000 3.08600600e+00
-2.38771000 2.66255700e+00
-2.35771000 2.44206300e+00
-2.32771000 2.33842600e+00
-2.29771000 2.27667800e+00
-2.26771000 2.20620900e+00
-2.23771000 2.16533100e+00
-2.19771000 2.15872900e+00
-2.16771000 2.17684300e+00
-2.13771000 2.20878600e+00
-2.10771000 2.25201500e+00
-2.07771000 2.30523000e+00
-2.04771000 2.36786100e+00
-2.01771000 2.43982100e+00
-1.98771000 2.52140100e+00
-1.95771000 2.61324000e+00
-1.92771000 2.71633800e+00
-1.89771000 2.83211900e+00
-1.86771000 2.96256900e+00
-1.83771000 3.11044500e+00
-1.80771000 3.27976000e+00
-1.76771000 3.54997000e+00
-1.73771000 3.80100000e+00
-1.70771000 4.11921000e+00
-1.67771000 4.55026000e+00
-1.64771000 5.10873000e+00
-1.61771000 5.52662000e+00
-1.58771000 5.80777000e+00
-1.55771000 6.28475000e+00
-1.52771000 7.01870000e+00
-1.49771000 8.06284000e+00
-1.46771000 9.55897000e+00
-1.43771000 1.18016200e+01
-1.40771000 1.54040500e+01
-1.37771000 2.16913700e+01
-1.33771000 3.83105000e+01
-1.30771000 5.56065000e+01
-1.27771000 7.20259000e+01
-1.24771000 7.26524900e+01
-1.21771000 6.79664900e+01
-1.18771000 6.07940800e+01
-1.15771000 4.96063300e+01
-1.12771000 4.23485900e+01
-1.09771000 3.38941200e+01
-1.06771000 3.02848300e+01
-1.03771000 3.31614600e+01
-1.00771000 4.15013000e+01
-0.97771500 4.94815000e+01
-0.94771500 6.20478000e+01
-0.90771800 7.96168100e+01
-0.87771800 6.47633700e+01
-0.84771800 4.83232000e+01
-0.81771800 4.13179000e+01
-0.78771800 4.33832000e+01
-0.75771800 5.24053000e+01
-0.72771800 6.18349000e+01
-0.69771800 7.31154000e+01
-0.66771800 8.79881000e+01
-0.63771800 1.19363000e+02
-0.60771800 1.66118400e+02
-0.57771800 1.68512200e+02
-0.54771800 1.64035100e+02
-0.51771800 1.88798200e+02
-0.47772100 1.73245500e+02
-0.44772100 1.61550000e+02
-0.41772100 1.40551800e+02
-0.38772100 1.09261000e+02
-0.35772100 9.69839400e+01
-0.32772100 1.05680330e+02
-0.29772100 1.34770260e+02
-0.26772100 2.03516530e+02
-0.23772100 3.28717730e+02
-0.20772100 3.88921830e+02
-0.17772100 2.74855000e+02
-0.14772100 1.74457400e+02
-0.11772100 1.22974300e+02
-0.08772090 8.95651000e+01
-0.04772390 6.83927000e+01
-0.01772390 6.34563000e+01
0.01227610 5.93727000e+01
0.04227610 5.96175000e+01
0.07227610 6.20668000e+01
0.10227600 6.24926000e+01
0.13227600 7.09604000e+01
0.16227600 9.14845000e+01
0.19227600 1.12317400e+02
0.22227600 1.13145600e+02
0.25227600 9.93031000e+01
0.28227600 1.00289600e+02
0.31227600 1.24289900e+02
0.34227600 1.67896200e+02
0.38227300 2.11866400e+02
0.41227300 2.78071000e+02
0.44227300 3.69397800e+02
0.47227300 3.07258000e+02
0.50227300 1.91109200e+02
0.53227300 1.28073300e+02
0.56227300 1.01959600e+02
0.59227300 9.73508000e+01
0.62227300 1.10287200e+02
0.65227300 1.39232700e+02
0.68227300 1.75535400e+02
0.71227300 2.01905800e+02
0.74227300 2.15589200e+02
0.77227300 2.60552800e+02
