# E(MeV)  S_NSDRNSDR(K=1) for Cf269_DDPCX
-3.48770000 2.59270000e-01
-3.45770000 2.67307000e-01
-3.42770000 2.75922000e-01
-3.39770000 2.85209000e-01
-3.36770000 2.95283000e-01
-3.33770000 3.06286000e-01
-3.30770000 3.18400000e-01
-3.27770000 3.31850000e-01
-3.24770000 3.46930000e-01
-3.21770000 3.64025000e-01
-3.18770000 3.83645000e-01
-3.15770000 4.06479000e-01
-3.12770000 4.33483000e-01
-3.09770000 4.66008000e-01
-3.05770000 5.21477000e-01
-3.02770000 5.76282000e-01
-2.99770000 6.48125000e-01
-2.96770000 7.45746000e-01
-2.93770000 8.84256000e-01
-2.90770000 1.09143000e+00
-2.87770000 1.42214000e+00
-2.84770000 1.99363000e+00
-2.81770000 3.07235000e+00
-2.78770000 5.20916000e+00
-2.75770000 8.46142000e+00
-2.72770000 8.67200000e+00
-2.69770000 5.51813000e+00
-2.66770000 3.39445000e+00
-2.62771000 2.24608000e+00
-2.59771000 2.05888000e+00
-2.56771000 2.34505000e+00
-2.53771000 3.07493000e+00
-2.50771000 3.15854000e+00
-2.47771000 2.21910000e+00
-2.44771000 1.52668000e+00
-2.41771000 1.17196000e+00
-2.38771000 9.88559000e-01
-2.35771000 8.92119000e-01
-2.32771000 8.46260000e-01
-2.29771000 8.16719000e-01
-2.26771000 7.79856000e-01
-2.23771000 7.55739000e-01
-2.19771000 7.45218000e-01
-2.16771000 7.47490000e-01
-2.13771000 7.55678000e-01
-2.10771000 7.68591000e-01
-2.07771000 7.85610000e-01
-2.04771000 8.06447000e-01
-2.01771000 8.31025000e-01
-1.98771000 8.59430000e-01
-1.95771000 8.91895000e-01
-1.92771000 9.28804000e-01
-1.89771000 9.70719000e-01
-1.86771000 1.01844000e+00
-1.83771000 1.07310000e+00
-1.80771000 1.13639000e+00
-1.76771000 1.23902000e+00
-1.73771000 1.33645000e+00
-1.70771000 1.46338000e+00
-1.67771000 1.64152000e+00
-1.64771000 1.87654000e+00
-1.61771000 2.03207000e+00
-1.58771000 2.10640000e+00
-1.55771000 2.26007000e+00
-1.52771000 2.51401000e+00
-1.49771000 2.87778000e+00
-1.46771000 3.38993000e+00
-1.43771000 4.13138000e+00
-1.40771000 5.26183000e+00
-1.37771000 7.11263000e+00
-1.33771000 1.20811000e+01
-1.30771000 1.98640000e+01
-1.27771000 3.05385000e+01
-1.24771000 3.27630000e+01
-1.21771000 3.13249000e+01
-1.18771000 2.81191000e+01
-1.15771000 2.26245000e+01
-1.12771000 1.88930000e+01
-1.09771000 1.43397000e+01
-1.06771000 1.18457000e+01
-1.03771000 1.19067000e+01
-1.00771000 1.39971000e+01
-0.97771500 1.77203000e+01
-0.94771500 2.56181000e+01
-0.90771800 3.53326000e+01
-0.87771800 2.77120000e+01
-0.84771800 1.88620000e+01
-0.81771800 1.40115000e+01
-0.78771800 1.23548000e+01
-0.75771800 1.29292000e+01
-0.72771800 1.57243000e+01
-0.69771800 1.95322000e+01
-0.66771800 2.00200000e+01
-0.63771800 1.97999000e+01
-0.60771800 2.32807000e+01
-0.57771800 3.25271000e+01
-0.54771800 5.14764000e+01
-0.51771800 7.61235000e+01
-0.47772100 7.52506000e+01
-0.44772100 7.17358000e+01
-0.41772100 6.32853000e+01
-0.38772100 4.91037000e+01
-0.35772100 4.38286000e+01
-0.32772100 4.86628000e+01
-0.29772100 6.34326000e+01
-0.26772100 9.78089000e+01
-0.23772100 1.60155000e+02
-0.20772100 1.89595000e+02
-0.17772100 1.31140000e+02
-0.14772100 7.85662000e+01
-0.11772100 5.14952000e+01
-0.08772090 3.64391000e+01
-0.04772390 2.80969000e+01
-0.01772390 2.60235000e+01
0.01227610 2.37389000e+01
0.04227610 2.37775000e+01
0.07227610 2.50610000e+01
0.10227600 2.49494000e+01
0.13227600 2.84258000e+01
0.16227600 3.74306000e+01
0.19227600 4.58430000e+01
0.22227600 4.29756000e+01
0.25227600 3.08385000e+01
0.28227600 2.36411000e+01
0.31227600 2.21408000e+01
0.34227600 2.52256000e+01
0.38227300 3.71062000e+01
0.41227300 5.64390000e+01
0.44227300 8.00569000e+01
0.47227300 6.92600000e+01
0.50227300 4.43431000e+01
0.53227300 3.09934000e+01
0.56227300 2.62330000e+01
0.59227300 2.70268000e+01
0.62227300 3.32502000e+01
0.65227300 4.51038000e+01
0.68227300 6.25923000e+01
0.71227300 7.51853000e+01
0.74227300 7.82928000e+01
0.77227300 9.63236000e+01
