# E(MeV)  S_GAMTGAMT(K=1) for Cf269_DDPCX
-3.48770000 4.24806000e-03
-3.45770000 4.27095000e-03
-3.42770000 4.29415000e-03
-3.39770000 4.31769000e-03
-3.36770000 4.34158000e-03
-3.33770000 4.36586000e-03
-3.30770000 4.39058000e-03
-3.27770000 4.41580000e-03
-3.24770000 4.44158000e-03
-3.21770000 4.46802000e-03
-3.18770000 4.49527000e-03
-3.15770000 4.52351000e-03
-3.12770000 4.55305000e-03
-3.09770000 4.58433000e-03
-3.05770000 4.63006000e-03
-3.02770000 4.66920000e-03
-2.99770000 4.71545000e-03
-2.96770000 4.77442000e-03
-2.93770000 4.85823000e-03
-2.90770000 4.99438000e-03
-2.87770000 5.23270000e-03
-2.84770000 5.51518000e-03
-2.81770000 5.47039000e-03
-2.78770000 5.30546000e-03
-2.75770000 5.26635000e-03
-2.72770000 5.20938000e-03
-2.69770000 5.12394000e-03
-2.66770000 5.08496000e-03
-2.62771000 5.08183000e-03
-2.59771000 5.09684000e-03
-2.56771000 5.11939000e-03
-2.53771000 5.14659000e-03
-2.50771000 5.17701000e-03
-2.47771000 5.20985000e-03
-2.44771000 5.24470000e-03
-2.41771000 5.28133000e-03
-2.38771000 5.31963000e-03
-2.35771000 5.35955000e-03
-2.32771000 5.40112000e-03
-2.29771000 5.44440000e-03
-2.26771000 5.48951000e-03
-2.23771000 5.53659000e-03
-2.19771000 5.60273000e-03
-2.16771000 5.65519000e-03
-2.13771000 5.71043000e-03
-2.10771000 5.76882000e-03
-2.07771000 5.83083000e-03
-2.04771000 5.89705000e-03
-2.01771000 5.96822000e-03
-1.98771000 6.04529000e-03
-1.95771000 6.12953000e-03
-1.92771000 6.22262000e-03
-1.89771000 6.32688000e-03
-1.86771000 6.44567000e-03
-1.83771000 6.58410000e-03
-1.80771000 6.75046000e-03
-1.76771000 7.04092000e-03
-1.73771000 7.32583000e-03
-1.70771000 7.64591000e-03
-1.67771000 8.06725000e-03
-1.64771000 8.71519000e-03
-1.61771000 9.76810000e-03
-1.58771000 1.16234000e-02
-1.55771000 1.51824000e-02
-1.52771000 2.16856000e-02
-1.49771000 2.68148000e-02
-1.46771000 2.18431000e-02
-1.43771000 1.60074000e-02
-1.40771000 1.31539000e-02
-1.37771000 1.20522000e-02
-1.33771000 1.20060000e-02
-1.30771000 1.27655000e-02
-1.27771000 1.43441000e-02
-1.24771000 1.72702000e-02
-1.21771000 2.28133000e-02
-1.18771000 3.31070000e-02
-1.15771000 4.49624000e-02
-1.12771000 4.77855000e-02
-1.09771000 5.57923000e-02
-1.06771000 6.93277000e-02
-1.03771000 5.81666000e-02
-1.00771000 3.97202000e-02
-0.97771500 2.98331000e-02
-0.94771500 2.42825000e-02
-0.90771800 2.06701000e-02
-0.87771800 1.83641000e-02
-0.84771800 1.71681000e-02
-0.81771800 1.74932000e-02
-0.78771800 1.98191000e-02
-0.75771800 2.42866000e-02
-0.72771800 2.67100000e-02
-0.69771800 2.59537000e-02
-0.66771800 2.83924000e-02
-0.63771800 3.55167000e-02
-0.60771800 4.72391000e-02
-0.57771800 6.71193000e-02
-0.54771800 7.81510000e-02
-0.51771800 6.58760000e-02
-0.47772100 3.71222000e-02
-0.44772100 2.54839000e-02
-0.41772100 1.95162000e-02
-0.38772100 1.62590000e-02
-0.35772100 1.43703000e-02
-0.32772100 1.32532000e-02
-0.29772100 1.25960000e-02
-0.26772100 1.22025000e-02
-0.23772100 1.20381000e-02
-0.20772100 1.21755000e-02
-0.17772100 1.28215000e-02
-0.14772100 1.41632000e-02
-0.11772100 1.57038000e-02
-0.08772090 1.68478000e-02
-0.04772390 1.70379000e-02
-0.01772390 1.48443000e-02
0.01227610 1.33337000e-02
0.04227610 1.25154000e-02
0.07227610 1.21514000e-02
0.10227600 1.22429000e-02
0.13227600 1.20937000e-02
0.16227600 1.16051000e-02
0.19227600 1.13537000e-02
0.22227600 1.13653000e-02
0.25227600 1.15204000e-02
0.28227600 1.15698000e-02
0.31227600 1.16526000e-02
0.34227600 1.19003000e-02
0.38227300 1.20736000e-02
0.41227300 1.21069000e-02
0.44227300 1.22656000e-02
0.47227300 1.24452000e-02
0.50227300 1.27386000e-02
0.53227300 1.33147000e-02
0.56227300 1.42206000e-02
0.59227300 1.52793000e-02
0.62227300 1.71164000e-02
0.65227300 2.03705000e-02
0.68227300 2.27151000e-02
0.71227300 2.15692000e-02
0.74227300 1.99286000e-02
0.77227300 1.84265000e-02
