# E(MeV)  S_NSDRNSDR(K=1) for Cf317_DDPCX
-15.28400000 2.30115000e-01
-15.25400000 2.31707000e-01
-15.22400000 2.33326000e-01
-15.19400000 2.34974000e-01
-15.16400000 2.36652000e-01
-15.13400000 2.38361000e-01
-15.10400000 2.40102000e-01
-15.07400000 2.41876000e-01
-15.04400000 2.43686000e-01
-15.01400000 2.45533000e-01
-14.98400000 2.47418000e-01
-14.95400000 2.49344000e-01
-14.92400000 2.51312000e-01
-14.89400000 2.53325000e-01
-14.86400000 2.55384000e-01
-14.83400000 2.57494000e-01
-14.80400000 2.59657000e-01
-14.77400000 2.61875000e-01
-14.74400000 2.64153000e-01
-14.71400000 2.66494000e-01
-14.68400000 2.68904000e-01
-14.65400000 2.71389000e-01
-14.62400000 2.73954000e-01
-14.59400000 2.76608000e-01
-14.56400000 2.79362000e-01
-14.53400000 2.82229000e-01
-14.50400000 2.85228000e-01
-14.47400000 2.88387000e-01
-14.44400000 2.91748000e-01
-14.41400000 2.95379000e-01
-14.38400000 2.99403000e-01
-14.35400000 3.04054000e-01
-14.32400000 3.09829000e-01
-14.29400000 3.17843000e-01
-14.26400000 3.30402000e-01
-14.23400000 3.47824000e-01
-14.20400000 3.52815000e-01
-14.17400000 3.43651000e-01
-14.14400000 3.38839000e-01
-14.11400000 3.38875000e-01
-14.08400000 3.41395000e-01
-14.05400000 3.45244000e-01
-14.02400000 3.49929000e-01
-13.99400000 3.55242000e-01
-13.96400000 3.61099000e-01
-13.93400000 3.67478000e-01
-13.90400000 3.74392000e-01
-13.87400000 3.81874000e-01
-13.84400000 3.89980000e-01
-13.81400000 3.98780000e-01
-13.78400000 4.08364000e-01
-13.75400000 4.18842000e-01
-13.72400000 4.30349000e-01
-13.67440000 4.52105000e-01
-13.64440000 4.67258000e-01
-13.61440000 4.84271000e-01
-13.58440000 5.03520000e-01
-13.55440000 5.25494000e-01
-13.52440000 5.50831000e-01
-13.49440000 5.80392000e-01
-13.46440000 6.15364000e-01
-13.43440000 6.57467000e-01
-13.40440000 7.09321000e-01
-13.37440000 7.74935000e-01
-13.34440000 8.57886000e-01
-13.31440000 9.58731000e-01
-13.28440000 1.09005000e+00
-13.25440000 1.26422000e+00
-13.22440000 1.51010000e+00
-13.19440000 1.88623000e+00
-13.16440000 2.49344000e+00
-13.13440000 3.54691000e+00
-13.10440000 5.53761000e+00
-13.07440000 9.48912000e+00
-13.04440000 1.55991000e+01
-13.01440000 1.62185000e+01
-12.98440000 1.02569000e+01
-12.95440000 6.11462000e+00
-12.92440000 4.10017000e+00
-12.89440000 3.14683000e+00
-12.86440000 2.73983000e+00
-12.83440000 2.62190000e+00
-12.80440000 2.60672000e+00
-12.77440000 2.59886000e+00
-12.74440000 2.75998000e+00
-12.71440000 3.24663000e+00
-12.68440000 4.21945000e+00
-12.65440000 6.09545000e+00
-12.62440000 9.87355000e+00
-12.59440000 1.71138000e+01
-12.56440000 2.38964000e+01
-12.53440000 1.86453000e+01
-12.50440000 1.10710000e+01
-12.47440000 6.90263000e+00
-12.44440000 4.60982000e+00
-12.41440000 3.34713000e+00
-12.38440000 2.66452000e+00
-12.35440000 2.33011000e+00
-12.32440000 2.28295000e+00
-12.29440000 2.52584000e+00
-12.26440000 2.62563000e+00
-12.23440000 2.14147000e+00
-12.20440000 1.72841000e+00
-12.17440000 1.53106000e+00
-12.14440000 1.46665000e+00
-12.11440000 1.49267000e+00
-12.06480000 1.65239000e+00
-12.03480000 1.76356000e+00
-12.00480000 1.88325000e+00
-11.97480000 2.09535000e+00
-11.94480000 2.50940000e+00
-11.91480000 3.26178000e+00
-11.88480000 4.65600000e+00
-11.85480000 7.39763000e+00
-11.82480000 1.27629000e+01
-11.79480000 1.90993000e+01
-11.76480000 1.63967000e+01
-11.73480000 9.79020000e+00
-11.70480000 5.87118000e+00
-11.67480000 3.86274000e+00
-11.64480000 2.79289000e+00
-11.61480000 2.17911000e+00
-11.58480000 1.80166000e+00
-11.55480000 1.55750000e+00
-11.52480000 1.39359000e+00
-11.49480000 1.28508000e+00
-11.46480000 1.21826000e+00
-11.43480000 1.17199000e+00
-11.40480000 1.13227000e+00
-11.37480000 1.11350000e+00
-11.34480000 1.12024000e+00
-11.31480000 1.16436000e+00
-11.28480000 1.27274000e+00
-11.25480000 1.49909000e+00
-11.22480000 1.85600000e+00
-11.19480000 1.94117000e+00
-11.16480000 1.67300000e+00
-11.13480000 1.47649000e+00
-11.10480000 1.36968000e+00
-11.07480000 1.37285000e+00
-11.04480000 1.43260000e+00
-11.01480000 1.41723000e+00
-10.98480000 1.40944000e+00
-10.95480000 1.45604000e+00
-10.92480000 1.48834000e+00
-10.89480000 1.58233000e+00
-10.86480000 1.83630000e+00
-10.83480000 2.25861000e+00
-10.80480000 2.38125000e+00
-10.77480000 2.11198000e+00
-10.74480000 1.97741000e+00
-10.71480000 2.01909000e+00
-10.68480000 2.24846000e+00
-10.65480000 2.62726000e+00
-10.62480000 2.76368000e+00
-10.59480000 2.74390000e+00
-10.56480000 2.97012000e+00
-10.53480000 3.54529000e+00
-10.50480000 4.65663000e+00
-10.45510000 9.03319000e+00
-10.42510000 1.23513000e+01
-10.39510000 1.07606000e+01
-10.36510000 7.94775000e+00
-10.33510000 6.94935000e+00
-10.30510000 6.74656000e+00
-10.27510000 6.72974000e+00
-10.24510000 7.67277000e+00
-10.21510000 1.01123000e+01
-10.18510000 1.37889000e+01
-10.15510000 1.57658000e+01
-10.12510000 1.81174000e+01
-10.09510000 2.54867000e+01
-10.06510000 3.93610000e+01
-10.03510000 5.30674000e+01
-10.00510000 4.35595000e+01
-9.97513000 2.68325000e+01
-9.94513000 1.73968000e+01
-9.91513000 1.30890000e+01
-9.88513000 1.11110000e+01
-9.85513000 1.00582000e+01
-9.82513000 1.00403000e+01
-9.79513000 1.11928000e+01
-9.76513000 1.38449000e+01
-9.73513000 1.85323000e+01
-9.70513000 2.62707000e+01
-9.67513000 4.16717000e+01
-9.64513000 7.05486000e+01
-9.61513000 9.19163000e+01
-9.58513000 7.36862000e+01
-9.55513000 4.88037000e+01
-9.52513000 2.99685000e+01
-9.49513000 1.96351000e+01
-9.46513000 1.42708000e+01
-9.43513000 1.15109000e+01
-9.40513000 1.02702000e+01
-9.37513000 1.02534000e+01
-9.34513000 1.15593000e+01
-9.31513000 1.39947000e+01
-9.28513000 1.71542000e+01
-9.25513000 2.18274000e+01
-9.22513000 2.34446000e+01
-9.19513000 1.79500000e+01
-9.16513000 1.24984000e+01
-9.13513000 9.74629000e+00
-9.10513000 8.81539000e+00
-9.07513000 9.33066000e+00
-9.04513000 1.11878000e+01
-9.01513000 1.30552000e+01
-8.98513000 1.21719000e+01
-8.95513000 1.10131000e+01
-8.92513000 1.14308000e+01
-8.89513000 1.40452000e+01
-8.84550000 2.77664000e+01
-8.81550000 4.66168000e+01
-8.78550000 5.82995000e+01
-8.75550000 4.18255000e+01
-8.72550000 2.59754000e+01
-8.69550000 1.77449000e+01
-8.66550000 1.26489000e+01
-8.63550000 9.85018000e+00
-8.60550000 8.68733000e+00
-8.57550000 7.76490000e+00
-8.54550000 6.54147000e+00
-8.51550000 5.81187000e+00
-8.48550000 5.57807000e+00
-8.45550000 5.81379000e+00
-8.42550000 6.29961000e+00
-8.39550000 6.77250000e+00
-8.36550000 8.05723000e+00
-8.33550000 1.09525000e+01
-8.30550000 1.47976000e+01
-8.27550000 1.53140000e+01
-8.24550000 1.14363000e+01
-8.21550000 8.50165000e+00
-8.18550000 7.41078000e+00
-8.15550000 7.62599000e+00
-8.12550000 9.11367000e+00
-8.09550000 1.11571000e+01
-8.06550000 1.05245000e+01
-8.03550000 8.93752000e+00
-8.00550000 8.50546000e+00
-7.97550000 9.12069000e+00
-7.94550000 1.05558000e+01
-7.91550000 1.29758000e+01
-7.88550000 1.78179000e+01
-7.85550000 2.75823000e+01
-7.82550000 4.29604000e+01
-7.79550000 4.99302000e+01
-7.76550000 3.87981000e+01
-7.73550000 2.98296000e+01
-7.70550000 2.87834000e+01
-7.67550000 3.19918000e+01
-7.64550000 3.05604000e+01
-7.61550000 2.42814000e+01
-7.58550000 2.20579000e+01
-7.55550000 2.49608000e+01
-7.52550000 3.19729000e+01
-7.49550000 3.82360000e+01
-7.46550000 4.48662000e+01
-7.43550000 5.45118000e+01
-7.40550000 5.50015000e+01
-7.37550000 4.12394000e+01
-7.34550000 3.03802000e+01
-7.31550000 2.59316000e+01
-7.28550000 2.51640000e+01
-7.23587000 2.83806000e+01
-7.20587000 2.83019000e+01
-7.17587000 3.30171000e+01
-7.14587000 4.24282000e+01
-7.11587000 4.69078000e+01
-7.08587000 3.71651000e+01
-7.05587000 2.92824000e+01
-7.02587000 2.73041000e+01
-6.99587000 2.97789000e+01
-6.96587000 3.70641000e+01
-6.93587000 4.80791000e+01
-6.90587000 6.44026000e+01
-6.87587000 7.55416000e+01
-6.84587000 8.31691000e+01
-6.81587000 1.00311000e+02
-6.78587000 1.29014000e+02
-6.75587000 1.56200000e+02
-6.72587000 1.51441000e+02
-6.69587000 1.04974000e+02
-6.66587000 7.07904000e+01
-6.63587000 5.68506000e+01
-6.60587000 4.98888000e+01
-6.57587000 4.38546000e+01
-6.54587000 4.08291000e+01
-6.51587000 3.69121000e+01
-6.48587000 3.07756000e+01
-6.45587000 2.75374000e+01
-6.42587000 2.76900000e+01
-6.39587000 2.99967000e+01
-6.36587000 3.45963000e+01
-6.33587000 4.46873000e+01
-6.30587000 6.02342000e+01
-6.27587000 6.69154000e+01
-6.24587000 6.39666000e+01
-6.21587000 7.14293000e+01
-6.18587000 9.18429000e+01
-6.15587000 1.24276000e+02
-6.12587000 1.64453000e+02
-6.09587000 1.51617000e+02
-6.06587000 1.24994000e+02
-6.03587000 1.34130000e+02
-6.00587000 1.66924000e+02
-5.97587000 1.76464000e+02
-5.94587000 1.49044000e+02
-5.91587000 1.22351000e+02
-5.88587000 1.08856000e+02
-5.85587000 1.22486000e+02
-5.82587000 1.71144000e+02
-5.79587000 2.27652000e+02
-5.76587000 2.17057000e+02
-5.73587000 1.60027000e+02
-5.70587000 1.26121000e+02
-5.67587000 1.20978000e+02
-5.62624000 1.29851000e+02
-5.59624000 1.63585000e+02
-5.56624000 2.47942000e+02
-5.53624000 3.39706000e+02
-5.50624000 2.91184000e+02
-5.47624000 2.15665000e+02
-5.44624000 1.74268000e+02
-5.41624000 1.36240000e+02
-5.38624000 1.19592000e+02
-5.35624000 1.09391000e+02
-5.32624000 9.46633000e+01
-5.29624000 8.75540000e+01
-5.26624000 9.52977000e+01
-5.23624000 1.22053000e+02
-5.20624000 1.72367000e+02
-5.17624000 2.23538000e+02
-5.14624000 2.47974000e+02
-5.11624000 2.58218000e+02
-5.08624000 2.83295000e+02
-5.05624000 3.28517000e+02
-5.02624000 3.37676000e+02
-4.99624000 2.99994000e+02
-4.96624000 2.74032000e+02
-4.93624000 2.86593000e+02
-4.90624000 3.31114000e+02
-4.87624000 3.20445000e+02
-4.84624000 2.82192000e+02
-4.81624000 2.96999000e+02
-4.78624000 3.14906000e+02
-4.75624000 2.65857000e+02
-4.72624000 2.02250000e+02
-4.69624000 1.74437000e+02
-4.66624000 1.55284000e+02
-4.63624000 1.19646000e+02
-4.60624000 9.77470000e+01
-4.57624000 9.25600000e+01
-4.54624000 9.96814000e+01
-4.51624000 1.19294000e+02
-4.48624000 1.58978000e+02
-4.45624000 2.38043000e+02
-4.42624000 3.59017000e+02
-4.39624000 3.98728000e+02
-4.36624000 3.97788000e+02
-4.33624000 4.85417000e+02
-4.30624000 4.96045000e+02
-4.27624000 3.58971000e+02
-4.24624000 2.26158000e+02
-4.21624000 1.46170000e+02
-4.18624000 1.05887000e+02
-4.15624000 8.32692000e+01
-4.12624000 6.90550000e+01
-4.09624000 6.11086000e+01
-4.06624000 5.92375000e+01
-4.01662000 7.41276000e+01
-3.98662000 8.74824000e+01
-3.95662000 9.37530000e+01
-3.92662000 1.10164000e+02
-3.89662000 1.27258000e+02
-3.86662000 1.41594000e+02
-3.83662000 1.31123000e+02
-3.80662000 9.84843000e+01
-3.77662000 8.27692000e+01
-3.74662000 8.53736000e+01
-3.71662000 1.08863000e+02
-3.68662000 1.60102000e+02
-3.65662000 2.08184000e+02
-3.62662000 1.84117000e+02
-3.59662000 1.37331000e+02
-3.56662000 1.22652000e+02
-3.53662000 1.37613000e+02
-3.50662000 1.59049000e+02
-3.47662000 1.67852000e+02
-3.44662000 1.80776000e+02
-3.41662000 1.97614000e+02
-3.38662000 2.13191000e+02
-3.35662000 1.84163000e+02
-3.32662000 1.35542000e+02
-3.29662000 1.05488000e+02
-3.26662000 9.60388000e+01
-3.23662000 8.64374000e+01
-3.20662000 7.84258000e+01
-3.17662000 6.84019000e+01
-3.14662000 5.27215000e+01
-3.11662000 4.27782000e+01
-3.08662000 4.05147000e+01
-3.05662000 4.54427000e+01
-3.02662000 5.64309000e+01
-2.99662000 5.82089000e+01
-2.96662000 4.66079000e+01
-2.93662000 4.02788000e+01
-2.90662000 3.68689000e+01
-2.87662000 3.13847000e+01
-2.84662000 2.77618000e+01
-2.81662000 2.72452000e+01
-2.78662000 2.98651000e+01
-2.75662000 3.53559000e+01
-2.72662000 4.19907000e+01
-2.69662000 4.87801000e+01
-2.66662000 5.80898000e+01
-2.63662000 6.78430000e+01
-2.60662000 8.25525000e+01
-2.57662000 9.64412000e+01
-2.54662000 1.02071000e+02
-2.51662000 9.71469000e+01
-2.48662000 7.26345000e+01
-2.45662000 5.78465000e+01
-2.40699000 6.34118000e+01
-2.37699000 8.58458000e+01
-2.34699000 1.22265000e+02
-2.31699000 1.28093000e+02
-2.28699000 1.00785000e+02
-2.25699000 8.41243000e+01
-2.22699000 7.79481000e+01
-2.19699000 8.10143000e+01
-2.16699000 9.76433000e+01
-2.13699000 1.16241000e+02
-2.10699000 1.17726000e+02
-2.07699000 1.20909000e+02
-2.04699000 1.09841000e+02
-2.01699000 8.13588000e+01
-1.98699000 6.20747000e+01
-1.95699000 5.10911000e+01
-1.92699000 4.42484000e+01
-1.89699000 4.25059000e+01
-1.86699000 4.39888000e+01
-1.83699000 5.01286000e+01
-1.80699000 6.38986000e+01
-1.77699000 7.78036000e+01
-1.74699000 8.70995000e+01
-1.71699000 1.01599000e+02
-1.68699000 1.14696000e+02
-1.65699000 9.69195000e+01
-1.62699000 7.29226000e+01
-1.59699000 6.47120000e+01
-1.56699000 6.40439000e+01
-1.53699000 6.28913000e+01
-1.50699000 7.14644000e+01
-1.47699000 9.91456000e+01
-1.44699000 1.34043000e+02
-1.41699000 1.19974000e+02
-1.38699000 7.74173000e+01
-1.35699000 5.21139000e+01
-1.32699000 4.17262000e+01
-1.29699000 3.94418000e+01
-1.26699000 4.36746000e+01
-1.23699000 5.89835000e+01
-1.20699000 8.75911000e+01
-1.17699000 9.90276000e+01
-1.14699000 6.98351000e+01
-1.11699000 4.35581000e+01
-1.08699000 3.02281000e+01
-1.05699000 2.41888000e+01
-1.02699000 2.14275000e+01
-0.99698700 2.08915000e+01
-0.96698700 2.13183000e+01
-0.93698700 2.09152000e+01
-0.90698700 2.11442000e+01
-0.87698700 2.23896000e+01
-0.84698700 2.45157000e+01
-0.79735800 2.26122000e+01
-0.76735800 2.24064000e+01
-0.73735800 2.62806000e+01
-0.70735800 3.60223000e+01
-0.67735800 5.53541000e+01
-0.64735800 7.88345000e+01
-0.61735800 8.82711000e+01
-0.58735800 7.52670000e+01
-0.55735800 5.14719000e+01
-0.52735800 3.74037000e+01
-0.49735800 3.39002000e+01
-0.46735800 3.49442000e+01
-0.43735800 3.44005000e+01
-0.40735800 3.37322000e+01
-0.37735800 3.21551000e+01
-0.34735800 3.45838000e+01
-0.31735800 3.97225000e+01
-0.28735800 4.40068000e+01
-0.25735800 4.33018000e+01
-0.22735800 3.50270000e+01
-0.19735800 2.47146000e+01
-0.16735800 1.90075000e+01
-0.13735800 1.57398000e+01
-0.10735800 1.45822000e+01
-0.07735840 1.51315000e+01
-0.04735840 1.52618000e+01
-0.01735840 1.57707000e+01
0.01264160 1.81424000e+01
0.04264160 1.72903000e+01
0.07264160 1.24668000e+01
0.10264200 9.36082000e+00
0.13264200 7.95035000e+00
0.16264200 7.43270000e+00
0.19264200 7.72646000e+00
0.22264200 8.76959000e+00
0.25264200 9.57898000e+00
0.28264200 8.70926000e+00
0.31264200 7.85095000e+00
0.34264200 8.01322000e+00
0.37264200 8.86804000e+00
0.40264200 1.00538000e+01
0.43264200 1.08930000e+01
0.46264200 1.26737000e+01
0.49264200 1.63230000e+01
0.52264200 1.81461000e+01
0.55264200 1.59748000e+01
0.58264200 1.44883000e+01
0.61264200 1.53864000e+01
0.64264200 1.89185000e+01
0.67264200 2.53346000e+01
0.70264200 2.65515000e+01
0.73264200 2.10508000e+01
0.76264200 1.64296000e+01
