# E(MeV)  S_GAMTGAMT(K=1) for Cf317_DDPCX
-15.28400000 3.06007000e-03
-15.25400000 3.07155000e-03
-15.22400000 3.08314000e-03
-15.19400000 3.09484000e-03
-15.16400000 3.10665000e-03
-15.13400000 3.11858000e-03
-15.10400000 3.13065000e-03
-15.07400000 3.14285000e-03
-15.04400000 3.15520000e-03
-15.01400000 3.16770000e-03
-14.98400000 3.18037000e-03
-14.95400000 3.19322000e-03
-14.92400000 3.20625000e-03
-14.89400000 3.21949000e-03
-14.86400000 3.23294000e-03
-14.83400000 3.24662000e-03
-14.80400000 3.26056000e-03
-14.77400000 3.27477000e-03
-14.74400000 3.28927000e-03
-14.71400000 3.30409000e-03
-14.68400000 3.31926000e-03
-14.65400000 3.33482000e-03
-14.62400000 3.35081000e-03
-14.59400000 3.36729000e-03
-14.56400000 3.38432000e-03
-14.53400000 3.40203000e-03
-14.50400000 3.42057000e-03
-14.47400000 3.44029000e-03
-14.44400000 3.46184000e-03
-14.41400000 3.48654000e-03
-14.38400000 3.51418000e-03
-14.35400000 3.53543000e-03
-14.32400000 3.55145000e-03
-14.29400000 3.57112000e-03
-14.26400000 3.59444000e-03
-14.23400000 3.62045000e-03
-14.20400000 3.64884000e-03
-14.17400000 3.67967000e-03
-14.14400000 3.71318000e-03
-14.11400000 3.74977000e-03
-14.08400000 3.78998000e-03
-14.05400000 3.83447000e-03
-14.02400000 3.88415000e-03
-13.99400000 3.94015000e-03
-13.96400000 4.00398000e-03
-13.93400000 4.07762000e-03
-13.90400000 4.16377000e-03
-13.87400000 4.26614000e-03
-13.84400000 4.38996000e-03
-13.81400000 4.54279000e-03
-13.78400000 4.73593000e-03
-13.75400000 4.98675000e-03
-13.72400000 5.32321000e-03
-13.67440000 6.20908000e-03
-13.64440000 7.11632000e-03
-13.61440000 8.58834000e-03
-13.58440000 1.11800000e-02
-13.55440000 1.61518000e-02
-13.52440000 2.58137000e-02
-13.49440000 3.76696000e-02
-13.46440000 3.42820000e-02
-13.43440000 2.42211000e-02
-13.40440000 1.89105000e-02
-13.37440000 1.44544000e-02
-13.34440000 1.09473000e-02
-13.31440000 9.16301000e-03
-13.28440000 8.51433000e-03
-13.25440000 8.72856000e-03
-13.22440000 9.74791000e-03
-13.19440000 1.05850000e-02
-13.16440000 1.09641000e-02
-13.13440000 1.27518000e-02
-13.10440000 1.70846000e-02
-13.07440000 2.12503000e-02
-13.04440000 1.77445000e-02
-13.01440000 1.30690000e-02
-12.98440000 1.12212000e-02
-12.95440000 1.17367000e-02
-12.92440000 1.43661000e-02
-12.89440000 1.59411000e-02
-12.86440000 1.31856000e-02
-12.83440000 1.07162000e-02
-12.80440000 1.01524000e-02
-12.77440000 1.06941000e-02
-12.74440000 1.00966000e-02
-12.71440000 9.12765000e-03
-12.68440000 9.20909000e-03
-12.65440000 1.05935000e-02
-12.62440000 1.40558000e-02
-12.59440000 2.07362000e-02
-12.56440000 2.53709000e-02
-12.53440000 1.95388000e-02
-12.50440000 1.30976000e-02
-12.47440000 9.62100000e-03
-12.44440000 7.86513000e-03
-12.41440000 6.93619000e-03
-12.38440000 6.44322000e-03
-12.35440000 6.21469000e-03
-12.32440000 6.06870000e-03
-12.29440000 5.85875000e-03
-12.26440000 5.71883000e-03
-12.23440000 5.70034000e-03
-12.20440000 5.80618000e-03
-12.17440000 5.98815000e-03
-12.14440000 6.00320000e-03
-12.11440000 5.95046000e-03
-12.06480000 6.15085000e-03
-12.03480000 6.48616000e-03
-12.00480000 6.95567000e-03
-11.97480000 7.47244000e-03
-11.94480000 8.07635000e-03
-11.91480000 9.15295000e-03
-11.88480000 1.11129000e-02
-11.85480000 1.33352000e-02
-11.82480000 1.51639000e-02
-11.79480000 1.78288000e-02
-11.76480000 2.36157000e-02
-11.73480000 3.33764000e-02
-11.70480000 3.67054000e-02
-11.67480000 3.47822000e-02
-11.64480000 2.93302000e-02
-11.61480000 2.01467000e-02
-11.58480000 1.44910000e-02
-11.55480000 1.16612000e-02
-11.52480000 1.02501000e-02
-11.49480000 9.67095000e-03
-11.46480000 9.71234000e-03
-11.43480000 1.04562000e-02
-11.40480000 1.22555000e-02
-11.37480000 1.54339000e-02
-11.34480000 1.88476000e-02
-11.31480000 2.37685000e-02
-11.28480000 3.31486000e-02
-11.25480000 3.52102000e-02
-11.22480000 2.52577000e-02
-11.19480000 1.82840000e-02
-11.16480000 1.59933000e-02
-11.13480000 1.55927000e-02
-11.10480000 1.38444000e-02
-11.07480000 1.12952000e-02
-11.04480000 9.87521000e-03
-11.01480000 9.33523000e-03
-10.98480000 9.41218000e-03
-10.95480000 1.03809000e-02
-10.92480000 1.24998000e-02
-10.89480000 1.34469000e-02
-10.86480000 1.12811000e-02
-10.83480000 9.71812000e-03
-10.80480000 9.49879000e-03
-10.77480000 9.65052000e-03
-10.74480000 9.28169000e-03
-10.71480000 8.37746000e-03
-10.68480000 7.63565000e-03
-10.65480000 7.37302000e-03
-10.62480000 7.52750000e-03
-10.59480000 8.06669000e-03
-10.56480000 8.53314000e-03
-10.53480000 8.58998000e-03
-10.50480000 8.28202000e-03
-10.45510000 8.09068000e-03
-10.42510000 8.56475000e-03
-10.39510000 9.41789000e-03
-10.36510000 1.01571000e-02
-10.33510000 9.73920000e-03
-10.30510000 9.58527000e-03
-10.27510000 1.01149000e-02
-10.24510000 1.05942000e-02
-10.21510000 1.08020000e-02
-10.18510000 1.07171000e-02
-10.15510000 9.98130000e-03
-10.12510000 9.34231000e-03
-10.09510000 9.46426000e-03
-10.06510000 1.00945000e-02
-10.03510000 1.03841000e-02
-10.00510000 1.06060000e-02
-9.97513000 1.10609000e-02
-9.94513000 1.23679000e-02
-9.91513000 1.52641000e-02
-9.88513000 2.03252000e-02
-9.85513000 2.72988000e-02
-9.82513000 3.37660000e-02
-9.79513000 3.18655000e-02
-9.76513000 2.28448000e-02
-9.73513000 1.63147000e-02
-9.70513000 1.29942000e-02
-9.67513000 1.15126000e-02
-9.64513000 1.10737000e-02
-9.61513000 1.14225000e-02
-9.58513000 1.22496000e-02
-9.55513000 1.33884000e-02
-9.52513000 1.45194000e-02
-9.49513000 1.51219000e-02
-9.46513000 1.41137000e-02
-9.43513000 1.32154000e-02
-9.40513000 1.38460000e-02
-9.37513000 1.54070000e-02
-9.34513000 1.78131000e-02
-9.31513000 1.92998000e-02
-9.28513000 1.79805000e-02
-9.25513000 1.81114000e-02
-9.22513000 1.91270000e-02
-9.19513000 1.92495000e-02
-9.16513000 2.02566000e-02
-9.13513000 2.18109000e-02
-9.10513000 1.96409000e-02
-9.07513000 1.61904000e-02
-9.04513000 1.46161000e-02
-9.01513000 1.46484000e-02
-8.98513000 1.49879000e-02
-8.95513000 1.36431000e-02
-8.92513000 1.25631000e-02
-8.89513000 1.18894000e-02
-8.84550000 1.08958000e-02
-8.81550000 1.06447000e-02
-8.78550000 1.04150000e-02
-8.75550000 1.04804000e-02
-8.72550000 1.09535000e-02
-8.69550000 1.14267000e-02
-8.66550000 1.13903000e-02
-8.63550000 1.15605000e-02
-8.60550000 1.22399000e-02
-8.57550000 1.35307000e-02
-8.54550000 1.56264000e-02
-8.51550000 1.89513000e-02
-8.48550000 2.43367000e-02
-8.45550000 3.39896000e-02
-8.42550000 4.93979000e-02
-8.39550000 6.34269000e-02
-8.36550000 5.68399000e-02
-8.33550000 4.50530000e-02
-8.30550000 3.94486000e-02
-8.27550000 4.22574000e-02
-8.24550000 4.38206000e-02
-8.21550000 3.56933000e-02
-8.18550000 2.82700000e-02
-8.15550000 2.33083000e-02
-8.12550000 2.03607000e-02
-8.09550000 1.98901000e-02
-8.06550000 2.18552000e-02
-8.03550000 2.63788000e-02
-8.00550000 3.14571000e-02
-7.97550000 3.51754000e-02
-7.94550000 3.96013000e-02
-7.91550000 5.24325000e-02
-7.88550000 6.58764000e-02
-7.85550000 5.52453000e-02
-7.82550000 3.76019000e-02
-7.79550000 2.86254000e-02
-7.76550000 2.51568000e-02
-7.73550000 2.25210000e-02
-7.70550000 2.06012000e-02
-7.67550000 2.00247000e-02
-7.64550000 1.87250000e-02
-7.61550000 1.74130000e-02
-7.58550000 1.76694000e-02
-7.55550000 1.90385000e-02
-7.52550000 1.98526000e-02
-7.49550000 2.00235000e-02
-7.46550000 1.82870000e-02
-7.43550000 1.73492000e-02
-7.40550000 1.83255000e-02
-7.37550000 1.96621000e-02
-7.34550000 1.87273000e-02
-7.31550000 1.71784000e-02
-7.28550000 1.71915000e-02
-7.23587000 2.02518000e-02
-7.20587000 2.13669000e-02
-7.17587000 2.03759000e-02
-7.14587000 1.89067000e-02
-7.11587000 1.79630000e-02
-7.08587000 1.80395000e-02
-7.05587000 1.89653000e-02
-7.02587000 2.11406000e-02
-6.99587000 2.55683000e-02
-6.96587000 3.08710000e-02
-6.93587000 3.14387000e-02
-6.90587000 3.03590000e-02
-6.87587000 3.12881000e-02
-6.84587000 3.59228000e-02
-6.81587000 4.15847000e-02
-6.78587000 4.62628000e-02
-6.75587000 5.52114000e-02
-6.72587000 6.51397000e-02
-6.69587000 6.94380000e-02
-6.66587000 6.21033000e-02
-6.63587000 6.19406000e-02
-6.60587000 7.14967000e-02
-6.57587000 7.05325000e-02
-6.54587000 6.52153000e-02
-6.51587000 7.36711000e-02
-6.48587000 8.04601000e-02
-6.45587000 6.83377000e-02
-6.42587000 5.61619000e-02
-6.39587000 4.72941000e-02
-6.36587000 4.15911000e-02
-6.33587000 3.88712000e-02
-6.30587000 3.86815000e-02
-6.27587000 4.22529000e-02
-6.24587000 4.19353000e-02
-6.21587000 3.92039000e-02
-6.18587000 3.66776000e-02
-6.15587000 3.49032000e-02
-6.12587000 3.56101000e-02
-6.09587000 4.06425000e-02
-6.06587000 5.24073000e-02
-6.03587000 5.96328000e-02
-6.00587000 5.26873000e-02
-5.97587000 4.08580000e-02
-5.94587000 3.19769000e-02
-5.91587000 2.65852000e-02
-5.88587000 2.35313000e-02
-5.85587000 2.20692000e-02
-5.82587000 2.17943000e-02
-5.79587000 2.24712000e-02
-5.76587000 2.34854000e-02
-5.73587000 2.42125000e-02
-5.70587000 2.45312000e-02
-5.67587000 2.45572000e-02
-5.62624000 2.64216000e-02
-5.59624000 2.96767000e-02
-5.56624000 3.45783000e-02
-5.53624000 4.21156000e-02
-5.50624000 5.01477000e-02
-5.47624000 5.14051000e-02
-5.44624000 4.90225000e-02
-5.41624000 4.45936000e-02
-5.38624000 4.35054000e-02
-5.35624000 4.62041000e-02
-5.32624000 5.52041000e-02
-5.29624000 7.36767000e-02
-5.26624000 1.00031000e-01
-5.23624000 1.39720000e-01
-5.20624000 1.73821000e-01
-5.17624000 1.39524000e-01
-5.14624000 9.15253000e-02
-5.11624000 6.69988000e-02
-5.08624000 5.69074000e-02
-5.05624000 4.94935000e-02
-5.02624000 4.27275000e-02
-4.99624000 3.97250000e-02
-4.96624000 4.08206000e-02
-4.93624000 4.49233000e-02
-4.90624000 4.65487000e-02
-4.87624000 4.75019000e-02
-4.84624000 5.47988000e-02
-4.81624000 6.70103000e-02
-4.78624000 6.37988000e-02
-4.75624000 5.10302000e-02
-4.72624000 4.43913000e-02
-4.69624000 4.32507000e-02
-4.66624000 4.61043000e-02
-4.63624000 5.13921000e-02
-4.60624000 4.91637000e-02
-4.57624000 4.31656000e-02
-4.54624000 3.96575000e-02
-4.51624000 3.80632000e-02
-4.48624000 3.84959000e-02
-4.45624000 4.04010000e-02
-4.42624000 4.20672000e-02
-4.39624000 4.16661000e-02
-4.36624000 4.22669000e-02
-4.33624000 4.49666000e-02
-4.30624000 4.92944000e-02
-4.27624000 5.43529000e-02
-4.24624000 6.00515000e-02
-4.21624000 6.64212000e-02
-4.18624000 7.00401000e-02
-4.15624000 7.17700000e-02
-4.12624000 7.04777000e-02
-4.09624000 6.85927000e-02
-4.06624000 6.93280000e-02
-4.01662000 7.61039000e-02
-3.98662000 7.87082000e-02
-3.95662000 8.42650000e-02
-3.92662000 9.46857000e-02
-3.89662000 1.10395000e-01
-3.86662000 1.30998000e-01
-3.83662000 1.58296000e-01
-3.80662000 1.91643000e-01
-3.77662000 2.26836000e-01
-3.74662000 2.82538000e-01
-3.71662000 3.90262000e-01
-3.68662000 5.61097000e-01
-3.65662000 7.57843000e-01
-3.62662000 1.11028000e+00
-3.59662000 1.72177000e+00
-3.56662000 1.92681000e+00
-3.53662000 1.35341000e+00
-3.50662000 8.45170000e-01
-3.47662000 5.54971000e-01
-3.44662000 3.89569000e-01
-3.41662000 2.97296000e-01
-3.38662000 2.48857000e-01
-3.35662000 2.24948000e-01
-3.32662000 2.17159000e-01
-3.29662000 2.20486000e-01
-3.26662000 2.36235000e-01
-3.23662000 2.69928000e-01
-3.20662000 3.35033000e-01
-3.17662000 4.55547000e-01
-3.14662000 6.86158000e-01
-3.11662000 1.13574000e+00
-3.08662000 1.69274000e+00
-3.05662000 1.51912000e+00
-3.02662000 9.65741000e-01
-2.99662000 6.53636000e-01
-2.96662000 5.21719000e-01
-2.93662000 4.47593000e-01
-2.90662000 4.05643000e-01
-2.87662000 4.09724000e-01
-2.84662000 4.50681000e-01
-2.81662000 5.40681000e-01
-2.78662000 7.23871000e-01
-2.75662000 1.09195000e+00
-2.72662000 1.78451000e+00
-2.69662000 2.57070000e+00
-2.66662000 2.37231000e+00
-2.63662000 1.56314000e+00
-2.60662000 1.10497000e+00
-2.57662000 9.82526000e-01
-2.54662000 1.11877000e+00
-2.51662000 1.46852000e+00
-2.48662000 1.78478000e+00
-2.45662000 1.43709000e+00
-2.40699000 8.19770000e-01
-2.37699000 7.15512000e-01
-2.34699000 7.10308000e-01
-2.31699000 7.43209000e-01
-2.28699000 8.50485000e-01
-2.25699000 1.08927000e+00
-2.22699000 1.57248000e+00
-2.19699000 2.29567000e+00
-2.16699000 2.45924000e+00
-2.13699000 2.12505000e+00
-2.10699000 2.22157000e+00
-2.07699000 2.83334000e+00
-2.04699000 4.07341000e+00
-2.01699000 5.75218000e+00
-1.98699000 6.58849000e+00
-1.95699000 5.41292000e+00
-1.92699000 3.45914000e+00
-1.89699000 2.15601000e+00
-1.86699000 1.41070000e+00
-1.83699000 9.96020000e-01
-1.80699000 7.65526000e-01
-1.77699000 6.40939000e-01
-1.74699000 5.79000000e-01
-1.71699000 5.74882000e-01
-1.68699000 6.10500000e-01
-1.65699000 5.64808000e-01
-1.62699000 4.57227000e-01
-1.59699000 3.95417000e-01
-1.56699000 3.75184000e-01
-1.53699000 3.57818000e-01
-1.50699000 3.42273000e-01
-1.47699000 3.49329000e-01
-1.44699000 3.81736000e-01
-1.41699000 4.32965000e-01
-1.38699000 5.13010000e-01
-1.35699000 6.52545000e-01
-1.32699000 9.06700000e-01
-1.29699000 1.38044000e+00
-1.26699000 2.10225000e+00
-1.23699000 2.58401000e+00
-1.20699000 3.07005000e+00
-1.17699000 4.02154000e+00
-1.14699000 4.09248000e+00
-1.11699000 2.82885000e+00
-1.08699000 1.68528000e+00
-1.05699000 1.07098000e+00
-1.02699000 7.47054000e-01
-0.99698700 5.48327000e-01
-0.96698700 4.22267000e-01
-0.93698700 3.46768000e-01
-0.90698700 2.97291000e-01
-0.87698700 2.56054000e-01
-0.84698700 2.27893000e-01
-0.79735800 1.95160000e-01
-0.76735800 1.86247000e-01
-0.73735800 1.83846000e-01
-0.70735800 1.79282000e-01
-0.67735800 1.76224000e-01
-0.64735800 1.74547000e-01
-0.61735800 1.80637000e-01
-0.58735800 2.01474000e-01
-0.55735800 2.14541000e-01
-0.52735800 2.03480000e-01
-0.49735800 1.99457000e-01
-0.46735800 2.06611000e-01
-0.43735800 2.03526000e-01
-0.40735800 1.98326000e-01
-0.37735800 1.87226000e-01
-0.34735800 1.78082000e-01
-0.31735800 1.82987000e-01
-0.28735800 1.90643000e-01
-0.25735800 2.05315000e-01
-0.22735800 2.38247000e-01
-0.19735800 2.96776000e-01
-0.16735800 3.71128000e-01
-0.13735800 4.12679000e-01
-0.10735800 4.74775000e-01
-0.07735840 6.41987000e-01
-0.04735840 1.00364000e+00
-0.01735840 1.62529000e+00
0.01264160 2.03187000e+00
0.04264160 1.70830000e+00
0.07264160 1.26643000e+00
0.10264200 1.05649000e+00
0.13264200 8.77202000e-01
0.16264200 6.78319000e-01
0.19264200 5.32460000e-01
0.22264200 4.69724000e-01
0.25264200 4.57410000e-01
0.28264200 4.46400000e-01
0.31264200 4.55624000e-01
0.34264200 4.86272000e-01
0.37264200 4.77959000e-01
0.40264200 4.67032000e-01
0.43264200 4.23395000e-01
0.46264200 3.67576000e-01
0.49264200 3.57924000e-01
0.52264200 3.35816000e-01
0.55264200 2.94840000e-01
0.58264200 2.70105000e-01
0.61264200 2.63640000e-01
0.64264200 2.67981000e-01
0.67264200 2.96994000e-01
0.70264200 3.10223000e-01
0.73264200 3.05291000e-01
0.76264200 2.95083000e-01
