# E(MeV)  S_GAMTGAMT(K=0) for Cf317_DDPCX
-15.28400000 3.04020000e-03
-15.25400000 3.05176000e-03
-15.22400000 3.06341000e-03
-15.19400000 3.07518000e-03
-15.16400000 3.08708000e-03
-15.13400000 3.09909000e-03
-15.10400000 3.11125000e-03
-15.07400000 3.12354000e-03
-15.04400000 3.13600000e-03
-15.01400000 3.14861000e-03
-14.98400000 3.16141000e-03
-14.95400000 3.17439000e-03
-14.92400000 3.18758000e-03
-14.89400000 3.20098000e-03
-14.86400000 3.21463000e-03
-14.83400000 3.22853000e-03
-14.80400000 3.24270000e-03
-14.77400000 3.25718000e-03
-14.74400000 3.27199000e-03
-14.71400000 3.28715000e-03
-14.68400000 3.30271000e-03
-14.65400000 3.31871000e-03
-14.62400000 3.33518000e-03
-14.59400000 3.35219000e-03
-14.56400000 3.36978000e-03
-14.53400000 3.38804000e-03
-14.50400000 3.40705000e-03
-14.47400000 3.42690000e-03
-14.44400000 3.44771000e-03
-14.41400000 3.46962000e-03
-14.38400000 3.49279000e-03
-14.35400000 3.51743000e-03
-14.32400000 3.54378000e-03
-14.29400000 3.57217000e-03
-14.26400000 3.60296000e-03
-14.23400000 3.63667000e-03
-14.20400000 3.67392000e-03
-14.17400000 3.71555000e-03
-14.14400000 3.76266000e-03
-14.11400000 3.81677000e-03
-14.08400000 3.87995000e-03
-14.05400000 3.95516000e-03
-14.02400000 4.04675000e-03
-13.99400000 4.16124000e-03
-13.96400000 4.30892000e-03
-13.93400000 4.50660000e-03
-13.90400000 4.78341000e-03
-13.87400000 5.19291000e-03
-13.84400000 5.84113000e-03
-13.81400000 6.95535000e-03
-13.78400000 9.05228000e-03
-13.75400000 1.31815000e-02
-13.72400000 1.92415000e-02
-13.67440000 1.52764000e-02
-13.64440000 1.05357000e-02
-13.61440000 8.19985000e-03
-13.58440000 7.19391000e-03
-13.55440000 6.92994000e-03
-13.52440000 7.26389000e-03
-13.49440000 8.39969000e-03
-13.46440000 1.09741000e-02
-13.43440000 1.50928000e-02
-13.40440000 1.55035000e-02
-13.37440000 1.14569000e-02
-13.34440000 8.70068000e-03
-13.31440000 7.44923000e-03
-13.28440000 6.99349000e-03
-13.25440000 7.01925000e-03
-13.22440000 7.47097000e-03
-13.19440000 8.49474000e-03
-13.16440000 1.05452000e-02
-13.13440000 1.46680000e-02
-13.10440000 2.17708000e-02
-13.07440000 2.53613000e-02
-13.04440000 2.09746000e-02
-13.01440000 1.93998000e-02
-12.98440000 2.20166000e-02
-12.95440000 2.21520000e-02
-12.92440000 1.73589000e-02
-12.89440000 1.23140000e-02
-12.86440000 9.53019000e-03
-12.83440000 8.17485000e-03
-12.80440000 7.56317000e-03
-12.77440000 7.41218000e-03
-12.74440000 7.65626000e-03
-12.71440000 8.39391000e-03
-12.68440000 9.96388000e-03
-12.65440000 1.32033000e-02
-12.62440000 1.96252000e-02
-12.59440000 2.73540000e-02
-12.56440000 2.55722000e-02
-12.53440000 1.76991000e-02
-12.50440000 1.21888000e-02
-12.47440000 9.45811000e-03
-12.44440000 8.11146000e-03
-12.41440000 7.20812000e-03
-12.38440000 6.58713000e-03
-12.35440000 6.23969000e-03
-12.32440000 6.08644000e-03
-12.29440000 6.08876000e-03
-12.26440000 6.09724000e-03
-12.23440000 5.99824000e-03
-12.20440000 5.97735000e-03
-12.17440000 6.07936000e-03
-12.14440000 6.29786000e-03
-12.11440000 6.61850000e-03
-12.06480000 7.62079000e-03
-12.03480000 8.71378000e-03
-12.00480000 1.02351000e-02
-11.97480000 1.28734000e-02
-11.94480000 1.79978000e-02
-11.91480000 2.62310000e-02
-11.88480000 3.08610000e-02
-11.85480000 2.77752000e-02
-11.82480000 2.09531000e-02
-11.79480000 1.48561000e-02
-11.76480000 1.17178000e-02
-11.73480000 1.05348000e-02
-11.70480000 1.05717000e-02
-11.67480000 1.10562000e-02
-11.64480000 1.17143000e-02
-11.61480000 1.25733000e-02
-11.58480000 1.36809000e-02
-11.55480000 1.63230000e-02
-11.52480000 2.18236000e-02
-11.49480000 2.62514000e-02
-11.46480000 2.20419000e-02
-11.43480000 1.76440000e-02
-11.40480000 1.67103000e-02
-11.37480000 1.61439000e-02
-11.34480000 1.40110000e-02
-11.31480000 1.29882000e-02
-11.28480000 1.35164000e-02
-11.25480000 1.57607000e-02
-11.22480000 2.08604000e-02
-11.19480000 2.96101000e-02
-11.16480000 3.26249000e-02
-11.13480000 2.37219000e-02
-11.10480000 1.68659000e-02
-11.07480000 1.37595000e-02
-11.04480000 1.20038000e-02
-11.01480000 1.04188000e-02
-10.98480000 9.08632000e-03
-10.95480000 8.39920000e-03
-10.92480000 8.22024000e-03
-10.89480000 8.51768000e-03
-10.86480000 9.51886000e-03
-10.83480000 1.16283000e-02
-10.80480000 1.34892000e-02
-10.77480000 1.19547000e-02
-10.74480000 9.73064000e-03
-10.71480000 8.57462000e-03
-10.68480000 8.17580000e-03
-10.65480000 8.26666000e-03
-10.62480000 8.76377000e-03
-10.59480000 9.43311000e-03
-10.56480000 9.76007000e-03
-10.53480000 1.04722000e-02
-10.50480000 1.23193000e-02
-10.45510000 1.70950000e-02
-10.42510000 2.17923000e-02
-10.39510000 3.02514000e-02
-10.36510000 3.47600000e-02
-10.33510000 2.62046000e-02
-10.30510000 1.78546000e-02
-10.27510000 1.35340000e-02
-10.24510000 1.13665000e-02
-10.21510000 9.95818000e-03
-10.18510000 9.13414000e-03
-10.15510000 8.75767000e-03
-10.12510000 8.65324000e-03
-10.09510000 8.83022000e-03
-10.06510000 9.42254000e-03
-10.03510000 1.07336000e-02
-10.00510000 1.31818000e-02
-9.97513000 1.51035000e-02
-9.94513000 1.37856000e-02
-9.91513000 1.26590000e-02
-9.88513000 1.30868000e-02
-9.85513000 1.46216000e-02
-9.82513000 1.73353000e-02
-9.79513000 2.34004000e-02
-9.76513000 3.33350000e-02
-9.73513000 3.45724000e-02
-9.70513000 2.60480000e-02
-9.67513000 2.03299000e-02
-9.64513000 1.76024000e-02
-9.61513000 1.53086000e-02
-9.58513000 1.28699000e-02
-9.55513000 1.11382000e-02
-9.52513000 1.02622000e-02
-9.49513000 1.00082000e-02
-9.46513000 1.02161000e-02
-9.43513000 1.07124000e-02
-9.40513000 1.17588000e-02
-9.37513000 1.41414000e-02
-9.34513000 1.80802000e-02
-9.31513000 1.92125000e-02
-9.28513000 1.62630000e-02
-9.25513000 1.42892000e-02
-9.22513000 1.37108000e-02
-9.19513000 1.48731000e-02
-9.16513000 1.81129000e-02
-9.13513000 2.09791000e-02
-9.10513000 2.09334000e-02
-9.07513000 2.30766000e-02
-9.04513000 2.82254000e-02
-9.01513000 2.91152000e-02
-8.98513000 2.19200000e-02
-8.95513000 1.64656000e-02
-8.92513000 1.40049000e-02
-8.89513000 1.32660000e-02
-8.84550000 1.26031000e-02
-8.81550000 1.20426000e-02
-8.78550000 1.20231000e-02
-8.75550000 1.23928000e-02
-8.72550000 1.30638000e-02
-8.69550000 1.45079000e-02
-8.66550000 1.67317000e-02
-8.63550000 1.86663000e-02
-8.60550000 1.85405000e-02
-8.57550000 1.84919000e-02
-8.54550000 2.04397000e-02
-8.51550000 2.46392000e-02
-8.48550000 3.15550000e-02
-8.45550000 4.21657000e-02
-8.42550000 6.00062000e-02
-8.39550000 7.23403000e-02
-8.36550000 6.66628000e-02
-8.33550000 6.12721000e-02
-8.30550000 6.82434000e-02
-8.27550000 8.94839000e-02
-8.24550000 1.22688000e-01
-8.21550000 1.30470000e-01
-8.18550000 9.35315000e-02
-8.15550000 5.80263000e-02
-8.12550000 3.94591000e-02
-8.09550000 2.99907000e-02
-8.06550000 2.49564000e-02
-8.03550000 2.29641000e-02
-8.00550000 2.26727000e-02
-7.97550000 2.18998000e-02
-7.94550000 1.90882000e-02
-7.91550000 1.67457000e-02
-7.88550000 1.58460000e-02
-7.85550000 1.61952000e-02
-7.82550000 1.71427000e-02
-7.79550000 1.67203000e-02
-7.76550000 1.55568000e-02
-7.73550000 1.50022000e-02
-7.70550000 1.52030000e-02
-7.67550000 1.55099000e-02
-7.64550000 1.54889000e-02
-7.61550000 1.58764000e-02
-7.58550000 1.66376000e-02
-7.55550000 1.78496000e-02
-7.52550000 1.93881000e-02
-7.49550000 2.23295000e-02
-7.46550000 2.83002000e-02
-7.43550000 3.81487000e-02
-7.40550000 5.10602000e-02
-7.37550000 6.14284000e-02
-7.34550000 6.32630000e-02
-7.31550000 4.86971000e-02
-7.28550000 3.52479000e-02
-7.23587000 2.61798000e-02
-7.20587000 2.38196000e-02
-7.17587000 2.19037000e-02
-7.14587000 1.99962000e-02
-7.11587000 1.86146000e-02
-7.08587000 1.81429000e-02
-7.05587000 1.82926000e-02
-7.02587000 1.87040000e-02
-6.99587000 1.98714000e-02
-6.96587000 2.24932000e-02
-6.93587000 2.73056000e-02
-6.90587000 3.24735000e-02
-6.87587000 3.28346000e-02
-6.84587000 3.39555000e-02
-6.81587000 3.95321000e-02
-6.78587000 4.34379000e-02
-6.75587000 4.27656000e-02
-6.72587000 4.50588000e-02
-6.69587000 5.63494000e-02
-6.66587000 8.28710000e-02
-6.63587000 1.27888000e-01
-6.60587000 1.42387000e-01
-6.57587000 1.04427000e-01
-6.54587000 7.77416000e-02
-6.51587000 6.67731000e-02
-6.48587000 6.71616000e-02
-6.45587000 8.19468000e-02
-6.42587000 1.06728000e-01
-6.39587000 1.34036000e-01
-6.36587000 1.23338000e-01
-6.33587000 8.52634000e-02
-6.30587000 5.93442000e-02
-6.27587000 4.58264000e-02
-6.24587000 3.90593000e-02
-6.21587000 3.58117000e-02
-6.18587000 3.46642000e-02
-6.15587000 3.40061000e-02
-6.12587000 3.41710000e-02
-6.09587000 3.31836000e-02
-6.06587000 3.26690000e-02
-6.03587000 3.44417000e-02
-6.00587000 3.89468000e-02
-5.97587000 4.41381000e-02
-5.94587000 4.56016000e-02
-5.91587000 4.83500000e-02
-5.88587000 5.37015000e-02
-5.85587000 5.85243000e-02
-5.82587000 6.39278000e-02
-5.79587000 7.04654000e-02
-5.76587000 7.39609000e-02
-5.73587000 7.95000000e-02
-5.70587000 9.30132000e-02
-5.67587000 1.13954000e-01
-5.62624000 1.79943000e-01
-5.59624000 2.69180000e-01
-5.56624000 4.43481000e-01
-5.53624000 7.51121000e-01
-5.50624000 9.96123000e-01
-5.47624000 8.29854000e-01
-5.44624000 5.23311000e-01
-5.41624000 3.20845000e-01
-5.38624000 2.13637000e-01
-5.35624000 1.54040000e-01
-5.32624000 1.21469000e-01
-5.29624000 1.06163000e-01
-5.26624000 1.04229000e-01
-5.23624000 1.18298000e-01
-5.20624000 1.51947000e-01
-5.17624000 1.69321000e-01
-5.14624000 1.33024000e-01
-5.11624000 9.63554000e-02
-5.08624000 7.62867000e-02
-5.05624000 6.86664000e-02
-5.02624000 6.78793000e-02
-4.99624000 6.46754000e-02
-4.96624000 6.00384000e-02
-4.93624000 5.82513000e-02
-4.90624000 5.75594000e-02
-4.87624000 5.72790000e-02
-4.84624000 5.79951000e-02
-4.81624000 6.03957000e-02
-4.78624000 6.52743000e-02
-4.75624000 7.38486000e-02
-4.72624000 8.61861000e-02
-4.69624000 9.38239000e-02
-4.66624000 9.53966000e-02
-4.63624000 1.01957000e-01
-4.60624000 1.15258000e-01
-4.57624000 1.36696000e-01
-4.54624000 1.69702000e-01
-4.51624000 2.21875000e-01
-4.48624000 3.09047000e-01
-4.45624000 4.65573000e-01
-4.42624000 7.59151000e-01
-4.39624000 1.29984000e+00
-4.36624000 1.89313000e+00
-4.33624000 1.58957000e+00
-4.30624000 9.78250000e-01
-4.27624000 6.44116000e-01
-4.24624000 4.76328000e-01
-4.21624000 4.09331000e-01
-4.18624000 4.23760000e-01
-4.15624000 5.18563000e-01
-4.12624000 7.53264000e-01
-4.09624000 1.12173000e+00
-4.06624000 1.15160000e+00
-4.01662000 5.58105000e-01
-3.98662000 3.58714000e-01
-3.95662000 2.57578000e-01
-3.92662000 1.96962000e-01
-3.89662000 1.60550000e-01
-3.86662000 1.37156000e-01
-3.83662000 1.22524000e-01
-3.80662000 1.15745000e-01
-3.77662000 1.15117000e-01
-3.74662000 1.13753000e-01
-3.71662000 1.11027000e-01
-3.68662000 1.12642000e-01
-3.65662000 1.19065000e-01
-3.62662000 1.31106000e-01
-3.59662000 1.50389000e-01
-3.56662000 1.79064000e-01
-3.53662000 2.22065000e-01
-3.50662000 2.91499000e-01
-3.47662000 4.14591000e-01
-3.44662000 6.49992000e-01
-3.41662000 1.11823000e+00
-3.38662000 1.83305000e+00
-3.35662000 1.90335000e+00
-3.32662000 1.25792000e+00
-3.29662000 8.29359000e-01
-3.26662000 5.71502000e-01
-3.23662000 4.11044000e-01
-3.20662000 3.41975000e-01
-3.17662000 3.25996000e-01
-3.14662000 2.93200000e-01
-3.11662000 2.31996000e-01
-3.08662000 1.86514000e-01
-3.05662000 1.62662000e-01
-3.02662000 1.50949000e-01
-2.99662000 1.44787000e-01
-2.96662000 1.45345000e-01
-2.93662000 1.51660000e-01
-2.90662000 1.62368000e-01
-2.87662000 1.78390000e-01
-2.84662000 2.05380000e-01
-2.81662000 2.54590000e-01
-2.78662000 3.30865000e-01
-2.75662000 4.00755000e-01
-2.72662000 4.59725000e-01
-2.69662000 5.92314000e-01
-2.66662000 8.92320000e-01
-2.63662000 1.42698000e+00
-2.60662000 1.85070000e+00
-2.57662000 1.55506000e+00
-2.54662000 1.19578000e+00
-2.51662000 9.45992000e-01
-2.48662000 7.98854000e-01
-2.45662000 7.02955000e-01
-2.40699000 7.30427000e-01
-2.37699000 8.67924000e-01
-2.34699000 1.09405000e+00
-2.31699000 1.47649000e+00
-2.28699000 2.18162000e+00
-2.25699000 3.63819000e+00
-2.22699000 5.46057000e+00
-2.19699000 5.11737000e+00
-2.16699000 3.53359000e+00
-2.13699000 2.36348000e+00
-2.10699000 1.47845000e+00
-2.07699000 9.62964000e-01
-2.04699000 6.82397000e-01
-2.01699000 5.08086000e-01
-1.98699000 3.86801000e-01
-1.95699000 3.04882000e-01
-1.92699000 2.49191000e-01
-1.89699000 2.10203000e-01
-1.86699000 1.82116000e-01
-1.83699000 1.61077000e-01
-1.80699000 1.45587000e-01
-1.77699000 1.34819000e-01
-1.74699000 1.27982000e-01
-1.71699000 1.25032000e-01
-1.68699000 1.21564000e-01
-1.65699000 1.16715000e-01
-1.62699000 1.13898000e-01
-1.59699000 1.17503000e-01
-1.56699000 1.25954000e-01
-1.53699000 1.32815000e-01
-1.50699000 1.50432000e-01
-1.47699000 1.64215000e-01
-1.44699000 1.51164000e-01
-1.41699000 1.38957000e-01
-1.38699000 1.43779000e-01
-1.35699000 1.76097000e-01
-1.32699000 2.28842000e-01
-1.29699000 2.26430000e-01
-1.26699000 1.81482000e-01
-1.23699000 1.50741000e-01
-1.20699000 1.45262000e-01
-1.17699000 1.59236000e-01
-1.14699000 1.60869000e-01
-1.11699000 1.50868000e-01
-1.08699000 1.49373000e-01
-1.05699000 1.56809000e-01
-1.02699000 1.53830000e-01
-0.99698700 1.56472000e-01
-0.96698700 1.60793000e-01
-0.93698700 1.70484000e-01
-0.90698700 1.91207000e-01
-0.87698700 2.16398000e-01
-0.84698700 2.56919000e-01
-0.79735800 4.02490000e-01
-0.76735800 4.22321000e-01
-0.73735800 3.46170000e-01
-0.70735800 2.73748000e-01
-0.67735800 2.17240000e-01
-0.64735800 1.91165000e-01
-0.61735800 1.78013000e-01
-0.58735800 1.47028000e-01
-0.55735800 1.20838000e-01
-0.52735800 1.09154000e-01
-0.49735800 1.08361000e-01
-0.46735800 1.16699000e-01
-0.43735800 1.24136000e-01
-0.40735800 1.20065000e-01
-0.37735800 1.21661000e-01
-0.34735800 1.32428000e-01
-0.31735800 1.53409000e-01
-0.28735800 1.85532000e-01
-0.25735800 2.18267000e-01
-0.22735800 2.48898000e-01
-0.19735800 2.63171000e-01
-0.16735800 2.76049000e-01
-0.13735800 3.00189000e-01
-0.10735800 3.29362000e-01
-0.07735840 3.90615000e-01
-0.04735840 5.05255000e-01
-0.01735840 6.58335000e-01
0.01264160 7.23297000e-01
0.04264160 7.36758000e-01
0.07264160 8.80815000e-01
0.10264200 1.17127000e+00
0.13264200 1.42800000e+00
0.16264200 1.31521000e+00
0.19264200 9.62817000e-01
0.22264200 7.58128000e-01
0.25264200 6.29133000e-01
0.28264200 6.01759000e-01
0.31264200 6.11467000e-01
0.34264200 6.50752000e-01
0.37264200 8.03564000e-01
0.40264200 9.02299000e-01
0.43264200 8.14032000e-01
0.46264200 6.97624000e-01
0.49264200 5.50089000e-01
0.52264200 4.44176000e-01
0.55264200 4.32261000e-01
0.58264200 5.10336000e-01
0.61264200 5.57887000e-01
0.64264200 4.92280000e-01
0.67264200 4.38083000e-01
0.70264200 4.47437000e-01
0.73264200 5.28396000e-01
0.76264200 6.92219000e-01
