# E(MeV)  S_NSDRNSDR(Total=K0+2*K1) for Cf317_DDPCX
-15.28400000 6.83493000e-01
-15.25400000 6.88638000e-01
-15.22400000 6.93875000e-01
-15.19400000 6.99209000e-01
-15.16400000 7.04644000e-01
-15.13400000 7.10183000e-01
-15.10400000 7.15829000e-01
-15.07400000 7.21587000e-01
-15.04400000 7.27463000e-01
-15.01400000 7.33462000e-01
-14.98400000 7.39587000e-01
-14.95400000 7.45847000e-01
-14.92400000 7.52245000e-01
-14.89400000 7.58790000e-01
-14.86400000 7.65486000e-01
-14.83400000 7.72345000e-01
-14.80400000 7.79374000e-01
-14.77400000 7.86580000e-01
-14.74400000 7.93976000e-01
-14.71400000 8.01571000e-01
-14.68400000 8.09381000e-01
-14.65400000 8.17421000e-01
-14.62400000 8.25704000e-01
-14.59400000 8.34254000e-01
-14.56400000 8.43097000e-01
-14.53400000 8.52264000e-01
-14.50400000 8.61798000e-01
-14.47400000 8.71762000e-01
-14.44400000 8.82245000e-01
-14.41400000 8.93392000e-01
-14.38400000 9.05457000e-01
-14.35400000 9.18916000e-01
-14.32400000 9.34774000e-01
-14.29400000 9.55272000e-01
-14.26400000 9.85037000e-01
-14.23400000 1.02472000e+00
-14.20400000 1.03975200e+00
-14.17400000 1.02670600e+00
-14.14400000 1.02262300e+00
-14.11400000 1.02852800e+00
-14.08400000 1.03973300e+00
-14.05400000 1.05398100e+00
-14.02400000 1.07035200e+00
-13.99400000 1.08852000e+00
-13.96400000 1.10843900e+00
-13.93400000 1.13023500e+00
-13.90400000 1.15418200e+00
-13.87400000 1.18071400e+00
-13.84400000 1.21052200e+00
-13.81400000 1.24468900e+00
-13.78400000 1.28502300e+00
-13.75400000 1.33473800e+00
-13.72400000 1.40002100e+00
-13.67440000 1.58319700e+00
-13.64440000 1.80108400e+00
-13.61440000 2.16686200e+00
-13.58440000 2.41865000e+00
-13.55440000 2.18493800e+00
-13.52440000 1.95541000e+00
-13.49440000 1.87427600e+00
-13.46440000 1.87931100e+00
-13.43440000 1.93406200e+00
-13.40440000 2.02625100e+00
-13.37440000 2.15601200e+00
-13.34440000 2.32670200e+00
-13.31440000 2.53750100e+00
-13.28440000 2.81256200e+00
-13.25440000 3.17614100e+00
-13.22440000 3.68579400e+00
-13.19440000 4.45870400e+00
-13.16440000 5.69695800e+00
-13.13440000 7.83185900e+00
-13.10440000 1.18473630e+01
-13.07440000 1.97950360e+01
-13.04440000 3.20784810e+01
-13.01440000 3.33993670e+01
-12.98440000 2.15303600e+01
-12.95440000 1.32540200e+01
-12.92440000 9.23522000e+00
-12.89440000 7.35755000e+00
-12.86440000 6.59921000e+00
-12.83440000 6.44996000e+00
-12.80440000 6.55558000e+00
-12.77440000 6.75983000e+00
-12.74440000 7.31758000e+00
-12.71440000 8.27524000e+00
-12.68440000 1.01433400e+01
-12.65440000 1.39178800e+01
-12.62440000 2.15782900e+01
-12.59440000 3.62138700e+01
-12.56440000 4.99550600e+01
-12.53440000 3.97136000e+01
-12.50440000 2.49485300e+01
-12.47440000 1.69069900e+01
-12.44440000 1.24083400e+01
-12.41440000 1.00466000e+01
-12.38440000 9.00115000e+00
-12.35440000 8.79909000e+00
-12.32440000 9.33592000e+00
-12.29440000 1.06316600e+01
-12.26440000 1.18152000e+01
-12.23440000 1.21609100e+01
-12.20440000 1.31852300e+01
-12.17440000 1.54592200e+01
-12.14440000 1.93319000e+01
-12.11440000 2.57133400e+01
-12.06480000 4.79141800e+01
-12.03480000 7.80673200e+01
-12.00480000 1.37521500e+02
-11.97480000 2.15716700e+02
-11.94480000 1.96571800e+02
-11.91480000 1.18327560e+02
-11.88480000 7.25302000e+01
-11.85480000 5.37969600e+01
-11.82480000 5.18834000e+01
-11.79480000 5.76047000e+01
-11.76480000 4.85160000e+01
-11.73480000 3.35136000e+01
-11.70480000 2.34787600e+01
-11.67480000 1.69947500e+01
-11.64480000 1.33841300e+01
-11.61480000 1.15286500e+01
-11.58480000 1.01214400e+01
-11.55480000 8.47035000e+00
-11.52480000 7.25505000e+00
-11.49480000 6.48668000e+00
-11.46480000 6.00734000e+00
-11.43480000 5.71215000e+00
-11.40480000 5.56204000e+00
-11.37480000 5.62219000e+00
-11.34480000 5.90485000e+00
-11.31480000 6.19053000e+00
-11.28480000 6.65763000e+00
-11.25480000 7.84023000e+00
-11.22480000 9.95939000e+00
-11.19480000 1.03810300e+01
-11.16480000 8.46058000e+00
-11.13480000 7.03164000e+00
-11.10480000 6.23343000e+00
-11.07480000 5.99247000e+00
-11.04480000 6.06738000e+00
-11.01480000 6.12260000e+00
-10.98480000 6.30773000e+00
-10.95480000 6.72398000e+00
-10.92480000 7.26500000e+00
-10.89480000 8.14785000e+00
-10.86480000 9.67258000e+00
-10.83480000 1.19441900e+01
-10.80480000 1.43340600e+01
-10.77480000 1.74490600e+01
-10.74480000 2.28664200e+01
-10.71480000 2.97151800e+01
-10.68480000 4.22144200e+01
-10.65480000 6.87377200e+01
-10.62480000 1.04339760e+02
-10.59480000 1.01571500e+02
-10.56480000 6.48760400e+01
-10.53480000 4.10610800e+01
-10.50480000 3.08867600e+01
-10.45510000 3.11693800e+01
-10.42510000 3.60824000e+01
-10.39510000 3.29565000e+01
-10.36510000 2.96434000e+01
-10.33510000 3.37270000e+01
-10.30510000 4.16429200e+01
-10.27510000 3.85820800e+01
-10.24510000 3.09295400e+01
-10.21510000 2.99864000e+01
-10.18510000 3.43470200e+01
-10.15510000 3.66736300e+01
-10.12510000 4.04333100e+01
-10.09510000 5.46101600e+01
-10.06510000 8.20312100e+01
-10.03510000 1.09160460e+02
-10.00510000 8.98483700e+01
-9.97513000 5.62151000e+01
-9.94513000 3.72643300e+01
-9.91513000 2.86086100e+01
-9.88513000 2.47097200e+01
-9.85513000 2.28563100e+01
-9.82513000 2.34273800e+01
-9.79513000 2.67878000e+01
-9.76513000 3.25590000e+01
-9.73513000 4.14047700e+01
-9.70513000 5.62667100e+01
-9.67513000 8.64323900e+01
-9.64513000 1.43823200e+02
-9.61513000 1.86466050e+02
-9.58513000 1.50105840e+02
-9.55513000 1.00600000e+02
-9.52513000 6.34601200e+01
-9.49513000 4.38573400e+01
-9.46513000 3.52806100e+01
-9.43513000 3.39835000e+01
-9.40513000 3.63597000e+01
-9.37513000 3.39921000e+01
-9.34513000 3.14329600e+01
-9.31513000 3.33427200e+01
-9.28513000 3.82027200e+01
-9.25513000 4.68045200e+01
-9.22513000 4.96526000e+01
-9.19513000 3.84966300e+01
-9.16513000 2.76043200e+01
-9.13513000 2.23225600e+01
-9.10513000 2.07496600e+01
-9.07513000 2.16862900e+01
-9.04513000 2.53402300e+01
-9.01513000 2.92270700e+01
-8.98513000 2.74698000e+01
-8.95513000 2.50604400e+01
-8.92513000 2.56616200e+01
-8.89513000 3.07641900e+01
-8.84550000 5.83572800e+01
-8.81550000 9.64020200e+01
-8.78550000 1.20380020e+02
-8.75550000 8.80519900e+01
-8.72550000 5.66737400e+01
-8.69550000 4.09878100e+01
-8.66550000 3.26671300e+01
-8.63550000 3.10156600e+01
-8.60550000 3.53895600e+01
-8.57550000 3.58424000e+01
-8.54550000 2.70586400e+01
-8.51550000 2.05476200e+01
-8.48550000 1.75880600e+01
-8.45550000 1.68677000e+01
-8.42550000 1.72839800e+01
-8.39550000 1.80328600e+01
-8.36550000 2.06519100e+01
-8.33550000 2.66625000e+01
-8.30550000 3.46410000e+01
-8.27550000 3.61243200e+01
-8.24550000 2.91251300e+01
-8.21550000 2.43954600e+01
-8.18550000 2.39829000e+01
-8.15550000 2.74800800e+01
-8.12550000 3.61194400e+01
-8.09550000 5.01112000e+01
-8.06550000 6.06283000e+01
-8.03550000 7.09661400e+01
-8.00550000 7.31298200e+01
-7.97550000 5.66177800e+01
-7.94550000 4.58345000e+01
-7.91550000 4.41991000e+01
-7.88550000 5.13698000e+01
-7.85550000 7.09922000e+01
-7.82550000 1.04131600e+02
-7.79550000 1.22901000e+02
-7.76550000 1.07467500e+02
-7.73550000 1.01274100e+02
-7.70550000 1.20505700e+02
-7.67550000 1.43566000e+02
-7.64550000 1.23720300e+02
-7.61550000 8.70398000e+01
-7.58550000 6.95608000e+01
-7.55550000 6.92197000e+01
-7.52550000 8.04937000e+01
-7.49550000 9.20868000e+01
-7.46550000 1.05496900e+02
-7.43550000 1.26276500e+02
-7.40550000 1.29068100e+02
-7.37550000 1.03694400e+02
-7.34550000 8.71412000e+01
-7.31550000 8.84606000e+01
-7.28550000 1.02320900e+02
-7.23587000 1.24032800e+02
-7.20587000 1.32286000e+02
-7.17587000 1.44730800e+02
-7.14587000 1.49457400e+02
-7.11587000 1.50779000e+02
-7.08587000 1.34660600e+02
-7.05587000 1.37669400e+02
-7.02587000 1.78050200e+02
-6.99587000 2.52130800e+02
-6.96587000 2.73518200e+02
-6.93587000 2.40995200e+02
-6.90587000 2.52356200e+02
-6.87587000 2.99249200e+02
-6.84587000 3.65275200e+02
-6.81587000 3.81433000e+02
-6.78587000 3.70780000e+02
-6.75587000 3.81801200e+02
-6.72587000 3.50441300e+02
-6.69587000 2.46165700e+02
-6.66587000 1.71458100e+02
-6.63587000 1.39909900e+02
-6.60587000 1.24202000e+02
-6.57587000 1.11861900e+02
-6.54587000 1.06962200e+02
-6.51587000 1.01988500e+02
-6.48587000 9.51146000e+01
-6.45587000 9.82737000e+01
-6.42587000 1.15164400e+02
-6.39587000 1.41978200e+02
-6.36587000 1.77132600e+02
-6.33587000 2.41953600e+02
-6.30587000 3.54407400e+02
-6.27587000 4.22029800e+02
-6.24587000 3.39307200e+02
-6.21587000 2.69592600e+02
-6.18587000 2.66214000e+02
-6.15587000 3.10594100e+02
-6.12587000 3.82772500e+02
-6.09587000 3.57083800e+02
-6.06587000 3.12198200e+02
-6.03587000 3.51711400e+02
-6.00587000 4.58843000e+02
-5.97587000 5.34155000e+02
-5.94587000 5.24203000e+02
-5.91587000 4.39368000e+02
-5.88587000 3.43075000e+02
-5.85587000 3.30970000e+02
-5.82587000 4.12915800e+02
-5.79587000 5.25071400e+02
-5.76587000 5.14132300e+02
-5.73587000 4.25274000e+02
-5.70587000 4.12571000e+02
-5.67587000 4.86188000e+02
-5.62624000 4.60566000e+02
-5.59624000 4.56680000e+02
-5.56624000 5.84298400e+02
-5.53624000 7.45915100e+02
-5.50624000 6.37768800e+02
-5.47624000 4.83410800e+02
-5.44624000 4.03155000e+02
-5.41624000 3.36951500e+02
-5.38624000 3.26365300e+02
-5.35624000 3.43670000e+02
-5.32624000 3.29788600e+02
-5.29624000 3.05464000e+02
-5.26624000 3.35934400e+02
-5.23624000 4.29534000e+02
-5.20624000 6.00518000e+02
-5.17624000 7.89224000e+02
-5.14624000 8.36841000e+02
-5.11624000 7.84444000e+02
-5.08624000 7.57483000e+02
-5.05624000 8.03251000e+02
-5.02624000 8.06878000e+02
-4.99624000 7.47398000e+02
-4.96624000 7.52222000e+02
-4.93624000 8.91504000e+02
-4.90624000 1.07059400e+03
-4.87624000 1.00138400e+03
-4.84624000 8.33663000e+02
-4.81624000 7.82948000e+02
-4.78624000 7.88522000e+02
-4.75624000 6.91807000e+02
-4.72624000 5.49473000e+02
-4.69624000 4.78423000e+02
-4.66624000 4.42259000e+02
-4.63624000 3.67086000e+02
-4.60624000 3.19047000e+02
-4.57624000 3.21437000e+02
-4.54624000 3.79674800e+02
-4.51624000 5.14674000e+02
-4.48624000 7.29406000e+02
-4.45624000 9.78361000e+02
-4.42624000 1.23932200e+03
-4.39624000 1.20431900e+03
-4.36624000 1.04431600e+03
-4.33624000 1.12156800e+03
-4.30624000 1.09128580e+03
-4.27624000 7.89151900e+02
-4.24624000 5.07443400e+02
-4.21624000 3.38068200e+02
-4.18624000 2.52100000e+02
-4.15624000 2.03364900e+02
-4.12624000 1.73043000e+02
-4.09624000 1.57733300e+02
-4.06624000 1.57848300e+02
-4.01662000 2.09839000e+02
-3.98662000 2.57213600e+02
-3.95662000 2.93835000e+02
-3.92662000 3.29268000e+02
-3.89662000 3.34694300e+02
-3.86662000 3.47517400e+02
-3.83662000 3.20892000e+02
-3.80662000 2.44406600e+02
-3.77662000 2.01608900e+02
-3.74662000 1.99897300e+02
-3.71662000 2.45200100e+02
-3.68662000 3.50914800e+02
-3.65662000 4.53811100e+02
-3.62662000 4.07556000e+02
-3.59662000 3.06192300e+02
-3.56662000 2.70793100e+02
-3.53662000 2.99338000e+02
-3.50662000 3.44486600e+02
-3.47662000 3.68989800e+02
-3.44662000 4.10432700e+02
-3.41662000 4.72513900e+02
-3.38662000 5.25297000e+02
-3.35662000 4.55087600e+02
-3.32662000 3.28982300e+02
-3.29662000 2.50282100e+02
-3.26662000 2.23919500e+02
-3.23662000 2.04631500e+02
-3.20662000 1.94319400e+02
-3.17662000 1.79687200e+02
-3.14662000 1.54295200e+02
-3.11662000 1.47668400e+02
-3.08662000 1.56027400e+02
-3.05662000 1.83127300e+02
-3.02662000 2.05677700e+02
-2.99662000 1.81024700e+02
-2.96662000 1.38972700e+02
-2.93662000 1.17127900e+02
-2.90662000 1.01906000e+02
-2.87662000 8.51435000e+01
-2.84662000 7.41300000e+01
-2.81662000 7.11801000e+01
-2.78662000 7.68510000e+01
-2.75662000 9.09556000e+01
-2.72662000 1.09677700e+02
-2.69662000 1.27027700e+02
-2.66662000 1.43908400e+02
-2.63662000 1.64053100e+02
-2.60662000 1.97401400e+02
-2.57662000 2.22377700e+02
-2.54662000 2.30113800e+02
-2.51662000 2.21176200e+02
-2.48662000 1.73030500e+02
-2.45662000 1.43488900e+02
-2.40699000 1.53379200e+02
-2.37699000 2.01484700e+02
-2.34699000 2.80796500e+02
-2.31699000 2.89151700e+02
-2.28699000 2.28617000e+02
-2.25699000 1.91280700e+02
-2.22699000 1.74379000e+02
-2.19699000 1.75648700e+02
-2.16699000 2.05978300e+02
-2.13699000 2.41762910e+02
-2.10699000 2.44422780e+02
-2.07699000 2.50973960e+02
-2.04699000 2.29047070e+02
-2.01699000 1.72831900e+02
-1.98699000 1.36374400e+02
-1.95699000 1.16052900e+02
-1.92699000 1.03325300e+02
-1.89699000 1.03786800e+02
-1.86699000 1.15639900e+02
-1.83699000 1.37768300e+02
-1.80699000 1.65671800e+02
-1.77699000 1.83215700e+02
-1.74699000 1.94280100e+02
-1.71699000 2.20399600e+02
-1.68699000 2.46308400e+02
-1.65699000 2.11074700e+02
-1.62699000 1.65443500e+02
-1.59699000 1.50654700e+02
-1.56699000 1.45510400e+02
-1.53699000 1.39935900e+02
-1.50699000 1.56018100e+02
-1.47699000 2.12363300e+02
-1.44699000 2.85807700e+02
-1.41699000 2.65544000e+02
-1.38699000 1.93436600e+02
-1.35699000 1.56160500e+02
-1.32699000 1.41526000e+02
-1.29699000 1.31360400e+02
-1.26699000 1.35294200e+02
-1.23699000 1.67508900e+02
-1.20699000 2.27461500e+02
-1.17699000 2.54145800e+02
-1.14699000 1.83459300e+02
-1.11699000 1.15656600e+02
-1.08699000 8.03538000e+01
-1.05699000 6.38623000e+01
-1.02699000 5.69072000e+01
-0.99698700 5.58471000e+01
-0.96698700 5.83891000e+01
-0.93698700 6.19180000e+01
-0.90698700 6.35529000e+01
-0.87698700 6.00318000e+01
-0.84698700 5.92506000e+01
-0.79735800 5.24800800e+01
-0.76735800 5.20480500e+01
-0.73735800 5.92404900e+01
-0.70735800 7.72639700e+01
-0.67735800 1.14893530e+02
-0.64735800 1.61370300e+02
-0.61735800 1.80171080e+02
-0.58735800 1.54369840e+02
-0.55735800 1.07186080e+02
-0.52735800 7.93678700e+01
-0.49735800 7.22691600e+01
-0.46735800 7.41534400e+01
-0.43735800 7.28718000e+01
-0.40735800 7.14263200e+01
-0.37735800 6.81179100e+01
-0.34735800 7.24735300e+01
-0.31735800 8.24072100e+01
-0.28735800 9.10693000e+01
-0.25735800 9.01027300e+01
-0.22735800 7.41739100e+01
-0.19735800 5.46586700e+01
-0.16735800 4.41411600e+01
-0.13735800 3.66431600e+01
-0.10735800 3.30922000e+01
-0.07735840 3.33031000e+01
-0.04735840 3.29392300e+01
-0.01735840 3.35631700e+01
0.01264160 3.80915200e+01
0.04264160 3.62900800e+01
0.07264160 2.66153200e+01
0.10264200 2.04387500e+01
0.13264200 1.77135400e+01
0.16264200 1.67164400e+01
0.19264200 1.73726000e+01
0.22264200 1.96808200e+01
0.25264200 2.15221200e+01
0.28264200 2.00220100e+01
0.31264200 1.86763100e+01
0.34264200 1.92367900e+01
0.37264200 2.14746100e+01
0.40264200 2.52713100e+01
0.43264200 3.00058800e+01
0.46264200 3.78586000e+01
0.49264200 4.46470000e+01
0.52264200 4.39919200e+01
0.55264200 3.68707200e+01
0.58264200 3.25980000e+01
0.61264200 3.38871700e+01
0.64264200 4.08216000e+01
0.67264200 5.35794400e+01
0.70264200 5.60877400e+01
0.73264200 4.51235600e+01
0.76264200 3.57878900e+01
