# E(MeV)  S_GAMTGAMT(Total=K0+2*K1) for Cr57_DDPCX
-5.24486000 -5.66138040e+00
-5.21486000 -3.81681300e+00
-5.18486000 -1.93072100e+00
-5.15486000 -9.86989000e-01
-5.12486000 -4.94626300e-01
-5.09486000 -1.86554500e-01
-5.06486000 4.50298000e-02
-5.03486000 2.56167200e-01
-5.00486000 4.88385900e-01
-4.97486000 7.89105160e-01
-4.94486000 1.23524200e+00
-4.91486000 1.98060440e+00
-4.88486000 3.36810449e+00
-4.85486000 6.11392226e+00
-4.82486000 1.04186168e+01
-4.79486000 1.09929261e+01
-4.76486000 6.76472231e+00
-4.73486000 3.75002646e+00
-4.70486000 2.23664553e+00
-4.67486000 1.45612850e+00
-4.63915000 9.62077590e-01
-4.60915000 7.28326190e-01
-4.57915000 5.86805350e-01
-4.54915000 5.08129850e-01
-4.51915000 4.84827450e-01
-4.48915000 5.31962760e-01
-4.45915000 6.97895160e-01
-4.42915000 9.98950810e-01
-4.39915000 1.03102671e+00
-4.36915000 6.81116690e-01
-4.33915000 4.24115620e-01
-4.30915000 2.89251490e-01
-4.27915000 2.15205700e-01
-4.24915000 1.70531520e-01
-4.21915000 1.41296900e-01
-4.18915000 1.20959000e-01
-4.15915000 1.06179500e-01
-4.12915000 9.51216000e-02
-4.09915000 8.67112000e-02
-4.06915000 8.02918000e-02
-4.03343000 7.46868000e-02
-4.00343000 7.14066000e-02
-3.97343000 6.92901000e-02
-3.94343000 6.82936000e-02
-3.91343000 6.84524000e-02
-3.88343000 6.98892000e-02
-3.85343000 7.28382000e-02
-3.82343000 7.76934000e-02
-3.79343000 8.50957000e-02
-3.76343000 9.60953000e-02
-3.73343000 1.12461600e-01
-3.70343000 1.37310400e-01
-3.67343000 1.76452800e-01
-3.64343000 2.41514600e-01
-3.61343000 3.57620000e-01
-3.58343000 5.82094600e-01
-3.55343000 1.02892328e+00
-3.52343000 1.65867744e+00
-3.49343000 1.58080718e+00
-3.46343000 9.42627680e-01
-3.42772000 4.84624200e-01
-3.39772000 3.04878120e-01
-3.36772000 2.08694240e-01
-3.33772000 1.52695880e-01
-3.30772000 1.17652900e-01
-3.27772000 9.44236000e-02
-3.24772000 7.83181000e-02
-3.21772000 6.67607200e-02
-3.18772000 5.82589600e-02
-3.15772000 5.19130400e-02
-3.12772000 4.71720400e-02
-3.09772000 4.37098000e-02
-3.06772000 4.13686200e-02
-3.03772000 4.01558800e-02
-3.00772000 4.03050600e-02
-2.97772000 4.24676000e-02
-2.94772000 4.82196000e-02
-2.91772000 6.12106000e-02
-2.88772000 8.71125000e-02
-2.85772000 1.12887300e-01
-2.82201000 8.82200000e-02
-2.79201000 6.12117000e-02
-2.76201000 4.78878000e-02
-2.73201000 4.28366000e-02
-2.70201000 4.30797600e-02
-2.67201000 4.87798800e-02
-2.64201000 6.34164000e-02
-2.61201000 9.47918400e-02
-2.58201000 1.37195760e-01
-2.55201000 1.26093960e-01
-2.52201000 8.11193200e-02
-2.49201000 5.34763800e-02
-2.46201000 3.95823800e-02
-2.43201000 3.22553400e-02
-2.40201000 2.81549600e-02
-2.37201000 2.58654400e-02
-2.34201000 2.48503000e-02
-2.31201000 2.50499200e-02
-2.28201000 2.59496000e-02
-2.25201000 2.53116100e-02
-2.21629000 2.42210900e-02
-2.18629000 2.46839100e-02
-2.15629000 2.66328100e-02
-2.12629000 3.07832500e-02
-2.09629000 3.89770000e-02
-2.06629000 5.22841900e-02
-2.03629000 5.75590600e-02
-2.00629000 5.33531100e-02
-1.97629000 5.75158000e-02
-1.94629000 5.94857100e-02
-1.91629000 4.70060900e-02
-1.88629000 3.70406000e-02
-1.85629000 3.25623100e-02
-1.82629000 3.11313700e-02
-1.79629000 3.14542500e-02
-1.76629000 3.30805700e-02
-1.73629000 3.59988400e-02
-1.70629000 4.05269000e-02
-1.67629000 4.73938000e-02
-1.64629000 5.80551000e-02
-1.61058000 8.00115000e-02
-1.58058000 1.14512600e-01
-1.55058000 1.81324800e-01
-1.52058000 3.07183500e-01
-1.49058000 4.27018500e-01
-1.46058000 3.45445900e-01
-1.43058000 2.28077500e-01
-1.40058000 1.80413500e-01
-1.37058000 1.89807200e-01
-1.34058000 2.59111400e-01
-1.31058000 3.72342600e-01
-1.28058000 3.59689400e-01
-1.25058000 2.45070400e-01
-1.22058000 1.87012000e-01
-1.19058000 1.85523400e-01
-1.16058000 1.73934800e-01
-1.13058000 1.21925500e-01
-1.10058000 8.41232000e-02
-1.07058000 6.41748000e-02
-1.04058000 5.35400000e-02
-1.00487000 4.70295000e-02
-0.97486900 4.45955000e-02
-0.94486900 4.41636000e-02
-0.91486900 4.55920000e-02
-0.88486900 4.91801000e-02
-0.85486900 5.58005000e-02
-0.82486900 6.73674000e-02
-0.79486900 8.80527000e-02
-0.76486900 1.27361100e-01
-0.73486900 2.06188900e-01
-0.70486900 3.43145400e-01
-0.67486900 4.05160200e-01
-0.64486900 2.80354000e-01
-0.61486900 1.75856600e-01
-0.58486900 1.24775900e-01
-0.55486900 9.38352000e-02
-0.52486900 7.63573000e-02
-0.49486900 6.60452000e-02
-0.46486900 5.59282000e-02
-0.43486900 4.92282000e-02
-0.39915600 4.55591000e-02
-0.36915600 4.48102000e-02
-0.33915600 4.57234000e-02
-0.30915600 4.83687000e-02
-0.27915600 5.32933000e-02
-0.24915600 6.18162000e-02
-0.21915600 7.68842000e-02
-0.18915600 1.05257500e-01
-0.15915600 1.61349200e-01
-0.12915600 2.51891000e-01
-0.09915600 2.74430900e-01
-0.06915600 1.94136000e-01
-0.03915600 1.39697600e-01
-0.00915600 1.25243400e-01
0.02084400 1.42618400e-01
0.05084400 1.76196700e-01
0.08084400 1.60027100e-01
0.11084400 1.17481000e-01
0.14084400 9.37380000e-02
0.17084400 8.41846000e-02
0.20655700 8.23580000e-02
0.23655700 8.57704000e-02
0.26655700 9.29387000e-02
0.29655700 1.04196500e-01
0.32655700 1.20746900e-01
0.35655700 1.44983800e-01
0.38655700 1.81392200e-01
0.41655700 2.38662600e-01
0.44655700 3.34770200e-01
0.47655700 5.09667400e-01
0.50655700 8.53299200e-01
0.53655700 1.49267800e+00
0.56655700 2.01399000e+00
0.59655700 1.51478800e+00
0.62655700 9.08500400e-01
0.65655700 6.12415000e-01
0.68655700 5.16871000e-01
0.71655700 5.65622000e-01
0.74655700 7.27669000e-01
0.77655700 8.40168000e-01
