# E(MeV)  S_NSDRNSDR(K=0) for Cr57_DDPCX
-5.24486000 -5.82593000e-03
-5.21486000 -5.74775000e-03
-5.18486000 -5.67020000e-03
-5.15486000 -5.59326000e-03
-5.12486000 -5.51693000e-03
-5.09486000 -5.44120000e-03
-5.06486000 -5.36606000e-03
-5.03486000 -5.29149000e-03
-5.00486000 -5.21750000e-03
-4.97486000 -5.14406000e-03
-4.94486000 -5.07117000e-03
-4.91486000 -4.99882000e-03
-4.88486000 -4.92700000e-03
-4.85486000 -4.85570000e-03
-4.82486000 -4.78492000e-03
-4.79486000 -4.71464000e-03
-4.76486000 -4.64486000e-03
-4.73486000 -4.57557000e-03
-4.70486000 -4.50676000e-03
-4.67486000 -4.43843000e-03
-4.63915000 -4.35768000e-03
-4.60915000 -4.29035000e-03
-4.57915000 -4.22347000e-03
-4.54915000 -4.15703000e-03
-4.51915000 -4.09102000e-03
-4.48915000 -4.02544000e-03
-4.45915000 -3.96028000e-03
-4.42915000 -3.89554000e-03
-4.39915000 -3.83119000e-03
-4.36915000 -3.76725000e-03
-4.33915000 -3.70370000e-03
-4.30915000 -3.64053000e-03
-4.27915000 -3.57774000e-03
-4.24915000 -3.51533000e-03
-4.21915000 -3.45328000e-03
-4.18915000 -3.39159000e-03
-4.15915000 -3.33025000e-03
-4.12915000 -3.26926000e-03
-4.09915000 -3.20861000e-03
-4.06915000 -3.14829000e-03
-4.03343000 -3.07692000e-03
-4.00343000 -3.01732000e-03
-3.97343000 -2.95804000e-03
-3.94343000 -2.89906000e-03
-3.91343000 -2.84039000e-03
-3.88343000 -2.78201000e-03
-3.85343000 -2.72393000e-03
-3.82343000 -2.66614000e-03
-3.79343000 -2.60863000e-03
-3.76343000 -2.55139000e-03
-3.73343000 -2.49442000e-03
-3.70343000 -2.43772000e-03
-3.67343000 -2.38127000e-03
-3.64343000 -2.32508000e-03
-3.61343000 -2.26914000e-03
-3.58343000 -2.21343000e-03
-3.55343000 -2.15796000e-03
-3.52343000 -2.10272000e-03
-3.49343000 -2.04771000e-03
-3.46343000 -1.99291000e-03
-3.42772000 -1.92796000e-03
-3.39772000 -1.87362000e-03
-3.36772000 -1.81947000e-03
-3.33772000 -1.76552000e-03
-3.30772000 -1.71176000e-03
-3.27772000 -1.65818000e-03
-3.24772000 -1.60477000e-03
-3.21772000 -1.55152000e-03
-3.18772000 -1.49843000e-03
-3.15772000 -1.44550000e-03
-3.12772000 -1.39271000e-03
-3.09772000 -1.34006000e-03
-3.06772000 -1.28754000e-03
-3.03772000 -1.23513000e-03
-3.00772000 -1.18284000e-03
-2.97772000 -1.13065000e-03
-2.94772000 -1.07856000e-03
-2.91772000 -1.02655000e-03
-2.88772000 -9.74608000e-04
-2.85772000 -9.22731000e-04
-2.82201000 -8.61038000e-04
-2.79201000 -8.09254000e-04
-2.76201000 -7.57490000e-04
-2.73201000 -7.05732000e-04
-2.70201000 -6.53964000e-04
-2.67201000 -6.02170000e-04
-2.64201000 -5.50330000e-04
-2.61201000 -4.98425000e-04
-2.58201000 -4.46431000e-04
-2.55201000 -3.94326000e-04
-2.52201000 -3.42082000e-04
-2.49201000 -2.89670000e-04
-2.46201000 -2.37057000e-04
-2.43201000 -1.84208000e-04
-2.40201000 -1.31082000e-04
-2.37201000 -7.76334000e-05
-2.34201000 -2.38116000e-05
-2.31201000 3.04408000e-05
-2.28201000 8.51891000e-05
-2.25201000 1.40508000e-04
-2.21629000 2.07223000e-04
-2.18629000 2.64105000e-04
-2.15629000 3.21877000e-04
-2.12629000 3.80672000e-04
-2.09629000 4.40650000e-04
-2.06629000 5.01995000e-04
-2.03629000 5.64927000e-04
-2.00629000 6.29705000e-04
-1.97629000 6.96643000e-04
-1.94629000 7.66116000e-04
-1.91629000 8.38582000e-04
-1.88629000 9.14603000e-04
-1.85629000 9.94870000e-04
-1.82629000 1.08025000e-03
-1.79629000 1.17184000e-03
-1.76629000 1.27102000e-03
-1.73629000 1.37960000e-03
-1.70629000 1.49993000e-03
-1.67629000 1.63516000e-03
-1.64629000 1.78953000e-03
-1.61058000 2.00650000e-03
-1.58058000 2.22665000e-03
-1.55058000 2.49481000e-03
-1.52058000 2.83017000e-03
-1.49058000 3.26243000e-03
-1.46058000 3.83935000e-03
-1.43058000 4.64150000e-03
-1.40058000 5.81249000e-03
-1.37058000 7.62573000e-03
-1.34058000 1.06426000e-02
-1.31058000 1.61066000e-02
-1.28058000 2.68359000e-02
-1.25058000 4.71794000e-02
-1.22058000 6.58897000e-02
-1.19058000 5.07144000e-02
-1.16058000 2.91612000e-02
-1.13058000 1.74449000e-02
-1.10058000 1.15659000e-02
-1.07058000 8.40096000e-03
-1.04058000 6.55655000e-03
-1.00487000 5.24175000e-03
-0.97486900 4.54597000e-03
-0.94486900 4.07004000e-03
-0.91486900 3.73571000e-03
-0.88486900 3.49647000e-03
-0.85486900 3.32335000e-03
-0.82486900 3.19759000e-03
-0.79486900 3.10665000e-03
-0.76486900 3.04186000e-03
-0.73486900 2.99712000e-03
-0.70486900 2.96801000e-03
-0.67486900 2.95128000e-03
-0.64486900 2.94450000e-03
-0.61486900 2.94584000e-03
-0.58486900 2.95386000e-03
-0.55486900 2.96746000e-03
-0.52486900 2.98578000e-03
-0.49486900 3.00813000e-03
-0.46486900 3.03395000e-03
-0.43486900 3.06282000e-03
-0.39915600 3.10066000e-03
-0.36915600 3.13505000e-03
-0.33915600 3.17157000e-03
-0.30915600 3.21006000e-03
-0.27915600 3.25037000e-03
-0.24915600 3.29241000e-03
-0.21915600 3.33609000e-03
-0.18915600 3.38138000e-03
-0.15915600 3.42823000e-03
-0.12915600 3.47665000e-03
-0.09915600 3.52665000e-03
-0.06915600 3.57827000e-03
-0.03915600 3.63158000e-03
-0.00915600 3.68665000e-03
0.02084400 3.74361000e-03
0.05084400 3.80260000e-03
0.08084400 3.86381000e-03
0.11084400 3.92748000e-03
0.14084400 3.99390000e-03
0.17084400 4.06346000e-03
0.20655700 4.15103000e-03
0.23655700 4.22934000e-03
0.26655700 4.31292000e-03
0.29655700 4.40294000e-03
0.32655700 4.50105000e-03
0.35655700 4.60961000e-03
0.38655700 4.73216000e-03
0.41655700 4.87416000e-03
0.44655700 5.04461000e-03
0.47655700 5.25910000e-03
0.50655700 5.54670000e-03
0.53655700 5.96611000e-03
0.56655700 6.64570000e-03
0.59655700 7.87614000e-03
0.62655700 1.01379000e-02
0.65655700 1.24665000e-02
0.68655700 1.12170000e-02
0.71655700 9.00940000e-03
0.74655700 7.89405000e-03
0.77655700 7.47947000e-03
