# E(MeV)  S_GAMTGAMT(Total=K0+2*K1) for Cu69_DDPCX
-4.23836000 -1.75610000e-03
-4.20836000 -7.72650000e-04
-4.17836000 1.27452548e-03
-4.14836000 2.44078200e-03
-4.11836000 3.01668600e-03
-4.08836000 3.30947000e-03
-4.05836000 3.45532000e-03
-4.02836000 3.50908000e-03
-3.99836000 3.48761300e-03
-3.96836000 3.38336200e-03
-3.93836000 3.16159000e-03
-3.90836000 2.73958950e-03
-3.87836000 1.92803900e-03
-3.84836000 2.92180000e-04
-3.81836000 -2.90086000e-03
-3.78836000 -6.27982000e-03
-3.73330000 -1.20223000e-03
-3.70330000 8.26060000e-04
-3.67330000 1.38433200e-03
-3.64330000 9.81364000e-04
-3.61330000 1.06879700e-03
-3.58330000 2.34267800e-03
-3.55330000 3.31200000e-03
-3.52330000 3.83779000e-03
-3.49330000 4.12495000e-03
-3.46330000 4.27050000e-03
-3.43330000 4.32769000e-03
-3.40330000 4.44716000e-03
-3.37330000 4.63806000e-03
-3.34330000 4.78418000e-03
-3.31330000 4.88977000e-03
-3.28330000 4.97387000e-03
-3.22824000 5.10126000e-03
-3.19824000 5.16286000e-03
-3.16824000 5.22129000e-03
-3.13824000 5.27754000e-03
-3.10824000 5.33225000e-03
-3.07824000 5.38592000e-03
-3.04824000 5.43888000e-03
-3.01824000 5.49135000e-03
-2.98824000 5.54357000e-03
-2.95824000 5.59564000e-03
-2.92824000 5.64773000e-03
-2.89824000 5.69989000e-03
-2.86824000 5.75223000e-03
-2.83824000 5.80482000e-03
-2.80824000 5.85770000e-03
-2.77824000 5.91089000e-03
-2.72317000 6.00943000e-03
-2.69317000 6.06367000e-03
-2.66317000 6.11825000e-03
-2.63317000 6.17320000e-03
-2.60317000 6.22845000e-03
-2.57317000 6.28394000e-03
-2.54317000 6.33955000e-03
-2.51317000 6.39514000e-03
-2.48317000 6.45048000e-03
-2.45317000 6.50521000e-03
-2.42317000 6.55880000e-03
-2.39317000 6.61044000e-03
-2.36317000 6.65882000e-03
-2.33317000 6.70177000e-03
-2.30317000 6.73553000e-03
-2.27317000 6.75316000e-03
-2.21811000 6.68753000e-03
-2.18811000 6.51861000e-03
-2.15811000 6.11217000e-03
-2.12811000 5.35823000e-03
-2.09811000 5.07583000e-03
-2.06811000 5.93345000e-03
-2.03811000 6.68104000e-03
-2.00811000 7.10275000e-03
-1.97811000 7.35846000e-03
-1.94811000 7.53752000e-03
-1.91811000 7.67915000e-03
-1.88811000 7.80121000e-03
-1.85811000 7.91261000e-03
-1.82811000 8.01812000e-03
-1.79811000 8.12038000e-03
-1.76811000 8.22106000e-03
-1.71305000 8.40500000e-03
-1.68305000 8.50584000e-03
-1.65305000 8.60766000e-03
-1.62305000 8.71071000e-03
-1.59305000 8.81526000e-03
-1.56305000 8.92146000e-03
-1.53305000 9.02947000e-03
-1.50305000 9.13945000e-03
-1.47305000 9.25150000e-03
-1.44305000 9.36576000e-03
-1.41305000 9.48232000e-03
-1.38305000 9.60133000e-03
-1.35305000 9.72285000e-03
-1.32305000 9.84700000e-03
-1.29305000 9.97392000e-03
-1.26305000 1.01037200e-02
-1.20798000 1.03497500e-02
-1.17798000 1.04882800e-02
-1.14798000 1.06301300e-02
-1.11798000 1.07754400e-02
-1.08798000 1.09243500e-02
-1.05798000 1.10769900e-02
-1.02798000 1.12335100e-02
-0.99798300 1.13940800e-02
-0.96798300 1.15588300e-02
-0.93798300 1.17279900e-02
-0.90798300 1.19017200e-02
-0.87798300 1.20801800e-02
-0.84798300 1.22636000e-02
-0.81798300 1.24522200e-02
-0.78798300 1.26462300e-02
-0.75798300 1.28458600e-02
-0.70292000 1.32278400e-02
-0.67292000 1.34449000e-02
-0.64292000 1.36686800e-02
-0.61292000 1.38994800e-02
-0.58292000 1.41376300e-02
-0.55292000 1.43835200e-02
-0.52292000 1.46375000e-02
-0.49292000 1.49000100e-02
-0.46292000 1.51715000e-02
-0.43292000 1.54524000e-02
-0.40292000 1.57432200e-02
-0.37292000 1.60445400e-02
-0.34292000 1.63569100e-02
-0.31292000 1.66809400e-02
-0.28292000 1.70173400e-02
-0.25292000 1.73667900e-02
-0.19785700 1.80448300e-02
-0.16785700 1.84357800e-02
-0.13785700 1.88431500e-02
-0.10785700 1.92679700e-02
-0.07785670 1.97114100e-02
-0.04785670 2.01746700e-02
-0.01785670 2.06591700e-02
0.01214330 2.11663500e-02
0.04214330 2.16978600e-02
0.07214330 2.22554200e-02
0.10214300 2.28410300e-02
0.13214300 2.34568100e-02
0.16214300 2.41051000e-02
0.19214300 2.47885400e-02
0.22214300 2.55100200e-02
0.25214300 2.62727000e-02
0.30720700 2.77920200e-02
0.33720700 2.86924000e-02
0.36720700 2.96502200e-02
0.39720700 3.06707400e-02
0.42720700 3.17604000e-02
0.45720700 3.29261000e-02
0.48720700 3.41760000e-02
0.51720700 3.55190000e-02
0.54720700 3.69657000e-02
0.57720700 3.85278000e-02
0.60720700 4.02194000e-02
0.63720700 4.20566000e-02
0.66720700 4.40578000e-02
0.69720700 4.62450000e-02
0.72720700 4.86444000e-02
0.75720700 5.12863000e-02
