# E(MeV)  S_GAMTGAMT(Total=K0+2*K1) for Db319_DDPCX
-10.52370000 1.00830500e-02
-10.49370000 1.01192200e-02
-10.46370000 1.01608800e-02
-10.43370000 1.02102300e-02
-10.40370000 1.02653700e-02
-10.37370000 1.03026500e-02
-10.34370000 1.03239000e-02
-10.31370000 1.03513300e-02
-10.28370000 1.03846100e-02
-10.25370000 1.04208100e-02
-10.22370000 1.04585000e-02
-10.19370000 1.04971000e-02
-10.16370000 1.05362800e-02
-10.13370000 1.05759200e-02
-10.10370000 1.06159700e-02
-10.07370000 1.06563700e-02
-10.04370000 1.06971200e-02
-10.01370000 1.07381900e-02
-9.98371000 1.07796100e-02
-9.95371000 1.08213800e-02
-9.92371000 1.08635000e-02
-9.89371000 1.09060200e-02
-9.86371000 1.09489200e-02
-9.83371000 1.09922500e-02
-9.80371000 1.10360600e-02
-9.77371000 1.10804000e-02
-9.74371000 1.11252900e-02
-9.71371000 1.11708800e-02
-9.68371000 1.12172700e-02
-9.65371000 1.12646500e-02
-9.62371000 1.13134000e-02
-9.59371000 1.13641300e-02
-9.56371000 1.14180300e-02
-9.53371000 1.14777100e-02
-9.50371000 1.15489900e-02
-9.47371000 1.16422000e-02
-9.44371000 1.17428300e-02
-9.39011000 1.17706200e-02
-9.36011000 1.17910100e-02
-9.33011000 1.18310700e-02
-9.30011000 1.18823700e-02
-9.27011000 1.19417500e-02
-9.24011000 1.20094300e-02
-9.21011000 1.20886800e-02
-9.18011000 1.21879100e-02
-9.15011000 1.23267900e-02
-9.12011000 1.25403200e-02
-9.09011000 1.27806100e-02
-9.06011000 1.27783900e-02
-9.03011000 1.26837100e-02
-9.00011000 1.26731500e-02
-8.97011000 1.27252100e-02
-8.94011000 1.28166600e-02
-8.91011000 1.29414400e-02
-8.88011000 1.31043100e-02
-8.85011000 1.33199400e-02
-8.82011000 1.36178500e-02
-8.79011000 1.40563800e-02
-8.76011000 1.47570100e-02
-8.73011000 1.59908100e-02
-8.70011000 1.83632500e-02
-8.67011000 2.26497900e-02
-8.64011000 2.58858200e-02
-8.61011000 2.26484100e-02
-8.58011000 1.87306400e-02
-8.55011000 1.67495400e-02
-8.52011000 1.59895500e-02
-8.49011000 1.58949600e-02
-8.46011000 1.58529700e-02
-8.43011000 1.56798800e-02
-8.40011000 1.58203600e-02
-8.37011000 1.64052300e-02
-8.34011000 1.69842900e-02
-8.31011000 1.77105900e-02
-8.25651000 2.20164800e-02
-8.22651000 2.30284600e-02
-8.19651000 2.09675300e-02
-8.16651000 1.88883200e-02
-8.13651000 1.80070000e-02
-8.10651000 1.81554800e-02
-8.07651000 1.91744000e-02
-8.04651000 2.05289500e-02
-8.01651000 2.20961100e-02
-7.98651000 2.46491600e-02
-7.95651000 2.78172000e-02
-7.92651000 3.45761800e-02
-7.89651000 4.35876900e-02
-7.86651000 4.48625900e-02
-7.83651000 3.63820700e-02
-7.80651000 2.73898400e-02
-7.77651000 2.24761600e-02
-7.74651000 2.00373000e-02
-7.71651000 1.88107500e-02
-7.68651000 1.82493400e-02
-7.65651000 1.81461800e-02
-7.62651000 1.83255700e-02
-7.59651000 1.85450600e-02
-7.56651000 1.91715400e-02
-7.53651000 2.07477300e-02
-7.50651000 2.39951800e-02
-7.47651000 2.79849400e-02
-7.44651000 2.72681800e-02
-7.41651000 2.42539200e-02
-7.38651000 2.20915400e-02
-7.35651000 2.15219100e-02
-7.32651000 2.25985700e-02
-7.29651000 2.55468800e-02
-7.26651000 2.82092000e-02
-7.23651000 2.70009300e-02
-7.20651000 2.61142100e-02
-7.17651000 2.60896400e-02
-7.12292000 2.62781000e-02
-7.09292000 2.55945500e-02
-7.06292000 2.70842100e-02
-7.03292000 3.18897800e-02
-7.00292000 4.00220300e-02
-6.97292000 4.44523000e-02
-6.94292000 4.61049000e-02
-6.91292000 4.32076000e-02
-6.88292000 3.47075000e-02
-6.85292000 2.93935200e-02
-6.82292000 2.76431600e-02
-6.79292000 2.84383000e-02
-6.76292000 3.19129600e-02
-6.73292000 3.85147000e-02
-6.70292000 4.89886000e-02
-6.67292000 5.96047000e-02
-6.64292000 6.03471000e-02
-6.61292000 4.96316000e-02
-6.58292000 3.89782000e-02
-6.55292000 3.29874600e-02
-6.52292000 2.84371800e-02
-6.49292000 2.54514700e-02
-6.46292000 2.38713700e-02
-6.43292000 2.31456700e-02
-6.40292000 2.30071600e-02
-6.37292000 2.34593300e-02
-6.34292000 2.47144100e-02
-6.31292000 2.71886600e-02
-6.28292000 3.01410300e-02
-6.25292000 2.98750900e-02
-6.22292000 2.87479200e-02
-6.19292000 3.01518500e-02
-6.16292000 3.38052500e-02
-6.13292000 3.54507500e-02
-6.10292000 3.65204000e-02
-6.07292000 4.01007000e-02
-6.04292000 4.37846000e-02
-5.98932000 3.73679000e-02
-5.95932000 3.58371000e-02
-5.92932000 3.43085000e-02
-5.89932000 3.38883000e-02
-5.86932000 3.56621000e-02
-5.83932000 3.69754000e-02
-5.80932000 3.92065000e-02
-5.77932000 4.38959000e-02
-5.74932000 4.70990000e-02
-5.71932000 4.31622000e-02
-5.68932000 3.83362000e-02
-5.65932000 3.54975000e-02
-5.62932000 3.42070000e-02
-5.59932000 3.47677000e-02
-5.56932000 3.65522000e-02
-5.53932000 3.81509000e-02
-5.50932000 4.14421000e-02
-5.47932000 4.85164000e-02
-5.44932000 5.74289000e-02
-5.41932000 6.25344000e-02
-5.38932000 6.86393000e-02
-5.35932000 7.96742000e-02
-5.32932000 9.74983000e-02
-5.29932000 1.24053200e-01
-5.26932000 1.76625500e-01
-5.23932000 2.09824200e-01
-5.20932000 1.73084500e-01
-5.17932000 1.29224300e-01
-5.14932000 1.07757300e-01
-5.11932000 1.01994100e-01
-5.08932000 9.89932000e-02
-5.05932000 8.10857000e-02
-5.02932000 6.49316000e-02
-4.99932000 5.87754000e-02
-4.96932000 5.96341000e-02
-4.93932000 6.09890000e-02
-4.90932000 5.80767000e-02
-4.85572000 5.75422000e-02
-4.82572000 6.21222000e-02
-4.79572000 6.93769000e-02
-4.76572000 8.54430000e-02
-4.73572000 1.13947400e-01
-4.70572000 1.34942000e-01
-4.67572000 1.24763300e-01
-4.64572000 1.01909900e-01
-4.61572000 8.60386000e-02
-4.58572000 7.54708000e-02
-4.55572000 6.86260000e-02
-4.52572000 6.90428000e-02
-4.49572000 8.14690000e-02
-4.46572000 9.95050000e-02
-4.43572000 9.59006000e-02
-4.40572000 7.52718000e-02
-4.37572000 6.03691000e-02
-4.34572000 5.25170000e-02
-4.31572000 4.78606000e-02
-4.28572000 4.59839000e-02
-4.25572000 4.59273000e-02
-4.22572000 4.71318000e-02
-4.19572000 5.00421000e-02
-4.16572000 5.61252000e-02
-4.13572000 6.72408000e-02
-4.10572000 8.27996000e-02
-4.07572000 9.08735000e-02
-4.04572000 8.81594000e-02
-4.01572000 9.08895000e-02
-3.98572000 1.00278700e-01
-3.95572000 1.24323000e-01
-3.92572000 1.77607400e-01
-3.89572000 2.57077000e-01
-3.86572000 2.84943600e-01
-3.83572000 2.42645700e-01
-3.80572000 2.15545700e-01
-3.77572000 1.99634200e-01
-3.72212000 1.27357400e-01
-3.69212000 1.04861600e-01
-3.66212000 9.64634000e-02
-3.63212000 1.00596000e-01
-3.60212000 1.13676700e-01
-3.57212000 1.33055600e-01
-3.54212000 1.70454200e-01
-3.51212000 2.15333400e-01
-3.48212000 2.29580200e-01
-3.45212000 1.78576800e-01
-3.42212000 1.26529000e-01
-3.39212000 1.00327400e-01
-3.36212000 9.01804000e-02
-3.33212000 8.66638000e-02
-3.30212000 8.73761000e-02
-3.27212000 8.32762000e-02
-3.24212000 7.33221000e-02
-3.21212000 6.85561000e-02
-3.18212000 6.94714000e-02
-3.15212000 7.34393000e-02
-3.12212000 7.84721000e-02
-3.09212000 8.08094000e-02
-3.06212000 8.14818000e-02
-3.03212000 8.10573000e-02
-3.00212000 7.72713000e-02
-2.97212000 7.07769000e-02
-2.94212000 6.67146000e-02
-2.91212000 6.57501000e-02
-2.88212000 6.61201000e-02
-2.85212000 6.75502000e-02
-2.82212000 7.01068000e-02
-2.79212000 7.24676000e-02
-2.76212000 7.60400000e-02
-2.73212000 8.12230000e-02
-2.70212000 8.62985000e-02
-2.67212000 9.30694000e-02
-2.64212000 1.03590100e-01
-2.58852000 1.37741700e-01
-2.55852000 1.75740300e-01
-2.52852000 2.17218900e-01
-2.49852000 2.25620800e-01
-2.46852000 2.25272600e-01
-2.43852000 2.34698600e-01
-2.40852000 2.24726400e-01
-2.37852000 2.22658600e-01
-2.34852000 2.58119000e-01
-2.31852000 3.32870000e-01
-2.28852000 4.15901800e-01
-2.25852000 4.79584000e-01
-2.22852000 5.44456000e-01
-2.19852000 5.02883000e-01
-2.16852000 4.68091600e-01
-2.13852000 5.53968600e-01
-2.10852000 8.00453400e-01
-2.07852000 1.06238100e+00
-2.04852000 8.74690600e-01
-2.01852000 5.71722600e-01
-1.98852000 4.06433600e-01
-1.95852000 3.03160600e-01
-1.92852000 2.32366400e-01
-1.89852000 1.88822800e-01
-1.86852000 1.65989900e-01
-1.83852000 1.56381000e-01
-1.80852000 1.54647300e-01
-1.77852000 1.62896800e-01
-1.74852000 1.80235400e-01
-1.71852000 1.93208100e-01
-1.68852000 1.84871100e-01
-1.65852000 1.79812300e-01
-1.62852000 1.80515900e-01
-1.59852000 1.82336200e-01
-1.56852000 1.91780000e-01
-1.53852000 2.00409600e-01
-1.50852000 2.12202000e-01
-1.45493000 2.68439000e-01
-1.42493000 3.33891400e-01
-1.39493000 4.50031800e-01
-1.36493000 6.62640800e-01
-1.33493000 1.07361840e+00
-1.30493000 1.63124300e+00
-1.27493000 1.57962060e+00
-1.24493000 1.16854060e+00
-1.21493000 1.03081920e+00
-1.18493000 1.09181060e+00
-1.15493000 1.05014160e+00
-1.12493000 8.23322600e-01
-1.09493000 6.64177600e-01
-1.06493000 5.56582000e-01
-1.03493000 4.96271200e-01
-1.00493000 4.20653000e-01
-0.97492600 3.71137600e-01
-0.94492600 3.61406200e-01
-0.91492600 3.75153000e-01
-0.88492600 4.14940000e-01
-0.85492600 5.14633000e-01
-0.82492600 6.97865000e-01
-0.79492600 8.22144000e-01
-0.76492600 6.86255000e-01
-0.73492600 5.48719000e-01
-0.70492600 5.06914000e-01
-0.67492600 5.30316000e-01
-0.64492600 6.19503000e-01
-0.61492600 8.05606000e-01
-0.58492600 9.56560000e-01
-0.55492600 9.04566000e-01
-0.52492600 9.17427000e-01
-0.49492600 1.12705400e+00
-0.46492600 1.64431600e+00
-0.43492600 2.51728400e+00
-0.40492600 3.00847600e+00
-0.37492600 2.50338400e+00
-0.32132800 2.15239200e+00
-0.29132800 2.80685200e+00
-0.26132800 3.45484000e+00
-0.23132800 3.40072300e+00
-0.20132800 2.65025400e+00
-0.17132800 1.80542800e+00
-0.14132800 1.31907800e+00
-0.11132800 1.09161700e+00
-0.08132790 1.03974300e+00
-0.05132790 1.12346600e+00
-0.02132790 1.21647100e+00
0.00867212 1.26847300e+00
0.03867210 1.48856300e+00
0.06867210 1.99578300e+00
0.09867210 2.90455700e+00
0.12867200 3.64391500e+00
0.15867200 3.19825400e+00
0.18867200 2.80589500e+00
0.21867200 3.03695700e+00
0.24867200 3.78059000e+00
0.27867200 5.17763000e+00
0.30867200 6.89553000e+00
0.33867200 7.81467000e+00
0.36867200 6.84713000e+00
0.39867200 4.64559500e+00
0.42867200 3.25576600e+00
0.45867200 2.64724700e+00
0.48867200 2.55830500e+00
0.51867200 3.00153000e+00
0.54867200 3.84547600e+00
0.57867200 4.15261000e+00
0.60867200 4.14611000e+00
0.63867200 4.99945000e+00
0.66867200 7.07826000e+00
0.69867200 8.91251000e+00
0.72867200 8.90580000e+00
0.75867200 9.61326000e+00
