# E(MeV)  S_NSDRNSDR(K=1) for Db319_DDPCX
-10.52370000 2.31612000e-01
-10.49370000 2.34588000e-01
-10.46370000 2.37519000e-01
-10.43370000 2.40619000e-01
-10.40370000 2.44224000e-01
-10.37370000 2.49009000e-01
-10.34370000 2.55726000e-01
-10.31370000 2.60723000e-01
-10.28370000 2.59185000e-01
-10.25370000 2.57731000e-01
-10.22370000 2.58168000e-01
-10.19370000 2.59633000e-01
-10.16370000 2.61604000e-01
-10.13370000 2.63853000e-01
-10.10370000 2.66283000e-01
-10.07370000 2.68846000e-01
-10.04370000 2.71523000e-01
-10.01370000 2.74304000e-01
-9.98371000 2.77190000e-01
-9.95371000 2.80183000e-01
-9.92371000 2.83289000e-01
-9.89371000 2.86519000e-01
-9.86371000 2.89883000e-01
-9.83371000 2.93397000e-01
-9.80371000 2.97078000e-01
-9.77371000 3.00949000e-01
-9.74371000 3.05037000e-01
-9.71371000 3.09375000e-01
-9.68371000 3.14007000e-01
-9.65371000 3.18986000e-01
-9.62371000 3.24382000e-01
-9.59371000 3.30287000e-01
-9.56371000 3.36827000e-01
-9.53371000 3.44175000e-01
-9.50371000 3.52581000e-01
-9.47371000 3.62416000e-01
-9.44371000 3.74257000e-01
-9.39011000 4.03794000e-01
-9.36011000 4.28850000e-01
-9.33011000 4.66097000e-01
-9.30011000 5.27144000e-01
-9.27011000 6.38098000e-01
-9.24011000 8.41746000e-01
-9.21011000 1.05123000e+00
-9.18011000 9.47633000e-01
-9.15011000 7.68032000e-01
-9.12011000 6.93573000e-01
-9.09011000 6.95546000e-01
-9.06011000 7.55813000e-01
-9.03011000 8.87000000e-01
-9.00011000 1.14165000e+00
-8.97011000 1.64997000e+00
-8.94011000 2.62106000e+00
-8.91011000 3.55194000e+00
-8.88011000 2.86729000e+00
-8.85011000 1.83886000e+00
-8.82011000 1.28849000e+00
-8.79011000 1.03018000e+00
-8.76011000 9.14127000e-01
-8.73011000 8.76562000e-01
-8.70011000 8.94594000e-01
-8.67011000 9.67142000e-01
-8.64011000 1.11249000e+00
-8.61011000 1.37959000e+00
-8.58011000 1.88384000e+00
-8.55011000 2.89072000e+00
-8.52011000 4.80949000e+00
-8.49011000 6.56437000e+00
-8.46011000 5.12014000e+00
-8.43011000 3.09228000e+00
-8.40011000 1.99746000e+00
-8.37011000 1.44595000e+00
-8.34011000 1.14179000e+00
-8.31011000 9.65936000e-01
-8.25651000 8.07965000e-01
-8.22651000 7.67016000e-01
-8.19651000 7.49303000e-01
-8.16651000 7.48736000e-01
-8.13651000 7.51623000e-01
-8.10651000 7.71467000e-01
-8.07651000 8.21795000e-01
-8.04651000 8.73643000e-01
-8.01651000 9.54398000e-01
-7.98651000 1.14152000e+00
-7.95651000 1.29512000e+00
-7.92651000 1.13806000e+00
-7.89651000 9.55318000e-01
-7.86651000 8.61677000e-01
-7.83651000 8.24802000e-01
-7.80651000 8.18552000e-01
-7.77651000 8.31251000e-01
-7.74651000 8.59463000e-01
-7.71651000 9.04893000e-01
-7.68651000 9.74709000e-01
-7.65651000 1.08306000e+00
-7.62651000 1.24580000e+00
-7.59651000 1.51414000e+00
-7.56651000 2.01843000e+00
-7.53651000 2.73727000e+00
-7.50651000 3.16328000e+00
-7.47651000 2.69498000e+00
-7.44651000 2.11634000e+00
-7.41651000 1.93623000e+00
-7.38651000 2.03883000e+00
-7.35651000 2.10415000e+00
-7.32651000 2.01030000e+00
-7.29651000 2.08644000e+00
-7.26651000 2.18315000e+00
-7.23651000 2.05594000e+00
-7.20651000 1.99430000e+00
-7.17651000 2.06925000e+00
-7.12292000 2.47093000e+00
-7.09292000 2.87134000e+00
-7.06292000 3.47825000e+00
-7.03292000 4.44409000e+00
-7.00292000 6.00696000e+00
-6.97292000 7.97897000e+00
-6.94292000 1.00813000e+01
-6.91292000 1.43390000e+01
-6.88292000 2.34190000e+01
-6.85292000 3.89485000e+01
-6.82292000 4.96126000e+01
-6.79292000 3.64405000e+01
-6.76292000 2.12462000e+01
-6.73292000 1.34021000e+01
-6.70292000 9.92483000e+00
-6.67292000 8.53740000e+00
-6.64292000 7.17155000e+00
-6.61292000 5.71889000e+00
-6.58292000 4.74590000e+00
-6.55292000 4.27073000e+00
-6.52292000 4.17651000e+00
-6.49292000 4.34238000e+00
-6.46292000 4.45359000e+00
-6.43292000 4.64890000e+00
-6.40292000 5.26637000e+00
-6.37292000 6.32266000e+00
-6.34292000 7.21232000e+00
-6.31292000 8.23143000e+00
-6.28292000 1.04623000e+01
-6.25292000 1.47598000e+01
-6.22292000 2.25222000e+01
-6.19292000 3.43663000e+01
-6.16292000 4.38729000e+01
-6.13292000 5.79538000e+01
-6.10292000 7.49111000e+01
-6.07292000 5.94338000e+01
-6.04292000 3.50432000e+01
-5.98932000 1.47439000e+01
-5.95932000 1.02720000e+01
-5.92932000 7.69818000e+00
-5.89932000 6.11489000e+00
-5.86932000 5.09898000e+00
-5.83932000 4.44352000e+00
-5.80932000 4.05477000e+00
-5.77932000 3.90461000e+00
-5.74932000 3.99200000e+00
-5.71932000 4.18051000e+00
-5.68932000 4.01146000e+00
-5.65932000 3.50315000e+00
-5.62932000 3.14542000e+00
-5.59932000 3.00532000e+00
-5.56932000 3.01818000e+00
-5.53932000 3.16373000e+00
-5.50932000 3.44323000e+00
-5.47932000 3.87207000e+00
-5.44932000 4.63907000e+00
-5.41932000 6.10726000e+00
-5.38932000 8.34713000e+00
-5.35932000 1.05130000e+01
-5.32932000 1.31431000e+01
-5.29932000 1.55167000e+01
-5.26932000 1.22755000e+01
-5.23932000 8.09352000e+00
-5.20932000 5.85519000e+00
-5.17932000 4.76563000e+00
-5.14932000 4.22309000e+00
-5.11932000 3.97504000e+00
-5.08932000 3.92845000e+00
-5.05932000 4.05113000e+00
-5.02932000 4.33721000e+00
-4.99932000 4.63420000e+00
-4.96932000 4.82812000e+00
-4.93932000 5.16744000e+00
-4.90932000 5.73788000e+00
-4.85572000 7.51757000e+00
-4.82572000 9.23715000e+00
-4.79572000 1.18418000e+01
-4.76572000 1.59632000e+01
-4.73572000 2.30726000e+01
-4.70572000 3.61037000e+01
-4.67572000 5.41089000e+01
-4.64572000 6.48229000e+01
-4.61572000 8.07032000e+01
-4.58572000 9.36931000e+01
-4.55572000 8.14890000e+01
-4.52572000 5.96654000e+01
-4.49572000 4.13335000e+01
-4.46572000 3.39930000e+01
-4.43572000 2.91359000e+01
-4.40572000 2.28791000e+01
-4.37572000 1.85522000e+01
-4.34572000 1.47048000e+01
-4.31572000 1.17470000e+01
-4.28572000 1.00642000e+01
-4.25572000 9.34116000e+00
-4.22572000 9.15514000e+00
-4.19572000 9.29091000e+00
-4.16572000 9.99947000e+00
-4.13572000 1.14372000e+01
-4.10572000 1.45764000e+01
-4.07572000 1.88551000e+01
-4.04572000 2.02413000e+01
-4.01572000 1.75440000e+01
-3.98572000 1.39666000e+01
-3.95572000 1.24366000e+01
-3.92572000 1.24032000e+01
-3.89572000 1.35034000e+01
-3.86572000 1.59512000e+01
-3.83572000 2.04200000e+01
-3.80572000 2.69110000e+01
-3.77572000 3.37163000e+01
-3.72212000 5.73880000e+01
-3.69212000 8.19571000e+01
-3.66212000 1.07059000e+02
-3.63212000 9.45076000e+01
-3.60212000 7.85172000e+01
-3.57212000 7.36498000e+01
-3.54212000 7.04181000e+01
-3.51212000 7.25984000e+01
-3.48212000 7.03429000e+01
-3.45212000 5.39955000e+01
-3.42212000 4.19635000e+01
-3.39212000 3.85095000e+01
-3.36212000 4.13831000e+01
-3.33212000 5.16467000e+01
-3.30212000 7.36658000e+01
-3.27212000 1.07108000e+02
-3.24212000 1.34316000e+02
-3.21212000 1.54106000e+02
-3.18212000 1.61109000e+02
-3.15212000 1.81931000e+02
-3.12212000 1.62196000e+02
-3.09212000 1.17039000e+02
-3.06212000 1.02473000e+02
-3.03212000 1.13848000e+02
-3.00212000 1.11121000e+02
-2.97212000 8.91927000e+01
-2.94212000 7.65013000e+01
-2.91212000 7.92693000e+01
-2.88212000 1.02761000e+02
-2.85212000 1.53287000e+02
-2.82212000 1.95441000e+02
-2.79212000 1.66082000e+02
-2.76212000 1.11257000e+02
-2.73212000 8.31517000e+01
-2.70212000 7.77555000e+01
-2.67212000 8.99913000e+01
-2.64212000 1.15193000e+02
-2.58852000 1.68941000e+02
-2.55852000 1.97760000e+02
-2.52852000 1.56071000e+02
-2.49852000 1.00914000e+02
-2.46852000 7.21100000e+01
-2.43852000 6.08161000e+01
-2.40852000 5.97420000e+01
-2.37852000 6.55466000e+01
-2.34852000 8.05693000e+01
-2.31852000 1.02464000e+02
-2.28852000 1.13956000e+02
-2.25852000 1.20437000e+02
-2.22852000 1.46990000e+02
-2.19852000 2.00303000e+02
-2.16852000 2.31598000e+02
-2.13852000 2.44312000e+02
-2.10852000 2.81860000e+02
-2.07852000 3.81263000e+02
-2.04852000 4.99635000e+02
-2.01852000 5.30441000e+02
-1.98852000 4.15797000e+02
-1.95852000 2.60429000e+02
-1.92852000 1.69791000e+02
-1.89852000 1.25748000e+02
-1.86852000 1.02692000e+02
-1.83852000 9.39824000e+01
-1.80852000 9.94243000e+01
-1.77852000 1.20271000e+02
-1.74852000 1.49440000e+02
-1.71852000 1.92530000e+02
-1.68852000 2.79166000e+02
-1.65852000 4.04996000e+02
-1.62852000 4.10881000e+02
-1.59852000 3.19459000e+02
-1.56852000 2.88527000e+02
-1.53852000 2.70632000e+02
-1.50852000 2.01536000e+02
-1.45493000 1.24973000e+02
-1.42493000 1.05612000e+02
-1.39493000 1.05570000e+02
-1.36493000 1.24622000e+02
-1.33493000 1.23531000e+02
-1.30493000 9.97109000e+01
-1.27493000 8.85128000e+01
-1.24493000 9.46335000e+01
-1.21493000 1.21738000e+02
-1.18493000 1.36858000e+02
-1.15493000 1.13536000e+02
-1.12493000 9.80704000e+01
-1.09493000 8.33572000e+01
-1.06493000 7.00317000e+01
-1.03493000 6.29236000e+01
-1.00493000 6.34764000e+01
-0.97492600 7.37646000e+01
-0.94492600 9.67748000e+01
-0.91492600 1.41077000e+02
-0.88492600 2.24998000e+02
-0.85492600 3.42991000e+02
-0.82492600 4.21098000e+02
-0.79492600 3.50881000e+02
-0.76492600 2.76291000e+02
-0.73492600 2.28261000e+02
-0.70492600 1.74072000e+02
-0.67492600 1.31638000e+02
-0.64492600 1.08477000e+02
-0.61492600 8.18695000e+01
-0.58492600 6.16970000e+01
-0.55492600 5.07330000e+01
-0.52492600 4.46417000e+01
-0.49492600 4.11117000e+01
-0.46492600 3.49565000e+01
-0.43492600 2.73985000e+01
-0.40492600 2.27181000e+01
-0.37492600 2.05095000e+01
-0.32132800 2.04516000e+01
-0.29132800 2.27868000e+01
-0.26132800 2.87022000e+01
-0.23132800 3.82314000e+01
-0.20132800 4.12511000e+01
-0.17132800 3.48852000e+01
-0.14132800 3.30838000e+01
-0.11132800 3.89961000e+01
-0.08132790 5.30312000e+01
-0.05132790 7.13464000e+01
-0.02132790 7.54291000e+01
0.00867212 7.53935000e+01
0.03867210 7.72077000e+01
0.06867210 6.55622000e+01
0.09867210 4.99859000e+01
0.12867200 3.82103000e+01
0.15867200 3.03352000e+01
0.18867200 2.78796000e+01
0.21867200 2.79543000e+01
0.24867200 2.97223000e+01
0.27867200 3.46305000e+01
0.30867200 4.15867000e+01
0.33867200 5.58279000e+01
0.36867200 7.27035000e+01
0.39867200 6.44135000e+01
0.42867200 4.49872000e+01
0.45867200 3.63554000e+01
0.48867200 3.80129000e+01
0.51867200 5.05554000e+01
0.54867200 7.22255000e+01
0.57867200 7.17375000e+01
0.60867200 5.10196000e+01
0.63867200 3.63335000e+01
0.66867200 2.76391000e+01
0.69867200 2.46414000e+01
0.72867200 2.58504000e+01
0.75867200 3.12857000e+01
