# E(MeV)  S_NSDRNSDR(Total=K0+2*K1) for Db319_DDPCX
-10.52370000 7.01538000e-01
-10.49370000 7.10813000e-01
-10.46370000 7.20083000e-01
-10.43370000 7.29789000e-01
-10.40370000 7.40619000e-01
-10.37370000 7.53946000e-01
-10.34370000 7.71310000e-01
-10.31370000 7.85471000e-01
-10.28370000 7.86918000e-01
-10.25370000 7.89141000e-01
-10.22370000 7.96317000e-01
-10.19370000 8.07869000e-01
-10.16370000 8.22773000e-01
-10.13370000 8.31854000e-01
-10.10370000 8.34731000e-01
-10.07370000 8.40177000e-01
-10.04370000 8.48242000e-01
-10.01370000 8.57764000e-01
-9.98371000 8.68191000e-01
-9.95371000 8.79293000e-01
-9.92371000 8.90979000e-01
-9.89371000 9.03229000e-01
-9.86371000 9.16048000e-01
-9.83371000 9.29467000e-01
-9.80371000 9.43529000e-01
-9.77371000 9.58295000e-01
-9.74371000 9.73838000e-01
-9.71371000 9.90245000e-01
-9.68371000 1.00763200e+00
-9.65371000 1.02613300e+00
-9.62371000 1.04592200e+00
-9.59371000 1.06722100e+00
-9.56371000 1.09032400e+00
-9.53371000 1.11562100e+00
-9.50371000 1.14366700e+00
-9.47371000 1.17526100e+00
-9.44371000 1.21162300e+00
-9.39011000 1.29547000e+00
-9.36011000 1.36078800e+00
-9.33011000 1.45157900e+00
-9.30011000 1.59117900e+00
-9.27011000 1.83193700e+00
-9.24011000 2.25958200e+00
-9.21011000 2.70057800e+00
-9.18011000 2.51729700e+00
-9.15011000 2.18413300e+00
-9.12011000 2.06365600e+00
-9.09011000 2.09877500e+00
-9.06011000 2.25360000e+00
-9.03011000 2.55383900e+00
-9.00011000 3.10512300e+00
-8.97011000 4.16852000e+00
-8.94011000 6.16302000e+00
-8.91011000 8.08362200e+00
-8.88011000 6.78086000e+00
-8.85011000 4.79970000e+00
-8.82011000 3.78565000e+00
-8.79011000 3.36898000e+00
-8.76011000 3.25304400e+00
-8.73011000 3.31409400e+00
-8.70011000 3.51131800e+00
-8.67011000 3.84915400e+00
-8.64011000 4.37315000e+00
-8.61011000 5.19356000e+00
-8.58011000 6.55862000e+00
-8.55011000 9.02451000e+00
-8.52011000 1.34472900e+01
-8.49011000 1.77331300e+01
-8.46011000 1.59039200e+01
-8.43011000 1.33451900e+01
-8.40011000 1.33635000e+01
-8.37011000 1.56946000e+01
-8.34011000 2.07930800e+01
-8.31011000 3.07167720e+01
-8.25651000 7.89394300e+01
-8.22651000 1.25279032e+02
-8.19651000 1.22084606e+02
-8.16651000 7.53472720e+01
-8.13651000 4.34326460e+01
-8.10651000 2.71445340e+01
-8.07651000 1.87543900e+01
-8.04651000 1.42511860e+01
-8.01651000 1.20151960e+01
-7.98651000 1.15008100e+01
-7.95651000 1.10056500e+01
-7.92651000 8.75525000e+00
-7.89651000 6.80403600e+00
-7.86651000 5.63894400e+00
-7.83651000 4.93673400e+00
-7.80651000 4.49313400e+00
-7.77651000 4.21201200e+00
-7.74651000 4.05122600e+00
-7.71651000 3.99823600e+00
-7.68651000 4.05659800e+00
-7.65651000 4.25242000e+00
-7.62651000 4.66106000e+00
-7.59651000 5.46839000e+00
-7.56651000 7.11953000e+00
-7.53651000 9.87323000e+00
-7.50651000 1.20315100e+01
-7.47651000 1.00831800e+01
-7.44651000 7.35978000e+00
-7.41651000 6.12508000e+00
-7.38651000 5.88224000e+00
-7.35651000 5.76627000e+00
-7.32651000 5.43242000e+00
-7.29651000 5.49393000e+00
-7.26651000 5.63047000e+00
-7.23651000 5.34214000e+00
-7.20651000 5.20221000e+00
-7.17651000 5.34991000e+00
-7.12292000 6.18289000e+00
-7.09292000 7.02058000e+00
-7.06292000 8.28905000e+00
-7.03292000 1.02979500e+01
-7.00292000 1.35313500e+01
-6.97292000 1.76265600e+01
-6.94292000 2.20480800e+01
-6.91292000 3.08856300e+01
-6.88292000 4.95489300e+01
-6.85292000 8.14491500e+01
-6.82292000 1.04303800e+02
-6.79292000 8.09048000e+01
-6.76292000 5.53287000e+01
-6.73292000 4.18069000e+01
-6.70292000 3.32598600e+01
-6.67292000 3.18587000e+01
-6.64292000 3.08271000e+01
-6.61292000 2.34015800e+01
-6.58292000 1.67724800e+01
-6.55292000 1.33189500e+01
-6.52292000 1.18395200e+01
-6.49292000 1.14599600e+01
-6.46292000 1.12703100e+01
-6.43292000 1.14251500e+01
-6.40292000 1.25493400e+01
-6.37292000 1.46291700e+01
-6.34292000 1.63528000e+01
-6.31292000 1.83540900e+01
-6.28292000 2.28159500e+01
-6.25292000 3.14366700e+01
-6.22292000 4.70574800e+01
-6.19292000 7.09348800e+01
-6.16292000 9.02702100e+01
-6.13292000 1.18979350e+02
-6.10292000 1.53872110e+02
-6.07292000 1.24792180e+02
-6.04292000 7.97216900e+01
-5.98932000 4.47323000e+01
-5.95932000 3.07259000e+01
-5.92932000 2.17283900e+01
-5.89932000 1.66399900e+01
-5.86932000 1.36734100e+01
-5.83932000 1.19250400e+01
-5.80932000 1.10127000e+01
-5.77932000 1.08419100e+01
-5.74932000 1.14632600e+01
-5.71932000 1.23172700e+01
-5.68932000 1.17007000e+01
-5.65932000 1.02519200e+01
-5.62932000 9.38332000e+00
-5.59932000 9.05108000e+00
-5.56932000 9.16425000e+00
-5.53932000 9.76924000e+00
-5.50932000 1.09439400e+01
-5.47932000 1.29710800e+01
-5.44932000 1.68230900e+01
-5.41932000 2.39303200e+01
-5.38932000 3.11369600e+01
-5.35932000 3.20362000e+01
-5.32932000 3.38601300e+01
-5.29932000 3.69974700e+01
-5.26932000 2.99259300e+01
-5.23932000 2.15467000e+01
-5.20932000 1.75061700e+01
-5.17932000 1.62600600e+01
-5.14932000 1.69066300e+01
-5.11932000 1.96995800e+01
-5.08932000 2.60864000e+01
-5.05932000 3.70176600e+01
-5.02932000 4.12883200e+01
-4.99932000 3.32686000e+01
-4.96932000 2.79907400e+01
-4.93932000 2.83368800e+01
-4.90932000 3.43156600e+01
-4.85572000 5.59383400e+01
-4.82572000 5.85012000e+01
-4.79572000 5.66218000e+01
-4.76572000 5.41692000e+01
-4.73572000 6.16938000e+01
-4.70572000 8.46926000e+01
-4.67572000 1.19736000e+02
-4.64572000 1.41670600e+02
-4.61572000 1.74761100e+02
-4.58572000 2.02215100e+02
-4.55572000 1.81161200e+02
-4.52572000 1.42711100e+02
-4.49572000 1.05773700e+02
-4.46572000 8.82254000e+01
-4.43572000 7.70948000e+01
-4.40572000 6.32372000e+01
-4.37572000 5.47711000e+01
-4.34572000 4.89326000e+01
-4.31572000 4.65684000e+01
-4.28572000 4.90627000e+01
-4.25572000 5.71912200e+01
-4.22572000 7.22818800e+01
-4.19572000 9.68258200e+01
-4.16572000 1.43902940e+02
-4.13572000 2.39605400e+02
-4.10572000 3.81112800e+02
-4.07572000 3.82161200e+02
-4.04572000 2.53002600e+02
-4.01572000 1.65252000e+02
-3.98572000 1.22197200e+02
-3.95572000 9.63049000e+01
-3.92572000 7.42705000e+01
-3.89572000 6.23668000e+01
-3.86572000 5.90407000e+01
-3.83572000 6.30093000e+01
-3.80572000 7.28795000e+01
-3.77572000 8.45289000e+01
-3.72212000 1.30285000e+02
-3.69212000 1.79417100e+02
-3.66212000 2.30290200e+02
-3.63212000 2.06559000e+02
-3.60212000 1.76662300e+02
-3.57212000 1.70355600e+02
-3.54212000 1.69280800e+02
-3.51212000 1.80099700e+02
-3.48212000 1.86435400e+02
-3.45212000 1.76502100e+02
-3.42212000 1.93771000e+02
-3.39212000 2.28337000e+02
-3.36212000 2.17960200e+02
-3.33212000 2.00293700e+02
-3.30212000 2.32787100e+02
-3.27212000 3.15232000e+02
-3.24212000 4.00677000e+02
-3.21212000 4.71443000e+02
-3.18212000 5.00606000e+02
-3.15212000 4.91455000e+02
-3.12212000 4.04483400e+02
-3.09212000 2.90645600e+02
-3.06212000 2.51394200e+02
-3.03212000 2.71922900e+02
-3.00212000 2.71042300e+02
-2.97212000 2.40625200e+02
-2.94212000 2.39195700e+02
-2.91212000 2.73931600e+02
-2.88212000 3.70144000e+02
-2.85212000 4.94332000e+02
-2.82212000 5.22236000e+02
-2.79212000 4.15782800e+02
-2.76212000 2.85052000e+02
-2.73212000 2.25004100e+02
-2.70212000 2.24103700e+02
-2.67212000 2.59116900e+02
-2.64212000 2.96744900e+02
-2.58852000 3.87470200e+02
-2.55852000 4.49152600e+02
-2.52852000 3.72079100e+02
-2.49852000 2.69637200e+02
-2.46852000 2.28398100e+02
-2.43852000 2.28869200e+02
-2.40852000 2.21711000e+02
-2.37852000 2.14928300e+02
-2.34852000 2.41799900e+02
-2.31852000 2.94165600e+02
-2.28852000 3.43558000e+02
-2.25852000 4.05873000e+02
-2.22852000 4.86394000e+02
-2.19852000 5.91272000e+02
-2.16852000 7.00818000e+02
-2.13852000 8.45827000e+02
-2.10852000 9.92619000e+02
-2.07852000 1.10036000e+03
-2.04852000 1.27177900e+03
-2.01852000 1.29178700e+03
-1.98852000 1.03685900e+03
-1.95852000 7.40651000e+02
-1.92852000 5.47017000e+02
-1.89852000 4.14410000e+02
-1.86852000 3.52813000e+02
-1.83852000 3.57603800e+02
-1.80852000 4.38069600e+02
-1.77852000 6.16875000e+02
-1.74852000 7.94489000e+02
-1.71852000 8.40053000e+02
-1.68852000 8.99725000e+02
-1.65852000 1.06230200e+03
-1.62852000 1.05915100e+03
-1.59852000 8.72173000e+02
-1.56852000 7.63542000e+02
-1.53852000 6.98999000e+02
-1.50852000 5.29881000e+02
-1.45493000 3.22941100e+02
-1.42493000 2.73512200e+02
-1.39493000 2.73047100e+02
-1.36493000 3.16363300e+02
-1.33493000 3.29961500e+02
-1.30493000 3.17762800e+02
-1.27493000 3.11939600e+02
-1.24493000 2.89919000e+02
-1.21493000 3.19156900e+02
-1.18493000 3.35995100e+02
-1.15493000 2.72948900e+02
-1.12493000 2.31048300e+02
-1.09493000 1.97189200e+02
-1.06493000 1.70251500e+02
-1.03493000 1.58224800e+02
-1.00493000 1.66885300e+02
-0.97492600 2.04661900e+02
-0.94492600 2.67306800e+02
-0.91492600 3.42883000e+02
-0.88492600 4.91762800e+02
-0.85492600 7.16902100e+02
-0.82492600 8.65297800e+02
-0.79492600 7.20151100e+02
-0.76492600 5.68168000e+02
-0.73492600 4.70570900e+02
-0.70492600 3.61968400e+02
-0.67492600 2.78714700e+02
-0.64492600 2.36537200e+02
-0.61492600 1.86893500e+02
-0.58492600 1.43623600e+02
-0.55492600 1.18374300e+02
-0.52492600 1.06046000e+02
-0.49492600 1.02211200e+02
-0.46492600 9.71621000e+01
-0.43492600 8.65553000e+01
-0.40492600 7.11393000e+01
-0.37492600 6.19920000e+01
-0.32132800 6.61122000e+01
-0.29132800 8.20426000e+01
-0.26132800 1.07982200e+02
-0.23132800 1.23926400e+02
-0.20132800 1.20318200e+02
-0.17132800 1.01331700e+02
-0.14132800 9.61252000e+01
-0.11132800 1.09542800e+02
-0.08132790 1.44963800e+02
-0.05132790 1.97949800e+02
-0.02132790 2.13970500e+02
0.00867212 2.02281600e+02
0.03867210 2.00447900e+02
0.06867210 1.81522400e+02
0.09867210 1.46349400e+02
0.12867200 1.14284300e+02
0.15867200 9.12840000e+01
0.18867200 7.74986000e+01
0.21867200 7.26713000e+01
0.24867200 7.52549000e+01
0.27867200 8.55169000e+01
0.30867200 9.85165000e+01
0.33867200 1.24001600e+02
0.36867200 1.54526950e+02
0.39867200 1.36023150e+02
0.42867200 9.61754800e+01
0.45867200 7.86109800e+01
0.48867200 8.23021700e+01
0.51867200 1.08470700e+02
0.54867200 1.52577530e+02
0.57867200 1.50344810e+02
0.60867200 1.07629840e+02
0.63867200 7.78604700e+01
0.66867200 6.08864700e+01
0.69867200 5.62524000e+01
0.72867200 6.05695500e+01
0.75867200 7.16773000e+01
