# E(MeV)  S_NSDRNSDR(K=0) for Db319_DDPCX
-10.52370000 2.38314000e-01
-10.49370000 2.41637000e-01
-10.46370000 2.45045000e-01
-10.43370000 2.48551000e-01
-10.40370000 2.52171000e-01
-10.37370000 2.55928000e-01
-10.34370000 2.59858000e-01
-10.31370000 2.64025000e-01
-10.28370000 2.68548000e-01
-10.25370000 2.73679000e-01
-10.22370000 2.79981000e-01
-10.19370000 2.88603000e-01
-10.16370000 2.99565000e-01
-10.13370000 3.04148000e-01
-10.10370000 3.02165000e-01
-10.07370000 3.02485000e-01
-10.04370000 3.05196000e-01
-10.01370000 3.09156000e-01
-9.98371000 3.13811000e-01
-9.95371000 3.18927000e-01
-9.92371000 3.24401000e-01
-9.89371000 3.30191000e-01
-9.86371000 3.36282000e-01
-9.83371000 3.42673000e-01
-9.80371000 3.49373000e-01
-9.77371000 3.56397000e-01
-9.74371000 3.63764000e-01
-9.71371000 3.71495000e-01
-9.68371000 3.79618000e-01
-9.65371000 3.88161000e-01
-9.62371000 3.97158000e-01
-9.59371000 4.06647000e-01
-9.56371000 4.16670000e-01
-9.53371000 4.27271000e-01
-9.50371000 4.38505000e-01
-9.47371000 4.50429000e-01
-9.44371000 4.63109000e-01
-9.39011000 4.87882000e-01
-9.36011000 5.03088000e-01
-9.33011000 5.19385000e-01
-9.30011000 5.36891000e-01
-9.27011000 5.55741000e-01
-9.24011000 5.76090000e-01
-9.21011000 5.98118000e-01
-9.18011000 6.22031000e-01
-9.15011000 6.48069000e-01
-9.12011000 6.76510000e-01
-9.09011000 7.07683000e-01
-9.06011000 7.41974000e-01
-9.03011000 7.79839000e-01
-9.00011000 8.21823000e-01
-8.97011000 8.68580000e-01
-8.94011000 9.20900000e-01
-8.91011000 9.79742000e-01
-8.88011000 1.04628000e+00
-8.85011000 1.12198000e+00
-8.82011000 1.20867000e+00
-8.79011000 1.30862000e+00
-8.76011000 1.42479000e+00
-8.73011000 1.56097000e+00
-8.70011000 1.72213000e+00
-8.67011000 1.91487000e+00
-8.64011000 2.14817000e+00
-8.61011000 2.43438000e+00
-8.58011000 2.79094000e+00
-8.55011000 3.24307000e+00
-8.52011000 3.82831000e+00
-8.49011000 4.60439000e+00
-8.46011000 5.66364000e+00
-8.43011000 7.16063000e+00
-8.40011000 9.36858000e+00
-8.37011000 1.28027000e+01
-8.34011000 1.85095000e+01
-8.31011000 2.87849000e+01
-8.25651000 7.73235000e+01
-8.22651000 1.23745000e+02
-8.19651000 1.20586000e+02
-8.16651000 7.38498000e+01
-8.13651000 4.19294000e+01
-8.10651000 2.56016000e+01
-8.07651000 1.71108000e+01
-8.04651000 1.25039000e+01
-8.01651000 1.01064000e+01
-7.98651000 9.21777000e+00
-7.95651000 8.41541000e+00
-7.92651000 6.47913000e+00
-7.89651000 4.89340000e+00
-7.86651000 3.91559000e+00
-7.83651000 3.28713000e+00
-7.80651000 2.85603000e+00
-7.77651000 2.54951000e+00
-7.74651000 2.33230000e+00
-7.71651000 2.18845000e+00
-7.68651000 2.10718000e+00
-7.65651000 2.08630000e+00
-7.62651000 2.16946000e+00
-7.59651000 2.44011000e+00
-7.56651000 3.08267000e+00
-7.53651000 4.39869000e+00
-7.50651000 5.70495000e+00
-7.47651000 4.69322000e+00
-7.44651000 3.12710000e+00
-7.41651000 2.25262000e+00
-7.38651000 1.80458000e+00
-7.35651000 1.55797000e+00
-7.32651000 1.41182000e+00
-7.29651000 1.32105000e+00
-7.26651000 1.26417000e+00
-7.23651000 1.23026000e+00
-7.20651000 1.21361000e+00
-7.17651000 1.21141000e+00
-7.12292000 1.24103000e+00
-7.09292000 1.27790000e+00
-7.06292000 1.33255000e+00
-7.03292000 1.40977000e+00
-7.00292000 1.51743000e+00
-6.97292000 1.66862000e+00
-6.94292000 1.88548000e+00
-6.91292000 2.20763000e+00
-6.88292000 2.71093000e+00
-6.85292000 3.55215000e+00
-6.82292000 5.07860000e+00
-6.79292000 8.02380000e+00
-6.76292000 1.28363000e+01
-6.73292000 1.50027000e+01
-6.70292000 1.34102000e+01
-6.67292000 1.47839000e+01
-6.64292000 1.64840000e+01
-6.61292000 1.19638000e+01
-6.58292000 7.28068000e+00
-6.55292000 4.77749000e+00
-6.52292000 3.48650000e+00
-6.49292000 2.77520000e+00
-6.46292000 2.36313000e+00
-6.43292000 2.12735000e+00
-6.40292000 2.01660000e+00
-6.37292000 1.98385000e+00
-6.34292000 1.92816000e+00
-6.31292000 1.89123000e+00
-6.28292000 1.89135000e+00
-6.25292000 1.91707000e+00
-6.22292000 2.01308000e+00
-6.19292000 2.20228000e+00
-6.16292000 2.52441000e+00
-6.13292000 3.07175000e+00
-6.10292000 4.04991000e+00
-6.07292000 5.92458000e+00
-6.04292000 9.63529000e+00
-5.98932000 1.52445000e+01
-5.95932000 1.01819000e+01
-5.92932000 6.33203000e+00
-5.89932000 4.41021000e+00
-5.86932000 3.47545000e+00
-5.83932000 3.03800000e+00
-5.80932000 2.90316000e+00
-5.77932000 3.03269000e+00
-5.74932000 3.47926000e+00
-5.71932000 3.95625000e+00
-5.68932000 3.67778000e+00
-5.65932000 3.24562000e+00
-5.62932000 3.09248000e+00
-5.59932000 3.04044000e+00
-5.56932000 3.12789000e+00
-5.53932000 3.44178000e+00
-5.50932000 4.05748000e+00
-5.47932000 5.22694000e+00
-5.44932000 7.54495000e+00
-5.41932000 1.17158000e+01
-5.38932000 1.44427000e+01
-5.35932000 1.10102000e+01
-5.32932000 7.57393000e+00
-5.29932000 5.96407000e+00
-5.26932000 5.37493000e+00
-5.23932000 5.35966000e+00
-5.20932000 5.79579000e+00
-5.17932000 6.72880000e+00
-5.14932000 8.46045000e+00
-5.11932000 1.17495000e+01
-5.08932000 1.82295000e+01
-5.05932000 2.89154000e+01
-5.02932000 3.26139000e+01
-4.99932000 2.40002000e+01
-4.96932000 1.83345000e+01
-4.93932000 1.80020000e+01
-4.90932000 2.28399000e+01
-4.85572000 4.09032000e+01
-4.82572000 4.00269000e+01
-4.79572000 3.29382000e+01
-4.76572000 2.22428000e+01
-4.73572000 1.55486000e+01
-4.70572000 1.24852000e+01
-4.67572000 1.15182000e+01
-4.64572000 1.20248000e+01
-4.61572000 1.33547000e+01
-4.58572000 1.48289000e+01
-4.55572000 1.81832000e+01
-4.52572000 2.33803000e+01
-4.49572000 2.31067000e+01
-4.46572000 2.02394000e+01
-4.43572000 1.88230000e+01
-4.40572000 1.74790000e+01
-4.37572000 1.76667000e+01
-4.34572000 1.95230000e+01
-4.31572000 2.30744000e+01
-4.28572000 2.89343000e+01
-4.25572000 3.85089000e+01
-4.22572000 5.39716000e+01
-4.19572000 7.82440000e+01
-4.16572000 1.23904000e+02
-4.13572000 2.16731000e+02
-4.10572000 3.51960000e+02
-4.07572000 3.44451000e+02
-4.04572000 2.12520000e+02
-4.01572000 1.30164000e+02
-3.98572000 9.42640000e+01
-3.95572000 7.14317000e+01
-3.92572000 4.94641000e+01
-3.89572000 3.53600000e+01
-3.86572000 2.71383000e+01
-3.83572000 2.21693000e+01
-3.80572000 1.90575000e+01
-3.77572000 1.70963000e+01
-3.72212000 1.55090000e+01
-3.69212000 1.55029000e+01
-3.66212000 1.61722000e+01
-3.63212000 1.75438000e+01
-3.60212000 1.96279000e+01
-3.57212000 2.30560000e+01
-3.54212000 2.84446000e+01
-3.51212000 3.49029000e+01
-3.48212000 4.57496000e+01
-3.45212000 6.85111000e+01
-3.42212000 1.09844000e+02
-3.39212000 1.51318000e+02
-3.36212000 1.35194000e+02
-3.33212000 9.70003000e+01
-3.30212000 8.54555000e+01
-3.27212000 1.01016000e+02
-3.24212000 1.32045000e+02
-3.21212000 1.63231000e+02
-3.18212000 1.78388000e+02
-3.15212000 1.27593000e+02
-3.12212000 8.00914000e+01
-3.09212000 5.65676000e+01
-3.06212000 4.64482000e+01
-3.03212000 4.42269000e+01
-3.00212000 4.88003000e+01
-2.97212000 6.22398000e+01
-2.94212000 8.61931000e+01
-2.91212000 1.15393000e+02
-2.88212000 1.64622000e+02
-2.85212000 1.87758000e+02
-2.82212000 1.31354000e+02
-2.79212000 8.36188000e+01
-2.76212000 6.25380000e+01
-2.73212000 5.87007000e+01
-2.70212000 6.85927000e+01
-2.67212000 7.91343000e+01
-2.64212000 6.63589000e+01
-2.58852000 4.95882000e+01
-2.55852000 5.36326000e+01
-2.52852000 5.99371000e+01
-2.49852000 6.78092000e+01
-2.46852000 8.41781000e+01
-2.43852000 1.07237000e+02
-2.40852000 1.02227000e+02
-2.37852000 8.38351000e+01
-2.34852000 8.06613000e+01
-2.31852000 8.92376000e+01
-2.28852000 1.15646000e+02
-2.25852000 1.64999000e+02
-2.22852000 1.92414000e+02
-2.19852000 1.90666000e+02
-2.16852000 2.37622000e+02
-2.13852000 3.57203000e+02
-2.10852000 4.28899000e+02
-2.07852000 3.37834000e+02
-2.04852000 2.72509000e+02
-2.01852000 2.30905000e+02
-1.98852000 2.05265000e+02
-1.95852000 2.19793000e+02
-1.92852000 2.07435000e+02
-1.89852000 1.62914000e+02
-1.86852000 1.47429000e+02
-1.83852000 1.69639000e+02
-1.80852000 2.39221000e+02
-1.77852000 3.76333000e+02
-1.74852000 4.95609000e+02
-1.71852000 4.54993000e+02
-1.68852000 3.41393000e+02
-1.65852000 2.52310000e+02
-1.62852000 2.37389000e+02
-1.59852000 2.33255000e+02
-1.56852000 1.86488000e+02
-1.53852000 1.57735000e+02
-1.50852000 1.26809000e+02
-1.45493000 7.29951000e+01
-1.42493000 6.22882000e+01
-1.39493000 6.19071000e+01
-1.36493000 6.71193000e+01
-1.33493000 8.28995000e+01
-1.30493000 1.18341000e+02
-1.27493000 1.34914000e+02
-1.24493000 1.00652000e+02
-1.21493000 7.56809000e+01
-1.18493000 6.22791000e+01
-1.15493000 4.58769000e+01
-1.12493000 3.49075000e+01
-1.09493000 3.04748000e+01
-1.06493000 3.01881000e+01
-1.03493000 3.23776000e+01
-1.00493000 3.99325000e+01
-0.97492600 5.71327000e+01
-0.94492600 7.37572000e+01
-0.91492600 6.07290000e+01
-0.88492600 4.17668000e+01
-0.85492600 3.09201000e+01
-0.82492600 2.31018000e+01
-0.79492600 1.83891000e+01
-0.76492600 1.55860000e+01
-0.73492600 1.40489000e+01
-0.70492600 1.38244000e+01
-0.67492600 1.54387000e+01
-0.64492600 1.95832000e+01
-0.61492600 2.31545000e+01
-0.58492600 2.02296000e+01
-0.55492600 1.69083000e+01
-0.52492600 1.67626000e+01
-0.49492600 1.99878000e+01
-0.46492600 2.72491000e+01
-0.43492600 3.17583000e+01
-0.40492600 2.57031000e+01
-0.37492600 2.09730000e+01
-0.32132800 2.52090000e+01
-0.29132800 3.64690000e+01
-0.26132800 5.05778000e+01
-0.23132800 4.74636000e+01
-0.20132800 3.78160000e+01
-0.17132800 3.15613000e+01
-0.14132800 2.99576000e+01
-0.11132800 3.15506000e+01
-0.08132790 3.89014000e+01
-0.05132790 5.52570000e+01
-0.02132790 6.31123000e+01
0.00867212 5.14946000e+01
0.03867210 4.60325000e+01
0.06867210 5.03980000e+01
0.09867210 4.63776000e+01
0.12867200 3.78637000e+01
0.15867200 3.06136000e+01
0.18867200 2.17394000e+01
0.21867200 1.67627000e+01
0.24867200 1.58103000e+01
0.27867200 1.62559000e+01
0.30867200 1.53431000e+01
0.33867200 1.23458000e+01
0.36867200 9.11995000e+00
0.39867200 7.19615000e+00
0.42867200 6.20108000e+00
0.45867200 5.90018000e+00
0.48867200 6.27637000e+00
0.51867200 7.35990000e+00
0.54867200 8.12653000e+00
0.57867200 6.86981000e+00
0.60867200 5.59064000e+00
0.63867200 5.19347000e+00
0.66867200 5.60827000e+00
0.69867200 6.96960000e+00
0.72867200 8.86875000e+00
0.75867200 9.10590000e+00
