# E(MeV)  S_NSDRNSDR(Total=K0+2*K1) for Ds369_DDPCX
-16.78900000 5.93005000e-01
-16.75900000 5.95309000e-01
-16.72900000 5.97630000e-01
-16.69900000 5.99966000e-01
-16.66900000 6.02317000e-01
-16.63900000 6.04673000e-01
-16.60900000 6.07032000e-01
-16.57900000 6.09405000e-01
-16.54900000 6.11796000e-01
-16.51900000 6.14203000e-01
-16.48900000 6.16625000e-01
-16.45900000 6.19063000e-01
-16.42900000 6.21515000e-01
-16.39900000 6.23984000e-01
-16.36900000 6.26466000e-01
-16.33900000 6.28965000e-01
-16.30900000 6.31480000e-01
-16.27900000 6.34008000e-01
-16.24900000 6.36554000e-01
-16.21900000 6.39117000e-01
-16.18900000 6.41696000e-01
-16.15900000 6.44291000e-01
-16.12900000 6.46901000e-01
-16.09900000 6.49532000e-01
-16.06900000 6.52178000e-01
-16.03900000 6.54840000e-01
-16.00900000 6.57523000e-01
-15.97900000 6.60222000e-01
-15.94900000 6.62941000e-01
-15.91900000 6.65676000e-01
-15.88900000 6.68432000e-01
-15.85900000 6.71204000e-01
-15.82900000 6.73997000e-01
-15.79900000 6.76809000e-01
-15.76900000 6.79641000e-01
-15.73900000 6.82492000e-01
-15.70900000 6.85365000e-01
-15.67900000 6.88258000e-01
-15.64900000 6.91171000e-01
-15.61900000 6.94105000e-01
-15.58900000 6.97060000e-01
-15.55900000 7.00036000e-01
-15.52900000 7.03035000e-01
-15.49900000 7.06057000e-01
-15.46900000 7.09098000e-01
-15.43900000 7.12164000e-01
-15.40900000 7.15253000e-01
-15.37900000 7.18365000e-01
-15.34900000 7.21500000e-01
-15.31900000 7.24659000e-01
-15.28900000 7.27843000e-01
-15.25900000 7.31052000e-01
-15.22900000 7.34284000e-01
-15.19900000 7.37542000e-01
-15.16900000 7.40826000e-01
-15.13900000 7.44136000e-01
-15.10900000 7.47472000e-01
-15.07900000 7.50835000e-01
-15.02890000 7.56515000e-01
-14.99890000 7.59952000e-01
-14.96890000 7.63416000e-01
-14.93890000 7.66909000e-01
-14.90890000 7.70429000e-01
-14.87890000 7.73982000e-01
-14.84890000 7.77562000e-01
-14.81890000 7.81174000e-01
-14.78890000 7.84817000e-01
-14.75890000 7.88490000e-01
-14.72890000 7.92196000e-01
-14.69890000 7.95932000e-01
-14.66890000 7.99704000e-01
-14.63890000 8.03508000e-01
-14.60890000 8.07346000e-01
-14.57890000 8.11219000e-01
-14.54890000 8.15128000e-01
-14.51890000 8.19074000e-01
-14.48890000 8.23058000e-01
-14.45890000 8.27081000e-01
-14.42890000 8.31144000e-01
-14.39890000 8.35251000e-01
-14.36890000 8.39405000e-01
-14.33890000 8.43612000e-01
-14.30890000 8.47888000e-01
-14.27890000 8.52226000e-01
-14.24890000 8.56587000e-01
-14.21890000 8.61024000e-01
-14.18890000 8.65634000e-01
-14.15890000 8.70524000e-01
-14.12890000 8.75689000e-01
-14.09890000 8.80682000e-01
-14.06890000 8.85784000e-01
-14.03890000 8.90395000e-01
-14.00890000 8.94264000e-01
-13.97890000 8.98572000e-01
-13.94890000 9.03570000e-01
-13.91890000 9.09345000e-01
-13.88890000 9.15500000e-01
-13.85890000 9.20513000e-01
-13.82890000 9.24871000e-01
-13.79890000 9.29530000e-01
-13.76890000 9.34606000e-01
-13.73890000 9.40003000e-01
-13.70890000 9.45846000e-01
-13.67890000 9.51892000e-01
-13.64890000 9.57824000e-01
-13.61890000 9.64070000e-01
-13.58890000 9.70940000e-01
-13.55890000 9.77825000e-01
-13.52890000 9.84183000e-01
-13.49890000 9.91583000e-01
-13.46890000 1.00015100e+00
-13.43890000 1.00748200e+00
-13.40890000 1.01320100e+00
-13.37890000 1.01633900e+00
-13.34890000 1.01798700e+00
-13.31890000 1.02060300e+00
-13.26880000 1.02702000e+00
-13.23880000 1.03222100e+00
-13.20880000 1.03796800e+00
-13.17880000 1.04422800e+00
-13.14880000 1.05096000e+00
-13.11880000 1.05793400e+00
-13.08880000 1.06496400e+00
-13.05880000 1.07192600e+00
-13.02880000 1.07950000e+00
-12.99880000 1.08798400e+00
-12.96880000 1.09721100e+00
-12.93880000 1.10703600e+00
-12.90880000 1.11710300e+00
-12.87880000 1.12315400e+00
-12.84880000 1.12686100e+00
-12.81880000 1.13284300e+00
-12.78880000 1.14135000e+00
-12.75880000 1.15235900e+00
-12.72880000 1.16647900e+00
-12.69880000 1.18695300e+00
-12.66880000 1.21499100e+00
-12.63880000 1.22975200e+00
-12.60880000 1.22609800e+00
-12.57880000 1.22868400e+00
-12.54880000 1.23903900e+00
-12.51880000 1.24279200e+00
-12.48880000 1.24437800e+00
-12.45880000 1.24776100e+00
-12.42880000 1.25380500e+00
-12.39880000 1.26457900e+00
-12.36880000 1.27968200e+00
-12.33880000 1.29260800e+00
-12.30880000 1.29770000e+00
-12.27880000 1.30258400e+00
-12.24880000 1.31228300e+00
-12.21880000 1.32489600e+00
-12.18880000 1.33863900e+00
-12.15880000 1.35528400e+00
-12.12880000 1.38065100e+00
-12.09880000 1.41667100e+00
-12.06880000 1.45353100e+00
-12.03880000 1.46533000e+00
-12.00880000 1.46974600e+00
-11.97880000 1.46060200e+00
-11.94880000 1.46116000e+00
-11.91880000 1.46523800e+00
-11.88880000 1.46979500e+00
-11.85880000 1.48897800e+00
-11.82880000 1.51109600e+00
-11.79880000 1.52123900e+00
-11.76880000 1.52209900e+00
-11.73880000 1.52147400e+00
-11.70880000 1.52616300e+00
-11.67880000 1.53551200e+00
-11.64880000 1.55127200e+00
-11.61880000 1.56658000e+00
-11.58880000 1.57973000e+00
-11.55880000 1.59045200e+00
-11.50860000 1.60803400e+00
-11.47860000 1.62227100e+00
-11.44860000 1.63795800e+00
-11.41860000 1.65476700e+00
-11.38860000 1.67290800e+00
-11.35860000 1.69357800e+00
-11.32860000 1.71794200e+00
-11.29860000 1.74499200e+00
-11.26860000 1.77217400e+00
-11.23860000 1.80616300e+00
-11.20860000 1.83245600e+00
-11.17860000 1.83904100e+00
-11.14860000 1.84981500e+00
-11.11860000 1.86833500e+00
-11.08860000 1.89155500e+00
-11.05860000 1.91851400e+00
-11.02860000 1.94950800e+00
-10.99860000 1.98625800e+00
-10.96860000 2.03203400e+00
-10.93860000 2.08244700e+00
-10.90860000 2.11990400e+00
-10.87860000 2.16414100e+00
-10.84860000 2.23348800e+00
-10.81860000 2.32305100e+00
-10.78860000 2.40978600e+00
-10.75860000 2.52565400e+00
-10.72860000 2.62138500e+00
-10.69860000 2.58825700e+00
-10.66860000 2.57211300e+00
-10.63860000 2.60502200e+00
-10.60860000 2.61663800e+00
-10.57860000 2.63676400e+00
-10.54860000 2.66151100e+00
-10.51860000 2.69033000e+00
-10.48860000 2.73796400e+00
-10.45860000 2.80088600e+00
-10.42860000 2.87548000e+00
-10.39860000 2.96078600e+00
-10.36860000 3.05736000e+00
-10.33860000 3.16679000e+00
-10.30860000 3.29004000e+00
-10.27860000 3.42833000e+00
-10.24860000 3.58809000e+00
-10.21860000 3.77349000e+00
-10.18860000 3.99154000e+00
-10.15860000 4.25621000e+00
-10.12860000 4.58936000e+00
-10.09860000 5.02474000e+00
-10.06860000 5.59608000e+00
-10.03860000 6.31123000e+00
-10.00860000 7.27869000e+00
-9.97862000 8.79720000e+00
-9.94862000 1.13082100e+01
-9.91862000 1.57694700e+01
-9.88862000 2.33810600e+01
-9.85862000 3.00723200e+01
-9.82862000 3.21652000e+01
-9.79862000 2.90339600e+01
-9.74850000 2.51728800e+01
-9.71850000 2.28912100e+01
-9.68850000 2.04096200e+01
-9.65850000 1.95052100e+01
-9.62850000 2.02430600e+01
-9.59850000 2.35636400e+01
-9.56850000 2.67606400e+01
-9.53850000 2.92045400e+01
-9.50850000 3.46632200e+01
-9.47850000 4.31437000e+01
-9.44850000 5.84364000e+01
-9.41850000 8.75420000e+01
-9.38850000 1.22245300e+02
-9.35850000 1.37671400e+02
-9.32850000 1.35803300e+02
-9.29850000 1.37341300e+02
-9.26850000 1.37802600e+02
-9.23850000 1.43924000e+02
-9.20850000 1.66867700e+02
-9.17850000 1.69142700e+02
-9.14850000 1.25080100e+02
-9.11850000 8.69626000e+01
-9.08850000 6.98790000e+01
-9.05850000 5.65180000e+01
-9.02850000 4.97141000e+01
-8.99850000 5.22193000e+01
-8.96850000 4.93453000e+01
-8.93850000 3.74950000e+01
-8.90850000 3.11994000e+01
-8.87850000 2.98033800e+01
-8.84850000 2.88131800e+01
-8.81850000 3.14123800e+01
-8.78850000 3.73321400e+01
-8.75850000 3.44906700e+01
-8.72850000 2.66134100e+01
-8.69850000 2.36312500e+01
-8.66850000 2.44041000e+01
-8.63850000 2.80288800e+01
-8.60850000 3.05118800e+01
-8.57850000 2.66210900e+01
-8.54850000 2.52516200e+01
-8.51850000 2.87136600e+01
-8.48850000 3.09710000e+01
-8.45850000 2.79302800e+01
-8.42850000 2.88996100e+01
-8.39850000 3.63096000e+01
-8.36850000 3.88878300e+01
-8.33850000 2.81583800e+01
-8.30850000 1.93353900e+01
-8.27850000 1.46224700e+01
-8.24850000 1.19140100e+01
-8.21850000 1.04431700e+01
-8.18850000 9.67028000e+00
-8.15850000 9.04568000e+00
-8.12850000 8.51560000e+00
-8.09850000 8.16101000e+00
-8.06850000 7.95705000e+00
-8.03850000 7.85427000e+00
-7.98837000 7.86063000e+00
-7.95837000 7.95209000e+00
-7.92837000 8.10789000e+00
-7.89837000 8.25622000e+00
-7.86837000 8.42033000e+00
-7.83837000 8.68476000e+00
-7.80837000 9.05627000e+00
-7.77837000 9.51382000e+00
-7.74837000 1.01061300e+01
-7.71837000 1.06706200e+01
-7.68837000 1.10082200e+01
-7.65837000 1.15287000e+01
-7.62837000 1.23901800e+01
-7.59837000 1.37000900e+01
-7.56837000 1.56589900e+01
-7.53837000 1.88329200e+01
-7.50837000 2.32771300e+01
-7.47837000 2.62137600e+01
-7.44837000 2.72584900e+01
-7.41837000 2.88174000e+01
-7.38837000 3.20139000e+01
-7.35837000 3.88208700e+01
-7.32837000 5.11457400e+01
-7.29837000 7.29986700e+01
-7.26837000 9.78875300e+01
-7.23837000 1.08815800e+02
-7.20837000 1.22109500e+02
-7.17837000 1.46923300e+02
-7.14837000 1.46456700e+02
-7.11837000 1.31482900e+02
-7.08837000 1.34029600e+02
-7.05837000 1.41766800e+02
-7.02837000 1.66542700e+02
-6.99837000 2.22630400e+02
-6.96837000 2.58208100e+02
-6.93837000 2.61336300e+02
-6.90837000 2.19200100e+02
-6.87837000 1.56305300e+02
-6.84837000 1.14846300e+02
-6.81837000 9.27856000e+01
-6.78837000 8.69318000e+01
-6.75837000 8.54898000e+01
-6.72837000 7.50571000e+01
-6.69837000 7.13732000e+01
-6.66837000 7.54507000e+01
-6.63837000 8.00620000e+01
-6.60837000 8.58587000e+01
-6.57837000 9.32729000e+01
-6.54837000 1.06517800e+02
-6.51837000 1.30760800e+02
-6.48837000 1.57306000e+02
-6.45837000 1.87669200e+02
-6.42837000 2.14571500e+02
-6.39837000 2.17995500e+02
-6.36837000 2.48984200e+02
-6.33837000 3.14634200e+02
-6.30837000 3.96557600e+02
-6.27837000 3.36401800e+02
-6.22824000 1.63686700e+02
-6.19824000 1.25548300e+02
-6.16824000 1.12997300e+02
-6.13824000 1.15695300e+02
-6.10824000 1.38287900e+02
-6.07824000 1.77701700e+02
-6.04824000 2.05456100e+02
-6.01824000 2.33230500e+02
-5.98824000 2.56769400e+02
-5.95824000 2.52566900e+02
-5.92824000 2.44208300e+02
-5.89824000 2.91606400e+02
-5.86824000 4.09688000e+02
-5.83824000 5.65815000e+02
-5.80824000 6.74051000e+02
-5.77824000 6.44159000e+02
-5.74824000 6.88308000e+02
-5.71824000 6.58392200e+02
-5.68824000 4.42580700e+02
-5.65824000 2.73160900e+02
-5.62824000 1.82460500e+02
-5.59824000 1.33662200e+02
-5.56824000 1.04194600e+02
-5.53824000 8.72398000e+01
-5.50824000 7.85758000e+01
-5.47824000 7.61622000e+01
-5.44824000 8.01547000e+01
-5.41824000 9.36285000e+01
-5.38824000 1.07610000e+02
-5.35824000 1.12453100e+02
-5.32824000 1.08416700e+02
-5.29824000 1.02647300e+02
-5.26824000 9.62922000e+01
-5.23824000 8.82639000e+01
-5.20824000 8.88370000e+01
-5.17824000 8.92144000e+01
-5.14824000 9.11852000e+01
-5.11824000 9.40307000e+01
-5.08824000 9.63520000e+01
-5.05824000 1.08772900e+02
-5.02824000 1.24680900e+02
-4.99824000 1.18426200e+02
-4.96824000 1.08152000e+02
-4.93824000 1.07552400e+02
-4.90824000 1.05031300e+02
-4.87824000 1.05583800e+02
-4.84824000 1.13814000e+02
-4.81824000 1.19951500e+02
-4.78824000 1.18496200e+02
-4.75824000 1.19758500e+02
-4.72824000 1.26404300e+02
-4.69824000 1.39312500e+02
-4.66824000 1.57638800e+02
-4.63824000 1.80473200e+02
-4.60824000 2.14637700e+02
-4.57824000 2.56313000e+02
-4.54824000 2.78343000e+02
-4.51824000 3.07615800e+02
-4.46811000 4.38920000e+02
-4.43811000 5.69415000e+02
-4.40811000 7.67381000e+02
-4.37811000 1.11420000e+03
-4.34811000 1.45921100e+03
-4.31811000 1.57579900e+03
-4.28811000 2.01751000e+03
-4.25811000 2.64248200e+03
-4.22811000 2.28824700e+03
-4.19811000 1.53272700e+03
-4.16811000 1.15183000e+03
-4.13811000 9.89624000e+02
-4.10811000 8.53983000e+02
-4.07811000 7.06017000e+02
-4.04811000 6.34116000e+02
-4.01811000 6.63531000e+02
-3.98811000 7.13107000e+02
-3.95811000 7.20425000e+02
-3.92811000 6.74858000e+02
-3.89811000 5.49786000e+02
-3.86811000 4.52887000e+02
-3.83811000 4.30205000e+02
-3.80811000 4.71759000e+02
-3.77811000 5.24884000e+02
-3.74811000 5.45472000e+02
-3.71811000 5.55097000e+02
-3.68811000 4.94968000e+02
-3.65811000 4.29371000e+02
-3.62811000 4.09838000e+02
-3.59811000 4.28917000e+02
-3.56811000 4.62551000e+02
-3.53811000 5.25889000e+02
-3.50811000 6.02981000e+02
-3.47811000 6.73932000e+02
-3.44811000 7.08101000e+02
-3.41811000 7.13582000e+02
-3.38811000 7.18256000e+02
-3.35811000 6.86922000e+02
-3.32811000 6.97989000e+02
-3.29811000 8.46436000e+02
-3.26811000 1.17860600e+03
-3.23811000 1.68060000e+03
-3.20811000 2.19383200e+03
-3.17811000 2.46910800e+03
-3.14811000 2.48479800e+03
-3.11811000 2.40345200e+03
-3.08811000 1.98381400e+03
-3.05811000 1.64145900e+03
-3.02811000 1.39543800e+03
-2.99811000 1.23935300e+03
-2.96811000 1.03197500e+03
-2.93811000 7.93409000e+02
-2.90811000 7.12638000e+02
-2.87811000 6.50251000e+02
-2.84811000 5.41504000e+02
-2.81811000 5.07389000e+02
-2.78811000 5.10772000e+02
-2.75811000 5.24851000e+02
-2.70799000 6.50433000e+02
-2.67799000 7.57045000e+02
-2.64799000 8.73845000e+02
-2.61799000 1.01925200e+03
-2.58799000 1.19973500e+03
-2.55799000 1.65909400e+03
-2.52799000 2.50786800e+03
-2.49799000 3.10232600e+03
-2.46799000 2.92689600e+03
-2.43799000 2.26654900e+03
-2.40799000 1.42299100e+03
-2.37799000 9.05620000e+02
-2.34799000 6.51492000e+02
-2.31799000 5.29860000e+02
-2.28799000 4.94500000e+02
-2.25799000 5.40720000e+02
-2.22799000 6.01494000e+02
-2.19799000 5.68019000e+02
-2.16799000 5.32885000e+02
-2.13799000 5.79069000e+02
-2.10799000 6.61331000e+02
-2.07799000 6.32642000e+02
-2.04799000 6.52762000e+02
-2.01799000 8.55602000e+02
-1.98799000 1.16962900e+03
-1.95799000 1.05839600e+03
-1.92799000 6.74117000e+02
-1.89799000 4.32026000e+02
-1.86799000 3.13367000e+02
-1.83799000 2.45191700e+02
-1.80799000 2.01613900e+02
-1.77799000 1.73381500e+02
-1.74799000 1.52948900e+02
-1.71799000 1.43169100e+02
-1.68799000 1.43231800e+02
-1.65799000 1.50308700e+02
-1.62799000 1.59363500e+02
-1.59799000 1.75028500e+02
-1.56799000 2.11206600e+02
-1.53799000 2.65005200e+02
-1.50799000 3.11305100e+02
-1.47799000 3.01723400e+02
-1.44799000 2.47762700e+02
-1.41799000 2.08124600e+02
-1.38799000 1.86953400e+02
-1.35799000 1.82188300e+02
-1.32799000 2.05507200e+02
-1.29799000 2.59564600e+02
-1.26799000 3.40699200e+02
-1.23799000 4.10139200e+02
-1.20799000 4.72548200e+02
-1.17799000 4.80630000e+02
-1.14799000 4.07558400e+02
-1.11799000 3.56940800e+02
-1.08799000 3.88250000e+02
-1.05799000 4.94063000e+02
-1.02799000 5.83958000e+02
-0.99798600 4.89272000e+02
-0.94785800 3.07007800e+02
-0.91785800 2.54873600e+02
-0.88785800 2.14720500e+02
-0.85785800 1.73410500e+02
-0.82785800 1.46876200e+02
-0.79785800 1.38103900e+02
-0.76785800 1.34852200e+02
-0.73785800 1.31990100e+02
-0.70785800 1.47632400e+02
-0.67785800 1.94096200e+02
-0.64785800 2.35199700e+02
-0.61785800 2.33435100e+02
-0.58785800 2.00326900e+02
-0.55785800 1.67727400e+02
-0.52785800 1.44536300e+02
-0.49785800 1.17459600e+02
-0.46785800 9.63499000e+01
-0.43785800 8.53356000e+01
-0.40785800 8.33268000e+01
-0.37785800 8.55485000e+01
-0.34785800 8.31201000e+01
-0.31785800 8.15597000e+01
-0.28785800 8.84505000e+01
-0.25785800 1.03860400e+02
-0.22785800 1.16116300e+02
-0.19785800 1.06899500e+02
-0.16785800 8.76943000e+01
-0.13785800 7.31785000e+01
-0.10785800 6.13790000e+01
-0.07785780 5.30275000e+01
-0.04785780 4.70143000e+01
-0.01785780 4.24991000e+01
0.01214220 4.22172000e+01
0.04214220 4.36222000e+01
0.07214220 4.26852000e+01
0.10214200 4.10882000e+01
0.13214200 4.10855000e+01
0.16214200 4.03778000e+01
0.19214200 3.65406200e+01
0.22214200 3.36184600e+01
0.25214200 3.28267800e+01
0.28214200 3.00423400e+01
0.31214200 2.88142200e+01
0.34214200 2.96966800e+01
0.37214200 2.92422800e+01
0.40214200 2.60191400e+01
0.43214200 2.26883400e+01
0.46214200 2.02607200e+01
0.49214200 1.91558600e+01
0.52214200 1.95111400e+01
0.55214200 2.00521900e+01
0.58214200 2.10409100e+01
0.61214200 2.18486800e+01
0.64214200 1.98910700e+01
0.67214200 1.76448400e+01
0.70214200 1.68572700e+01
0.73214200 1.64620300e+01
0.76214200 1.52046200e+01
