# E(MeV)  S_GAMTGAMT(K=1) for Ds369_DDPCX
-16.78900000 3.01466000e-03
-16.75900000 3.02754000e-03
-16.72900000 3.04336000e-03
-16.69900000 3.06374000e-03
-16.66900000 3.08563000e-03
-16.63900000 3.10746000e-03
-16.60900000 3.12879000e-03
-16.57900000 3.14970000e-03
-16.54900000 3.17064000e-03
-16.51900000 3.19207000e-03
-16.48900000 3.21267000e-03
-16.45900000 3.23330000e-03
-16.42900000 3.25586000e-03
-16.39900000 3.27127000e-03
-16.36900000 3.28108000e-03
-16.33900000 3.29328000e-03
-16.30900000 3.30752000e-03
-16.27900000 3.32272000e-03
-16.24900000 3.33837000e-03
-16.21900000 3.35428000e-03
-16.18900000 3.37036000e-03
-16.15900000 3.38659000e-03
-16.12900000 3.40295000e-03
-16.09900000 3.41945000e-03
-16.06900000 3.43610000e-03
-16.03900000 3.45292000e-03
-16.00900000 3.46992000e-03
-15.97900000 3.48712000e-03
-15.94900000 3.50453000e-03
-15.91900000 3.52218000e-03
-15.88900000 3.54007000e-03
-15.85900000 3.55824000e-03
-15.82900000 3.57671000e-03
-15.79900000 3.59548000e-03
-15.76900000 3.61460000e-03
-15.73900000 3.63408000e-03
-15.70900000 3.65396000e-03
-15.67900000 3.67428000e-03
-15.64900000 3.69508000e-03
-15.61900000 3.71646000e-03
-15.58900000 3.73858000e-03
-15.55900000 3.76171000e-03
-15.52900000 3.78586000e-03
-15.49900000 3.80917000e-03
-15.46900000 3.83203000e-03
-15.43900000 3.85639000e-03
-15.40900000 3.88265000e-03
-15.37900000 3.91116000e-03
-15.34900000 3.93997000e-03
-15.31900000 3.96531000e-03
-15.28900000 3.99126000e-03
-15.25900000 4.01954000e-03
-15.22900000 4.04970000e-03
-15.19900000 4.08148000e-03
-15.16900000 4.11488000e-03
-15.13900000 4.15002000e-03
-15.10900000 4.18720000e-03
-15.07900000 4.22687000e-03
-15.02890000 4.30148000e-03
-14.99890000 4.35496000e-03
-14.96890000 4.42204000e-03
-14.93890000 4.51026000e-03
-14.90890000 4.58608000e-03
-14.87890000 4.60053000e-03
-14.84890000 4.61723000e-03
-14.81890000 4.65554000e-03
-14.78890000 4.70745000e-03
-14.75890000 4.76819000e-03
-14.72890000 4.83596000e-03
-14.69890000 4.91034000e-03
-14.66890000 4.99153000e-03
-14.63890000 5.08013000e-03
-14.60890000 5.17701000e-03
-14.57890000 5.28333000e-03
-14.54890000 5.40056000e-03
-14.51890000 5.53058000e-03
-14.48890000 5.67574000e-03
-14.45890000 5.83912000e-03
-14.42890000 6.02475000e-03
-14.39890000 6.23808000e-03
-14.36890000 6.48663000e-03
-14.33890000 6.78125000e-03
-14.30890000 7.13821000e-03
-14.27890000 7.58319000e-03
-14.24890000 8.15940000e-03
-14.21890000 8.94510000e-03
-14.18890000 1.00947000e-02
-14.15890000 1.19406000e-02
-14.12890000 1.52184000e-02
-14.09890000 2.10130000e-02
-14.06890000 2.63966000e-02
-14.03890000 2.43227000e-02
-14.00890000 2.11060000e-02
-13.97890000 1.92987000e-02
-13.94890000 1.94249000e-02
-13.91890000 2.14326000e-02
-13.88890000 2.53176000e-02
-13.85890000 3.16317000e-02
-13.82890000 4.23142000e-02
-13.79890000 6.15945000e-02
-13.76890000 9.88610000e-02
-13.73890000 1.69266000e-01
-13.70890000 2.43344000e-01
-13.67890000 2.17645000e-01
-13.64890000 1.59088000e-01
-13.61890000 1.12418000e-01
-13.58890000 8.98634000e-02
-13.55890000 8.31538000e-02
-13.52890000 7.93352000e-02
-13.49890000 7.08987000e-02
-13.46890000 6.72892000e-02
-13.43890000 6.62096000e-02
-13.40890000 6.41566000e-02
-13.37890000 6.66176000e-02
-13.34890000 6.85948000e-02
-13.31890000 7.32475000e-02
-13.26880000 6.71085000e-02
-13.23880000 6.07232000e-02
-13.20880000 5.87501000e-02
-13.17880000 5.49279000e-02
-13.14880000 5.55859000e-02
-13.11880000 5.62086000e-02
-13.08880000 5.84121000e-02
-13.05880000 5.35486000e-02
-13.02880000 4.23856000e-02
-12.99880000 3.81577000e-02
-12.96880000 4.35414000e-02
-12.93880000 5.63395000e-02
-12.90880000 6.45890000e-02
-12.87880000 5.88441000e-02
-12.84880000 4.39810000e-02
-12.81880000 3.17074000e-02
-12.78880000 2.64023000e-02
-12.75880000 2.63130000e-02
-12.72880000 3.06357000e-02
-12.69880000 3.37974000e-02
-12.66880000 3.03158000e-02
-12.63880000 2.72705000e-02
-12.60880000 2.46631000e-02
-12.57880000 2.46109000e-02
-12.54880000 2.87617000e-02
-12.51880000 3.57659000e-02
-12.48880000 3.93063000e-02
-12.45880000 4.18902000e-02
-12.42880000 4.33747000e-02
-12.39880000 3.91304000e-02
-12.36880000 3.64916000e-02
-12.33880000 4.05641000e-02
-12.30880000 5.17525000e-02
-12.27880000 6.55022000e-02
-12.24880000 7.75771000e-02
-12.21880000 1.06892000e-01
-12.18880000 1.58788000e-01
-12.15880000 1.91376000e-01
-12.12880000 1.45879000e-01
-12.09880000 9.53109000e-02
-12.06880000 7.19812000e-02
-12.03880000 6.85633000e-02
-12.00880000 8.16660000e-02
-11.97880000 1.04003000e-01
-11.94880000 1.15291000e-01
-11.91880000 1.17983000e-01
-11.88880000 1.04318000e-01
-11.85880000 8.55386000e-02
-11.82880000 8.43775000e-02
-11.79880000 1.09605000e-01
-11.76880000 1.49812000e-01
-11.73880000 1.32950000e-01
-11.70880000 8.35427000e-02
-11.67880000 5.41067000e-02
-11.64880000 3.98519000e-02
-11.61880000 3.25280000e-02
-11.58880000 2.89612000e-02
-11.55880000 2.87630000e-02
-11.50860000 3.43743000e-02
-11.47860000 4.43045000e-02
-11.44860000 6.15234000e-02
-11.41860000 6.98818000e-02
-11.38860000 6.03120000e-02
-11.35860000 5.09013000e-02
-11.32860000 4.03592000e-02
-11.29860000 3.31019000e-02
-11.26860000 3.36883000e-02
-11.23860000 4.05693000e-02
-11.20860000 4.04132000e-02
-11.17860000 2.94228000e-02
-11.14860000 2.12353000e-02
-11.11860000 1.69013000e-02
-11.08860000 1.43216000e-02
-11.05860000 1.29346000e-02
-11.02860000 1.20529000e-02
-10.99860000 1.12967000e-02
-10.96860000 1.07639000e-02
-10.93860000 1.04048000e-02
-10.90860000 1.04178000e-02
-10.87860000 1.08289000e-02
-10.84860000 1.15347000e-02
-10.81860000 1.19579000e-02
-10.78860000 1.18707000e-02
-10.75860000 1.26179000e-02
-10.72860000 1.37683000e-02
-10.69860000 1.28219000e-02
-10.66860000 1.17566000e-02
-10.63860000 1.21422000e-02
-10.60860000 1.26299000e-02
-10.57860000 1.10352000e-02
-10.54860000 9.36630000e-03
-10.51860000 8.48680000e-03
-10.48860000 8.09889000e-03
-10.45860000 7.98601000e-03
-10.42860000 7.88390000e-03
-10.39860000 7.67274000e-03
-10.36860000 7.56882000e-03
-10.33860000 7.58740000e-03
-10.30860000 7.58882000e-03
-10.27860000 7.61255000e-03
-10.24860000 7.77157000e-03
-10.21860000 8.20438000e-03
-10.18860000 8.75059000e-03
-10.15860000 8.47223000e-03
-10.12860000 7.85921000e-03
-10.09860000 7.56444000e-03
-10.06860000 7.46741000e-03
-10.03860000 7.41767000e-03
-10.00860000 7.41116000e-03
-9.97862000 7.44074000e-03
-9.94862000 7.48349000e-03
-9.91862000 7.49197000e-03
-9.88862000 7.46551000e-03
-9.85862000 7.47954000e-03
-9.82862000 7.63437000e-03
-9.79862000 7.82074000e-03
-9.74850000 8.12032000e-03
-9.71850000 8.70089000e-03
-9.68850000 8.89133000e-03
-9.65850000 8.52461000e-03
-9.62850000 8.54235000e-03
-9.59850000 9.01647000e-03
-9.56850000 9.17161000e-03
-9.53850000 8.68721000e-03
-9.50850000 8.40428000e-03
-9.47850000 8.41441000e-03
-9.44850000 8.79214000e-03
-9.41850000 9.53304000e-03
-9.38850000 1.01528000e-02
-9.35850000 9.87922000e-03
-9.32850000 9.78956000e-03
-9.29850000 1.05121000e-02
-9.26850000 1.19317000e-02
-9.23850000 1.34654000e-02
-9.20850000 1.54343000e-02
-9.17850000 1.60023000e-02
-9.14850000 1.35916000e-02
-9.11850000 1.13354000e-02
-9.08850000 1.04709000e-02
-9.05850000 9.95044000e-03
-9.02850000 9.30169000e-03
-8.99850000 8.98600000e-03
-8.96850000 9.04489000e-03
-8.93850000 9.18060000e-03
-8.90850000 9.03576000e-03
-8.87850000 9.17328000e-03
-8.84850000 9.59421000e-03
-8.81850000 9.39906000e-03
-8.78850000 8.79025000e-03
-8.75850000 8.30118000e-03
-8.72850000 8.05472000e-03
-8.69850000 7.96134000e-03
-8.66850000 7.96485000e-03
-8.63850000 8.06084000e-03
-8.60850000 8.29610000e-03
-8.57850000 8.79012000e-03
-8.54850000 9.52288000e-03
-8.51850000 9.53567000e-03
-8.48850000 8.85621000e-03
-8.45850000 8.42060000e-03
-8.42850000 8.25023000e-03
-8.39850000 8.23508000e-03
-8.36850000 8.33496000e-03
-8.33850000 8.57076000e-03
-8.30850000 8.80023000e-03
-8.27850000 8.68157000e-03
-8.24850000 8.51075000e-03
-8.21850000 8.42117000e-03
-8.18850000 8.38347000e-03
-8.15850000 8.40728000e-03
-8.12850000 8.46161000e-03
-8.09850000 8.48238000e-03
-8.06850000 8.51474000e-03
-8.03850000 8.59793000e-03
-7.98837000 8.77060000e-03
-7.95837000 8.93619000e-03
-7.92837000 9.09346000e-03
-7.89837000 9.17498000e-03
-7.86837000 9.27380000e-03
-7.83837000 9.38642000e-03
-7.80837000 9.56879000e-03
-7.77837000 9.85083000e-03
-7.74837000 1.00540000e-02
-7.71837000 1.01802000e-02
-7.68837000 1.05778000e-02
-7.65837000 1.14015000e-02
-7.62837000 1.23242000e-02
-7.59837000 1.25170000e-02
-7.56837000 1.22664000e-02
-7.53837000 1.23341000e-02
-7.50837000 1.27797000e-02
-7.47837000 1.37627000e-02
-7.44837000 1.46382000e-02
-7.41837000 1.49916000e-02
-7.38837000 1.61777000e-02
-7.35837000 1.81529000e-02
-7.32837000 1.85946000e-02
-7.29837000 1.84558000e-02
-7.26837000 1.90829000e-02
-7.23837000 1.86433000e-02
-7.20837000 1.82031000e-02
-7.17837000 2.01369000e-02
-7.14837000 2.45425000e-02
-7.11837000 2.85306000e-02
-7.08837000 2.69555000e-02
-7.05837000 2.24653000e-02
-7.02837000 1.93642000e-02
-6.99837000 1.90712000e-02
-6.96837000 1.93767000e-02
-6.93837000 1.71860000e-02
-6.90837000 1.51859000e-02
-6.87837000 1.41228000e-02
-6.84837000 1.36271000e-02
-6.81837000 1.34447000e-02
-6.78837000 1.36447000e-02
-6.75837000 1.41750000e-02
-6.72837000 1.48417000e-02
-6.69837000 1.50210000e-02
-6.66837000 1.43202000e-02
-6.63837000 1.38889000e-02
-6.60837000 1.39409000e-02
-6.57837000 1.43451000e-02
-6.54837000 1.49657000e-02
-6.51837000 1.49029000e-02
-6.48837000 1.41999000e-02
-6.45837000 1.38715000e-02
-6.42837000 1.37384000e-02
-6.39837000 1.40271000e-02
-6.36837000 1.51733000e-02
-6.33837000 1.64824000e-02
-6.30837000 1.59640000e-02
-6.27837000 1.48451000e-02
-6.22824000 1.38882000e-02
-6.19824000 1.39328000e-02
-6.16824000 1.42026000e-02
-6.13824000 1.45681000e-02
-6.10824000 1.54559000e-02
-6.07824000 1.64995000e-02
-6.04824000 1.72410000e-02
-6.01824000 1.82407000e-02
-5.98824000 1.98081000e-02
-5.95824000 1.97158000e-02
-5.92824000 1.84823000e-02
-5.89824000 1.78465000e-02
-5.86824000 1.71614000e-02
-5.83824000 1.70060000e-02
-5.80824000 1.73854000e-02
-5.77824000 1.77796000e-02
-5.74824000 1.83228000e-02
-5.71824000 1.94845000e-02
-5.68824000 2.12349000e-02
-5.65824000 2.43652000e-02
-5.62824000 2.99766000e-02
-5.59824000 3.71078000e-02
-5.56824000 3.71115000e-02
-5.53824000 3.42464000e-02
-5.50824000 3.35356000e-02
-5.47824000 3.55760000e-02
-5.44824000 3.81283000e-02
-5.41824000 3.53216000e-02
-5.38824000 3.02431000e-02
-5.35824000 2.89804000e-02
-5.32824000 3.15681000e-02
-5.29824000 3.24316000e-02
-5.26824000 2.87632000e-02
-5.23824000 2.54441000e-02
-5.20824000 2.39213000e-02
-5.17824000 2.33975000e-02
-5.14824000 2.37192000e-02
-5.11824000 2.61104000e-02
-5.08824000 3.14512000e-02
-5.05824000 3.64769000e-02
-5.02824000 3.40261000e-02
-4.99824000 2.93363000e-02
-4.96824000 2.70085000e-02
-4.93824000 2.72055000e-02
-4.90824000 3.04896000e-02
-4.87824000 3.46273000e-02
-4.84824000 3.32208000e-02
-4.81824000 2.85377000e-02
-4.78824000 2.45103000e-02
-4.75824000 2.20827000e-02
-4.72824000 2.09685000e-02
-4.69824000 2.05119000e-02
-4.66824000 2.05790000e-02
-4.63824000 2.07372000e-02
-4.60824000 2.04490000e-02
-4.57824000 2.03452000e-02
-4.54824000 2.06916000e-02
-4.51824000 2.12622000e-02
-4.46811000 2.12207000e-02
-4.43811000 2.09404000e-02
-4.40811000 2.08992000e-02
-4.37811000 2.09656000e-02
-4.34811000 2.11590000e-02
-4.31811000 2.14389000e-02
-4.28811000 2.18662000e-02
-4.25811000 2.24973000e-02
-4.22811000 2.33715000e-02
-4.19811000 2.47204000e-02
-4.16811000 2.66539000e-02
-4.13811000 2.80390000e-02
-4.10811000 2.91464000e-02
-4.07811000 3.09109000e-02
-4.04811000 3.14034000e-02
-4.01811000 2.95842000e-02
-3.98811000 2.84994000e-02
-3.95811000 2.85870000e-02
-3.92811000 2.93201000e-02
-3.89811000 3.04390000e-02
-3.86811000 3.16376000e-02
-3.83811000 3.33497000e-02
-3.80811000 3.64839000e-02
-3.77811000 4.08609000e-02
-3.74811000 4.34655000e-02
-3.71811000 4.39913000e-02
-3.68811000 4.45662000e-02
-3.65811000 4.54180000e-02
-3.62811000 4.62514000e-02
-3.59811000 4.73089000e-02
-3.56811000 5.10467000e-02
-3.53811000 5.76023000e-02
-3.50811000 6.39481000e-02
-3.47811000 6.76507000e-02
-3.44811000 7.43058000e-02
-3.41811000 8.84777000e-02
-3.38811000 1.01010000e-01
-3.35811000 1.03180000e-01
-3.32811000 1.06687000e-01
-3.29811000 1.16715000e-01
-3.26811000 1.30346000e-01
-3.23811000 1.48861000e-01
-3.20811000 1.86502000e-01
-3.17811000 2.26654000e-01
-3.14811000 2.24481000e-01
-3.11811000 2.21428000e-01
-3.08811000 2.48920000e-01
-3.05811000 2.86214000e-01
-3.02811000 3.11885000e-01
-2.99811000 3.07744000e-01
-2.96811000 2.97125000e-01
-2.93811000 3.12202000e-01
-2.90811000 3.38410000e-01
-2.87811000 3.20482000e-01
-2.84811000 3.16358000e-01
-2.81811000 3.75677000e-01
-2.78811000 5.03048000e-01
-2.75811000 6.59893000e-01
-2.70799000 6.56502000e-01
-2.67799000 5.13295000e-01
-2.64799000 4.35567000e-01
-2.61799000 3.73281000e-01
-2.58799000 3.23371000e-01
-2.55799000 3.00413000e-01
-2.52799000 2.82967000e-01
-2.49799000 2.64166000e-01
-2.46799000 2.59925000e-01
-2.43799000 2.62775000e-01
-2.40799000 2.61905000e-01
-2.37799000 2.62885000e-01
-2.34799000 2.64870000e-01
-2.31799000 2.68331000e-01
-2.28799000 2.66093000e-01
-2.25799000 2.73023000e-01
-2.22799000 2.95043000e-01
-2.19799000 3.29532000e-01
-2.16799000 3.73945000e-01
-2.13799000 4.27687000e-01
-2.10799000 4.96651000e-01
-2.07799000 5.81664000e-01
-2.04799000 6.69105000e-01
-2.01799000 7.84903000e-01
-1.98799000 9.52153000e-01
-1.95799000 1.19543000e+00
-1.92799000 1.41291000e+00
-1.89799000 1.54855000e+00
-1.86799000 1.64288000e+00
-1.83799000 1.71890000e+00
-1.80799000 1.92098000e+00
-1.77799000 2.45706000e+00
-1.74799000 3.50173000e+00
-1.71799000 5.14858000e+00
-1.68799000 7.90855000e+00
-1.65799000 1.24478000e+01
-1.62799000 1.48289000e+01
-1.59799000 1.07540000e+01
-1.56799000 6.58328000e+00
-1.53799000 4.15992000e+00
-1.50799000 2.70048000e+00
-1.47799000 1.89774000e+00
-1.44799000 1.43660000e+00
-1.41799000 1.14211000e+00
-1.38799000 9.71652000e-01
-1.35799000 8.47901000e-01
-1.32799000 7.02873000e-01
-1.29799000 5.69300000e-01
-1.26799000 4.78414000e-01
-1.23799000 4.15071000e-01
-1.20799000 3.68819000e-01
-1.17799000 3.37060000e-01
-1.14799000 2.99704000e-01
-1.11799000 2.63518000e-01
-1.08799000 2.34204000e-01
-1.05799000 2.11491000e-01
-1.02799000 1.96609000e-01
-0.99798600 1.87304000e-01
-0.94785800 1.64198000e-01
-0.91785800 1.50368000e-01
-0.88785800 1.40966000e-01
-0.85785800 1.33311000e-01
-0.82785800 1.31005000e-01
-0.79785800 1.26926000e-01
-0.76785800 1.18781000e-01
-0.73785800 1.13346000e-01
-0.70785800 1.11227000e-01
-0.67785800 1.12644000e-01
-0.64785800 1.20927000e-01
-0.61785800 1.37332000e-01
-0.58785800 1.47256000e-01
-0.55785800 1.35492000e-01
-0.52785800 1.14222000e-01
-0.49785800 9.81577000e-02
-0.46785800 8.75254000e-02
-0.43785800 8.16579000e-02
-0.40785800 7.85943000e-02
-0.37785800 7.66400000e-02
-0.34785800 7.58836000e-02
-0.31785800 7.83609000e-02
-0.28785800 8.12890000e-02
-0.25785800 8.07221000e-02
-0.22785800 8.01421000e-02
-0.19785800 8.11676000e-02
-0.16785800 8.92835000e-02
-0.13785800 1.00555000e-01
-0.10785800 9.28780000e-02
-0.07785780 7.84861000e-02
-0.04785780 7.07267000e-02
-0.01785780 6.78879000e-02
0.01214220 6.86720000e-02
0.04214220 7.26086000e-02
0.07214220 7.39756000e-02
0.10214200 6.92944000e-02
0.13214200 6.67238000e-02
0.16214200 6.72634000e-02
0.19214200 6.97138000e-02
0.22214200 7.33790000e-02
0.25214200 8.03430000e-02
0.28214200 8.60264000e-02
0.31214200 8.67387000e-02
0.34214200 8.43260000e-02
0.37214200 7.74768000e-02
0.40214200 7.36057000e-02
0.43214200 7.16716000e-02
0.46214200 7.15930000e-02
0.49214200 7.47486000e-02
0.52214200 8.08976000e-02
0.55214200 8.63880000e-02
0.58214200 9.21475000e-02
0.61214200 1.00358000e-01
0.64214200 1.01539000e-01
0.67214200 9.89885000e-02
0.70214200 1.00790000e-01
0.73214200 1.09390000e-01
0.76214200 1.23287000e-01
