# E(MeV)  S_NSDRNSDR(K=1) for Ds369_DDPCX
-16.78900000 1.96438000e-01
-16.75900000 1.97199000e-01
-16.72900000 1.97966000e-01
-16.69900000 1.98737000e-01
-16.66900000 1.99513000e-01
-16.63900000 2.00292000e-01
-16.60900000 2.01073000e-01
-16.57900000 2.01858000e-01
-16.54900000 2.02648000e-01
-16.51900000 2.03444000e-01
-16.48900000 2.04244000e-01
-16.45900000 2.05050000e-01
-16.42900000 2.05860000e-01
-16.39900000 2.06676000e-01
-16.36900000 2.07496000e-01
-16.33900000 2.08322000e-01
-16.30900000 2.09153000e-01
-16.27900000 2.09988000e-01
-16.24900000 2.10829000e-01
-16.21900000 2.11676000e-01
-16.18900000 2.12528000e-01
-16.15900000 2.13385000e-01
-16.12900000 2.14247000e-01
-16.09900000 2.15116000e-01
-16.06900000 2.15990000e-01
-16.03900000 2.16869000e-01
-16.00900000 2.17755000e-01
-15.97900000 2.18646000e-01
-15.94900000 2.19544000e-01
-15.91900000 2.20447000e-01
-15.88900000 2.21357000e-01
-15.85900000 2.22272000e-01
-15.82900000 2.23194000e-01
-15.79900000 2.24122000e-01
-15.76900000 2.25057000e-01
-15.73900000 2.25998000e-01
-15.70900000 2.26946000e-01
-15.67900000 2.27901000e-01
-15.64900000 2.28862000e-01
-15.61900000 2.29830000e-01
-15.58900000 2.30805000e-01
-15.55900000 2.31787000e-01
-15.52900000 2.32776000e-01
-15.49900000 2.33773000e-01
-15.46900000 2.34776000e-01
-15.43900000 2.35787000e-01
-15.40900000 2.36806000e-01
-15.37900000 2.37832000e-01
-15.34900000 2.38866000e-01
-15.31900000 2.39907000e-01
-15.28900000 2.40957000e-01
-15.25900000 2.42015000e-01
-15.22900000 2.43080000e-01
-15.19900000 2.44154000e-01
-15.16900000 2.45236000e-01
-15.13900000 2.46327000e-01
-15.10900000 2.47426000e-01
-15.07900000 2.48534000e-01
-15.02890000 2.50405000e-01
-14.99890000 2.51537000e-01
-14.96890000 2.52678000e-01
-14.93890000 2.53828000e-01
-14.90890000 2.54987000e-01
-14.87890000 2.56157000e-01
-14.84890000 2.57335000e-01
-14.81890000 2.58524000e-01
-14.78890000 2.59723000e-01
-14.75890000 2.60932000e-01
-14.72890000 2.62151000e-01
-14.69890000 2.63380000e-01
-14.66890000 2.64621000e-01
-14.63890000 2.65872000e-01
-14.60890000 2.67134000e-01
-14.57890000 2.68407000e-01
-14.54890000 2.69692000e-01
-14.51890000 2.70989000e-01
-14.48890000 2.72298000e-01
-14.45890000 2.73620000e-01
-14.42890000 2.74955000e-01
-14.39890000 2.76304000e-01
-14.36890000 2.77669000e-01
-14.33890000 2.79052000e-01
-14.30890000 2.80460000e-01
-14.27890000 2.81889000e-01
-14.24890000 2.83317000e-01
-14.21890000 2.84768000e-01
-14.18890000 2.86283000e-01
-14.15890000 2.87902000e-01
-14.12890000 2.89593000e-01
-14.09890000 2.91072000e-01
-14.06890000 2.92484000e-01
-14.03890000 2.93979000e-01
-14.00890000 2.95392000e-01
-13.97890000 2.96858000e-01
-13.94890000 2.98459000e-01
-13.91890000 3.00216000e-01
-13.88890000 3.02061000e-01
-13.85890000 3.03715000e-01
-13.82890000 3.05348000e-01
-13.79890000 3.07133000e-01
-13.76890000 3.08912000e-01
-13.73890000 3.10687000e-01
-13.70890000 3.12682000e-01
-13.67890000 3.14763000e-01
-13.64890000 3.16604000e-01
-13.61890000 3.18265000e-01
-13.58890000 3.19928000e-01
-13.55890000 3.22120000e-01
-13.52890000 3.24646000e-01
-13.49890000 3.27428000e-01
-13.46890000 3.30298000e-01
-13.43890000 3.32925000e-01
-13.40890000 3.34651000e-01
-13.37890000 3.35025000e-01
-13.34890000 3.35460000e-01
-13.31890000 3.36547000e-01
-13.26880000 3.38927000e-01
-13.23880000 3.40682000e-01
-13.20880000 3.42578000e-01
-13.17880000 3.44638000e-01
-13.14880000 3.46830000e-01
-13.11880000 3.48998000e-01
-13.08880000 3.51117000e-01
-13.05880000 3.53454000e-01
-13.02880000 3.56106000e-01
-12.99880000 3.58933000e-01
-12.96880000 3.61818000e-01
-12.93880000 3.64817000e-01
-12.90880000 3.68135000e-01
-12.87880000 3.70395000e-01
-12.84880000 3.71504000e-01
-12.81880000 3.73236000e-01
-12.78880000 3.75753000e-01
-12.75880000 3.78955000e-01
-12.72880000 3.82935000e-01
-12.69880000 3.88493000e-01
-12.66880000 3.96619000e-01
-12.63880000 4.03173000e-01
-12.60880000 4.03184000e-01
-12.57880000 4.03629000e-01
-12.54880000 4.06106000e-01
-12.51880000 4.07303000e-01
-12.48880000 4.08920000e-01
-12.45880000 4.10756000e-01
-12.42880000 4.12898000e-01
-12.39880000 4.16241000e-01
-12.36880000 4.20974000e-01
-12.33880000 4.25508000e-01
-12.30880000 4.27691000e-01
-12.27880000 4.29878000e-01
-12.24880000 4.33608000e-01
-12.21880000 4.38346000e-01
-12.18880000 4.43746000e-01
-12.15880000 4.50388000e-01
-12.12880000 4.61173000e-01
-12.09880000 4.77101000e-01
-12.06880000 4.92862000e-01
-12.03880000 4.95067000e-01
-12.00880000 4.93015000e-01
-11.97880000 4.86966000e-01
-11.94880000 4.87083000e-01
-11.91880000 4.87787000e-01
-11.88880000 4.87597000e-01
-11.85880000 4.93461000e-01
-11.82880000 4.98973000e-01
-11.79880000 4.98218000e-01
-11.76880000 4.97646000e-01
-11.73880000 4.97820000e-01
-11.70880000 4.99975000e-01
-11.67880000 5.03226000e-01
-11.64880000 5.08426000e-01
-11.61880000 5.12081000e-01
-11.58880000 5.13674000e-01
-11.55880000 5.16573000e-01
-11.50860000 5.23842000e-01
-11.47860000 5.28535000e-01
-11.44860000 5.33250000e-01
-11.41860000 5.38469000e-01
-11.38860000 5.44358000e-01
-11.35860000 5.51055000e-01
-11.32860000 5.59000000e-01
-11.29860000 5.67427000e-01
-11.26860000 5.74344000e-01
-11.23860000 5.82361000e-01
-11.20860000 5.88862000e-01
-11.17860000 5.92305000e-01
-11.14860000 5.97146000e-01
-11.11860000 6.03633000e-01
-11.08860000 6.11172000e-01
-11.05860000 6.19788000e-01
-11.02860000 6.29810000e-01
-10.99860000 6.42114000e-01
-10.96860000 6.58231000e-01
-10.93860000 6.75741000e-01
-10.90860000 6.85460000e-01
-10.87860000 6.96235000e-01
-10.84860000 7.15389000e-01
-10.81860000 7.41073000e-01
-10.78860000 7.64328000e-01
-10.75860000 7.92992000e-01
-10.72860000 8.21047000e-01
-10.69860000 8.08445000e-01
-10.66860000 7.92073000e-01
-10.63860000 7.92406000e-01
-10.60860000 8.05019000e-01
-10.57860000 8.23559000e-01
-10.54860000 8.35609000e-01
-10.51860000 8.43385000e-01
-10.48860000 8.56137000e-01
-10.45860000 8.73448000e-01
-10.42860000 8.94030000e-01
-10.39860000 9.17428000e-01
-10.36860000 9.43650000e-01
-10.33860000 9.73000000e-01
-10.30860000 1.00598000e+00
-10.27860000 1.04316000e+00
-10.24860000 1.08566000e+00
-10.21860000 1.13464000e+00
-10.18860000 1.19174000e+00
-10.15860000 1.26043000e+00
-10.12860000 1.34660000e+00
-10.09860000 1.46009000e+00
-10.06860000 1.60434000e+00
-10.03860000 1.75819000e+00
-10.00860000 1.92877000e+00
-9.97862000 2.17927000e+00
-9.94862000 2.58917000e+00
-9.91862000 3.28950000e+00
-9.88862000 4.58128000e+00
-9.85862000 7.02516000e+00
-9.82862000 1.01551000e+01
-9.79862000 9.96011000e+00
-9.74850000 8.05964000e+00
-9.71850000 7.34236000e+00
-9.68850000 6.54352000e+00
-9.65850000 6.12284000e+00
-9.62850000 6.06306000e+00
-9.59850000 6.71787000e+00
-9.56850000 7.14857000e+00
-9.53850000 7.84117000e+00
-9.50850000 9.43581000e+00
-9.47850000 1.08663000e+01
-9.44850000 1.27382000e+01
-9.41850000 1.69020000e+01
-9.38850000 2.24116000e+01
-9.35850000 2.86822000e+01
-9.32850000 3.74620000e+01
-9.29850000 4.24606000e+01
-9.26850000 4.02089000e+01
-9.23850000 4.14898000e+01
-9.20850000 4.83785000e+01
-9.17850000 4.69725000e+01
-9.14850000 3.34152000e+01
-9.11850000 2.15548000e+01
-9.08850000 1.57349000e+01
-9.05850000 1.38807000e+01
-9.02850000 1.52655000e+01
-8.99850000 1.91358000e+01
-8.96850000 1.89773000e+01
-8.93850000 1.35051000e+01
-8.90850000 9.91665000e+00
-8.87850000 8.64744000e+00
-8.84850000 9.12644000e+00
-8.81850000 1.15988000e+01
-8.78850000 1.53898000e+01
-8.75850000 1.44259000e+01
-8.72850000 1.05224000e+01
-8.69850000 8.73156000e+00
-8.66850000 9.10251000e+00
-8.63850000 1.13097000e+01
-8.60850000 1.28749000e+01
-8.57850000 1.11449000e+01
-8.54850000 1.05528000e+01
-8.51850000 1.25139000e+01
-8.48850000 1.38420000e+01
-8.45850000 1.23405000e+01
-8.42850000 1.27411000e+01
-8.39850000 1.65620000e+01
-8.36850000 1.80741000e+01
-8.33850000 1.28370000e+01
-8.30850000 8.47413000e+00
-8.27850000 6.13022000e+00
-8.24850000 4.81189000e+00
-8.21850000 4.11414000e+00
-8.18850000 3.74779000e+00
-8.15850000 3.44978000e+00
-8.12850000 3.20248000e+00
-8.09850000 3.03567000e+00
-8.06850000 2.93473000e+00
-8.03850000 2.87589000e+00
-7.98837000 2.84771000e+00
-7.95837000 2.86180000e+00
-7.92837000 2.90189000e+00
-7.89837000 2.94831000e+00
-7.86837000 3.01747000e+00
-7.83837000 3.12509000e+00
-7.80837000 3.27083000e+00
-7.77837000 3.45885000e+00
-7.74837000 3.70894000e+00
-7.71837000 3.93567000e+00
-7.68837000 4.08365000e+00
-7.65837000 4.31716000e+00
-7.62837000 4.70752000e+00
-7.59837000 5.30281000e+00
-7.56837000 6.21385000e+00
-7.53837000 7.71653000e+00
-7.50837000 9.81352000e+00
-7.47837000 1.11370000e+01
-7.44837000 1.15043000e+01
-7.41837000 1.20972000e+01
-7.38837000 1.34847000e+01
-7.35837000 1.65656000e+01
-7.32837000 2.23364000e+01
-7.29837000 3.27426000e+01
-7.26837000 4.43892000e+01
-7.23837000 4.91883000e+01
-7.20837000 5.56167000e+01
-7.17837000 6.74397000e+01
-7.14837000 6.58579000e+01
-7.11837000 5.57835000e+01
-7.08837000 5.30499000e+01
-7.05837000 5.17282000e+01
-7.02837000 5.46969000e+01
-6.99837000 6.73773000e+01
-6.96837000 8.45763000e+01
-6.93837000 1.01769000e+02
-6.90837000 9.06757000e+01
-6.87837000 6.28724000e+01
-6.84837000 4.31658000e+01
-6.81837000 3.48022000e+01
-6.78837000 3.44050000e+01
-6.75837000 3.48526000e+01
-6.72837000 2.98730000e+01
-6.69837000 2.75004000e+01
-6.66837000 2.78567000e+01
-6.63837000 2.71859000e+01
-6.60837000 2.91379000e+01
-6.57837000 3.46859000e+01
-6.54837000 4.18572000e+01
-6.51837000 5.26268000e+01
-6.48837000 6.25099000e+01
-6.45837000 7.25017000e+01
-6.42837000 8.10975000e+01
-6.39837000 7.44815000e+01
-6.36837000 7.39526000e+01
-6.33837000 7.96941000e+01
-6.30837000 8.77433000e+01
-6.27837000 7.38714000e+01
-6.22824000 4.13944000e+01
-6.19824000 3.53243000e+01
-6.16824000 3.54817000e+01
-6.13824000 4.07688000e+01
-6.10824000 5.41232000e+01
-6.07824000 7.44130000e+01
-6.04824000 8.77215000e+01
-6.01824000 9.99115000e+01
-5.98824000 1.08432000e+02
-5.95824000 1.00552000e+02
-5.92824000 8.60397000e+01
-5.89824000 9.11087000e+01
-5.86824000 1.14752000e+02
-5.83824000 1.27351000e+02
-5.80824000 1.35242000e+02
-5.77824000 1.77348000e+02
-5.74824000 2.61700000e+02
-5.71824000 2.79879000e+02
-5.68824000 1.88760000e+02
-5.65824000 1.13096000e+02
-5.62824000 7.29823000e+01
-5.59824000 5.18313000e+01
-5.56824000 3.90093000e+01
-5.53824000 3.16025000e+01
-5.50824000 2.77481000e+01
-5.47824000 2.64338000e+01
-5.44824000 2.75819000e+01
-5.41824000 3.20835000e+01
-5.38824000 3.48376000e+01
-5.35824000 3.12304000e+01
-5.32824000 3.03891000e+01
-5.29824000 3.35276000e+01
-5.26824000 3.40737000e+01
-5.23824000 3.11071000e+01
-5.20824000 3.04761000e+01
-5.17824000 2.96217000e+01
-5.14824000 2.95832000e+01
-5.11824000 2.85793000e+01
-5.08824000 2.78602000e+01
-5.05824000 2.98348000e+01
-5.02824000 3.15213000e+01
-4.99824000 3.13604000e+01
-4.96824000 3.25367000e+01
-4.93824000 3.49331000e+01
-4.90824000 3.43916000e+01
-4.87824000 3.57220000e+01
-4.84824000 4.12454000e+01
-4.81824000 4.51580000e+01
-4.78824000 4.40753000e+01
-4.75824000 4.34101000e+01
-4.72824000 4.47205000e+01
-4.69824000 4.91633000e+01
-4.66824000 5.59412000e+01
-4.63824000 6.35797000e+01
-4.60824000 7.37436000e+01
-4.57824000 8.53607000e+01
-4.54824000 8.88625000e+01
-4.51824000 9.22739000e+01
-4.46811000 1.26017000e+02
-4.43811000 1.49829000e+02
-4.40811000 1.66379000e+02
-4.37811000 1.97376000e+02
-4.34811000 2.64142000e+02
-4.31811000 4.10197000e+02
-4.28811000 7.06597000e+02
-4.25811000 1.08207000e+03
-4.22811000 9.89620000e+02
-4.19811000 6.63962000e+02
-4.16811000 4.98409000e+02
-4.13811000 4.26380000e+02
-4.10811000 3.55401000e+02
-4.07811000 2.65549000e+02
-4.04811000 2.00300000e+02
-4.01811000 1.81971000e+02
-3.98811000 2.05570000e+02
-3.95811000 2.51120000e+02
-3.92811000 2.59432000e+02
-3.89811000 2.08252000e+02
-3.86811000 1.56973000e+02
-3.83811000 1.31142000e+02
-3.80811000 1.22402000e+02
-3.77811000 1.29696000e+02
-3.74811000 1.52171000e+02
-3.71811000 1.79669000e+02
-3.68811000 1.75243000e+02
-3.65811000 1.54756000e+02
-3.62811000 1.45853000e+02
-3.59811000 1.53324000e+02
-3.56811000 1.66735000e+02
-3.53811000 1.97111000e+02
-3.50811000 2.38727000e+02
-3.47811000 2.70715000e+02
-3.44811000 2.73979000e+02
-3.41811000 2.51142000e+02
-3.38811000 2.28362000e+02
-3.35811000 2.00204000e+02
-3.32811000 1.90418000e+02
-3.29811000 2.15260000e+02
-3.26811000 2.81894000e+02
-3.23811000 3.81975000e+02
-3.20811000 5.15926000e+02
-3.17811000 6.96464000e+02
-3.14811000 8.95050000e+02
-3.11811000 9.91101000e+02
-3.08811000 8.48517000e+02
-3.05811000 7.08597000e+02
-3.02811000 6.05849000e+02
-2.99811000 5.45604000e+02
-2.96811000 4.53033000e+02
-2.93811000 3.40558000e+02
-2.90811000 3.02237000e+02
-2.87811000 2.66796000e+02
-2.84811000 1.98969000e+02
-2.81811000 1.57271000e+02
-2.78811000 1.44518000e+02
-2.75811000 1.53298000e+02
-2.70799000 2.02008000e+02
-2.67799000 2.51109000e+02
-2.64799000 3.08955000e+02
-2.61799000 3.64443000e+02
-2.58799000 4.02438000e+02
-2.55799000 5.16935000e+02
-2.52799000 7.18504000e+02
-2.49799000 7.95348000e+02
-2.46799000 8.05573000e+02
-2.43799000 6.99049000e+02
-2.40799000 4.45580000e+02
-2.37799000 2.77011000e+02
-2.34799000 1.90424000e+02
-2.31799000 1.43552000e+02
-2.28799000 1.18313000e+02
-2.25799000 1.07005000e+02
-2.22799000 1.07374000e+02
-2.19799000 1.19753000e+02
-2.16799000 1.48070000e+02
-2.13799000 2.02438000e+02
-2.10799000 2.58890000e+02
-2.07799000 2.44763000e+02
-2.04799000 2.42710000e+02
-2.01799000 3.22285000e+02
-1.98799000 4.40316000e+02
-1.95799000 3.76772000e+02
-1.92799000 2.31398000e+02
-1.89799000 1.45833000e+02
-1.86799000 1.02938000e+02
-1.83799000 7.97879000e+01
-1.80799000 6.59578000e+01
-1.77799000 5.65130000e+01
-1.74799000 5.00510000e+01
-1.71799000 4.69717000e+01
-1.68799000 4.78504000e+01
-1.65799000 5.18860000e+01
-1.62799000 5.64233000e+01
-1.59799000 6.38049000e+01
-1.56799000 8.00311000e+01
-1.53799000 1.02360000e+02
-1.50799000 1.21524000e+02
-1.47799000 1.12283000e+02
-1.44799000 8.41927000e+01
-1.41799000 6.44205000e+01
-1.38799000 5.29598000e+01
-1.35799000 4.62945000e+01
-1.32799000 4.39331000e+01
-1.29799000 4.14973000e+01
-1.26799000 3.81061000e+01
-1.23799000 3.71541000e+01
-1.20799000 3.88076000e+01
-1.17799000 4.33565000e+01
-1.14799000 5.37252000e+01
-1.11799000 7.49164000e+01
-1.08799000 1.15663000e+02
-1.05799000 1.85596000e+02
-1.02799000 2.37108000e+02
-0.99798600 1.94567000e+02
-0.94785800 1.22604000e+02
-0.91785800 1.04733000e+02
-0.88785800 8.91548000e+01
-0.85785800 7.03144000e+01
-0.82785800 5.74246000e+01
-0.79785800 5.27684000e+01
-0.76785800 5.03920000e+01
-0.73785800 5.04556000e+01
-0.70785800 5.99809000e+01
-0.67785800 8.26774000e+01
-0.64785800 1.00263000e+02
-0.61785800 9.47015000e+01
-0.58785800 7.72682000e+01
-0.55785800 6.48543000e+01
-0.52785800 5.62425000e+01
-0.49785800 4.43677000e+01
-0.46785800 3.45135000e+01
-0.43785800 2.97126000e+01
-0.40785800 2.79887000e+01
-0.37785800 2.79909000e+01
-0.34785800 2.76544000e+01
-0.31785800 2.88237000e+01
-0.28785800 3.35217000e+01
-0.25785800 4.07438000e+01
-0.22785800 4.60903000e+01
-0.19785800 4.06023000e+01
-0.16785800 3.01404000e+01
-0.13785800 2.43007000e+01
-0.10785800 2.07887000e+01
-0.07785780 1.74978000e+01
-0.04785780 1.47664000e+01
-0.01785780 1.25962000e+01
0.01214220 1.15370000e+01
0.04214220 1.17653000e+01
0.07214220 1.22822000e+01
0.10214200 1.24030000e+01
0.13214200 1.18045000e+01
0.16214200 1.03528000e+01
0.19214200 8.88341000e+00
0.22214200 8.05103000e+00
0.25214200 7.83659000e+00
0.28214200 7.69132000e+00
0.31214200 8.05531000e+00
0.34214200 8.22769000e+00
0.37214200 7.34354000e+00
0.40214200 6.20012000e+00
0.43214200 5.65452000e+00
0.46214200 5.37516000e+00
0.49214200 5.17146000e+00
0.52214200 5.34485000e+00
0.55214200 5.68174000e+00
0.58214200 6.20730000e+00
0.61214200 6.65333000e+00
0.64214200 6.04658000e+00
0.67214200 5.45735000e+00
0.70214200 5.36755000e+00
0.73214200 5.13103000e+00
0.76214200 4.55391000e+00
