# E(MeV)  S_GAMTGAMT(K=0) for Ds369_DDPCX
-16.78900000 2.88737000e-03
-16.75900000 2.91332000e-03
-16.72900000 2.94743000e-03
-16.69900000 2.98214000e-03
-16.66900000 3.01493000e-03
-16.63900000 3.04525000e-03
-16.60900000 3.07324000e-03
-16.57900000 3.09922000e-03
-16.54900000 3.12352000e-03
-16.51900000 3.14649000e-03
-16.48900000 3.16844000e-03
-16.45900000 3.18965000e-03
-16.42900000 3.20979000e-03
-16.39900000 3.22870000e-03
-16.36900000 3.24719000e-03
-16.33900000 3.26548000e-03
-16.30900000 3.28355000e-03
-16.27900000 3.30142000e-03
-16.24900000 3.31915000e-03
-16.21900000 3.33678000e-03
-16.18900000 3.35434000e-03
-16.15900000 3.37188000e-03
-16.12900000 3.38943000e-03
-16.09900000 3.40703000e-03
-16.06900000 3.42471000e-03
-16.03900000 3.44250000e-03
-16.00900000 3.46043000e-03
-15.97900000 3.47852000e-03
-15.94900000 3.49681000e-03
-15.91900000 3.51531000e-03
-15.88900000 3.53406000e-03
-15.85900000 3.55308000e-03
-15.82900000 3.57240000e-03
-15.79900000 3.59206000e-03
-15.76900000 3.61208000e-03
-15.73900000 3.63251000e-03
-15.70900000 3.65338000e-03
-15.67900000 3.67476000e-03
-15.64900000 3.69671000e-03
-15.61900000 3.71931000e-03
-15.58900000 3.74272000e-03
-15.55900000 3.76716000e-03
-15.52900000 3.79302000e-03
-15.49900000 3.82113000e-03
-15.46900000 3.85328000e-03
-15.43900000 3.89330000e-03
-15.40900000 3.94394000e-03
-15.37900000 3.97969000e-03
-15.34900000 3.98494000e-03
-15.31900000 3.99566000e-03
-15.28900000 4.01668000e-03
-15.25900000 4.04357000e-03
-15.22900000 4.07399000e-03
-15.19900000 4.10704000e-03
-15.16900000 4.14245000e-03
-15.13900000 4.18027000e-03
-15.10900000 4.22086000e-03
-15.07900000 4.26492000e-03
-15.02890000 4.35070000e-03
-14.99890000 4.41588000e-03
-14.96890000 4.50295000e-03
-14.93890000 4.61554000e-03
-14.90890000 4.67954000e-03
-14.87890000 4.67721000e-03
-14.84890000 4.69555000e-03
-14.81890000 4.73991000e-03
-14.78890000 4.79977000e-03
-14.75890000 4.87019000e-03
-14.72890000 4.94944000e-03
-14.69890000 5.03730000e-03
-14.66890000 5.13429000e-03
-14.63890000 5.24139000e-03
-14.60890000 5.36004000e-03
-14.57890000 5.49213000e-03
-14.54890000 5.64007000e-03
-14.51890000 5.80699000e-03
-14.48890000 5.99700000e-03
-14.45890000 6.21551000e-03
-14.42890000 6.46992000e-03
-14.39890000 6.77053000e-03
-14.36890000 7.13220000e-03
-14.33890000 7.57720000e-03
-14.30890000 8.14055000e-03
-14.27890000 8.88042000e-03
-14.24890000 9.90025000e-03
-14.21890000 1.13988000e-02
-14.18890000 1.37924000e-02
-14.15890000 1.80140000e-02
-14.12890000 2.59659000e-02
-14.09890000 3.77383000e-02
-14.06890000 3.91219000e-02
-14.03890000 2.97634000e-02
-14.00890000 2.43896000e-02
-13.97890000 2.33971000e-02
-13.94890000 2.53015000e-02
-13.91890000 2.99120000e-02
-13.88890000 3.82497000e-02
-13.85890000 5.30673000e-02
-13.82890000 8.05773000e-02
-13.79890000 1.34344000e-01
-13.76890000 2.27455000e-01
-13.73890000 2.86194000e-01
-13.70890000 2.21210000e-01
-13.67890000 1.52592000e-01
-13.64890000 1.07345000e-01
-13.61890000 7.35375000e-02
-13.58890000 5.33554000e-02
-13.55890000 4.21716000e-02
-13.52890000 3.72186000e-02
-13.49890000 3.87025000e-02
-13.46890000 4.43233000e-02
-13.43890000 4.66440000e-02
-13.40890000 4.10411000e-02
-13.37890000 3.22299000e-02
-13.34890000 2.86999000e-02
-13.31890000 3.10537000e-02
-13.26880000 3.55921000e-02
-13.23880000 3.14857000e-02
-13.20880000 3.03841000e-02
-13.17880000 2.96151000e-02
-13.14880000 3.27526000e-02
-13.11880000 4.45171000e-02
-13.08880000 6.57731000e-02
-13.05880000 7.05730000e-02
-13.02880000 4.85960000e-02
-12.99880000 3.15713000e-02
-12.96880000 2.30168000e-02
-12.93880000 1.87892000e-02
-12.90880000 1.66183000e-02
-12.87880000 1.56708000e-02
-12.84880000 1.56582000e-02
-12.81880000 1.66191000e-02
-12.78880000 1.87580000e-02
-12.75880000 2.09691000e-02
-12.72880000 2.22327000e-02
-12.69880000 2.54746000e-02
-12.66880000 3.30468000e-02
-12.63880000 4.85498000e-02
-12.60880000 7.30174000e-02
-12.57880000 7.99475000e-02
-12.54880000 6.70287000e-02
-12.51880000 6.63626000e-02
-12.48880000 7.79275000e-02
-12.45880000 9.09346000e-02
-12.42880000 8.13377000e-02
-12.39880000 7.04740000e-02
-12.36880000 7.88443000e-02
-12.33880000 1.05359000e-01
-12.30880000 1.34831000e-01
-12.27880000 1.33670000e-01
-12.24880000 9.73833000e-02
-12.21880000 6.89645000e-02
-12.18880000 6.06522000e-02
-12.15880000 6.48050000e-02
-12.12880000 6.08876000e-02
-12.09880000 4.93463000e-02
-12.06880000 4.51457000e-02
-12.03880000 4.91091000e-02
-12.00880000 6.23893000e-02
-11.97880000 9.04057000e-02
-11.94880000 1.41233000e-01
-11.91880000 2.02363000e-01
-11.88880000 2.43865000e-01
-11.85880000 1.93436000e-01
-11.82880000 1.16493000e-01
-11.79880000 7.20573000e-02
-11.76880000 4.97514000e-02
-11.73880000 3.81987000e-02
-11.70880000 3.19461000e-02
-11.67880000 2.87084000e-02
-11.64880000 2.79922000e-02
-11.61880000 2.97662000e-02
-11.58880000 3.29196000e-02
-11.55880000 3.75465000e-02
-11.50860000 6.25733000e-02
-11.47860000 9.76648000e-02
-11.44860000 1.29239000e-01
-11.41860000 1.18666000e-01
-11.38860000 9.49303000e-02
-11.35860000 6.36952000e-02
-11.32860000 4.16818000e-02
-11.29860000 2.99797000e-02
-11.26860000 2.31449000e-02
-11.23860000 1.92365000e-02
-11.20860000 1.69885000e-02
-11.17860000 1.51882000e-02
-11.14860000 1.39318000e-02
-11.11860000 1.30125000e-02
-11.08860000 1.19317000e-02
-11.05860000 1.11464000e-02
-11.02860000 1.04853000e-02
-10.99860000 1.00458000e-02
-10.96860000 1.00077000e-02
-10.93860000 1.03474000e-02
-10.90860000 1.04071000e-02
-10.87860000 1.01579000e-02
-10.84860000 1.05269000e-02
-10.81860000 1.18402000e-02
-10.78860000 1.36323000e-02
-10.75860000 1.33311000e-02
-10.72860000 1.16057000e-02
-10.69860000 1.10057000e-02
-10.66860000 1.18413000e-02
-10.63860000 1.36478000e-02
-10.60860000 1.32496000e-02
-10.57860000 1.08264000e-02
-10.54860000 9.26548000e-03
-10.51860000 8.53130000e-03
-10.48860000 8.26798000e-03
-10.45860000 8.38392000e-03
-10.42860000 8.97476000e-03
-10.39860000 9.73914000e-03
-10.36860000 9.25521000e-03
-10.33860000 8.30002000e-03
-10.30860000 7.76370000e-03
-10.27860000 7.55235000e-03
-10.24860000 7.57595000e-03
-10.21860000 7.83051000e-03
-10.18860000 8.08358000e-03
-10.15860000 7.80478000e-03
-10.12860000 7.46592000e-03
-10.09860000 7.31096000e-03
-10.06860000 7.25141000e-03
-10.03860000 7.26290000e-03
-10.00860000 7.35164000e-03
-9.97862000 7.56934000e-03
-9.94862000 7.95279000e-03
-9.91862000 8.36045000e-03
-9.88862000 8.76841000e-03
-9.85862000 9.57283000e-03
-9.82862000 1.08086000e-02
-9.79862000 1.24944000e-02
-9.74850000 1.07230000e-02
-9.71850000 9.19702000e-03
-9.68850000 8.59689000e-03
-9.65850000 8.41513000e-03
-9.62850000 8.06600000e-03
-9.59850000 7.74064000e-03
-9.56850000 7.63252000e-03
-9.53850000 7.74826000e-03
-9.50850000 8.05924000e-03
-9.47850000 8.31188000e-03
-9.44850000 8.32409000e-03
-9.41850000 8.00886000e-03
-9.38850000 7.64491000e-03
-9.35850000 7.46334000e-03
-9.32850000 7.42049000e-03
-9.29850000 7.50113000e-03
-9.26850000 7.57190000e-03
-9.23850000 7.47444000e-03
-9.20850000 7.38456000e-03
-9.17850000 7.37854000e-03
-9.14850000 7.45316000e-03
-9.11850000 7.60884000e-03
-9.08850000 7.75505000e-03
-9.05850000 7.80813000e-03
-9.02850000 7.95214000e-03
-8.99850000 8.36082000e-03
-8.96850000 9.00505000e-03
-8.93850000 9.04832000e-03
-8.90850000 8.54016000e-03
-8.87850000 8.29315000e-03
-8.84850000 8.32429000e-03
-8.81850000 8.53889000e-03
-8.78850000 9.01225000e-03
-8.75850000 1.00344000e-02
-8.72850000 1.19623000e-02
-8.69850000 1.34739000e-02
-8.66850000 1.20141000e-02
-8.63850000 1.03631000e-02
-8.60850000 9.66599000e-03
-8.57850000 9.63743000e-03
-8.54850000 1.02229000e-02
-8.51850000 1.17375000e-02
-8.48850000 1.43666000e-02
-8.45850000 1.51104000e-02
-8.42850000 1.25223000e-02
-8.39850000 1.05434000e-02
-8.36850000 9.62003000e-03
-8.33850000 9.29197000e-03
-8.30850000 9.33409000e-03
-8.27850000 9.34412000e-03
-8.24850000 9.01351000e-03
-8.21850000 8.78384000e-03
-8.18850000 8.69180000e-03
-8.15850000 8.60991000e-03
-8.12850000 8.58183000e-03
-8.09850000 8.64217000e-03
-8.06850000 8.75211000e-03
-8.03850000 8.85274000e-03
-7.98837000 9.13885000e-03
-7.95837000 9.31340000e-03
-7.92837000 9.41121000e-03
-7.89837000 9.58977000e-03
-7.86837000 9.75400000e-03
-7.83837000 9.89291000e-03
-7.80837000 1.01902000e-02
-7.77837000 1.04906000e-02
-7.74837000 1.07607000e-02
-7.71837000 1.11374000e-02
-7.68837000 1.16818000e-02
-7.65837000 1.24281000e-02
-7.62837000 1.35095000e-02
-7.59837000 1.45496000e-02
-7.56837000 1.53603000e-02
-7.53837000 1.62130000e-02
-7.50837000 1.75892000e-02
-7.47837000 2.10741000e-02
-7.44837000 2.50094000e-02
-7.41837000 2.37939000e-02
-7.38837000 1.96867000e-02
-7.35837000 1.83149000e-02
-7.32837000 1.95837000e-02
-7.29837000 2.09043000e-02
-7.26837000 2.12671000e-02
-7.23837000 2.32409000e-02
-7.20837000 2.25951000e-02
-7.17837000 1.80531000e-02
-7.14837000 1.49414000e-02
-7.11837000 1.31775000e-02
-7.08837000 1.21911000e-02
-7.05837000 1.16645000e-02
-7.02837000 1.13958000e-02
-6.99837000 1.13525000e-02
-6.96837000 1.15289000e-02
-6.93837000 1.19137000e-02
-6.90837000 1.27001000e-02
-6.87837000 1.42113000e-02
-6.84837000 1.56845000e-02
-6.81837000 1.53737000e-02
-6.78837000 1.49196000e-02
-6.75837000 1.54114000e-02
-6.72837000 1.62730000e-02
-6.69837000 1.60353000e-02
-6.66837000 1.62817000e-02
-6.63837000 1.71963000e-02
-6.60837000 1.68257000e-02
-6.57837000 1.64393000e-02
-6.54837000 1.58964000e-02
-6.51837000 1.46504000e-02
-6.48837000 1.38916000e-02
-6.45837000 1.40885000e-02
-6.42837000 1.47511000e-02
-6.39837000 1.50242000e-02
-6.36837000 1.44769000e-02
-6.33837000 1.35097000e-02
-6.30837000 1.30154000e-02
-6.27837000 1.29248000e-02
-6.22824000 1.31116000e-02
-6.19824000 1.34227000e-02
-6.16824000 1.38507000e-02
-6.13824000 1.47922000e-02
-6.10824000 1.60932000e-02
-6.07824000 1.69925000e-02
-6.04824000 1.83409000e-02
-6.01824000 1.91706000e-02
-5.98824000 1.82649000e-02
-5.95824000 1.77281000e-02
-5.92824000 1.78615000e-02
-5.89824000 1.77521000e-02
-5.86824000 1.79889000e-02
-5.83824000 1.85696000e-02
-5.80824000 1.95331000e-02
-5.77824000 2.09741000e-02
-5.74824000 2.41374000e-02
-5.71824000 3.01532000e-02
-5.68824000 4.00079000e-02
-5.65824000 5.42601000e-02
-5.62824000 5.77865000e-02
-5.59824000 4.38578000e-02
-5.56824000 3.29113000e-02
-5.53824000 2.78808000e-02
-5.50824000 2.57583000e-02
-5.47824000 2.66871000e-02
-5.44824000 3.04098000e-02
-5.41824000 3.42949000e-02
-5.38824000 3.67638000e-02
-5.35824000 3.23928000e-02
-5.32824000 2.67506000e-02
-5.29824000 2.44141000e-02
-5.26824000 2.45091000e-02
-5.23824000 2.45928000e-02
-5.20824000 2.35007000e-02
-5.17824000 2.41755000e-02
-5.14824000 2.61049000e-02
-5.11824000 2.53891000e-02
-5.08824000 2.49191000e-02
-5.05824000 2.65273000e-02
-5.02824000 2.71771000e-02
-4.99824000 2.46841000e-02
-4.96824000 2.31103000e-02
-4.93824000 2.35494000e-02
-4.90824000 2.34157000e-02
-4.87824000 2.21360000e-02
-4.84824000 2.15936000e-02
-4.81824000 2.06365000e-02
-4.78824000 1.92740000e-02
-4.75824000 1.85279000e-02
-4.72824000 1.82689000e-02
-4.69824000 1.81449000e-02
-4.66824000 1.81027000e-02
-4.63824000 1.81051000e-02
-4.60824000 1.82273000e-02
-4.57824000 1.85194000e-02
-4.54824000 1.89500000e-02
-4.51824000 1.94126000e-02
-4.46811000 2.01031000e-02
-4.43811000 2.02842000e-02
-4.40811000 2.01440000e-02
-4.37811000 2.01401000e-02
-4.34811000 2.03721000e-02
-4.31811000 2.08128000e-02
-4.28811000 2.14969000e-02
-4.25811000 2.25825000e-02
-4.22811000 2.44531000e-02
-4.19811000 2.75777000e-02
-4.16811000 3.05004000e-02
-4.13811000 3.07232000e-02
-4.10811000 2.93931000e-02
-4.07811000 2.77346000e-02
-4.04811000 2.67558000e-02
-4.01811000 2.69328000e-02
-3.98811000 2.76747000e-02
-3.95811000 2.86399000e-02
-3.92811000 3.05393000e-02
-3.89811000 3.42653000e-02
-3.86811000 4.10651000e-02
-3.83811000 4.73651000e-02
-3.80811000 4.44273000e-02
-3.77811000 3.89914000e-02
-3.74811000 3.59257000e-02
-3.71811000 3.47911000e-02
-3.68811000 3.42893000e-02
-3.65811000 3.47076000e-02
-3.62811000 3.57885000e-02
-3.59811000 3.79096000e-02
-3.56811000 4.15457000e-02
-3.53811000 4.59593000e-02
-3.50811000 5.06829000e-02
-3.47811000 5.47324000e-02
-3.44811000 6.12503000e-02
-3.41811000 6.92220000e-02
-3.38811000 7.21630000e-02
-3.35811000 7.59803000e-02
-3.32811000 8.44664000e-02
-3.29811000 1.00076000e-01
-3.26811000 1.16317000e-01
-3.23811000 1.21729000e-01
-3.20811000 1.19930000e-01
-3.17811000 1.27339000e-01
-3.14811000 1.47855000e-01
-3.11811000 1.63609000e-01
-3.08811000 1.62845000e-01
-3.05811000 1.44515000e-01
-3.02811000 1.26604000e-01
-2.99811000 1.19728000e-01
-2.96811000 1.16486000e-01
-2.93811000 1.15931000e-01
-2.90811000 1.20863000e-01
-2.87811000 1.38631000e-01
-2.84811000 1.74133000e-01
-2.81811000 2.29828000e-01
-2.78811000 2.98443000e-01
-2.75811000 3.26502000e-01
-2.70799000 3.59999000e-01
-2.67799000 3.79062000e-01
-2.64799000 3.40083000e-01
-2.61799000 2.98153000e-01
-2.58799000 2.83410000e-01
-2.55799000 3.04500000e-01
-2.52799000 3.47885000e-01
-2.49799000 3.81380000e-01
-2.46799000 3.72152000e-01
-2.43799000 3.76969000e-01
-2.40799000 3.69112000e-01
-2.37799000 3.36686000e-01
-2.34799000 3.23777000e-01
-2.31799000 3.07114000e-01
-2.28799000 3.01943000e-01
-2.25799000 3.18300000e-01
-2.22799000 3.38475000e-01
-2.19799000 3.73437000e-01
-2.16799000 4.10750000e-01
-2.13799000 4.36287000e-01
-2.10799000 4.59348000e-01
-2.07799000 4.87671000e-01
-2.04799000 5.15298000e-01
-2.01799000 5.74887000e-01
-1.98799000 6.95318000e-01
-1.95799000 8.70692000e-01
-1.92799000 1.07698000e+00
-1.89799000 1.27861000e+00
-1.86799000 1.46137000e+00
-1.83799000 1.49321000e+00
-1.80799000 1.61299000e+00
-1.77799000 2.00719000e+00
-1.74799000 2.70451000e+00
-1.71799000 3.98137000e+00
-1.68799000 6.60730000e+00
-1.65799000 1.16742000e+01
-1.62799000 1.68206000e+01
-1.59799000 1.36265000e+01
-1.56799000 8.00616000e+00
-1.53799000 4.70539000e+00
-1.50799000 2.97077000e+00
-1.47799000 2.04971000e+00
-1.44799000 1.54221000e+00
-1.41799000 1.23379000e+00
-1.38799000 1.03222000e+00
-1.35799000 9.50705000e-01
-1.32799000 9.42070000e-01
-1.29799000 9.52370000e-01
-1.26799000 8.50916000e-01
-1.23799000 6.32699000e-01
-1.20799000 4.79676000e-01
-1.17799000 3.93829000e-01
-1.14799000 3.43814000e-01
-1.11799000 3.05734000e-01
-1.08799000 2.83633000e-01
-1.05799000 2.74328000e-01
-1.02799000 2.55613000e-01
-0.99798600 2.24740000e-01
-0.94785800 1.90962000e-01
-0.91785800 1.89472000e-01
-0.88785800 1.86448000e-01
-0.85785800 1.66654000e-01
-0.82785800 1.47408000e-01
-0.79785800 1.38775000e-01
-0.76785800 1.37970000e-01
-0.73785800 1.42613000e-01
-0.70785800 1.44616000e-01
-0.67785800 1.36112000e-01
-0.64785800 1.33087000e-01
-0.61785800 1.46040000e-01
-0.58785800 1.82146000e-01
-0.55785800 2.39520000e-01
-0.52785800 2.44771000e-01
-0.49785800 1.89921000e-01
-0.46785800 1.42923000e-01
-0.43785800 1.15638000e-01
-0.40785800 9.98014000e-02
-0.37785800 9.17782000e-02
-0.34785800 8.98616000e-02
-0.31785800 9.32460000e-02
-0.28785800 1.01112000e-01
-0.25785800 1.12188000e-01
-0.22785800 1.29265000e-01
-0.19785800 1.31381000e-01
-0.16785800 1.07116000e-01
-0.13785800 8.94240000e-02
-0.10785800 7.95868000e-02
-0.07785780 7.23772000e-02
-0.04785780 6.79895000e-02
-0.01785780 6.59377000e-02
0.01214220 6.51515000e-02
0.04214220 6.41257000e-02
0.07214220 6.33978000e-02
0.10214200 6.39637000e-02
0.13214200 6.58146000e-02
0.16214200 6.91451000e-02
0.19214200 7.56731000e-02
0.22214200 8.37826000e-02
0.25214200 8.47129000e-02
0.28214200 8.15040000e-02
0.31214200 7.89882000e-02
0.34214200 7.75125000e-02
0.37214200 7.66409000e-02
0.40214200 7.80422000e-02
0.43214200 8.20653000e-02
0.46214200 9.07817000e-02
0.49214200 1.04807000e-01
0.52214200 1.13165000e-01
0.55214200 1.11530000e-01
0.58214200 1.03179000e-01
0.61214200 9.78207000e-02
0.64214200 9.94025000e-02
0.67214200 1.04243000e-01
0.70214200 1.13545000e-01
0.73214200 1.31488000e-01
0.76214200 1.49347000e-01
