# E(MeV)  S_NSDRNSDR(K=0) for Dy171_DDPCX
-4.63675000 -2.98039000e-02
-4.60675000 -2.85312000e-02
-4.57675000 -2.72679000e-02
-4.54675000 -2.60126000e-02
-4.51675000 -2.47639000e-02
-4.48675000 -2.35206000e-02
-4.45675000 -2.22812000e-02
-4.42675000 -2.10445000e-02
-4.39675000 -1.98089000e-02
-4.36675000 -1.85730000e-02
-4.33675000 -1.73353000e-02
-4.30675000 -1.60944000e-02
-4.27675000 -1.48484000e-02
-4.24675000 -1.35958000e-02
-4.21675000 -1.23348000e-02
-4.18675000 -1.10635000e-02
-4.15675000 -9.77981000e-03
-4.12675000 -8.48171000e-03
-4.09184000 -6.95027000e-03
-4.06184000 -5.61281000e-03
-4.03184000 -4.25298000e-03
-4.00184000 -2.86781000e-03
-3.97184000 -1.45401000e-03
-3.94184000 -7.93763000e-06
-3.91184000 1.47447000e-03
-3.88184000 2.99778000e-03
-3.85184000 4.56721000e-03
-3.82184000 6.18873000e-03
-3.79184000 7.86926000e-03
-3.76184000 9.61694000e-03
-3.73184000 1.14414000e-02
-3.70184000 1.33544000e-02
-3.67184000 1.53702000e-02
-3.64184000 1.75065000e-02
-3.61184000 1.97861000e-02
-3.58184000 2.22385000e-02
-3.54694000 2.53618000e-02
-3.51694000 2.83420000e-02
-3.48694000 3.16791000e-02
-3.45694000 3.54915000e-02
-3.42694000 3.99598000e-02
-3.39694000 4.53729000e-02
-3.36694000 5.22176000e-02
-3.33694000 6.13651000e-02
-3.30694000 7.44900000e-02
-3.27694000 9.50751000e-02
-3.24694000 1.30920000e-01
-3.21694000 1.99334000e-01
-3.18694000 3.19515000e-01
-3.15694000 3.91386000e-01
-3.12694000 2.89777000e-01
-3.09694000 1.91818000e-01
-3.06694000 1.43473000e-01
-3.03694000 1.21600000e-01
-3.00204000 1.11505000e-01
-2.97204000 1.09475000e-01
-2.94204000 1.10964000e-01
-2.91204000 1.14832000e-01
-2.88204000 1.20527000e-01
-2.85204000 1.27794000e-01
-2.82204000 1.36550000e-01
-2.79204000 1.46824000e-01
-2.76204000 1.58729000e-01
-2.73204000 1.72455000e-01
-2.70204000 1.88269000e-01
-2.67204000 2.06526000e-01
-2.64204000 2.27689000e-01
-2.61204000 2.52361000e-01
-2.58204000 2.81324000e-01
-2.55204000 3.15610000e-01
-2.52204000 3.56589000e-01
-2.49204000 4.06115000e-01
-2.45714000 4.77926000e-01
-2.42714000 5.56073000e-01
-2.39714000 6.55116000e-01
-2.36714000 7.83237000e-01
-2.33714000 9.53035000e-01
-2.30714000 1.18470000e+00
-2.27714000 1.51214000e+00
-2.24714000 1.99568000e+00
-2.21714000 2.74998000e+00
-2.18714000 4.01054000e+00
-2.15714000 6.29548000e+00
-2.12714000 1.07070000e+01
-2.09714000 1.82135000e+01
-2.06714000 2.42442000e+01
-2.03714000 2.52824000e+01
-2.00714000 1.86741000e+01
-1.97714000 1.07273000e+01
-1.94714000 6.30634000e+00
-1.91224000 3.77879000e+00
-1.88224000 2.63206000e+00
-1.85224000 1.93841000e+00
-1.82224000 1.49146000e+00
-1.79224000 1.18918000e+00
-1.76224000 9.77350000e-01
-1.73224000 8.25397000e-01
-1.70224000 7.15395000e-01
-1.67224000 6.36750000e-01
-1.64224000 5.83627000e-01
-1.61224000 5.53945000e-01
-1.58224000 5.49621000e-01
-1.55224000 5.78588000e-01
-1.52224000 6.60520000e-01
-1.49224000 8.41743000e-01
-1.46224000 1.22914000e+00
-1.43224000 1.98551000e+00
-1.40224000 2.66495000e+00
-1.36734000 1.90962000e+00
-1.33734000 1.15600000e+00
-1.30734000 7.67834000e-01
-1.27734000 5.82786000e-01
-1.24734000 5.06244000e-01
-1.21734000 5.12428000e-01
-1.18734000 6.20049000e-01
-1.15734000 8.06409000e-01
-1.12734000 7.59004000e-01
-1.09734000 5.21877000e-01
-1.06734000 3.68588000e-01
-1.03734000 2.89356000e-01
-1.00734000 2.46570000e-01
-0.97733700 2.22186000e-01
-0.94733700 2.08259000e-01
-0.91733700 2.01139000e-01
-0.88733700 1.99133000e-01
-0.85733700 2.01571000e-01
-0.82243500 2.10019000e-01
-0.79243500 2.22823000e-01
-0.76243500 2.42221000e-01
-0.73243500 2.70861000e-01
-0.70243500 3.13709000e-01
-0.67243500 3.80515000e-01
-0.64243500 4.88478000e-01
-0.61243500 6.37965000e-01
-0.58243500 7.78497000e-01
-0.55243500 1.00565000e+00
-0.52243500 1.49331000e+00
-0.49243500 2.50009000e+00
-0.46243500 4.19542000e+00
-0.43243500 4.83827000e+00
-0.40243500 3.55358000e+00
-0.37243500 2.44008000e+00
-0.34243500 1.75139000e+00
-0.31243500 1.57685000e+00
-0.27753300 1.98914000e+00
-0.24753300 2.34705000e+00
-0.21753300 1.74974000e+00
-0.18753300 1.08427000e+00
-0.15753300 7.26144000e-01
-0.12753300 5.44416000e-01
-0.09753330 4.50424000e-01
-0.06753330 4.06327000e-01
-0.03753330 3.98418000e-01
-0.00753332 4.26987000e-01
0.02246670 5.06971000e-01
0.05246670 6.80098000e-01
0.08246670 1.04451000e+00
0.11246700 1.72522000e+00
0.14246700 2.19617000e+00
0.17246700 1.59486000e+00
0.20246700 9.52644000e-01
0.23246700 6.17725000e-01
0.26736800 4.33761000e-01
0.29736800 3.57015000e-01
0.32736800 3.18627000e-01
0.35736800 3.04328000e-01
0.38736800 3.08645000e-01
0.41736800 3.31210000e-01
0.44736800 3.76150000e-01
0.47736800 4.53832000e-01
0.50736800 5.86286000e-01
0.53736800 8.21060000e-01
0.56736800 1.26606000e+00
0.59736800 2.15860000e+00
0.62736800 3.71126000e+00
0.65736800 4.40758000e+00
0.68736800 2.94762000e+00
0.71736800 1.68402000e+00
0.74736800 1.04380000e+00
0.77736800 7.28863000e-01
