# E(MeV)  S_NSDRNSDR(K=1) for Er179_DDPCX
-6.38879000 -3.52678000e-01
-6.35879000 -2.95125000e-01
-6.32879000 -2.49948000e-01
-6.29879000 -2.13661000e-01
-6.26879000 -1.83926000e-01
-6.23879000 -1.59124000e-01
-6.20879000 -1.38109000e-01
-6.17879000 -1.20046000e-01
-6.14879000 -1.04319000e-01
-6.11879000 -9.04623000e-02
-6.08879000 -7.81181000e-02
-6.05879000 -6.70081000e-02
-6.02879000 -5.69125000e-02
-5.99879000 -4.76551000e-02
-5.96879000 -3.90931000e-02
-5.93879000 -3.11092000e-02
-5.90879000 -2.36061000e-02
-5.87879000 -1.65019000e-02
-5.84879000 -9.72671000e-03
-5.81879000 -3.22053000e-03
-5.78879000 3.06916000e-03
-5.75879000 9.18884000e-03
-5.72879000 1.51803000e-02
-5.69879000 2.10815000e-02
-5.66868000 2.69484000e-02
-5.63868000 3.27730000e-02
-5.60868000 3.86078000e-02
-5.57868000 4.44838000e-02
-5.54868000 5.04317000e-02
-5.51868000 5.64824000e-02
-5.48868000 6.26676000e-02
-5.45868000 6.90202000e-02
-5.42868000 7.55749000e-02
-5.39868000 8.23686000e-02
-5.36868000 8.94413000e-02
-5.33868000 9.68365000e-02
-5.30868000 1.04602000e-01
-5.27868000 1.12793000e-01
-5.24868000 1.21467000e-01
-5.21868000 1.30694000e-01
-5.18868000 1.40551000e-01
-5.15868000 1.51127000e-01
-5.12868000 1.62526000e-01
-5.09868000 1.74866000e-01
-5.06868000 1.88290000e-01
-5.03868000 2.02965000e-01
-5.00868000 2.19088000e-01
-4.97868000 2.36900000e-01
-4.94858000 2.56763000e-01
-4.91858000 2.78894000e-01
-4.88858000 3.03798000e-01
-4.85858000 3.32021000e-01
-4.82858000 3.64258000e-01
-4.79858000 4.01397000e-01
-4.76858000 4.44591000e-01
-4.73858000 4.95367000e-01
-4.70858000 5.55778000e-01
-4.67858000 6.28648000e-01
-4.64858000 7.17950000e-01
-4.61858000 8.29429000e-01
-4.58858000 9.71670000e-01
-4.55858000 1.15798000e+00
-4.52858000 1.40996000e+00
-4.49858000 1.76462000e+00
-4.46858000 2.28951000e+00
-4.43858000 3.11528000e+00
-4.40858000 4.48367000e+00
-4.37858000 6.75321000e+00
-4.34858000 1.09382000e+01
-4.31858000 1.90016000e+01
-4.28858000 2.66857000e+01
-4.25858000 2.08684000e+01
-4.22847000 1.22805000e+01
-4.19847000 7.74269000e+00
-4.16847000 5.65774000e+00
-4.13847000 4.80446000e+00
-4.10847000 4.69709000e+00
-4.07847000 5.23352000e+00
-4.04847000 6.59841000e+00
-4.01847000 9.40073000e+00
-3.98847000 1.51317000e+01
-3.95847000 2.63528000e+01
-3.92847000 3.83660000e+01
-3.89847000 3.15289000e+01
-3.86847000 1.92038000e+01
-3.83847000 1.32058000e+01
-3.80847000 1.21357000e+01
-3.77847000 1.36588000e+01
-3.74847000 1.17283000e+01
-3.71847000 7.39642000e+00
-3.68847000 4.68101000e+00
-3.65847000 3.22214000e+00
-3.62847000 2.38208000e+00
-3.59847000 1.85479000e+00
-3.56847000 1.49981000e+00
-3.53847000 1.24773000e+00
-3.50837000 1.06068000e+00
-3.47837000 9.18437000e-01
-3.44837000 8.07060000e-01
-3.41837000 7.18077000e-01
-3.38837000 6.45807000e-01
-3.35837000 5.86308000e-01
-3.32837000 5.36774000e-01
-3.29837000 4.95150000e-01
-3.26837000 4.59907000e-01
-3.23837000 4.29883000e-01
-3.20837000 4.04182000e-01
-3.17837000 3.82108000e-01
-3.14837000 3.63106000e-01
-3.11837000 3.46740000e-01
-3.08837000 3.32655000e-01
-3.05837000 3.20567000e-01
-3.02837000 3.10246000e-01
-2.99837000 3.01505000e-01
-2.96837000 2.94193000e-01
-2.93837000 2.88191000e-01
-2.90837000 2.83403000e-01
-2.87837000 2.79756000e-01
-2.84837000 2.77198000e-01
-2.81837000 2.75694000e-01
-2.78826000 2.75227000e-01
-2.75826000 2.75802000e-01
-2.72826000 2.77434000e-01
-2.69826000 2.80161000e-01
-2.66826000 2.84043000e-01
-2.63826000 2.89164000e-01
-2.60826000 2.95637000e-01
-2.57826000 3.03613000e-01
-2.54826000 3.13287000e-01
-2.51826000 3.24911000e-01
-2.48826000 3.38814000e-01
-2.45826000 3.55424000e-01
-2.42826000 3.75308000e-01
-2.39826000 3.99222000e-01
-2.36826000 4.28194000e-01
-2.33826000 4.63646000e-01
-2.30826000 5.07592000e-01
-2.27826000 5.62958000e-01
-2.24826000 6.34127000e-01
-2.21826000 7.27900000e-01
-2.18826000 8.55285000e-01
-2.15826000 1.03499000e+00
-2.12826000 1.30076000e+00
-2.09826000 1.71776000e+00
-2.06815000 2.42535000e+00
-2.03815000 3.72543000e+00
-2.00815000 6.29700000e+00
-1.97815000 1.08392000e+01
-1.94815000 1.32829000e+01
-1.91815000 9.17889000e+00
-1.88815000 5.39086000e+00
-1.85815000 3.49161000e+00
-1.82815000 2.61018000e+00
-1.79815000 2.26366000e+00
-1.76815000 2.26700000e+00
-1.73815000 2.38449000e+00
-1.70815000 2.52302000e+00
-1.67815000 3.11298000e+00
-1.64815000 4.15627000e+00
-1.61815000 4.15998000e+00
-1.58815000 3.23501000e+00
-1.55815000 2.77149000e+00
-1.52815000 2.78529000e+00
-1.49815000 3.16281000e+00
-1.46815000 3.86325000e+00
-1.43815000 4.80194000e+00
-1.40815000 6.36016000e+00
-1.37815000 9.31722000e+00
-1.34805000 1.51600000e+01
-1.31805000 2.67073000e+01
-1.28805000 4.27659000e+01
-1.25805000 4.33845000e+01
-1.22805000 2.82000000e+01
-1.19805000 1.60256000e+01
-1.16805000 9.68584000e+00
-1.13805000 6.40852000e+00
-1.10805000 4.58284000e+00
-1.07805000 3.49503000e+00
-1.04805000 2.81997000e+00
-1.01805000 2.39029000e+00
-0.98804800 2.10086000e+00
-0.95804800 1.92738000e+00
-0.92804800 1.86678000e+00
-0.89804800 1.92394000e+00
-0.86804800 2.13456000e+00
-0.83804800 2.59263000e+00
-0.80804800 3.51953000e+00
-0.77804800 5.39738000e+00
-0.74804800 8.68362000e+00
-0.71804800 1.15905000e+01
-0.68804800 1.12636000e+01
-0.65804800 7.46349000e+00
-0.62794200 4.54740000e+00
-0.59794200 3.11168000e+00
-0.56794200 2.47406000e+00
-0.53794200 2.32907000e+00
-0.50794200 2.66082000e+00
-0.47794200 3.37995000e+00
-0.44794200 3.29893000e+00
-0.41794200 2.46450000e+00
-0.38794200 2.02130000e+00
-0.35794200 2.02969000e+00
-0.32794200 2.49557000e+00
-0.29794200 3.47661000e+00
-0.26794200 4.15323000e+00
-0.23794200 4.37550000e+00
-0.20794200 5.44828000e+00
-0.17794200 5.45132000e+00
-0.14794200 3.58730000e+00
-0.11794200 2.24268000e+00
-0.08794220 1.55937000e+00
-0.05794220 1.20996000e+00
-0.02794220 1.03149000e+00
0.00205784 9.63054000e-01
0.03205780 9.83959000e-01
0.06205780 1.00616000e+00
0.09216390 9.76433000e-01
0.12216400 1.01036000e+00
0.15216400 9.88939000e-01
0.18216400 8.96980000e-01
0.21216400 8.67492000e-01
0.24216400 9.05699000e-01
0.27216400 1.00858000e+00
0.30216400 1.19963000e+00
0.33216400 1.52897000e+00
0.36216400 1.99658000e+00
0.39216400 2.64350000e+00
0.42216400 3.96357000e+00
0.45216400 5.80093000e+00
0.48216400 5.54280000e+00
0.51216400 4.01047000e+00
0.54216400 3.34755000e+00
0.57216400 3.55989000e+00
0.60216400 4.70139000e+00
0.63216400 7.36767000e+00
0.66216400 1.17955000e+01
0.69216400 1.26656000e+01
0.72216400 8.38742000e+00
0.75216400 5.33889000e+00
0.78216400 3.98346000e+00
