# E(MeV)  S_NSDRNSDR(K=0) for Es275_DDPCX
-4.95610000 1.50962000e-01
-4.92610000 1.57364000e-01
-4.89610000 1.63840000e-01
-4.86610000 1.70400000e-01
-4.83610000 1.77056000e-01
-4.80610000 1.83821000e-01
-4.77610000 1.90708000e-01
-4.74610000 1.97729000e-01
-4.71610000 2.04899000e-01
-4.68610000 2.12234000e-01
-4.65610000 2.19750000e-01
-4.62610000 2.27467000e-01
-4.59610000 2.35403000e-01
-4.56610000 2.43580000e-01
-4.53610000 2.52021000e-01
-4.50610000 2.60754000e-01
-4.47610000 2.69807000e-01
-4.44610000 2.79212000e-01
-4.41610000 2.89005000e-01
-4.37926000 3.01621000e-01
-4.34926000 3.12430000e-01
-4.31926000 3.23777000e-01
-4.28926000 3.35720000e-01
-4.25926000 3.48327000e-01
-4.22926000 3.61676000e-01
-4.19926000 3.75857000e-01
-4.16926000 3.90973000e-01
-4.13926000 4.07143000e-01
-4.10926000 4.24507000e-01
-4.07926000 4.43231000e-01
-4.04926000 4.63508000e-01
-4.01926000 4.85569000e-01
-3.98926000 5.09690000e-01
-3.95926000 5.36205000e-01
-3.92926000 5.65518000e-01
-3.89926000 5.98125000e-01
-3.86926000 6.34637000e-01
-3.83926000 6.75819000e-01
-3.80242000 7.34212000e-01
-3.77242000 7.89658000e-01
-3.74242000 8.53977000e-01
-3.71242000 9.29383000e-01
-3.68242000 1.01883000e+00
-3.65242000 1.12635000e+00
-3.62242000 1.25749000e+00
-3.59242000 1.42017000e+00
-3.56242000 1.62586000e+00
-3.53242000 1.89177000e+00
-3.50242000 2.24458000e+00
-3.47242000 2.72733000e+00
-3.44242000 3.41284000e+00
-3.41242000 4.43139000e+00
-3.38242000 6.03216000e+00
-3.35242000 8.72930000e+00
-3.32242000 1.36665000e+01
-3.29242000 2.34244000e+01
-3.26242000 4.16904000e+01
-3.22559000 5.57065000e+01
-3.19559000 3.70337000e+01
-3.16559000 2.07348000e+01
-3.13559000 1.23806000e+01
-3.10559000 8.11013000e+00
-3.07559000 5.74442000e+00
-3.04559000 4.32768000e+00
-3.01559000 3.42391000e+00
-2.98559000 2.81822000e+00
-2.95559000 2.39653000e+00
-2.92559000 2.09434000e+00
-2.89559000 1.87314000e+00
-2.86559000 1.70893000e+00
-2.83559000 1.58616000e+00
-2.80559000 1.49446000e+00
-2.77559000 1.42678000e+00
-2.74559000 1.37818000e+00
-2.71559000 1.34523000e+00
-2.68559000 1.32551000e+00
-2.64875000 1.31704000e+00
-2.61875000 1.32173000e+00
-2.58875000 1.33627000e+00
-2.55875000 1.36054000e+00
-2.52875000 1.39484000e+00
-2.49875000 1.43986000e+00
-2.46875000 1.49675000e+00
-2.43875000 1.56721000e+00
-2.40875000 1.65371000e+00
-2.37875000 1.75970000e+00
-2.34875000 1.89003000e+00
-2.31875000 2.05165000e+00
-2.28875000 2.25469000e+00
-2.25875000 2.51429000e+00
-2.22875000 2.85392000e+00
-2.19875000 3.31141000e+00
-2.16875000 3.95099000e+00
-2.13875000 4.88832000e+00
-2.10875000 6.34701000e+00
-2.07191000 9.58145000e+00
-2.04191000 1.47979000e+01
-2.01191000 2.50227000e+01
-1.98191000 4.01094000e+01
-1.95191000 4.04482000e+01
-1.92191000 2.66404000e+01
-1.89191000 1.82753000e+01
-1.86191000 1.58450000e+01
-1.83191000 1.77002000e+01
-1.80191000 2.14223000e+01
-1.77191000 2.16503000e+01
-1.74191000 2.36969000e+01
-1.71191000 3.34909000e+01
-1.68191000 4.89689000e+01
-1.65191000 4.70231000e+01
-1.62191000 3.40557000e+01
-1.59191000 3.02848000e+01
-1.56191000 3.01701000e+01
-1.53191000 2.21615000e+01
-1.49508000 1.32299000e+01
-1.46508000 9.73625000e+00
-1.43508000 8.06136000e+00
-1.40508000 7.42183000e+00
-1.37508000 7.49617000e+00
-1.34508000 8.36225000e+00
-1.31508000 1.06615000e+01
-1.28508000 1.55493000e+01
-1.25508000 2.20180000e+01
-1.22508000 2.25303000e+01
-1.19508000 2.17321000e+01
-1.16508000 2.05409000e+01
-1.13508000 1.58510000e+01
-1.10508000 1.35202000e+01
-1.07508000 1.26174000e+01
-1.04508000 1.00142000e+01
-1.01508000 7.79317000e+00
-0.98507600 6.79076000e+00
-0.95507600 6.59702000e+00
-0.91824000 7.22703000e+00
-0.88824000 8.35310000e+00
-0.85824000 9.86658000e+00
-0.82824000 1.28141000e+01
-0.79824000 1.91144000e+01
-0.76824000 3.10171000e+01
-0.73824000 4.19729000e+01
-0.70824000 3.47922000e+01
-0.67824000 2.26580000e+01
-0.64824000 1.49075000e+01
-0.61824000 1.09153000e+01
-0.58824000 8.96215000e+00
-0.55824000 8.07582000e+00
-0.52824000 7.87198000e+00
-0.49824000 8.30633000e+00
-0.46824000 9.61447000e+00
-0.43824000 1.17216000e+01
-0.40824000 1.22845000e+01
-0.37824000 1.10287000e+01
-0.34140300 1.01801000e+01
-0.31140300 1.05878000e+01
-0.28140300 1.18123000e+01
-0.25140300 1.38643000e+01
-0.22140300 1.66820000e+01
-0.19140300 2.00490000e+01
-0.16140300 2.42184000e+01
-0.13140300 3.25748000e+01
-0.10140300 4.85628000e+01
-0.07140310 6.14124000e+01
-0.04140310 5.25158000e+01
-0.01140310 4.38523000e+01
0.01859690 4.44540000e+01
0.04859690 5.52389000e+01
0.07859690 8.04789000e+01
0.10859700 1.17407000e+02
0.13859700 1.32443000e+02
0.16859700 1.10230000e+02
0.19859700 8.89414000e+01
0.23543300 9.13492000e+01
0.26543300 1.17355000e+02
0.29543300 1.74399000e+02
0.32543300 2.61063000e+02
0.35543300 3.46842000e+02
0.38543300 4.88430000e+02
0.41543300 5.87221000e+02
0.44543300 4.29286000e+02
0.47543300 2.54528000e+02
0.50543300 1.54234000e+02
0.53543300 1.03786000e+02
0.56543300 7.73539000e+01
0.59543300 6.17756000e+01
0.62543300 5.15419000e+01
0.65543300 4.16687000e+01
0.68543300 3.47542000e+01
0.71543300 3.11615000e+01
0.74543300 3.00440000e+01
0.77543300 2.97386000e+01
