# E(MeV)  S_NSDRNSDR(Total=K0+2*K1) for Es275_DDPCX
-4.95610000 5.26050000e-01
-4.92610000 5.52232000e-01
-4.89610000 5.76966000e-01
-4.86610000 6.01000000e-01
-4.83610000 6.24868000e-01
-4.80610000 6.48999000e-01
-4.77610000 6.73816000e-01
-4.74610000 6.99809000e-01
-4.71610000 7.26957000e-01
-4.68610000 7.53736000e-01
-4.65610000 7.81250000e-01
-4.62610000 8.11015000e-01
-4.59610000 8.43211000e-01
-4.56610000 8.78034000e-01
-4.53610000 9.15843000e-01
-4.50610000 9.57112000e-01
-4.47610000 1.00238300e+00
-4.44610000 1.05222200e+00
-4.41610000 1.10777900e+00
-4.37926000 1.18966900e+00
-4.34926000 1.26934800e+00
-4.31926000 1.36152700e+00
-4.28926000 1.47037000e+00
-4.25926000 1.60175100e+00
-4.22926000 1.76387400e+00
-4.19926000 1.96881700e+00
-4.16926000 2.23512700e+00
-4.13926000 2.59252300e+00
-4.10926000 3.09096700e+00
-4.07926000 3.81911100e+00
-4.04926000 4.94526800e+00
-4.01926000 6.81358900e+00
-3.98926000 1.01842900e+01
-3.95926000 1.67833850e+01
-3.92926000 2.93881180e+01
-3.89926000 4.17485250e+01
-3.86926000 3.29232370e+01
-3.83926000 1.91180190e+01
-3.80242000 1.04399120e+01
-3.77242000 7.19475800e+00
-3.74242000 5.44777700e+00
-3.71242000 4.44754300e+00
-3.68242000 3.85569000e+00
-3.65242000 3.50935000e+00
-3.62242000 3.32611000e+00
-3.59242000 3.26441000e+00
-3.56242000 3.30631800e+00
-3.53242000 3.45075400e+00
-3.50242000 3.71256400e+00
-3.47242000 4.12687600e+00
-3.44242000 4.76107600e+00
-3.41242000 5.74161200e+00
-3.38242000 7.31491400e+00
-3.35242000 9.99312000e+00
-3.32242000 1.49184320e+01
-3.29242000 2.46703720e+01
-3.26242000 4.29355020e+01
-3.22559000 5.69565720e+01
-3.19559000 3.82921800e+01
-3.16559000 2.20052360e+01
-3.13559000 1.36663020e+01
-3.10559000 9.41424200e+00
-3.07559000 7.06998800e+00
-3.04559000 5.67770600e+00
-3.01559000 4.80140800e+00
-2.98559000 4.22626200e+00
-2.95559000 3.83830200e+00
-2.92559000 3.57318600e+00
-2.89559000 3.39262600e+00
-2.86559000 3.27290800e+00
-2.83559000 3.19884400e+00
-2.80559000 3.16051800e+00
-2.77559000 3.15145000e+00
-2.74559000 3.16741400e+00
-2.71559000 3.20588600e+00
-2.68559000 3.26560600e+00
-2.64875000 3.36790000e+00
-2.61875000 3.47601000e+00
-2.58875000 3.60885000e+00
-2.55875000 3.77028000e+00
-2.52875000 3.96616000e+00
-2.49875000 4.20538000e+00
-2.46875000 4.50155000e+00
-2.43875000 4.87605000e+00
-2.40875000 5.36403000e+00
-2.37875000 6.02650000e+00
-2.34875000 6.97655000e+00
-2.31875000 8.44127000e+00
-2.28875000 1.09132500e+01
-2.25875000 1.54788500e+01
-2.22875000 2.37547200e+01
-2.19875000 3.26438100e+01
-2.16875000 2.95347900e+01
-2.13875000 2.16344200e+01
-2.10875000 1.77741100e+01
-2.07191000 1.81163500e+01
-2.04191000 2.23824800e+01
-2.01191000 3.22774400e+01
-1.98191000 4.74184200e+01
-1.95191000 4.81065600e+01
-1.92191000 3.49357000e+01
-1.89191000 2.75304400e+01
-1.86191000 2.63706000e+01
-1.83191000 2.99701600e+01
-1.80191000 3.63857800e+01
-1.77191000 4.10051200e+01
-1.74191000 5.06327000e+01
-1.71191000 7.33329000e+01
-1.68191000 1.05515100e+02
-1.65191000 1.14301500e+02
-1.62191000 1.15442700e+02
-1.59191000 1.42949800e+02
-1.56191000 1.51951900e+02
-1.53191000 1.10425100e+02
-1.49508000 7.86819000e+01
-1.46508000 7.97998500e+01
-1.43508000 1.03784760e+02
-1.40508000 1.38551630e+02
-1.37508000 1.27962770e+02
-1.34508000 9.11382500e+01
-1.31508000 7.42233000e+01
-1.28508000 7.66563000e+01
-1.25508000 9.23922000e+01
-1.22508000 1.14974100e+02
-1.19508000 1.51409300e+02
-1.16508000 1.77730300e+02
-1.13508000 2.05737600e+02
-1.10508000 2.12939200e+02
-1.07508000 1.93905000e+02
-1.04508000 2.19206200e+02
-1.01508000 2.48597170e+02
-0.98507600 1.83413360e+02
-0.95507600 1.13816020e+02
-0.91824000 7.26358300e+01
-0.88824000 5.88033000e+01
-0.85824000 5.39609800e+01
-0.82824000 5.67109000e+01
-0.79824000 6.96514000e+01
-0.76824000 9.69617000e+01
-0.73824000 1.27184500e+02
-0.70824000 1.39239400e+02
-0.67824000 1.24151400e+02
-0.64824000 9.52175000e+01
-0.61824000 8.41943000e+01
-0.58824000 9.41181500e+01
-0.55824000 1.14608220e+02
-0.52824000 1.39371780e+02
-0.49824000 1.80202530e+02
-0.46824000 2.09409670e+02
-0.43824000 1.72162600e+02
-0.40824000 1.18445900e+02
-0.37824000 9.04949000e+01
-0.34140300 8.15623000e+01
-0.31140300 8.88980000e+01
-0.28140300 1.08365300e+02
-0.25140300 1.45894300e+02
-0.22140300 1.99390600e+02
-0.19140300 2.66691000e+02
-0.16140300 3.70856400e+02
-0.13140300 4.06472800e+02
-0.10140300 3.37958800e+02
-0.07140310 2.76882400e+02
-0.04140310 2.21858600e+02
-0.01140310 1.92650700e+02
0.01859690 1.78501200e+02
0.04859690 1.61562100e+02
0.07859690 1.64330900e+02
0.10859700 1.96041400e+02
0.13859700 2.24860800e+02
0.16859700 2.34062600e+02
0.19859700 2.21990400e+02
0.23543300 2.01765400e+02
0.26543300 2.15162000e+02
0.29543300 2.60589200e+02
0.32543300 3.46341000e+02
0.35543300 4.47093600e+02
0.38543300 6.32115400e+02
0.41543300 8.01285000e+02
0.44543300 6.64040000e+02
0.47543300 4.67758000e+02
0.50543300 3.53882400e+02
0.53543300 2.63643400e+02
0.56543300 2.16916500e+02
0.59543300 2.21594800e+02
0.62543300 2.49166900e+02
0.65543300 2.63706700e+02
0.68543300 2.31134200e+02
0.71543300 2.02872100e+02
0.74543300 1.91441200e+02
0.77543300 1.50471200e+02
