# E(MeV)  S_NSDRNSDR(Total=K0+2*K1) for Es285_DDPCX
-8.60300000 2.15074000e+00
-8.57300000 8.17084000e+00
-8.54300000 6.71905000e+00
-8.51300000 2.89412800e+00
-8.48300000 6.42671000e-01
-8.45300000 -6.00079000e-01
-8.42300000 -1.42575900e+00
-8.39300000 -2.11302100e+00
-8.36300000 -2.80504200e+00
-8.33300000 -3.60133750e+00
-8.30300000 -4.60226920e+00
-8.27300000 -5.94267080e+00
-8.24300000 -7.83661860e+00
-8.21300000 -1.06610775e+01
-8.18300000 -1.51381815e+01
-8.15300000 -2.27705724e+01
-8.12300000 -3.69246199e+01
-8.09300000 -6.50581120e+01
-8.06300000 -1.15301139e+02
-8.03300000 -1.45253921e+02
-8.00300000 -1.02220901e+02
-7.97300000 -5.71397030e+01
-7.94300000 -3.29583760e+01
-7.91300000 -2.06579836e+01
-7.88300000 -1.39069134e+01
-7.85300000 -9.88293720e+00
-7.82300000 -7.31468170e+00
-7.79300000 -5.58305450e+00
-7.76300000 -4.36272460e+00
-7.73300000 -3.47101300e+00
-7.70300000 -2.79954100e+00
-7.66147000 -2.11253800e+00
-7.63147000 -1.73680900e+00
-7.60147000 -1.43257300e+00
-7.57147000 -1.18229900e+00
-7.54147000 -9.73492000e-01
-7.51147000 -7.97046000e-01
-7.48147000 -6.46209000e-01
-7.45147000 -5.15891000e-01
-7.42147000 -4.02185000e-01
-7.39147000 -3.02063000e-01
-7.36147000 -2.13141000e-01
-7.33147000 -1.33526000e-01
-7.30147000 -6.16940000e-02
-7.27147000 3.59120000e-03
-7.24147000 6.33434000e-02
-7.21147000 1.18400600e-01
-7.18147000 1.69461600e-01
-7.15147000 2.17112140e-01
-7.12147000 2.61853000e-01
-7.09147000 3.04107200e-01
-7.06147000 3.44243400e-01
-7.03147000 3.82579800e-01
-7.00147000 4.19396800e-01
-6.97147000 4.54941000e-01
-6.94147000 4.89436000e-01
-6.91147000 5.23079000e-01
-6.88147000 5.56055000e-01
-6.85147000 5.88532000e-01
-6.82147000 6.20673000e-01
-6.79147000 6.52623000e-01
-6.76147000 6.84532000e-01
-6.71995000 7.28898000e-01
-6.68995000 7.61281000e-01
-6.65995000 7.94102000e-01
-6.62995000 8.27515000e-01
-6.59995000 8.61673000e-01
-6.56995000 8.96741000e-01
-6.53995000 9.32890000e-01
-6.50995000 9.70318000e-01
-6.47995000 1.00923300e+00
-6.44995000 1.04986700e+00
-6.41995000 1.09248200e+00
-6.38995000 1.13737300e+00
-6.35995000 1.18487200e+00
-6.32995000 1.23537800e+00
-6.29995000 1.28934400e+00
-6.26995000 1.34732400e+00
-6.23995000 1.40997000e+00
-6.20995000 1.47792400e+00
-6.17995000 1.55176700e+00
-6.14995000 1.63274300e+00
-6.11995000 1.72234000e+00
-6.08995000 1.82214000e+00
-6.05995000 1.93410500e+00
-6.02995000 2.06075000e+00
-5.99995000 2.20532200e+00
-5.96995000 2.37207300e+00
-5.93995000 2.56666400e+00
-5.90995000 2.79681500e+00
-5.87995000 3.07335000e+00
-5.84995000 3.41189000e+00
-5.81995000 3.83597400e+00
-5.77842000 4.63752000e+00
-5.74842000 5.46677000e+00
-5.71842000 6.66175000e+00
-5.68842000 8.50779000e+00
-5.65842000 1.15241200e+01
-5.62842000 1.62414400e+01
-5.59842000 2.15792300e+01
-5.56842000 2.78173100e+01
-5.53842000 3.48744400e+01
-5.50842000 4.16256700e+01
-5.47842000 4.88113900e+01
-5.44842000 5.58887200e+01
-5.41842000 6.33837900e+01
-5.38842000 7.10691000e+01
-5.35842000 8.05490000e+01
-5.32842000 9.57717000e+01
-5.29842000 1.00896700e+02
-5.26842000 9.28993000e+01
-5.23842000 8.90806000e+01
-5.20842000 6.26586800e+01
-5.17842000 3.76715400e+01
-5.14842000 2.41083600e+01
-5.11842000 1.69120300e+01
-5.08842000 1.28365100e+01
-5.05842000 1.04558200e+01
-5.02842000 9.14922000e+00
-4.99842000 8.40151000e+00
-4.96842000 7.73250000e+00
-4.93842000 6.99088000e+00
-4.90842000 6.41625000e+00
-4.87842000 5.90373000e+00
-4.83689000 5.33047000e+00
-4.80689000 4.96296000e+00
-4.77689000 4.62701000e+00
-4.74689000 4.24979000e+00
-4.71689000 3.86677000e+00
-4.68689000 3.57508000e+00
-4.65689000 3.38894000e+00
-4.62689000 3.27062000e+00
-4.59689000 3.19383000e+00
-4.56689000 3.14611000e+00
-4.53689000 3.12254000e+00
-4.50689000 3.11834800e+00
-4.47689000 3.11848000e+00
-4.44689000 3.12070000e+00
-4.41689000 3.13678000e+00
-4.38689000 3.17517000e+00
-4.35689000 3.23878000e+00
-4.32689000 3.31705000e+00
-4.29689000 3.39641000e+00
-4.26689000 3.47578000e+00
-4.23689000 3.59385000e+00
-4.20689000 3.72523000e+00
-4.17689000 3.73946000e+00
-4.14689000 3.74409000e+00
-4.11689000 3.80285000e+00
-4.08689000 3.90007000e+00
-4.05689000 4.02472000e+00
-4.02689000 4.17365000e+00
-3.99689000 4.34795000e+00
-3.96689000 4.55140000e+00
-3.93689000 4.78830000e+00
-3.89537000 5.18214000e+00
-3.86537000 5.53623000e+00
-3.83537000 5.97376000e+00
-3.80537000 6.52884000e+00
-3.77537000 7.25876000e+00
-3.74537000 8.26486000e+00
-3.71537000 9.73936000e+00
-3.68537000 1.20768600e+01
-3.65537000 1.61517400e+01
-3.62537000 2.39002000e+01
-3.59537000 3.76221000e+01
-3.56537000 4.71073000e+01
-3.53537000 3.80733000e+01
-3.50537000 2.76851200e+01
-3.47537000 2.14895000e+01
-3.44537000 1.90979600e+01
-3.41537000 1.91798200e+01
-3.38537000 2.11911200e+01
-3.35537000 2.54471200e+01
-3.32537000 3.29592000e+01
-3.29537000 4.52157000e+01
-3.26537000 6.14194000e+01
-3.23537000 7.84921000e+01
-3.20537000 1.06722700e+02
-3.17537000 1.63659200e+02
-3.14537000 2.31846600e+02
-3.11537000 2.14588100e+02
-3.08537000 1.33278700e+02
-3.05537000 7.97320000e+01
-3.02537000 5.29614000e+01
-2.99537000 3.92474000e+01
-2.95384000 2.98293400e+01
-2.92384000 2.64469000e+01
-2.89384000 2.47542300e+01
-2.86384000 2.42611600e+01
-2.83384000 2.47625100e+01
-2.80384000 2.62079000e+01
-2.77384000 2.86875000e+01
-2.74384000 3.25987000e+01
-2.71384000 3.82904000e+01
-2.68384000 4.68932000e+01
-2.65384000 5.99129000e+01
-2.62384000 7.96137000e+01
-2.59384000 1.05833300e+02
-2.56384000 1.42224500e+02
-2.53384000 1.81611400e+02
-2.50384000 2.29549100e+02
-2.47384000 2.86848600e+02
-2.44384000 3.71757200e+02
-2.41384000 5.08684000e+02
-2.38384000 6.06229000e+02
-2.35384000 6.10516000e+02
-2.32384000 4.23018900e+02
-2.29384000 2.47368500e+02
-2.26384000 1.53785800e+02
-2.23384000 1.05282100e+02
-2.20384000 7.82751000e+01
-2.17384000 6.21989000e+01
-2.14384000 5.22012000e+01
-2.11384000 4.58911000e+01
-2.08384000 4.20190000e+01
-2.05384000 3.99156000e+01
-2.01231000 3.93258000e+01
-1.98231000 4.04456000e+01
-1.95231000 4.29911000e+01
-1.92231000 4.73504000e+01
-1.89231000 5.43149000e+01
-1.86231000 6.54816000e+01
-1.83231000 8.41595000e+01
-1.80231000 1.15881500e+02
-1.77231000 1.58187500e+02
-1.74231000 1.97511100e+02
-1.71231000 2.66615600e+02
-1.68231000 3.98087000e+02
-1.65231000 5.89097000e+02
-1.62231000 7.14995000e+02
-1.59231000 6.23447000e+02
-1.56231000 4.31558000e+02
-1.53231000 3.35836000e+02
-1.50231000 3.44107600e+02
-1.47231000 3.65980200e+02
-1.44231000 3.19331600e+02
-1.41231000 2.19804500e+02
-1.38231000 1.44781900e+02
-1.35231000 1.04205500e+02
-1.32231000 8.28201000e+01
-1.29231000 7.07278000e+01
-1.26231000 6.33504000e+01
-1.23231000 5.91856000e+01
-1.20231000 5.78457000e+01
-1.17231000 5.90183000e+01
-1.14231000 6.28165000e+01
-1.11231000 7.00452000e+01
-1.07078000 8.97161000e+01
-1.04078000 1.17675000e+02
-1.01078000 1.68991800e+02
-0.98078400 2.49766200e+02
-0.95078400 3.01494400e+02
-0.92078400 2.57429800e+02
-0.89078400 2.01949400e+02
-0.86078400 1.81825400e+02
-0.83078400 1.88030700e+02
-0.80078400 2.12090600e+02
-0.77078400 2.55055500e+02
-0.74078400 3.20079000e+02
-0.71078400 3.98421000e+02
-0.68078400 5.16291000e+02
-0.65078400 7.27942000e+02
-0.62078400 1.14252600e+03
-0.59078400 1.88171800e+03
-0.56078400 2.81636700e+03
-0.53078400 3.06296600e+03
-0.50078400 2.15550100e+03
-0.47078400 1.33636700e+03
-0.44078400 9.04244000e+02
-0.41078400 6.28869000e+02
-0.38078400 4.69815000e+02
-0.35078400 3.67497000e+02
-0.32078400 2.79766800e+02
-0.29078400 2.08078800e+02
-0.26078400 1.60222300e+02
-0.23078400 1.29297300e+02
-0.20078400 1.06997100e+02
-0.17078400 8.98793000e+01
-0.12925700 7.36445000e+01
-0.09925700 6.53302000e+01
-0.06925700 5.92119000e+01
-0.03925700 5.47442000e+01
-0.00925701 5.11567000e+01
0.02074300 4.89016000e+01
0.05074300 4.61443000e+01
0.08074300 4.18195000e+01
0.11074300 3.86298000e+01
0.14074300 3.70003000e+01
0.17074300 3.65882000e+01
0.20074300 3.69116000e+01
0.23074300 3.79791000e+01
0.26074300 4.01157000e+01
0.29074300 4.25301000e+01
0.32074300 4.47109000e+01
0.35074300 4.82496000e+01
0.38074300 5.40152000e+01
0.41074300 6.13042000e+01
0.44074300 6.91089000e+01
0.47074300 8.08137000e+01
0.50074300 1.00203600e+02
0.53074300 1.32950400e+02
0.56074300 1.90343900e+02
0.59074300 2.97720300e+02
0.62074300 5.08328200e+02
0.65074300 8.67060000e+02
0.68074300 1.08512600e+03
0.71074300 8.71104000e+02
0.74074300 5.28309000e+02
0.77074300 3.06112000e+02
