# E(MeV)  S_NSDRNSDR(K=0) for Es285_DDPCX
-8.60300000 -3.29418000e+00
-8.57300000 -1.79920000e+00
-8.54300000 -1.06703000e+00
-8.51300000 -6.84192000e-01
-8.48300000 -4.64079000e-01
-8.45300000 -3.27359000e-01
-8.42300000 -2.37089000e-01
-8.39300000 -1.74603000e-01
-8.36300000 -1.29822000e-01
-8.33300000 -9.70375000e-02
-8.30300000 -7.29492000e-02
-8.27300000 -5.57308000e-02
-8.24300000 -4.46186000e-02
-8.21300000 -3.98575000e-02
-8.18300000 -4.30415000e-02
-8.15300000 -5.81724000e-02
-8.12300000 -9.44199000e-02
-8.09300000 -1.73112000e-01
-8.06300000 -3.40939000e-01
-8.03300000 -6.31121000e-01
-8.00300000 -7.20901000e-01
-7.97300000 -4.07103000e-01
-7.94300000 -1.63576000e-01
-7.91300000 -5.27836000e-02
-7.88300000 4.26655000e-03
-7.85300000 3.90628000e-02
-7.82300000 6.25383000e-02
-7.79300000 7.96255000e-02
-7.76300000 9.28554000e-02
-7.73300000 1.03627000e-01
-7.70300000 1.12759000e-01
-7.66147000 1.23602000e-01
-7.63147000 1.30541000e-01
-7.60147000 1.36953000e-01
-7.57147000 1.42967000e-01
-7.54147000 1.48678000e-01
-7.51147000 1.54158000e-01
-7.48147000 1.59459000e-01
-7.45147000 1.64623000e-01
-7.42147000 1.69683000e-01
-7.39147000 1.74665000e-01
-7.36147000 1.79593000e-01
-7.33147000 1.84484000e-01
-7.30147000 1.89356000e-01
-7.27147000 1.94222000e-01
-7.24147000 1.99096000e-01
-7.21147000 2.03990000e-01
-7.18147000 2.08915000e-01
-7.15147000 2.13880000e-01
-7.12147000 2.18898000e-01
-7.09147000 2.23976000e-01
-7.06147000 2.29126000e-01
-7.03147000 2.34357000e-01
-7.00147000 2.39680000e-01
-6.97147000 2.45105000e-01
-6.94147000 2.50642000e-01
-6.91147000 2.56303000e-01
-6.88147000 2.62101000e-01
-6.85147000 2.68046000e-01
-6.82147000 2.74155000e-01
-6.79147000 2.80439000e-01
-6.76147000 2.86916000e-01
-6.71995000 2.96232000e-01
-6.68995000 3.03239000e-01
-6.65995000 3.10502000e-01
-6.62995000 3.18045000e-01
-6.59995000 3.25893000e-01
-6.56995000 3.34075000e-01
-6.53995000 3.42620000e-01
-6.50995000 3.51566000e-01
-6.47995000 3.60951000e-01
-6.44995000 3.70819000e-01
-6.41995000 3.81222000e-01
-6.38995000 3.92215000e-01
-6.35995000 4.03862000e-01
-6.32995000 4.16242000e-01
-6.29995000 4.29446000e-01
-6.26995000 4.43588000e-01
-6.23995000 4.58802000e-01
-6.20995000 4.75148000e-01
-6.17995000 4.92625000e-01
-6.14995000 5.11563000e-01
-6.11995000 5.32258000e-01
-6.08995000 5.54948000e-01
-6.05995000 5.79931000e-01
-6.02995000 6.07580000e-01
-5.99995000 6.38364000e-01
-5.96995000 6.72867000e-01
-5.93995000 7.11828000e-01
-5.90995000 7.56195000e-01
-5.87995000 8.07210000e-01
-5.84995000 8.66530000e-01
-5.81995000 9.36434000e-01
-5.77842000 1.05698000e+00
-5.74842000 1.16841000e+00
-5.71842000 1.31031000e+00
-5.68842000 1.49889000e+00
-5.65842000 1.76386000e+00
-5.62842000 2.15622000e+00
-5.59842000 2.68805000e+00
-5.56842000 3.31971000e+00
-5.53842000 4.22944000e+00
-5.50842000 5.16907000e+00
-5.47842000 6.43019000e+00
-5.44842000 7.81792000e+00
-5.41842000 9.52219000e+00
-5.38842000 1.15925000e+01
-5.35842000 1.42480000e+01
-5.32842000 1.83383000e+01
-5.29842000 2.75341000e+01
-5.26842000 4.65475000e+01
-5.23842000 6.18440000e+01
-5.20842000 4.52927000e+01
-5.17842000 2.55833000e+01
-5.14842000 1.50794000e+01
-5.11842000 9.77767000e+00
-5.08842000 6.91847000e+00
-5.05842000 5.29960000e+00
-5.02842000 4.38556000e+00
-4.99842000 3.78807000e+00
-4.96842000 3.32476000e+00
-4.93842000 2.88876000e+00
-4.90842000 2.54451000e+00
-4.87842000 2.25049000e+00
-4.83689000 1.93553000e+00
-4.80689000 1.74576000e+00
-4.77689000 1.58899000e+00
-4.74689000 1.44985000e+00
-4.71689000 1.34325000e+00
-4.68689000 1.26856000e+00
-4.65689000 1.21554000e+00
-4.62689000 1.17710000e+00
-4.59689000 1.14953000e+00
-4.56689000 1.13109000e+00
-4.53689000 1.12142000e+00
-4.50689000 1.11838000e+00
-4.47689000 1.11320000e+00
-4.44689000 1.10968000e+00
-4.41689000 1.11388000e+00
-4.38689000 1.12647000e+00
-4.35689000 1.14994000e+00
-4.32689000 1.18783000e+00
-4.29689000 1.22347000e+00
-4.26689000 1.24110000e+00
-4.23689000 1.27859000e+00
-4.20689000 1.32503000e+00
-4.17689000 1.32706000e+00
-4.14689000 1.32625000e+00
-4.11689000 1.34655000e+00
-4.08689000 1.38185000e+00
-4.05689000 1.42800000e+00
-4.02689000 1.48391000e+00
-3.99689000 1.55019000e+00
-3.96689000 1.62852000e+00
-3.93689000 1.72046000e+00
-3.89537000 1.87610000e+00
-3.86537000 2.01901000e+00
-3.83537000 2.19848000e+00
-3.80537000 2.43028000e+00
-3.77537000 2.74102000e+00
-3.74537000 3.17802000e+00
-3.71537000 3.83146000e+00
-3.68537000 4.88714000e+00
-3.65537000 6.75822000e+00
-3.62537000 1.03671000e+01
-3.59537000 1.68815000e+01
-3.56537000 2.14889000e+01
-3.53537000 1.62483000e+01
-3.50537000 1.06612000e+01
-3.47537000 7.97288000e+00
-3.44537000 6.95324000e+00
-3.41537000 6.86026000e+00
-3.38537000 7.47810000e+00
-3.35537000 8.93368000e+00
-3.32537000 1.16684000e+01
-3.29537000 1.61271000e+01
-3.26537000 2.15786000e+01
-3.23537000 2.64033000e+01
-3.20537000 3.73711000e+01
-3.17537000 6.05918000e+01
-3.14537000 7.62516000e+01
-3.11537000 5.44281000e+01
-3.08537000 3.18779000e+01
-3.05537000 2.01686000e+01
-3.02537000 1.43574000e+01
-2.99537000 1.13340000e+01
-2.95384000 9.21834000e+00
-2.92384000 8.47412000e+00
-2.89384000 8.18751000e+00
-2.86384000 8.25224000e+00
-2.83384000 8.63343000e+00
-2.80384000 9.36362000e+00
-2.77384000 1.05536000e+01
-2.74384000 1.23295000e+01
-2.71384000 1.45866000e+01
-2.68384000 1.79610000e+01
-2.65384000 2.39709000e+01
-2.62384000 3.30773000e+01
-2.59384000 3.93169000e+01
-2.56384000 4.44413000e+01
-2.53384000 5.89848000e+01
-2.50384000 8.81079000e+01
-2.47384000 1.36011000e+02
-2.44384000 2.04454000e+02
-2.41384000 2.76400000e+02
-2.38384000 2.33687000e+02
-2.35384000 1.38170000e+02
-2.32384000 8.06709000e+01
-2.29384000 5.14321000e+01
-2.26384000 3.58596000e+01
-2.23384000 2.69101000e+01
-2.20384000 2.14353000e+01
-2.17384000 1.79427000e+01
-2.14384000 1.56714000e+01
-2.11384000 1.42103000e+01
-2.08384000 1.33292000e+01
-2.05384000 1.29008000e+01
-2.01231000 1.29438000e+01
-1.98231000 1.34162000e+01
-1.95231000 1.43083000e+01
-1.92231000 1.57246000e+01
-1.89231000 1.78517000e+01
-1.86231000 2.10244000e+01
-1.83231000 2.58631000e+01
-1.80231000 3.35827000e+01
-1.77231000 4.67269000e+01
-1.74231000 7.06277000e+01
-1.71231000 1.12655000e+02
-1.68231000 1.74147000e+02
-1.65231000 2.42023000e+02
-1.62231000 2.19637000e+02
-1.59231000 1.50027000e+02
-1.56231000 1.16748000e+02
-1.53231000 1.24916000e+02
-1.50231000 1.62686000e+02
-1.47231000 1.66304000e+02
-1.44231000 1.32158000e+02
-1.41231000 9.29239000e+01
-1.38231000 6.00417000e+01
-1.35231000 4.18585000e+01
-1.32231000 3.23551000e+01
-1.29231000 2.68970000e+01
-1.26231000 2.35046000e+01
-1.23231000 2.16802000e+01
-1.20231000 2.10311000e+01
-1.17231000 2.13691000e+01
-1.14231000 2.27439000e+01
-1.11231000 2.54808000e+01
-1.07078000 3.30775000e+01
-1.04078000 4.39886000e+01
-1.01078000 6.48528000e+01
-0.98078400 9.83992000e+01
-0.95078400 1.22439000e+02
-0.92078400 1.08590000e+02
-0.89078400 7.98284000e+01
-0.86078400 6.71166000e+01
-0.83078400 6.85059000e+01
-0.80078400 7.74244000e+01
-0.77078400 8.92011000e+01
-0.74078400 1.04389000e+02
-0.71078400 1.16299000e+02
-0.68078400 1.34085000e+02
-0.65078400 1.77686000e+02
-0.62078400 2.67352000e+02
-0.59078400 4.47380000e+02
-0.56078400 7.86487000e+02
-0.53078400 1.10779000e+03
-0.50078400 8.68327000e+02
-0.47078400 4.97397000e+02
-0.44078400 2.95422000e+02
-0.41078400 2.01109000e+02
-0.38078400 1.58945000e+02
-0.35078400 1.39243000e+02
-0.32078400 1.12377000e+02
-0.29078400 7.94656000e+01
-0.26078400 5.81695000e+01
-0.23078400 4.55577000e+01
-0.20078400 3.69721000e+01
-0.17078400 3.08575000e+01
-0.12925700 2.47685000e+01
-0.09925700 2.17354000e+01
-0.06925700 1.98199000e+01
-0.03925700 1.85756000e+01
-0.00925701 1.70141000e+01
0.02074300 1.52824000e+01
0.05074300 1.38375000e+01
0.08074300 1.26881000e+01
0.11074300 1.19024000e+01
0.14074300 1.14559000e+01
0.17074300 1.13386000e+01
0.20074300 1.14182000e+01
0.23074300 1.14947000e+01
0.26074300 1.15251000e+01
0.29074300 1.15969000e+01
0.32074300 1.19393000e+01
0.35074300 1.26162000e+01
0.38074300 1.38242000e+01
0.41074300 1.56354000e+01
0.44074300 1.77903000e+01
0.47074300 2.06289000e+01
0.50074300 2.51252000e+01
0.53074300 3.20652000e+01
0.56074300 4.32097000e+01
0.59074300 6.26963000e+01
0.62074300 9.89982000e+01
0.65074300 1.71362000e+02
0.68074300 2.98570000e+02
0.71074300 3.60134000e+02
0.74074300 2.40867000e+02
0.77074300 1.34437000e+02
