# E(MeV)  S_NSDRNSDR(Total=K0+2*K1) for Es280_DDPCX
-7.62674000 -4.01224400e+00
-7.59674000 -4.87476200e+00
-7.56674000 -6.11563000e+00
-7.53674000 -7.99050000e+00
-7.50674000 -1.10215400e+01
-7.47674000 -1.63283900e+01
-7.44674000 -2.57960600e+01
-7.41674000 -3.71276000e+01
-7.38674000 -4.05634800e+01
-7.35674000 -4.80141000e+01
-7.32674000 -7.37259400e+01
-7.29674000 -1.21358000e+02
-7.26674000 -1.34957700e+02
-7.23674000 -8.61038420e+01
-7.20674000 -4.79368260e+01
-7.17674000 -2.84950200e+01
-7.14674000 -1.84155680e+01
-7.11674000 -1.27320020e+01
-7.08674000 -9.26390600e+00
-7.05674000 -7.00665200e+00
-7.02674000 -5.45955800e+00
-6.99674000 -4.35406160e+00
-6.96674000 -3.53671760e+00
-6.93674000 -2.91504960e+00
-6.90674000 -2.43077940e+00
-6.87674000 -2.04576638e+00
-6.84674000 -1.73423530e+00
-6.81674000 -1.47826260e+00
-6.78284000 -1.24000980e+00
-6.75284000 -1.06425020e+00
-6.72284000 -9.14586600e-01
-6.69284000 -7.86402400e-01
-6.66284000 -6.76524600e-01
-6.63284000 -5.80991800e-01
-6.60284000 -4.92219400e-01
-6.57284000 -4.10551200e-01
-6.54284000 -3.38460200e-01
-6.51284000 -2.74386800e-01
-6.48284000 -2.16724800e-01
-6.45284000 -1.64366000e-01
-6.42284000 -1.16492000e-01
-6.39284000 -7.24720000e-02
-6.36284000 -3.17890000e-02
-6.33284000 5.98800000e-03
-6.30284000 4.12160000e-02
-6.27284000 7.42050000e-02
-6.24284000 1.05214000e-01
-6.21284000 1.34472000e-01
-6.18284000 1.62173000e-01
-6.15284000 1.88490000e-01
-6.12284000 2.13574600e-01
-6.09284000 2.37555100e-01
-6.06284000 2.60551200e-01
-6.03284000 2.82664000e-01
-6.00284000 3.03986400e-01
-5.97284000 3.24602300e-01
-5.93894000 3.47136040e-01
-5.90894000 3.66479520e-01
-5.87894000 3.85323600e-01
-5.84894000 4.03719800e-01
-5.81894000 4.21719500e-01
-5.78894000 4.39365800e-01
-5.75894000 4.56700800e-01
-5.72894000 4.73763100e-01
-5.69894000 4.90585000e-01
-5.66894000 5.07200200e-01
-5.63894000 5.23640400e-01
-5.60894000 5.39933000e-01
-5.57894000 5.56103000e-01
-5.54894000 5.72178000e-01
-5.51894000 5.88180000e-01
-5.48894000 6.04133000e-01
-5.45894000 6.20058000e-01
-5.42894000 6.35976000e-01
-5.39894000 6.51904000e-01
-5.36894000 6.67867000e-01
-5.33894000 6.83880000e-01
-5.30894000 6.99964000e-01
-5.27894000 7.16135000e-01
-5.24894000 7.32413000e-01
-5.21894000 7.48816000e-01
-5.18894000 7.65362000e-01
-5.15894000 7.82072000e-01
-5.12894000 7.98962000e-01
-5.09504000 8.18293000e-01
-5.06504000 8.35640000e-01
-5.03504000 8.53235000e-01
-5.00504000 8.71107000e-01
-4.97504000 8.89280000e-01
-4.94504000 9.07794000e-01
-4.91504000 9.26688000e-01
-4.88504000 9.46019000e-01
-4.85504000 9.65860000e-01
-4.82504000 9.86327000e-01
-4.79504000 1.00759500e+00
-4.76504000 1.02997500e+00
-4.73504000 1.05405900e+00
-4.70504000 1.08106700e+00
-4.67504000 1.11374100e+00
-4.64504000 1.15785200e+00
-4.61504000 1.21605200e+00
-4.58504000 1.24910800e+00
-4.55504000 1.23923300e+00
-4.52504000 1.23627400e+00
-4.49504000 1.24734100e+00
-4.46504000 1.26594600e+00
-4.43504000 1.28850600e+00
-4.40504000 1.31347600e+00
-4.37504000 1.34018700e+00
-4.34504000 1.36834100e+00
-4.31504000 1.39782000e+00
-4.28504000 1.42860600e+00
-4.25113000 1.46503600e+00
-4.22113000 1.49885400e+00
-4.19113000 1.53435300e+00
-4.16113000 1.57184500e+00
-4.13113000 1.61183900e+00
-4.10113000 1.65524700e+00
-4.07113000 1.70383400e+00
-4.04113000 1.76135700e+00
-4.01113000 1.83625800e+00
-3.98113000 1.94405900e+00
-3.95113000 2.06872000e+00
-3.92113000 2.09003200e+00
-3.89113000 2.06252800e+00
-3.86113000 2.07323700e+00
-3.83113000 2.11469700e+00
-3.80113000 2.16571100e+00
-3.77113000 2.21084600e+00
-3.74113000 2.26271200e+00
-3.71113000 2.32390600e+00
-3.68113000 2.39222700e+00
-3.65113000 2.46662200e+00
-3.62113000 2.54688500e+00
-3.59113000 2.63324900e+00
-3.56113000 2.72621700e+00
-3.53113000 2.82652700e+00
-3.50113000 2.93517400e+00
-3.47113000 3.05344900e+00
-3.44113000 3.18324200e+00
-3.40723000 3.34727000e+00
-3.37723000 3.51249000e+00
-3.34723000 3.69983000e+00
-3.31723000 3.91397000e+00
-3.28723000 4.17821000e+00
-3.25723000 4.50281000e+00
-3.22723000 4.83807000e+00
-3.19723000 5.11883000e+00
-3.16723000 5.40435000e+00
-3.13723000 5.81623000e+00
-3.10723000 6.41234000e+00
-3.07723000 7.27204000e+00
-3.04723000 8.48702000e+00
-3.01723000 1.00265700e+01
-2.98723000 1.21058200e+01
-2.95723000 1.52270000e+01
-2.92723000 1.69029000e+01
-2.89723000 1.75493000e+01
-2.86723000 2.08343200e+01
-2.83723000 2.88195200e+01
-2.80723000 4.39603800e+01
-2.77723000 5.64582700e+01
-2.74723000 4.74609100e+01
-2.71723000 3.81516100e+01
-2.68723000 3.79730500e+01
-2.65723000 4.58692000e+01
-2.62723000 6.25355000e+01
-2.59723000 9.19622000e+01
-2.56333000 1.38140000e+02
-2.53333000 1.57878500e+02
-2.50333000 1.58668800e+02
-2.47333000 1.37256600e+02
-2.44333000 8.95395000e+01
-2.41333000 5.68616000e+01
-2.38333000 4.02423000e+01
-2.35333000 3.17570200e+01
-2.32333000 2.73368800e+01
-2.29333000 2.51781700e+01
-2.26333000 2.44615500e+01
-2.23333000 2.48202800e+01
-2.20333000 2.61301100e+01
-2.17333000 2.84344300e+01
-2.14333000 3.19416900e+01
-2.11333000 3.70901100e+01
-2.08333000 4.47212000e+01
-2.05333000 5.64686000e+01
-2.02333000 7.52384000e+01
-1.99333000 1.04201000e+02
-1.96333000 1.46285600e+02
-1.93333000 2.05563200e+02
-1.90333000 2.97572100e+02
-1.87333000 4.30244700e+02
-1.84333000 5.63636500e+02
-1.81333000 5.60858000e+02
-1.78333000 5.55292000e+02
-1.75333000 5.95293000e+02
-1.71943000 4.74520000e+02
-1.68943000 2.91501600e+02
-1.65943000 1.77591900e+02
-1.62943000 1.17750700e+02
-1.59943000 8.48950000e+01
-1.56943000 6.54973000e+01
-1.53943000 5.33889000e+01
-1.50943000 4.56052000e+01
-1.47943000 4.06084000e+01
-1.44943000 3.75673000e+01
-1.41943000 3.61529000e+01
-1.38943000 3.63422000e+01
-1.35943000 3.84788000e+01
-1.32943000 4.35750000e+01
-1.29943000 5.37725000e+01
-1.26943000 6.93686000e+01
-1.23943000 7.80954000e+01
-1.20943000 8.50685000e+01
-1.17943000 1.08976900e+02
-1.14943000 1.54062200e+02
-1.11943000 2.18969000e+02
-1.08943000 3.07463200e+02
-1.05943000 3.46774000e+02
-1.02943000 2.92172400e+02
-0.99943200 2.58724800e+02
-0.96943200 2.17525300e+02
-0.93943200 1.43602700e+02
-0.90943200 9.56426000e+01
-0.87553200 6.81990000e+01
-0.84553200 5.51983000e+01
-0.81553200 4.77228000e+01
-0.78553200 4.40258000e+01
-0.75553200 4.29918000e+01
-0.72553200 4.35014000e+01
-0.69553200 4.60294000e+01
-0.66553200 5.24269000e+01
-0.63553200 6.44563000e+01
-0.60553200 7.57603000e+01
-0.57553200 7.87915000e+01
-0.54553200 8.99885000e+01
-0.51553200 1.11781400e+02
-0.48553200 1.31271000e+02
-0.45553200 1.47821200e+02
-0.42553200 1.62117500e+02
-0.39553200 1.66653600e+02
-0.36553200 1.80226600e+02
-0.33553200 1.83427600e+02
-0.30553200 1.89862500e+02
-0.27553200 2.24505000e+02
-0.24553200 3.02380800e+02
-0.21553200 4.53967000e+02
-0.18553200 7.44171000e+02
-0.15553200 1.21078800e+03
-0.12553200 1.57399900e+03
-0.09553150 1.49776700e+03
-0.06553150 1.04937700e+03
-0.03163080 6.10222000e+02
-0.00163077 4.13223900e+02
0.02836920 3.14172200e+02
0.05836920 2.70435100e+02
0.08836920 2.71595100e+02
0.11836900 2.99809400e+02
0.14836900 3.50253000e+02
0.17836900 4.60084000e+02
0.20836900 6.89653000e+02
0.23836900 1.02749100e+03
0.26836900 1.17832100e+03
0.29836900 8.64177000e+02
0.32836900 5.20193000e+02
0.35836900 3.20406000e+02
0.38836900 2.18623700e+02
0.41836900 1.66944300e+02
0.44836900 1.31093100e+02
0.47836900 1.00638400e+02
0.50836900 7.97534000e+01
0.53836900 6.61505000e+01
0.56836900 5.69229000e+01
0.59836900 5.04330000e+01
0.62836900 4.58022000e+01
0.65836900 4.25335000e+01
0.68836900 4.03369000e+01
0.71836900 3.90507000e+01
0.74836900 3.86026000e+01
0.77836900 3.89974000e+01
