# E(MeV)  S_NSDRNSDR(K=0) for Es282_DDPCX
-9.23044000 -8.40756000e-01
-9.20044000 -8.38273000e-01
-9.17044000 -8.90488000e-01
-9.14044000 -1.03148000e+00
-9.11044000 -1.16352000e+00
-9.08044000 -1.00708000e+00
-9.05044000 -7.96951000e-01
-9.02044000 -6.73661000e-01
-8.99044000 -6.02679000e-01
-8.96044000 -5.56868000e-01
-8.93044000 -5.24062000e-01
-8.90044000 -4.98768000e-01
-8.87044000 -4.78305000e-01
-8.84044000 -4.61254000e-01
-8.81044000 -4.46806000e-01
-8.78044000 -4.34472000e-01
-8.75044000 -4.23944000e-01
-8.72044000 -4.15019000e-01
-8.69044000 -4.07564000e-01
-8.66044000 -4.01489000e-01
-8.63044000 -3.96741000e-01
-8.60044000 -3.93288000e-01
-8.57044000 -3.91121000e-01
-8.54044000 -3.90246000e-01
-8.51044000 -3.90688000e-01
-8.48044000 -3.92486000e-01
-8.45044000 -3.95696000e-01
-8.42044000 -4.00389000e-01
-8.39044000 -4.06656000e-01
-8.36044000 -4.14608000e-01
-8.33044000 -4.24376000e-01
-8.30044000 -4.36120000e-01
-8.27044000 -4.50029000e-01
-8.22617000 -4.74997000e-01
-8.19617000 -4.95324000e-01
-8.16617000 -5.18798000e-01
-8.13617000 -5.45828000e-01
-8.10617000 -5.76909000e-01
-8.07617000 -6.12632000e-01
-8.04617000 -6.53717000e-01
-8.01617000 -7.01037000e-01
-7.98617000 -7.55665000e-01
-7.95617000 -8.18927000e-01
-7.92617000 -8.92473000e-01
-7.89617000 -9.78383000e-01
-7.86617000 -1.07930000e+00
-7.83617000 -1.19864000e+00
-7.80617000 -1.34083000e+00
-7.77617000 -1.51175000e+00
-7.74617000 -1.71934000e+00
-7.71617000 -1.97446000e+00
-7.68617000 -2.29239000e+00
-7.65617000 -2.69523000e+00
-7.62617000 -3.21595000e+00
-7.59617000 -3.90477000e+00
-7.56617000 -4.83109000e+00
-7.53617000 -6.09467000e+00
-7.50617000 -7.91811000e+00
-7.47617000 -1.06944000e+01
-7.44617000 -1.51634000e+01
-7.41617000 -2.28897000e+01
-7.38617000 -3.74127000e+01
-7.35617000 -6.64228000e+01
-7.32617000 -1.15629000e+02
-7.29617000 -1.33389000e+02
-7.26617000 -8.62137000e+01
-7.22190000 -3.66560000e+01
-7.19190000 -2.24812000e+01
-7.16190000 -1.49116000e+01
-7.13190000 -1.05143000e+01
-7.10190000 -7.76762000e+00
-7.07190000 -5.94869000e+00
-7.04190000 -4.68621000e+00
-7.01190000 -3.77592000e+00
-6.98190000 -3.09866000e+00
-6.95190000 -2.58139000e+00
-6.92190000 -2.17747000e+00
-6.89190000 -1.85600000e+00
-6.86190000 -1.59591000e+00
-6.83190000 -1.38241000e+00
-6.80190000 -1.20492000e+00
-6.77190000 -1.05568000e+00
-6.74190000 -9.28902000e-01
-6.71190000 -8.20217000e-01
-6.68190000 -7.26259000e-01
-6.65190000 -6.44409000e-01
-6.62190000 -5.72604000e-01
-6.59190000 -5.09200000e-01
-6.56190000 -4.52875000e-01
-6.53190000 -4.02557000e-01
-6.50190000 -3.57368000e-01
-6.47190000 -3.16583000e-01
-6.44190000 -2.79601000e-01
-6.41190000 -2.45919000e-01
-6.38190000 -2.15112000e-01
-6.35190000 -1.86822000e-01
-6.32190000 -1.60745000e-01
-6.29190000 -1.36617000e-01
-6.26190000 -1.14216000e-01
-6.21763000 -8.39079000e-02
-6.18763000 -6.49980000e-02
-6.15763000 -4.72416000e-02
-6.12763000 -3.05180000e-02
-6.09763000 -1.47211000e-02
-6.06763000 2.43014000e-04
-6.03763000 1.44573000e-02
-6.00763000 2.79958000e-02
-5.97763000 4.09243000e-02
-5.94763000 5.33019000e-02
-5.91763000 6.51816000e-02
-5.88763000 7.66112000e-02
-5.85763000 8.76338000e-02
-5.82763000 9.82885000e-02
-5.79763000 1.08611000e-01
-5.76763000 1.18634000e-01
-5.73763000 1.28386000e-01
-5.70763000 1.37896000e-01
-5.67763000 1.47188000e-01
-5.64763000 1.56286000e-01
-5.61763000 1.65210000e-01
-5.58763000 1.73982000e-01
-5.55763000 1.82620000e-01
-5.52763000 1.91141000e-01
-5.49763000 1.99562000e-01
-5.46763000 2.07899000e-01
-5.43763000 2.16166000e-01
-5.40763000 2.24378000e-01
-5.37763000 2.32548000e-01
-5.34763000 2.40690000e-01
-5.31763000 2.48815000e-01
-5.28763000 2.56936000e-01
-5.25763000 2.65065000e-01
-5.21335000 2.77100000e-01
-5.18335000 2.85299000e-01
-5.15335000 2.93546000e-01
-5.12335000 3.01853000e-01
-5.09335000 3.10231000e-01
-5.06335000 3.18692000e-01
-5.03335000 3.27247000e-01
-5.00335000 3.35910000e-01
-4.97335000 3.44693000e-01
-4.94335000 3.53608000e-01
-4.91335000 3.62669000e-01
-4.88335000 3.71891000e-01
-4.85335000 3.81290000e-01
-4.82335000 3.90881000e-01
-4.79335000 4.00683000e-01
-4.76335000 4.10716000e-01
-4.73335000 4.21001000e-01
-4.70335000 4.31565000e-01
-4.67335000 4.42435000e-01
-4.64335000 4.53649000e-01
-4.61335000 4.65248000e-01
-4.58335000 4.77288000e-01
-4.55335000 4.89842000e-01
-4.52335000 5.03012000e-01
-4.49335000 5.16949000e-01
-4.46335000 5.31889000e-01
-4.43335000 5.48233000e-01
-4.40335000 5.66706000e-01
-4.37335000 5.88757000e-01
-4.34335000 6.17518000e-01
-4.31335000 6.60074000e-01
-4.28335000 7.28558000e-01
-4.25335000 8.02387000e-01
-4.20908000 7.65420000e-01
-4.17908000 7.36088000e-01
-4.14908000 7.31996000e-01
-4.11908000 7.41438000e-01
-4.08908000 7.58316000e-01
-4.05908000 7.80311000e-01
-4.02908000 8.06928000e-01
-3.99908000 8.38910000e-01
-3.96908000 8.78516000e-01
-3.93908000 9.30537000e-01
-3.90908000 1.00180000e+00
-3.87908000 1.10090000e+00
-3.84908000 1.26849000e+00
-3.81908000 1.51484000e+00
-3.78908000 1.55974000e+00
-3.75908000 1.38347000e+00
-3.72908000 1.27863000e+00
-3.69908000 1.25096000e+00
-3.66908000 1.26300000e+00
-3.63908000 1.29662000e+00
-3.60908000 1.34436000e+00
-3.57908000 1.40335000e+00
-3.54908000 1.47287000e+00
-3.51908000 1.55337000e+00
-3.48908000 1.64623000e+00
-3.45908000 1.75366000e+00
-3.42908000 1.87892000e+00
-3.39908000 2.02669000e+00
-3.36908000 2.20379000e+00
-3.33908000 2.42055000e+00
-3.30908000 2.69332000e+00
-3.27908000 3.04971000e+00
-3.24908000 3.54019000e+00
-3.20481000 4.74905000e+00
-3.17481000 6.27644000e+00
-3.14481000 8.79941000e+00
-3.11481000 1.08963000e+01
-3.08481000 1.07676000e+01
-3.05481000 1.16069000e+01
-3.02481000 1.44849000e+01
-2.99481000 1.90365000e+01
-2.96481000 2.78825000e+01
-2.93481000 3.91141000e+01
-2.90481000 3.89332000e+01
-2.87481000 3.84161000e+01
-2.84481000 5.13197000e+01
-2.81481000 7.81044000e+01
-2.78481000 8.21604000e+01
-2.75481000 5.24408000e+01
-2.72481000 3.07820000e+01
-2.69481000 1.98840000e+01
-2.66481000 1.43273000e+01
-2.63481000 1.12819000e+01
-2.60481000 9.45511000e+00
-2.57481000 8.38317000e+00
-2.54481000 7.82298000e+00
-2.51481000 7.62859000e+00
-2.48481000 7.73551000e+00
-2.45481000 8.13742000e+00
-2.42481000 8.88395000e+00
-2.39481000 1.01034000e+01
-2.36481000 1.20456000e+01
-2.33481000 1.51133000e+01
-2.30481000 2.01760000e+01
-2.27481000 2.74883000e+01
-2.24481000 3.57925000e+01
-2.20054000 5.77187000e+01
-2.17054000 7.22467000e+01
-2.14054000 7.75241000e+01
-2.11054000 7.66712000e+01
-2.08054000 9.72451000e+01
-2.05054000 1.52161000e+02
-2.02054000 1.95076000e+02
-1.99054000 1.41607000e+02
-1.96054000 8.13211000e+01
-1.93054000 4.93352000e+01
-1.90054000 3.31348000e+01
-1.87054000 2.43413000e+01
-1.84054000 1.92461000e+01
-1.81054000 1.61817000e+01
-1.78054000 1.43499000e+01
-1.75054000 1.33535000e+01
-1.72054000 1.30048000e+01
-1.69054000 1.32491000e+01
-1.66054000 1.41493000e+01
-1.63054000 1.59236000e+01
-1.60054000 1.90709000e+01
-1.57054000 2.46961000e+01
-1.54054000 3.52044000e+01
-1.51054000 5.38083000e+01
-1.48054000 7.19138000e+01
-1.45054000 8.01681000e+01
-1.42054000 1.07237000e+02
-1.39054000 1.45165000e+02
-1.36054000 1.22538000e+02
-1.33054000 7.68154000e+01
-1.30054000 5.02111000e+01
-1.27054000 3.79573000e+01
-1.24054000 3.43837000e+01
-1.19627000 4.27629000e+01
-1.16627000 5.49673000e+01
-1.13627000 5.38434000e+01
-1.10627000 4.93247000e+01
-1.07627000 5.80437000e+01
-1.04627000 7.09815000e+01
-1.01627000 5.91614000e+01
-0.98627200 4.24867000e+01
-0.95627200 3.65570000e+01
-0.92627200 3.81888000e+01
-0.89627200 3.65053000e+01
-0.86627200 3.01812000e+01
-0.83627200 2.73844000e+01
-0.80627200 2.84172000e+01
-0.77627200 3.25519000e+01
-0.74627200 3.72037000e+01
-0.71627200 3.78707000e+01
-0.68627200 3.94765000e+01
-0.65627200 4.32920000e+01
-0.62627200 5.12857000e+01
-0.59627200 6.64776000e+01
-0.56627200 9.46737000e+01
-0.53627200 1.48133000e+02
-0.50627200 2.27467000e+02
-0.47627200 2.47724000e+02
-0.44627200 2.09637000e+02
-0.41627200 2.07100000e+02
-0.38627200 2.65351000e+02
-0.35627200 4.11952000e+02
-0.32627200 6.85809000e+02
-0.29627200 9.45664000e+02
-0.26627200 7.76099000e+02
-0.23627200 4.62978000e+02
-0.19200100 2.29607000e+02
-0.16200100 1.66547000e+02
-0.13200100 1.37967000e+02
-0.10200100 1.17344000e+02
-0.07200080 8.66910000e+01
-0.04200080 6.54151000e+01
-0.01200080 5.59694000e+01
0.01799920 5.57117000e+01
0.04799920 5.53248000e+01
0.07799920 4.31897000e+01
0.10799900 3.19289000e+01
0.13799900 2.52930000e+01
0.16799900 2.13214000e+01
0.19799900 1.87532000e+01
0.22799900 1.69772000e+01
0.25799900 1.56023000e+01
0.28799900 1.45297000e+01
0.31799900 1.37954000e+01
0.34799900 1.33366000e+01
0.37799900 1.31289000e+01
0.40799900 1.31659000e+01
0.43799900 1.34677000e+01
0.46799900 1.40794000e+01
0.49799900 1.49888000e+01
0.52799900 1.62577000e+01
0.55799900 1.82851000e+01
0.58799900 2.14330000e+01
0.61799900 2.48296000e+01
0.64799900 2.74233000e+01
0.67799900 3.16230000e+01
0.70799900 3.88341000e+01
0.73799900 5.04573000e+01
0.76799900 6.95678000e+01
