# E(MeV)  S_NSDRNSDR(Total=K0+2*K1) for Es282_DDPCX
-9.23044000 -1.77095600e+00
-9.20044000 -1.77627700e+00
-9.17044000 -1.88136800e+00
-9.14044000 -2.02748000e+00
-9.11044000 -2.10420200e+00
-9.08044000 -1.97455800e+00
-9.05044000 -1.90656300e+00
-9.02044000 -1.82845700e+00
-8.99044000 -1.53325500e+00
-8.96044000 -1.29428200e+00
-8.93044000 -1.15137400e+00
-8.90044000 -1.05934200e+00
-8.87044000 -9.93267000e-01
-8.84044000 -9.41910000e-01
-8.81044000 -8.99942000e-01
-8.78044000 -8.64632000e-01
-8.75044000 -8.34484000e-01
-8.72044000 -8.08649000e-01
-8.69044000 -7.86636000e-01
-8.66044000 -7.68183000e-01
-8.63044000 -7.53195000e-01
-8.60044000 -7.41700000e-01
-8.57044000 -7.33843000e-01
-8.54044000 -7.29896000e-01
-8.51044000 -7.30282000e-01
-8.48044000 -7.35612000e-01
-8.45044000 -7.46754000e-01
-8.42044000 -7.64949000e-01
-8.39044000 -7.91990000e-01
-8.36044000 -8.30522000e-01
-8.33044000 -8.84568000e-01
-8.30044000 -9.60488000e-01
-8.27044000 -1.06877700e+00
-8.22617000 -1.33003300e+00
-8.19617000 -1.63459000e+00
-8.16617000 -2.14774400e+00
-8.13617000 -3.08800800e+00
-8.10617000 -4.94040900e+00
-8.07617000 -8.24375200e+00
-8.04617000 -1.01976770e+01
-8.01617000 -7.28825700e+00
-7.98617000 -4.47912500e+00
-7.95617000 -3.06298700e+00
-7.92617000 -2.39238700e+00
-7.89617000 -2.07937300e+00
-7.86617000 -1.95599600e+00
-7.83617000 -1.94949400e+00
-7.80617000 -2.02866200e+00
-7.77617000 -2.18292200e+00
-7.74617000 -2.41440400e+00
-7.71617000 -2.73579800e+00
-7.68617000 -3.17208600e+00
-7.65617000 -3.76638400e+00
-7.62617000 -4.59120200e+00
-7.59617000 -5.75520800e+00
-7.56617000 -7.41677000e+00
-7.53617000 -9.97153000e+00
-7.50617000 -1.42953700e+01
-7.47617000 -2.21084800e+01
-7.44617000 -3.45056600e+01
-7.41617000 -4.32229000e+01
-7.38617000 -4.98754000e+01
-7.35617000 -7.32788600e+01
-7.32617000 -1.19656140e+02
-7.29617000 -1.35941480e+02
-7.26617000 -8.79286980e+01
-7.22190000 -3.76791860e+01
-7.19190000 -2.32228820e+01
-7.16190000 -1.54544620e+01
-7.13190000 -1.09111020e+01
-7.10190000 -8.05352200e+00
-7.07190000 -6.14798780e+00
-7.04190000 -4.81621660e+00
-7.01190000 -3.84929740e+00
-6.98190000 -3.12488000e+00
-6.95190000 -2.56767736e+00
-6.92190000 -2.12943060e+00
-6.89190000 -1.77804920e+00
-6.86190000 -1.49157160e+00
-6.83190000 -1.25452980e+00
-6.80190000 -1.05582040e+00
-6.77190000 -8.87273400e-01
-6.74190000 -7.42776600e-01
-6.71190000 -6.17701000e-01
-6.68190000 -5.08471000e-01
-6.65190000 -4.12295000e-01
-6.62190000 -3.26972000e-01
-6.59190000 -2.50736000e-01
-6.56190000 -1.82167000e-01
-6.53190000 -1.20115000e-01
-6.50190000 -6.36260000e-02
-6.47190000 -1.19170000e-02
-6.44190000 3.56650000e-02
-6.41190000 7.96690000e-02
-6.38190000 1.20558000e-01
-6.35190000 1.58724000e-01
-6.32190000 1.94503000e-01
-6.29190000 2.28185000e-01
-6.26190000 2.60018000e-01
-6.21763000 3.04062100e-01
-6.18763000 3.32186000e-01
-6.15763000 3.59100400e-01
-6.12763000 3.84940000e-01
-6.09763000 4.09826900e-01
-6.06763000 4.33869014e-01
-6.03763000 4.57161300e-01
-6.00763000 4.79787800e-01
-5.97763000 5.01828300e-01
-5.94763000 5.23349900e-01
-5.91763000 5.44417600e-01
-5.88763000 5.65087200e-01
-5.85763000 5.85413800e-01
-5.82763000 6.05442500e-01
-5.79763000 6.25221000e-01
-5.76763000 6.44788000e-01
-5.73763000 6.64184000e-01
-5.70763000 6.83444000e-01
-5.67763000 7.02600000e-01
-5.64763000 7.21688000e-01
-5.61763000 7.40734000e-01
-5.58763000 7.59770000e-01
-5.55763000 7.78822000e-01
-5.52763000 7.97917000e-01
-5.49763000 8.17082000e-01
-5.46763000 8.36339000e-01
-5.43763000 8.55716000e-01
-5.40763000 8.75234000e-01
-5.37763000 8.94920000e-01
-5.34763000 9.14796000e-01
-5.31763000 9.34885000e-01
-5.28763000 9.55212000e-01
-5.25763000 9.75801000e-01
-5.21335000 1.00671200e+00
-5.18335000 1.02805300e+00
-5.15335000 1.04974400e+00
-5.12335000 1.07180700e+00
-5.09335000 1.09427500e+00
-5.06335000 1.11717200e+00
-5.03335000 1.14052700e+00
-5.00335000 1.16437400e+00
-4.97335000 1.18874700e+00
-4.94335000 1.21367600e+00
-4.91335000 1.23920100e+00
-4.88335000 1.26536100e+00
-4.85335000 1.29219800e+00
-4.82335000 1.31975900e+00
-4.79335000 1.34809700e+00
-4.76335000 1.37726600e+00
-4.73335000 1.40732900e+00
-4.70335000 1.43835900e+00
-4.67335000 1.47044300e+00
-4.64335000 1.50367700e+00
-4.61335000 1.53818800e+00
-4.58335000 1.57412800e+00
-4.55335000 1.61170000e+00
-4.52335000 1.65119000e+00
-4.49335000 1.69300900e+00
-4.46335000 1.73780100e+00
-4.43335000 1.78664500e+00
-4.40335000 1.84150600e+00
-4.37335000 1.90629300e+00
-4.34335000 1.98949400e+00
-4.31335000 2.11007000e+00
-4.28335000 2.29776600e+00
-4.25335000 2.48329500e+00
-4.20908000 2.39358800e+00
-4.17908000 2.33996800e+00
-4.14908000 2.34904000e+00
-4.11908000 2.39300800e+00
-4.08908000 2.45917800e+00
-4.05908000 2.54542500e+00
-4.02908000 2.65790400e+00
-3.99908000 2.81490600e+00
-3.96908000 3.04737600e+00
-3.93908000 3.30223700e+00
-3.90908000 3.40216000e+00
-3.87908000 3.49822000e+00
-3.84908000 3.77309000e+00
-3.81908000 4.28306000e+00
-3.78908000 4.69326000e+00
-3.75908000 4.51079000e+00
-3.72908000 4.17103000e+00
-3.69908000 4.04438000e+00
-3.66908000 4.06646000e+00
-3.63908000 4.16814000e+00
-3.60908000 4.31912000e+00
-3.57908000 4.50769000e+00
-3.54908000 4.73055000e+00
-3.51908000 4.98877000e+00
-3.48908000 5.28651000e+00
-3.45908000 5.63064000e+00
-3.42908000 6.03132000e+00
-3.39908000 6.50317000e+00
-3.36908000 7.06771000e+00
-3.33908000 7.75785000e+00
-3.30908000 8.62754000e+00
-3.27908000 9.77105000e+00
-3.24908000 1.13367900e+01
-3.20481000 1.44480700e+01
-3.17481000 1.75199600e+01
-3.14481000 2.25384500e+01
-3.11481000 2.88032000e+01
-3.08481000 3.58612000e+01
-3.05481000 4.84337000e+01
-3.02481000 6.91025000e+01
-2.99481000 9.64045000e+01
-2.96481000 1.10927300e+02
-2.93481000 1.19637100e+02
-2.90481000 1.38652400e+02
-2.87481000 1.65835700e+02
-2.84481000 1.57106100e+02
-2.81481000 1.51447400e+02
-2.78481000 1.38692400e+02
-2.75481000 9.39944000e+01
-2.72481000 6.09808000e+01
-2.69481000 4.42334000e+01
-2.66481000 3.59423000e+01
-2.63481000 3.13029000e+01
-2.60481000 2.87297100e+01
-2.57481000 2.80670100e+01
-2.54481000 2.90583800e+01
-2.51481000 3.17797900e+01
-2.48481000 3.67783100e+01
-2.45481000 4.46438200e+01
-2.42481000 5.65559500e+01
-2.39481000 7.47992000e+01
-2.36481000 9.83356000e+01
-2.33481000 1.25836700e+02
-2.30481000 1.59275400e+02
-2.27481000 2.22035100e+02
-2.24481000 2.93762500e+02
-2.20054000 3.20732700e+02
-2.17054000 3.45644700e+02
-2.14054000 3.42836100e+02
-2.11054000 3.49469200e+02
-2.08054000 3.16699100e+02
-2.05054000 3.19253800e+02
-2.02054000 3.62483400e+02
-1.99054000 3.31829400e+02
-1.96054000 2.32740500e+02
-1.93054000 1.44962400e+02
-1.90054000 9.70542000e+01
-1.87054000 7.19245000e+01
-1.84054000 5.80861000e+01
-1.81054000 5.03679000e+01
-1.78054000 4.64985000e+01
-1.75054000 4.56033000e+01
-1.72054000 4.77216000e+01
-1.69054000 5.38067000e+01
-1.66054000 6.64285000e+01
-1.63054000 8.78798000e+01
-1.60054000 1.04695500e+02
-1.57054000 1.18784900e+02
-1.54054000 1.50690400e+02
-1.51054000 1.77106500e+02
-1.48054000 1.85233000e+02
-1.45054000 1.85256700e+02
-1.42054000 2.27873800e+02
-1.39054000 3.06264000e+02
-1.36054000 3.23560000e+02
-1.33054000 3.35447400e+02
-1.30054000 4.15935100e+02
-1.27054000 4.34699300e+02
-1.24054000 3.35451700e+02
-1.19627000 1.98388100e+02
-1.16627000 1.67004300e+02
-1.13627000 1.50805200e+02
-1.10627000 1.51084100e+02
-1.07627000 1.73342100e+02
-1.04627000 1.90786300e+02
-1.01627000 1.99137600e+02
-0.98627200 2.10119100e+02
-0.95627200 1.85564000e+02
-0.92627200 1.68926200e+02
-0.89627200 1.74223900e+02
-0.86627200 2.04313000e+02
-0.83627200 2.49686400e+02
-0.80627200 2.57681200e+02
-0.77627200 2.08462300e+02
-0.74627200 1.64094500e+02
-0.71627200 1.42331900e+02
-0.68627200 1.30291900e+02
-0.65627200 1.26173000e+02
-0.62627200 1.36048300e+02
-0.59627200 1.63216000e+02
-0.56627200 2.12730500e+02
-0.53627200 3.01337800e+02
-0.50627200 4.49735000e+02
-0.47627200 5.79838000e+02
-0.44627200 6.20757000e+02
-0.41627200 6.43332000e+02
-0.38627200 7.18527000e+02
-0.35627200 9.06700000e+02
-0.32627200 1.32272300e+03
-0.29627200 1.88993800e+03
-0.26627200 2.01632100e+03
-0.23627200 1.55505200e+03
-0.19200100 9.53321000e+02
-0.16200100 6.24169000e+02
-0.13200100 4.39299000e+02
-0.10200100 3.42912000e+02
-0.07200080 2.75938200e+02
-0.04200080 2.46062500e+02
-0.01200080 2.56543400e+02
0.01799920 2.43844100e+02
0.04799920 1.85397400e+02
0.07799920 1.33134300e+02
0.10799900 1.01171300e+02
0.13799900 8.33280000e+01
0.16799900 7.17248000e+01
0.19799900 6.32050000e+01
0.22799900 5.61986000e+01
0.25799900 5.00033000e+01
0.28799900 4.58627000e+01
0.31799900 4.29774000e+01
0.34799900 4.07334000e+01
0.37799900 3.98215000e+01
0.40799900 3.89163000e+01
0.43799900 3.71575000e+01
0.46799900 3.68692000e+01
0.49799900 3.85738000e+01
0.52799900 4.21845000e+01
0.55799900 4.54599000e+01
0.58799900 4.73586000e+01
0.61799900 5.05870000e+01
0.64799900 5.44577000e+01
0.67799900 5.95916000e+01
0.70799900 6.84199000e+01
0.73799900 8.32977000e+01
0.76799900 1.07554000e+02
