# E(MeV)  S_NSDRNSDR(Total=K0+2*K1) for Es306_DDPCX
-14.51260000 1.74910700e-01
-14.48260000 1.87394000e-01
-14.45260000 1.89404200e-01
-14.42260000 1.75355800e-01
-14.39260000 1.31303200e-01
-14.36260000 2.86834000e-02
-14.33260000 -1.24868000e-01
-14.30260000 -1.08701000e-01
-14.27260000 4.26004000e-02
-14.24260000 1.18390250e-01
-14.21260000 1.08940040e-01
-14.18260000 7.20526000e-02
-14.15260000 1.39085040e-01
-14.12260000 2.31998600e-01
-14.09260000 2.86636600e-01
-14.06260000 3.17206000e-01
-14.03260000 3.36014000e-01
-14.00260000 3.48701000e-01
-13.97260000 3.57848000e-01
-13.94260000 3.64725000e-01
-13.91260000 3.70008000e-01
-13.88260000 3.74067000e-01
-13.85260000 3.77114000e-01
-13.82260000 3.79261000e-01
-13.79260000 3.80560000e-01
-13.76260000 3.81012000e-01
-13.73260000 3.80583000e-01
-13.70260000 3.79195000e-01
-13.67260000 3.76733000e-01
-13.64260000 3.73031000e-01
-13.61260000 3.67851000e-01
-13.58260000 3.60870000e-01
-13.55260000 3.51621000e-01
-13.52260000 3.39438000e-01
-13.49260000 3.23305000e-01
-13.46260000 3.01638600e-01
-13.43260000 2.71801600e-01
-13.40260000 2.29106200e-01
-13.37260000 1.64539040e-01
-13.34260000 5.92018000e-02
-13.31260000 -1.29280600e-01
-13.28260000 -4.87013400e-01
-13.25260000 -1.01388040e+00
-13.22260000 -1.06277120e+00
-13.19260000 -6.35264202e-01
-13.16260000 -3.88766600e-01
-13.13260000 -3.36992400e-01
-13.10260000 -4.14816000e-01
-13.07260000 -6.06008000e-01
-13.04260000 -8.47920000e-01
-13.01260000 -1.09314500e+00
-12.98010000 -1.56644000e+00
-12.95010000 -2.36364000e+00
-12.92010000 -3.78610000e+00
-12.89010000 -6.45048000e+00
-12.86010000 -1.12954000e+01
-12.83010000 -1.78585100e+01
-12.80010000 -2.53665100e+01
-12.77010000 -2.47947400e+01
-12.74010000 -1.47757420e+01
-12.71010000 -7.87040400e+00
-12.68010000 -4.34289110e+00
-12.65010000 -2.45058000e+00
-12.62010000 -1.32334000e+00
-12.59010000 -5.72812000e-01
-12.56010000 -1.06280000e-02
-12.53010000 4.69276000e-01
-12.50010000 9.42446000e-01
-12.47010000 1.48405200e+00
-12.44010000 2.19957140e+00
-12.41010000 3.27867580e+00
-12.38010000 5.11426600e+00
-12.35010000 8.52169200e+00
-12.32010000 1.48455640e+01
-12.29010000 2.31640920e+01
-12.26010000 2.13274780e+01
-12.23010000 1.26841180e+01
-12.20010000 7.34491600e+00
-12.17010000 4.68347600e+00
-12.14010000 3.28965800e+00
-12.11010000 2.50154600e+00
-12.08010000 2.02499400e+00
-12.05010000 1.70850000e+00
-12.02010000 1.48804000e+00
-11.99010000 1.33638100e+00
-11.96010000 1.23162100e+00
-11.93010000 1.16123000e+00
-11.90010000 1.11722800e+00
-11.87010000 1.07694900e+00
-11.84010000 1.02986900e+00
-11.81010000 9.94506000e-01
-11.78010000 9.70819000e-01
-11.75010000 9.54746000e-01
-11.72010000 9.43882000e-01
-11.69010000 9.36863000e-01
-11.66010000 9.32845000e-01
-11.63010000 9.31252000e-01
-11.60010000 9.31681000e-01
-11.57010000 9.33834000e-01
-11.54010000 9.37489000e-01
-11.51010000 9.42479000e-01
-11.48010000 9.48674000e-01
-11.44760000 9.56637000e-01
-11.41760000 9.65075000e-01
-11.38760000 9.74510000e-01
-11.35760000 9.84913000e-01
-11.32760000 9.96277000e-01
-11.29760000 1.00860200e+00
-11.26760000 1.02190300e+00
-11.23760000 1.03621400e+00
-11.20760000 1.05157500e+00
-11.17760000 1.06804500e+00
-11.14760000 1.08568900e+00
-11.11760000 1.10459600e+00
-11.08760000 1.12487000e+00
-11.05760000 1.14663200e+00
-11.02760000 1.17002900e+00
-10.99760000 1.19523900e+00
-10.96760000 1.22246900e+00
-10.93760000 1.25194900e+00
-10.90760000 1.28395800e+00
-10.87760000 1.31889300e+00
-10.84760000 1.35725200e+00
-10.81760000 1.39955300e+00
-10.78760000 1.44581800e+00
-10.75760000 1.49659700e+00
-10.72760000 1.55349500e+00
-10.69760000 1.61772600e+00
-10.66760000 1.69070600e+00
-10.63760000 1.77440900e+00
-10.60760000 1.87165000e+00
-10.57760000 1.98670000e+00
-10.54760000 2.12665900e+00
-10.51760000 2.30387800e+00
-10.48760000 2.52941600e+00
-10.45760000 2.76118200e+00
-10.42760000 2.99116600e+00
-10.39760000 3.31149000e+00
-10.36760000 3.76300800e+00
-10.33760000 4.35877000e+00
-10.30760000 5.14834000e+00
-10.27760000 6.20022000e+00
-10.24760000 7.76087000e+00
-10.21760000 1.03199200e+01
-10.18760000 1.44021800e+01
-10.15760000 2.07433200e+01
-10.12760000 3.09802400e+01
-10.09760000 4.86746000e+01
-10.06760000 6.69516000e+01
-10.03760000 7.95533000e+01
-10.00760000 7.76629600e+01
-9.97764000 4.98979600e+01
-9.94764000 2.91933800e+01
-9.91515000 1.80204800e+01
-9.88515000 1.27904000e+01
-9.85515000 9.75200000e+00
-9.82515000 7.97036000e+00
-9.79515000 6.99785000e+00
-9.76515000 6.66001000e+00
-9.73515000 7.05979000e+00
-9.70515000 8.63755000e+00
-9.67515000 1.16097300e+01
-9.64515000 1.22110400e+01
-9.61515000 8.96258000e+00
-9.58515000 6.62390000e+00
-9.55515000 5.69876000e+00
-9.52515000 5.73211000e+00
-9.49515000 6.09426000e+00
-9.46515000 5.78799000e+00
-9.43515000 5.24491000e+00
-9.40515000 4.63547000e+00
-9.37515000 4.06984000e+00
-9.34515000 3.70800000e+00
-9.31515000 3.54511000e+00
-9.28515000 3.50594000e+00
-9.25515000 3.55480000e+00
-9.22515000 3.68648000e+00
-9.19515000 3.91031000e+00
-9.16515000 4.18813000e+00
-9.13515000 4.38486000e+00
-9.10515000 4.62121000e+00
-9.07515000 4.87732000e+00
-9.04515000 5.10816000e+00
-9.01515000 5.42022000e+00
-8.98515000 5.90076000e+00
-8.95515000 6.59117000e+00
-8.92515000 7.55862000e+00
-8.89515000 8.94096000e+00
-8.86515000 1.10021500e+01
-8.83515000 1.42864500e+01
-8.80515000 1.99742700e+01
-8.77515000 3.03580400e+01
-8.74515000 4.57185000e+01
-8.71515000 5.44307000e+01
-8.68515000 5.38014000e+01
-8.65515000 5.39197000e+01
-8.62515000 6.61685800e+01
-8.59515000 1.02360210e+02
-8.56515000 1.57154380e+02
-8.53515000 1.55343960e+02
-8.50515000 1.06322390e+02
-8.47515000 6.80873800e+01
-8.44515000 4.42662500e+01
-8.41515000 3.02039100e+01
-8.38266000 2.20181300e+01
-8.35266000 1.81778200e+01
-8.32266000 1.59459900e+01
-8.29266000 1.35755400e+01
-8.26266000 1.19004300e+01
-8.23266000 1.09623600e+01
-8.20266000 1.03693600e+01
-8.17266000 9.74937000e+00
-8.14266000 9.52475000e+00
-8.11266000 9.83565000e+00
-8.08266000 1.07313000e+01
-8.05266000 1.23395700e+01
-8.02266000 1.50087900e+01
-7.99266000 1.96504800e+01
-7.96266000 2.51091900e+01
-7.93266000 2.98894800e+01
-7.90266000 3.97359900e+01
-7.87266000 5.96096300e+01
-7.84266000 9.30319500e+01
-7.81266000 1.07860430e+02
-7.78266000 7.94974300e+01
-7.75266000 5.76096000e+01
-7.72266000 4.86262000e+01
-7.69266000 4.67604500e+01
-7.66266000 3.77238300e+01
-7.63266000 2.83125900e+01
-7.60266000 2.40996500e+01
-7.57266000 2.25979100e+01
-7.54266000 2.45493800e+01
-7.51266000 3.24466400e+01
-7.48266000 4.87262000e+01
-7.45266000 5.96945000e+01
-7.42266000 4.65304300e+01
-7.39266000 2.96092800e+01
-7.36266000 1.97860200e+01
-7.33266000 1.48457300e+01
-7.30266000 1.22108300e+01
-7.27266000 1.07930500e+01
-7.24266000 1.02304900e+01
-7.21266000 1.03966700e+01
-7.18266000 1.13457100e+01
-7.15266000 1.27427200e+01
-7.12266000 1.46365400e+01
-7.09266000 1.91085900e+01
-7.06266000 2.77853400e+01
-7.03266000 3.21230300e+01
-7.00266000 2.37523600e+01
-6.97266000 1.63631500e+01
-6.94266000 1.27763100e+01
-6.91266000 1.12851600e+01
-6.88266000 1.10195700e+01
-6.85017000 1.19557900e+01
-6.82017000 1.40067300e+01
-6.79017000 1.51722000e+01
-6.76017000 1.44762900e+01
-6.73017000 1.50629300e+01
-6.70017000 1.80624500e+01
-6.67017000 2.40278900e+01
-6.64017000 2.82990500e+01
-6.61017000 2.57053000e+01
-6.58017000 2.51982400e+01
-6.55017000 3.00411600e+01
-6.52017000 3.96753400e+01
-6.49017000 5.34427200e+01
-6.46017000 6.12254000e+01
-6.43017000 6.17670000e+01
-6.40017000 6.23321000e+01
-6.37017000 5.35792000e+01
-6.34017000 3.86911000e+01
-6.31017000 2.88639200e+01
-6.28017000 2.43036600e+01
-6.25017000 2.28842600e+01
-6.22017000 2.35331800e+01
-6.19017000 2.61895200e+01
-6.16017000 3.17465400e+01
-6.13017000 4.18992000e+01
-6.10017000 5.39866000e+01
-6.07017000 6.06845000e+01
-6.04017000 7.47192000e+01
-6.01017000 1.10647000e+02
-5.98017000 1.61519500e+02
-5.95017000 1.55044800e+02
-5.92017000 1.11397900e+02
-5.89017000 9.33510000e+01
-5.86017000 9.62503000e+01
-5.83017000 9.33247000e+01
-5.80017000 9.00633000e+01
-5.77017000 1.02710100e+02
-5.74017000 1.29592200e+02
-5.71017000 1.58964400e+02
-5.68017000 1.62100800e+02
-5.65017000 1.64124800e+02
-5.62017000 2.04616400e+02
-5.59017000 2.90070200e+02
-5.56017000 3.46443200e+02
-5.53017000 2.86551800e+02
-5.50017000 2.23045800e+02
-5.47017000 1.85114200e+02
-5.44017000 1.91093200e+02
-5.41017000 2.31571200e+02
-5.38017000 2.97926600e+02
-5.35017000 3.54531000e+02
-5.31768000 2.82616300e+02
-5.28768000 1.89796000e+02
-5.25768000 1.45208600e+02
-5.22768000 1.30144200e+02
-5.19768000 1.39348300e+02
-5.16768000 1.82921600e+02
-5.13768000 2.63162200e+02
-5.10768000 3.05566800e+02
-5.07768000 2.50370800e+02
-5.04768000 2.07386600e+02
-5.01768000 2.28044200e+02
-4.98768000 2.92450000e+02
-4.95768000 2.82761000e+02
-4.92768000 2.21210000e+02
-4.89768000 2.05552400e+02
-4.86768000 2.04053200e+02
-4.83768000 1.73835900e+02
-4.80768000 1.41727400e+02
-4.77768000 1.31644200e+02
-4.74768000 1.45341900e+02
-4.71768000 1.82288600e+02
-4.68768000 2.56222200e+02
-4.65768000 3.71426000e+02
-4.62768000 4.58955000e+02
-4.59768000 3.94795000e+02
-4.56768000 3.26821400e+02
-4.53768000 3.44608800e+02
-4.50768000 4.36766700e+02
-4.47768000 4.95015900e+02
-4.44768000 3.78320300e+02
-4.41768000 2.67332500e+02
-4.38768000 2.27411000e+02
-4.35768000 2.40779200e+02
-4.32768000 2.71015700e+02
-4.29768000 3.00100200e+02
-4.26768000 3.72311300e+02
-4.23768000 4.95045000e+02
-4.20768000 5.01936000e+02
-4.17768000 4.21242000e+02
-4.14768000 4.04789000e+02
-4.11768000 4.08843000e+02
-4.08768000 4.30768000e+02
-4.05768000 4.68756000e+02
-4.02768000 4.26816000e+02
-3.99768000 3.21362000e+02
-3.96768000 2.39241600e+02
-3.93768000 1.92488000e+02
-3.90768000 1.79684900e+02
-3.87768000 1.98822200e+02
-3.84768000 2.44709300e+02
-3.81768000 3.07932000e+02
-3.78520000 3.75077000e+02
-3.75520000 3.87443600e+02
-3.72520000 3.45532000e+02
-3.69520000 3.30534000e+02
-3.66520000 3.15822000e+02
-3.63520000 3.29290000e+02
-3.60520000 4.16165000e+02
-3.57520000 5.84479000e+02
-3.54520000 8.15620000e+02
-3.51520000 9.13662000e+02
-3.48520000 9.06967000e+02
-3.45520000 9.94276000e+02
-3.42520000 1.00742900e+03
-3.39520000 7.91204000e+02
-3.36520000 5.45677000e+02
-3.33520000 4.30452000e+02
-3.30520000 4.02474000e+02
-3.27520000 3.86482000e+02
-3.24520000 3.85458000e+02
-3.21520000 4.27337000e+02
-3.18520000 4.40967000e+02
-3.15520000 4.14997000e+02
-3.12520000 4.31211000e+02
-3.09520000 5.34971000e+02
-3.06520000 7.93174000e+02
-3.03520000 1.17855500e+03
-3.00520000 1.32818200e+03
-2.97520000 1.26272800e+03
-2.94520000 1.12478400e+03
-2.91520000 8.81581000e+02
-2.88520000 7.11704000e+02
-2.85520000 5.61396100e+02
-2.82520000 3.79076300e+02
-2.79520000 2.54260900e+02
-2.76520000 1.87216200e+02
-2.73520000 1.51728300e+02
-2.70520000 1.33513800e+02
-2.67520000 1.24359900e+02
-2.64520000 1.19558600e+02
-2.61520000 1.18803700e+02
-2.58520000 1.32351600e+02
-2.55520000 1.57703400e+02
-2.52520000 1.78170400e+02
-2.49520000 1.79509000e+02
-2.46520000 1.96015300e+02
-2.43520000 2.46406500e+02
-2.40520000 2.60290300e+02
-2.37520000 2.38417400e+02
-2.34520000 2.47261200e+02
-2.31520000 2.63752400e+02
-2.28520000 2.77512400e+02
-2.25271000 2.87042000e+02
-2.22271000 2.81481400e+02
-2.19271000 3.20801600e+02
-2.16271000 4.53413000e+02
-2.13271000 6.40889600e+02
-2.10271000 7.23542200e+02
-2.07271000 6.68674100e+02
-2.04271000 4.87406200e+02
-2.01271000 3.60019500e+02
-1.98271000 2.93944800e+02
-1.95271000 2.77542000e+02
-1.92271000 2.85433000e+02
-1.89271000 2.50145400e+02
-1.86271000 1.83765200e+02
-1.83271000 1.49791600e+02
-1.80271000 1.42468000e+02
-1.77271000 1.26270200e+02
-1.74271000 1.07085300e+02
-1.71271000 1.01110900e+02
-1.68271000 9.72608000e+01
-1.65271000 9.79046000e+01
-1.62271000 9.99807000e+01
-1.59271000 1.03086900e+02
-1.56271000 1.05076100e+02
-1.53271000 9.47850000e+01
-1.50271000 7.19293000e+01
-1.47271000 5.86569700e+01
-1.44271000 5.69430600e+01
-1.41271000 6.27272900e+01
-1.38271000 6.24985800e+01
-1.35271000 5.75265000e+01
-1.32271000 5.56863000e+01
-1.29271000 5.42876000e+01
-1.26271000 5.84644400e+01
-1.23271000 6.00588500e+01
-1.20271000 5.67345400e+01
-1.17271000 6.14681100e+01
-1.14271000 7.60507900e+01
-1.11271000 9.60516300e+01
-1.08271000 1.01069230e+02
-1.05271000 9.61930000e+01
-1.02271000 1.05362950e+02
-0.99270700 1.08791480e+02
-0.96270700 1.04707870e+02
-0.93270700 1.06546460e+02
-0.90270700 1.12218080e+02
-0.87270700 1.39270700e+02
-0.84270700 1.81266300e+02
-0.81270700 1.75193900e+02
-0.78270700 1.32284900e+02
-0.75270700 9.34403600e+01
-0.72021800 6.80471300e+01
-0.69021800 5.94571000e+01
-0.66021800 6.14780100e+01
-0.63021800 7.52312100e+01
-0.60021800 1.07753670e+02
-0.57021800 1.64250360e+02
-0.54021800 1.89993470e+02
-0.51021800 1.45576300e+02
-0.48021800 1.09570600e+02
-0.45021800 1.01038500e+02
-0.42021800 1.16408200e+02
-0.39021800 1.53012400e+02
-0.36021800 1.95521400e+02
-0.33021800 2.27097000e+02
-0.30021800 2.07223200e+02
-0.27021800 1.83864900e+02
-0.24021800 1.97138800e+02
-0.21021800 2.00100000e+02
-0.18021800 1.45103400e+02
-0.15021800 9.97735000e+01
-0.12021800 8.11042400e+01
-0.09021850 8.36690800e+01
-0.06021850 9.94930200e+01
-0.03021850 9.61776100e+01
-0.00021847 7.24689300e+01
0.02978150 5.53511200e+01
0.05978150 4.66018400e+01
0.08978150 4.57062800e+01
0.11978200 5.29168400e+01
0.14978200 7.23371700e+01
0.17978200 1.05556860e+02
0.20978200 1.11920100e+02
0.23978200 8.53033000e+01
0.26978200 6.45813000e+01
0.29978200 4.86955000e+01
0.32978200 4.19629300e+01
0.35978200 4.38061000e+01
0.38978200 5.11698400e+01
0.41978200 5.72791700e+01
0.44978200 6.14929300e+01
0.47978200 5.42614400e+01
0.50978200 4.05411200e+01
0.53978200 3.08400500e+01
0.56978200 2.61631400e+01
0.59978200 2.59749600e+01
0.62978200 2.96263800e+01
0.65978200 3.48239300e+01
0.68978200 4.01834600e+01
0.71978200 4.49188100e+01
0.74978200 3.96448100e+01
0.77978200 3.15206100e+01
