# E(MeV)  S_NSDRNSDR(K=1) for Es306_DDPCX
-14.51260000 3.83842000e-02
-14.48260000 4.29545000e-02
-14.45260000 4.24606000e-02
-14.42260000 3.40779000e-02
-14.39260000 1.08091000e-02
-14.36260000 -4.16468000e-02
-14.33260000 -1.19486000e-01
-14.30260000 -1.12396000e-01
-14.27260000 -3.76773000e-02
-14.24260000 -6.60375000e-04
-14.21260000 -6.21498000e-03
-14.18260000 -2.54442000e-02
-14.15260000 7.32752000e-03
-14.12260000 5.30788000e-02
-14.09260000 7.97298000e-02
-14.06260000 9.43830000e-02
-14.03260000 1.03194000e-01
-14.00260000 1.08983000e-01
-13.97260000 1.13044000e-01
-13.94260000 1.16016000e-01
-13.91260000 1.18241000e-01
-13.88260000 1.19912000e-01
-13.85260000 1.21144000e-01
-13.82260000 1.22004000e-01
-13.79260000 1.22534000e-01
-13.76260000 1.22754000e-01
-13.73260000 1.22673000e-01
-13.70260000 1.22287000e-01
-13.67260000 1.21584000e-01
-13.64260000 1.20545000e-01
-13.61260000 1.19138000e-01
-13.58260000 1.17326000e-01
-13.55260000 1.15057000e-01
-13.52260000 1.12271000e-01
-13.49260000 1.08887000e-01
-13.46260000 1.04809000e-01
-13.43260000 9.99148000e-02
-13.40260000 9.40506000e-02
-13.37260000 8.70226000e-02
-13.34260000 7.85830000e-02
-13.31260000 6.84122000e-02
-13.28260000 5.60923000e-02
-13.25260000 4.10698000e-02
-13.22260000 2.25994000e-02
-13.19260000 -3.40101000e-04
-13.16260000 -2.91773000e-02
-13.13260000 -6.59577000e-02
-13.10260000 -1.13689000e-01
-13.07260000 -1.76935000e-01
-13.04260000 -2.62868000e-01
-13.01260000 -3.83261000e-01
-12.98010000 -5.76388000e-01
-12.95010000 -8.53701000e-01
-12.92010000 -1.30482000e+00
-12.89010000 -2.09548000e+00
-12.86010000 -3.60267000e+00
-12.83010000 -6.61253000e+00
-12.80010000 -1.12795000e+01
-12.77010000 -1.17182000e+01
-12.74010000 -7.08686000e+00
-12.71010000 -3.84111000e+00
-12.68010000 -2.20693000e+00
-12.65010000 -1.35517000e+00
-12.62010000 -8.71568000e-01
-12.59010000 -5.74345000e-01
-12.56010000 -3.79039000e-01
-12.53010000 -2.42998000e-01
-12.50010000 -1.42687000e-01
-12.47010000 -6.35290000e-02
-12.44010000 5.63070000e-03
-12.41010000 7.72129000e-02
-12.38010000 1.69743000e-01
-12.35010000 2.85361000e-01
-12.32010000 3.08882000e-01
-12.29010000 2.39746000e-01
-12.26010000 1.96589000e-01
-12.23010000 1.80809000e-01
-12.20010000 1.77503000e-01
-12.17010000 1.79493000e-01
-12.14010000 1.83744000e-01
-12.11010000 1.88928000e-01
-12.08010000 1.94437000e-01
-12.05010000 1.99985000e-01
-12.02010000 2.05440000e-01
-11.99010000 2.10744000e-01
-11.96010000 2.15880000e-01
-11.93010000 2.20847000e-01
-11.90010000 2.25657000e-01
-11.87010000 2.30324000e-01
-11.84010000 2.34866000e-01
-11.81010000 2.39299000e-01
-11.78010000 2.43642000e-01
-11.75010000 2.47910000e-01
-11.72010000 2.52120000e-01
-11.69010000 2.56285000e-01
-11.66010000 2.60421000e-01
-11.63010000 2.64539000e-01
-11.60010000 2.68653000e-01
-11.57010000 2.72775000e-01
-11.54010000 2.76917000e-01
-11.51010000 2.81091000e-01
-11.48010000 2.85307000e-01
-11.44760000 2.89935000e-01
-11.41760000 2.94278000e-01
-11.38760000 2.98701000e-01
-11.35760000 3.03215000e-01
-11.32760000 3.07836000e-01
-11.29760000 3.12576000e-01
-11.26760000 3.17450000e-01
-11.23760000 3.22476000e-01
-11.20760000 3.27671000e-01
-11.17760000 3.33056000e-01
-11.14760000 3.38651000e-01
-11.11760000 3.44482000e-01
-11.08760000 3.50578000e-01
-11.05760000 3.56969000e-01
-11.02760000 3.63693000e-01
-10.99760000 3.70795000e-01
-10.96760000 3.78326000e-01
-10.93760000 3.86338000e-01
-10.90760000 3.94895000e-01
-10.87760000 4.04107000e-01
-10.84760000 4.14115000e-01
-10.81760000 4.25049000e-01
-10.78760000 4.36765000e-01
-10.75760000 4.49348000e-01
-10.72760000 4.63370000e-01
-10.69760000 4.79153000e-01
-10.66760000 4.97052000e-01
-10.63760000 5.17609000e-01
-10.60760000 5.41669000e-01
-10.57760000 5.70641000e-01
-10.54760000 6.07127000e-01
-10.51760000 6.56041000e-01
-10.48760000 7.21193000e-01
-10.45760000 7.79126000e-01
-10.42760000 8.22313000e-01
-10.39760000 8.91375000e-01
-10.36760000 9.97759000e-01
-10.33760000 1.13303000e+00
-10.30760000 1.30956000e+00
-10.27760000 1.58200000e+00
-10.24760000 2.02173000e+00
-10.21760000 2.75304000e+00
-10.18760000 3.91446000e+00
-10.15760000 5.82336000e+00
-10.12760000 9.18187000e+00
-10.09760000 1.46654000e+01
-10.06760000 1.67706000e+01
-10.03760000 1.11859000e+01
-10.00760000 6.58758000e+00
-9.97764000 4.25498000e+00
-9.94764000 2.99499000e+00
-9.91515000 2.24739000e+00
-9.88515000 1.87344000e+00
-9.85515000 1.67549000e+00
-9.82515000 1.60105000e+00
-9.79515000 1.63645000e+00
-9.76515000 1.81671000e+00
-9.73515000 2.25900000e+00
-9.70515000 3.21968000e+00
-9.67515000 4.82724000e+00
-9.64515000 5.20939000e+00
-9.61515000 3.62866000e+00
-9.58515000 2.45547000e+00
-9.55515000 1.91109000e+00
-9.52515000 1.71698000e+00
-9.49515000 1.69705000e+00
-9.46515000 1.75481000e+00
-9.43515000 1.76996000e+00
-9.40515000 1.62522000e+00
-9.37515000 1.42528000e+00
-9.34515000 1.28902000e+00
-9.31515000 1.23106000e+00
-9.28515000 1.22064000e+00
-9.25515000 1.24157000e+00
-9.22515000 1.28855000e+00
-9.19515000 1.35870000e+00
-9.16515000 1.43581000e+00
-9.13515000 1.48466000e+00
-9.10515000 1.54121000e+00
-9.07515000 1.63131000e+00
-9.04515000 1.75605000e+00
-9.01515000 1.91395000e+00
-8.98515000 2.10465000e+00
-8.95515000 2.34641000e+00
-8.92515000 2.66163000e+00
-8.89515000 3.08618000e+00
-8.86515000 3.67856000e+00
-8.83515000 4.55007000e+00
-8.80515000 5.92968000e+00
-8.77515000 8.29877000e+00
-8.74515000 1.22964000e+01
-8.71515000 1.61175000e+01
-8.68515000 1.70347000e+01
-8.65515000 2.00010000e+01
-8.62515000 2.88985000e+01
-8.59515000 4.85060000e+01
-8.56515000 7.66889000e+01
-8.53515000 7.62165000e+01
-8.50515000 5.19537000e+01
-8.47515000 3.29626000e+01
-8.44515000 2.10704000e+01
-8.41515000 1.39978000e+01
-8.38266000 1.00273000e+01
-8.35266000 8.27767000e+00
-8.32266000 7.26396000e+00
-8.29266000 6.13507000e+00
-8.26266000 5.32939000e+00
-8.23266000 4.87625000e+00
-8.20266000 4.58319000e+00
-8.17266000 4.26446000e+00
-8.14266000 4.12790000e+00
-8.11266000 4.23439000e+00
-8.08266000 4.59481000e+00
-8.05266000 5.30302000e+00
-8.02266000 6.59826000e+00
-7.99266000 8.83587000e+00
-7.96266000 1.13382000e+01
-7.93266000 1.32574000e+01
-7.90266000 1.74757000e+01
-7.87266000 2.68592000e+01
-7.84266000 4.38693000e+01
-7.81266000 5.20693000e+01
-7.78266000 3.83601000e+01
-7.75266000 2.76262000e+01
-7.72266000 2.31876000e+01
-7.69266000 2.21891000e+01
-7.66266000 1.74659000e+01
-7.63266000 1.23424000e+01
-7.60266000 9.72825000e+00
-7.57266000 8.90620000e+00
-7.54266000 9.73976000e+00
-7.51266000 1.28830000e+01
-7.48266000 1.92975000e+01
-7.45266000 2.37046000e+01
-7.42266000 1.86804000e+01
-7.39266000 1.18292000e+01
-7.36266000 7.85064000e+00
-7.33266000 5.85619000e+00
-7.30266000 4.77472000e+00
-7.27266000 4.17144000e+00
-7.24266000 3.89721000e+00
-7.21266000 3.87269000e+00
-7.18266000 4.11114000e+00
-7.15266000 4.71655000e+00
-7.12266000 5.91909000e+00
-7.09266000 8.36175000e+00
-7.06266000 1.27939000e+01
-7.03266000 1.49958000e+01
-7.00266000 1.08114000e+01
-6.97266000 7.09771000e+00
-6.94266000 5.27003000e+00
-6.91266000 4.47595000e+00
-6.88266000 4.27851000e+00
-6.85017000 4.65222000e+00
-6.82017000 5.56585000e+00
-6.79017000 6.03420000e+00
-6.76017000 5.54959000e+00
-6.73017000 5.64711000e+00
-6.70017000 6.90290000e+00
-6.67017000 9.58481000e+00
-6.64017000 1.12666000e+01
-6.61017000 9.25016000e+00
-6.58017000 7.78863000e+00
-6.55017000 8.00873000e+00
-6.52017000 8.63982000e+00
-6.49017000 9.61496000e+00
-6.46017000 1.21580000e+01
-6.43017000 1.27082000e+01
-6.40017000 1.04244000e+01
-6.37017000 8.87610000e+00
-6.34017000 7.32880000e+00
-6.31017000 6.34146000e+00
-6.28017000 6.03903000e+00
-6.25017000 6.18253000e+00
-6.22017000 6.67604000e+00
-6.19017000 7.55146000e+00
-6.16017000 8.96677000e+00
-6.13017000 1.12648000e+01
-6.10017000 1.49659000e+01
-6.07017000 2.04054000e+01
-6.04017000 2.99188000e+01
-6.01017000 4.89635000e+01
-5.98017000 7.45768000e+01
-5.95017000 7.08880000e+01
-5.92017000 4.79201000e+01
-5.89017000 3.67288000e+01
-5.86017000 3.54212000e+01
-5.83017000 3.29316000e+01
-5.80017000 3.07721000e+01
-5.77017000 3.45846000e+01
-5.74017000 4.21030000e+01
-5.71017000 4.71798000e+01
-5.68017000 4.07923000e+01
-5.65017000 3.47161000e+01
-5.62017000 3.55242000e+01
-5.59017000 3.73341000e+01
-5.56017000 3.88381000e+01
-5.53017000 4.45039000e+01
-5.50017000 4.73119000e+01
-5.47017000 4.09601000e+01
-5.44017000 4.04091000e+01
-5.41017000 5.02571000e+01
-5.38017000 7.54113000e+01
-5.35017000 1.08622000e+02
-5.31768000 9.45754000e+01
-5.28768000 6.27142000e+01
-5.25768000 4.66831000e+01
-5.22768000 4.00262000e+01
-5.19768000 4.05267000e+01
-5.16768000 5.12593000e+01
-5.13768000 7.66131000e+01
-5.10768000 9.95089000e+01
-5.07768000 7.83910000e+01
-5.04768000 5.11533000e+01
-5.01768000 3.80766000e+01
-4.98768000 3.41285000e+01
-4.95768000 3.48320000e+01
-4.92768000 3.77770000e+01
-4.89768000 4.50122000e+01
-4.86768000 4.99231000e+01
-4.83768000 4.81367000e+01
-4.80768000 4.28300000e+01
-4.77768000 4.23946000e+01
-4.74768000 4.92724000e+01
-4.71768000 6.37295000e+01
-4.68768000 9.16896000e+01
-4.65768000 1.30679000e+02
-4.62768000 1.57315000e+02
-4.59768000 1.41468000e+02
-4.56768000 1.29308000e+02
-4.53768000 1.49986000e+02
-4.50768000 2.01863000e+02
-4.47768000 2.33898000e+02
-4.44768000 1.76924000e+02
-4.41768000 1.21811000e+02
-4.38768000 1.01391000e+02
-4.35768000 1.06644000e+02
-4.32768000 1.18888000e+02
-4.29768000 1.27915000e+02
-4.26768000 1.53089000e+02
-4.23768000 1.94381000e+02
-4.20768000 1.81634000e+02
-4.17768000 1.52497000e+02
-4.14768000 1.53229000e+02
-4.11768000 1.48019000e+02
-4.08768000 1.45006000e+02
-4.05768000 1.69933000e+02
-4.02768000 1.58298000e+02
-3.99768000 1.08428000e+02
-3.96768000 7.69170000e+01
-3.93768000 6.19765000e+01
-3.90768000 5.65359000e+01
-3.87768000 5.96288000e+01
-3.84768000 7.30527000e+01
-3.81768000 1.01088000e+02
-3.78520000 1.43213000e+02
-3.75520000 1.51028000e+02
-3.72520000 1.19724000e+02
-3.69520000 9.62180000e+01
-3.66520000 9.25215000e+01
-3.63520000 1.07952000e+02
-3.60520000 1.46221000e+02
-3.57520000 2.12123000e+02
-3.54520000 3.00168000e+02
-3.51520000 3.12258000e+02
-3.48520000 2.90053000e+02
-3.45520000 3.35967000e+02
-3.42520000 3.69195000e+02
-3.39520000 2.92289000e+02
-3.36520000 1.97883000e+02
-3.33520000 1.53277000e+02
-3.30520000 1.36562000e+02
-3.27520000 1.16177000e+02
-3.24520000 1.08188000e+02
-3.21520000 1.19410000e+02
-3.18520000 1.23061000e+02
-3.15520000 1.15324000e+02
-3.12520000 1.19912000e+02
-3.09520000 1.40137000e+02
-3.06520000 1.92534000e+02
-3.03520000 2.93744000e+02
-3.00520000 4.11553000e+02
-2.97520000 4.70989000e+02
-2.94520000 4.46025000e+02
-2.91520000 3.50373000e+02
-2.88520000 2.95367000e+02
-2.85520000 2.40191000e+02
-2.82520000 1.60209000e+02
-2.79520000 1.04276000e+02
-2.76520000 7.46353000e+01
-2.73520000 5.91108000e+01
-2.70520000 5.09466000e+01
-2.67520000 4.61566000e+01
-2.64520000 4.35250000e+01
-2.61520000 4.25181000e+01
-2.58520000 4.57116000e+01
-2.55520000 4.96866000e+01
-2.52520000 4.97315000e+01
-2.49520000 5.43757000e+01
-2.46520000 6.99256000e+01
-2.43520000 9.65023000e+01
-2.40520000 1.06915000e+02
-2.37520000 1.02414000e+02
-2.34520000 1.10589000e+02
-2.31520000 1.20436000e+02
-2.28520000 1.28463000e+02
-2.25271000 1.33581000e+02
-2.22271000 1.29828000e+02
-2.19271000 1.47645000e+02
-2.16271000 2.10889000e+02
-2.13271000 2.98317000e+02
-2.10271000 3.30975000e+02
-2.07271000 2.97189000e+02
-2.04271000 2.01791000e+02
-2.01271000 1.41976000e+02
-1.98271000 1.18691000e+02
-1.95271000 1.16688000e+02
-1.92271000 1.22022000e+02
-1.89271000 1.07116000e+02
-1.86271000 7.71161000e+01
-1.83271000 6.06555000e+01
-1.80271000 5.46694000e+01
-1.77271000 4.49760000e+01
-1.74271000 3.59757000e+01
-1.71271000 3.28737000e+01
-1.68271000 3.50128000e+01
-1.65271000 3.95236000e+01
-1.62271000 4.24141000e+01
-1.59271000 4.42369000e+01
-1.56271000 4.52154000e+01
-1.53271000 4.07611000e+01
-1.50271000 3.04958000e+01
-1.47271000 2.47059000e+01
-1.44271000 2.40912000e+01
-1.41271000 2.71043000e+01
-1.38271000 2.66696000e+01
-1.35271000 2.29751000e+01
-1.32271000 2.09611000e+01
-1.29271000 2.15161000e+01
-1.26271000 2.51582000e+01
-1.23271000 2.67431000e+01
-1.20271000 2.54630000e+01
-1.17271000 2.81126000e+01
-1.14271000 3.56050000e+01
-1.11271000 4.56304000e+01
-1.08271000 4.79439000e+01
-1.05271000 4.51903000e+01
-1.02271000 4.98183000e+01
-0.99270700 5.16090000e+01
-0.96270700 4.92972000e+01
-0.93270700 4.96651000e+01
-0.90270700 5.16080000e+01
-0.87270700 6.36445000e+01
-0.84270700 8.24832000e+01
-0.81270700 7.94249000e+01
-0.78270700 6.04242000e+01
-0.75270700 4.26308000e+01
-0.72021800 3.07543000e+01
-0.69021800 2.68082000e+01
-0.66021800 2.79016000e+01
-0.63021800 3.46507000e+01
-0.60021800 5.05837000e+01
-0.57021800 7.82465000e+01
-0.54021800 9.01468000e+01
-0.51021800 6.63698000e+01
-0.48021800 4.56671000e+01
-0.45021800 3.63897000e+01
-0.42021800 3.53448000e+01
-0.39021800 4.30584000e+01
-0.36021800 6.18526000e+01
-0.33021800 7.79574000e+01
-0.30021800 7.07787000e+01
-0.27021800 6.93292000e+01
-0.24021800 8.45014000e+01
-0.21021800 9.07656000e+01
-0.18021800 6.58720000e+01
-0.15021800 4.47788000e+01
-0.12021800 3.64287000e+01
-0.09021850 3.82257000e+01
-0.06021850 4.61774000e+01
-0.03021850 4.43662000e+01
-0.00021847 3.28434000e+01
0.02978150 2.46486000e+01
0.05978150 2.04086000e+01
0.08978150 1.99365000e+01
0.11978200 2.35056000e+01
0.14978200 3.31363000e+01
0.17978200 4.91411000e+01
0.20978200 5.07111000e+01
0.23978200 3.45581000e+01
0.26978200 2.32799000e+01
0.29978200 1.80198000e+01
0.32978200 1.68761000e+01
0.35978200 1.88763000e+01
0.38978200 2.31372000e+01
0.41978200 2.66730000e+01
0.44978200 2.90996000e+01
0.47978200 2.56830000e+01
0.50978200 1.89426000e+01
0.53978200 1.41308000e+01
0.56978200 1.18293000e+01
0.59978200 1.17773000e+01
0.62978200 1.36632000e+01
0.65978200 1.62690000e+01
0.68978200 1.88447000e+01
0.71978200 2.09604000e+01
0.74978200 1.80755000e+01
0.77978200 1.40617000e+01
