# E(MeV)  S_NSDRNSDR(K=0) for Es306_DDPCX
-14.51260000 9.81423000e-02
-14.48260000 1.01485000e-01
-14.45260000 1.04483000e-01
-14.42260000 1.07200000e-01
-14.39260000 1.09685000e-01
-14.36260000 1.11977000e-01
-14.33260000 1.14104000e-01
-14.30260000 1.16091000e-01
-14.27260000 1.17955000e-01
-14.24260000 1.19711000e-01
-14.21260000 1.21370000e-01
-14.18260000 1.22941000e-01
-14.15260000 1.24430000e-01
-14.12260000 1.25841000e-01
-14.09260000 1.27177000e-01
-14.06260000 1.28440000e-01
-14.03260000 1.29626000e-01
-14.00260000 1.30735000e-01
-13.97260000 1.31760000e-01
-13.94260000 1.32693000e-01
-13.91260000 1.33526000e-01
-13.88260000 1.34243000e-01
-13.85260000 1.34826000e-01
-13.82260000 1.35253000e-01
-13.79260000 1.35492000e-01
-13.76260000 1.35504000e-01
-13.73260000 1.35237000e-01
-13.70260000 1.34621000e-01
-13.67260000 1.33565000e-01
-13.64260000 1.31941000e-01
-13.61260000 1.29575000e-01
-13.58260000 1.26218000e-01
-13.55260000 1.21507000e-01
-13.52260000 1.14896000e-01
-13.49260000 1.05531000e-01
-13.46260000 9.20206000e-02
-13.43260000 7.19720000e-02
-13.40260000 4.10050000e-02
-13.37260000 -9.50616000e-03
-13.34260000 -9.79642000e-02
-13.31260000 -2.66105000e-01
-13.28260000 -5.99198000e-01
-13.25260000 -1.09602000e+00
-13.22260000 -1.10797000e+00
-13.19260000 -6.34584000e-01
-13.16260000 -3.30412000e-01
-13.13260000 -2.05077000e-01
-13.10260000 -1.87438000e-01
-13.07260000 -2.52138000e-01
-13.04260000 -3.22184000e-01
-13.01260000 -3.26623000e-01
-12.98010000 -4.13664000e-01
-12.95010000 -6.56238000e-01
-12.92010000 -1.17646000e+00
-12.89010000 -2.25952000e+00
-12.86010000 -4.09006000e+00
-12.83010000 -4.63345000e+00
-12.80010000 -2.80751000e+00
-12.77010000 -1.35834000e+00
-12.74010000 -6.02022000e-01
-12.71010000 -1.88184000e-01
-12.68010000 7.09689000e-02
-12.65010000 2.59760000e-01
-12.62010000 4.19796000e-01
-12.59010000 5.75878000e-01
-12.56010000 7.47450000e-01
-12.53010000 9.55272000e-01
-12.50010000 1.22782000e+00
-12.47010000 1.61111000e+00
-12.44010000 2.18831000e+00
-12.41010000 3.12425000e+00
-12.38010000 4.77478000e+00
-12.35010000 7.95097000e+00
-12.32010000 1.42278000e+01
-12.29010000 2.26846000e+01
-12.26010000 2.09343000e+01
-12.23010000 1.23225000e+01
-12.20010000 6.98991000e+00
-12.17010000 4.32449000e+00
-12.14010000 2.92217000e+00
-12.11010000 2.12369000e+00
-12.08010000 1.63612000e+00
-12.05010000 1.30853000e+00
-12.02010000 1.07716000e+00
-11.99010000 9.14893000e-01
-11.96010000 7.99861000e-01
-11.93010000 7.19536000e-01
-11.90010000 6.65914000e-01
-11.87010000 6.16301000e-01
-11.84010000 5.60137000e-01
-11.81010000 5.15908000e-01
-11.78010000 4.83535000e-01
-11.75010000 4.58926000e-01
-11.72010000 4.39642000e-01
-11.69010000 4.24293000e-01
-11.66010000 4.12003000e-01
-11.63010000 4.02174000e-01
-11.60010000 3.94375000e-01
-11.57010000 3.88284000e-01
-11.54010000 3.83655000e-01
-11.51010000 3.80297000e-01
-11.48010000 3.78060000e-01
-11.44760000 3.76767000e-01
-11.41760000 3.76519000e-01
-11.38760000 3.77108000e-01
-11.35760000 3.78483000e-01
-11.32760000 3.80605000e-01
-11.29760000 3.83450000e-01
-11.26760000 3.87003000e-01
-11.23760000 3.91262000e-01
-11.20760000 3.96233000e-01
-11.17760000 4.01933000e-01
-11.14760000 4.08387000e-01
-11.11760000 4.15632000e-01
-11.08760000 4.23714000e-01
-11.05760000 4.32694000e-01
-11.02760000 4.42643000e-01
-10.99760000 4.53649000e-01
-10.96760000 4.65817000e-01
-10.93760000 4.79273000e-01
-10.90760000 4.94168000e-01
-10.87760000 5.10679000e-01
-10.84760000 5.29022000e-01
-10.81760000 5.49455000e-01
-10.78760000 5.72288000e-01
-10.75760000 5.97901000e-01
-10.72760000 6.26755000e-01
-10.69760000 6.59420000e-01
-10.66760000 6.96602000e-01
-10.63760000 7.39191000e-01
-10.60760000 7.88312000e-01
-10.57760000 8.45418000e-01
-10.54760000 9.12405000e-01
-10.51760000 9.91796000e-01
-10.48760000 1.08703000e+00
-10.45760000 1.20293000e+00
-10.42760000 1.34654000e+00
-10.39760000 1.52874000e+00
-10.36760000 1.76749000e+00
-10.33760000 2.09271000e+00
-10.30760000 2.52922000e+00
-10.27760000 3.03622000e+00
-10.24760000 3.71741000e+00
-10.21760000 4.81384000e+00
-10.18760000 6.57326000e+00
-10.15760000 9.09660000e+00
-10.12760000 1.26165000e+01
-10.09760000 1.93438000e+01
-10.06760000 3.34104000e+01
-10.03760000 5.71815000e+01
-10.00760000 6.44878000e+01
-9.97764000 4.13880000e+01
-9.94764000 2.32034000e+01
-9.91515000 1.35257000e+01
-9.88515000 9.04352000e+00
-9.85515000 6.40102000e+00
-9.82515000 4.76826000e+00
-9.79515000 3.72495000e+00
-9.76515000 3.02659000e+00
-9.73515000 2.54179000e+00
-9.70515000 2.19819000e+00
-9.67515000 1.95525000e+00
-9.64515000 1.79226000e+00
-9.61515000 1.70526000e+00
-9.58515000 1.71296000e+00
-9.55515000 1.87658000e+00
-9.52515000 2.29815000e+00
-9.49515000 2.70016000e+00
-9.46515000 2.27837000e+00
-9.43515000 1.70499000e+00
-9.40515000 1.38503000e+00
-9.37515000 1.21928000e+00
-9.34515000 1.12996000e+00
-9.31515000 1.08299000e+00
-9.28515000 1.06466000e+00
-9.25515000 1.07166000e+00
-9.22515000 1.10938000e+00
-9.19515000 1.19291000e+00
-9.16515000 1.31651000e+00
-9.13515000 1.41554000e+00
-9.10515000 1.53879000e+00
-9.07515000 1.61470000e+00
-9.04515000 1.59606000e+00
-9.01515000 1.59232000e+00
-8.98515000 1.69146000e+00
-8.95515000 1.89835000e+00
-8.92515000 2.23536000e+00
-8.89515000 2.76860000e+00
-8.86515000 3.64503000e+00
-8.83515000 5.18631000e+00
-8.80515000 8.11491000e+00
-8.77515000 1.37605000e+01
-8.74515000 2.11257000e+01
-8.71515000 2.21957000e+01
-8.68515000 1.97320000e+01
-8.65515000 1.39177000e+01
-8.62515000 8.37158000e+00
-8.59515000 5.34821000e+00
-8.56515000 3.77658000e+00
-8.53515000 2.91096000e+00
-8.50515000 2.41499000e+00
-8.47515000 2.16218000e+00
-8.44515000 2.12545000e+00
-8.41515000 2.20831000e+00
-8.38266000 1.96353000e+00
-8.35266000 1.62248000e+00
-8.32266000 1.41807000e+00
-8.29266000 1.30540000e+00
-8.26266000 1.24165000e+00
-8.23266000 1.20986000e+00
-8.20266000 1.20298000e+00
-8.17266000 1.22045000e+00
-8.14266000 1.26895000e+00
-8.11266000 1.36687000e+00
-8.08266000 1.54168000e+00
-8.05266000 1.73353000e+00
-8.02266000 1.81227000e+00
-7.99266000 1.97874000e+00
-7.96266000 2.43279000e+00
-7.93266000 3.37468000e+00
-7.90266000 4.78459000e+00
-7.87266000 5.89123000e+00
-7.84266000 5.29335000e+00
-7.81266000 3.72183000e+00
-7.78266000 2.77723000e+00
-7.75266000 2.35720000e+00
-7.72266000 2.25100000e+00
-7.69266000 2.38225000e+00
-7.66266000 2.79203000e+00
-7.63266000 3.62779000e+00
-7.60266000 4.64315000e+00
-7.57266000 4.78551000e+00
-7.54266000 5.06986000e+00
-7.51266000 6.68064000e+00
-7.48266000 1.01312000e+01
-7.45266000 1.22853000e+01
-7.42266000 9.16963000e+00
-7.39266000 5.95088000e+00
-7.36266000 4.08474000e+00
-7.33266000 3.13335000e+00
-7.30266000 2.66139000e+00
-7.27266000 2.45017000e+00
-7.24266000 2.43607000e+00
-7.21266000 2.65129000e+00
-7.18266000 3.12343000e+00
-7.15266000 3.30962000e+00
-7.12266000 2.79836000e+00
-7.09266000 2.38509000e+00
-7.06266000 2.19754000e+00
-7.03266000 2.13143000e+00
-7.00266000 2.12956000e+00
-6.97266000 2.16773000e+00
-6.94266000 2.23625000e+00
-6.91266000 2.33326000e+00
-6.88266000 2.46255000e+00
-6.85017000 2.65135000e+00
-6.82017000 2.87503000e+00
-6.79017000 3.10380000e+00
-6.76017000 3.37711000e+00
-6.73017000 3.76871000e+00
-6.70017000 4.25665000e+00
-6.67017000 4.85827000e+00
-6.64017000 5.76585000e+00
-6.61017000 7.20498000e+00
-6.58017000 9.62098000e+00
-6.55017000 1.40237000e+01
-6.52017000 2.23957000e+01
-6.49017000 3.42128000e+01
-6.46017000 3.69094000e+01
-6.43017000 3.63506000e+01
-6.40017000 4.14833000e+01
-6.37017000 3.58270000e+01
-6.34017000 2.40335000e+01
-6.31017000 1.61810000e+01
-6.28017000 1.22256000e+01
-6.25017000 1.05192000e+01
-6.22017000 1.01811000e+01
-6.19017000 1.10866000e+01
-6.16017000 1.38130000e+01
-6.13017000 1.93696000e+01
-6.10017000 2.40548000e+01
-6.07017000 1.98737000e+01
-6.04017000 1.48816000e+01
-6.01017000 1.27200000e+01
-5.98017000 1.23659000e+01
-5.95017000 1.32688000e+01
-5.92017000 1.55577000e+01
-5.89017000 1.98934000e+01
-5.86017000 2.54079000e+01
-5.83017000 2.74615000e+01
-5.80017000 2.85191000e+01
-5.77017000 3.35409000e+01
-5.74017000 4.53862000e+01
-5.71017000 6.46048000e+01
-5.68017000 8.05162000e+01
-5.65017000 9.46926000e+01
-5.62017000 1.33568000e+02
-5.59017000 2.15402000e+02
-5.56017000 2.68767000e+02
-5.53017000 1.97544000e+02
-5.50017000 1.28422000e+02
-5.47017000 1.03194000e+02
-5.44017000 1.10275000e+02
-5.41017000 1.31057000e+02
-5.38017000 1.47104000e+02
-5.35017000 1.37287000e+02
-5.31768000 9.34655000e+01
-5.28768000 6.43676000e+01
-5.25768000 5.18424000e+01
-5.22768000 5.00918000e+01
-5.19768000 5.82949000e+01
-5.16768000 8.04030000e+01
-5.13768000 1.09936000e+02
-5.10768000 1.06549000e+02
-5.07768000 9.35888000e+01
-5.04768000 1.05080000e+02
-5.01768000 1.51891000e+02
-4.98768000 2.24193000e+02
-4.95768000 2.13097000e+02
-4.92768000 1.45656000e+02
-4.89768000 1.15528000e+02
-4.86768000 1.04207000e+02
-4.83768000 7.75625000e+01
-4.80768000 5.60674000e+01
-4.77768000 4.68550000e+01
-4.74768000 4.67971000e+01
-4.71768000 5.48296000e+01
-4.68768000 7.28430000e+01
-4.65768000 1.10068000e+02
-4.62768000 1.44325000e+02
-4.59768000 1.11859000e+02
-4.56768000 6.82054000e+01
-4.53768000 4.46368000e+01
-4.50768000 3.30407000e+01
-4.47768000 2.72199000e+01
-4.44768000 2.44723000e+01
-4.41768000 2.37105000e+01
-4.38768000 2.46290000e+01
-4.35768000 2.74912000e+01
-4.32768000 3.32397000e+01
-4.29768000 4.42702000e+01
-4.26768000 6.61333000e+01
-4.23768000 1.06283000e+02
-4.20768000 1.38668000e+02
-4.17768000 1.16248000e+02
-4.14768000 9.83310000e+01
-4.11768000 1.12805000e+02
-4.08768000 1.40756000e+02
-4.05768000 1.28890000e+02
-4.02768000 1.10220000e+02
-3.99768000 1.04506000e+02
-3.96768000 8.54076000e+01
-3.93768000 6.85350000e+01
-3.90768000 6.66131000e+01
-3.87768000 7.95646000e+01
-3.84768000 9.86039000e+01
-3.81768000 1.05756000e+02
-3.78520000 8.86510000e+01
-3.75520000 8.53876000e+01
-3.72520000 1.06084000e+02
-3.69520000 1.38098000e+02
-3.66520000 1.30779000e+02
-3.63520000 1.13386000e+02
-3.60520000 1.23723000e+02
-3.57520000 1.60233000e+02
-3.54520000 2.15284000e+02
-3.51520000 2.89146000e+02
-3.48520000 3.26861000e+02
-3.45520000 3.22342000e+02
-3.42520000 2.69039000e+02
-3.39520000 2.06626000e+02
-3.36520000 1.49911000e+02
-3.33520000 1.23898000e+02
-3.30520000 1.29350000e+02
-3.27520000 1.54128000e+02
-3.24520000 1.69082000e+02
-3.21520000 1.88517000e+02
-3.18520000 1.94845000e+02
-3.15520000 1.84349000e+02
-3.12520000 1.91387000e+02
-3.09520000 2.54697000e+02
-3.06520000 4.08106000e+02
-3.03520000 5.91067000e+02
-3.00520000 5.05076000e+02
-2.97520000 3.20750000e+02
-2.94520000 2.32734000e+02
-2.91520000 1.80835000e+02
-2.88520000 1.20970000e+02
-2.85520000 8.10141000e+01
-2.82520000 5.86583000e+01
-2.79520000 4.57089000e+01
-2.76520000 3.79456000e+01
-2.73520000 3.35067000e+01
-2.70520000 3.16206000e+01
-2.67520000 3.20467000e+01
-2.64520000 3.25086000e+01
-2.61520000 3.37675000e+01
-2.58520000 4.09284000e+01
-2.55520000 5.83302000e+01
-2.52520000 7.87074000e+01
-2.49520000 7.07576000e+01
-2.46520000 5.61641000e+01
-2.43520000 5.34019000e+01
-2.40520000 4.64603000e+01
-2.37520000 3.35894000e+01
-2.34520000 2.60832000e+01
-2.31520000 2.28804000e+01
-2.28520000 2.05864000e+01
-2.25271000 1.98800000e+01
-2.22271000 2.18254000e+01
-2.19271000 2.55116000e+01
-2.16271000 3.16350000e+01
-2.13271000 4.42556000e+01
-2.10271000 6.15922000e+01
-2.07271000 7.42961000e+01
-2.04271000 8.38242000e+01
-2.01271000 7.60675000e+01
-1.98271000 5.65628000e+01
-1.95271000 4.41660000e+01
-1.92271000 4.13890000e+01
-1.89271000 3.59134000e+01
-1.86271000 2.95330000e+01
-1.83271000 2.84806000e+01
-1.80271000 3.31292000e+01
-1.77271000 3.63182000e+01
-1.74271000 3.51339000e+01
-1.71271000 3.53635000e+01
-1.68271000 2.72352000e+01
-1.65271000 1.88574000e+01
-1.62271000 1.51525000e+01
-1.59271000 1.46131000e+01
-1.56271000 1.46453000e+01
-1.53271000 1.32628000e+01
-1.50271000 1.09377000e+01
-1.47271000 9.24517000e+00
-1.44271000 8.76066000e+00
-1.41271000 8.51869000e+00
-1.38271000 9.15938000e+00
-1.35271000 1.15763000e+01
-1.32271000 1.37641000e+01
-1.29271000 1.12554000e+01
-1.26271000 8.14804000e+00
-1.23271000 6.57265000e+00
-1.20271000 5.80854000e+00
-1.17271000 5.24291000e+00
-1.14271000 4.84079000e+00
-1.11271000 4.79083000e+00
-1.08271000 5.18143000e+00
-1.05271000 5.81240000e+00
-1.02271000 5.72635000e+00
-0.99270700 5.57348000e+00
-0.96270700 6.11347000e+00
-0.93270700 7.21626000e+00
-0.90270700 9.00208000e+00
-0.87270700 1.19817000e+01
-0.84270700 1.62999000e+01
-0.81270700 1.63441000e+01
-0.78270700 1.14365000e+01
-0.75270700 8.17876000e+00
-0.72021800 6.53853000e+00
-0.69021800 5.84070000e+00
-0.66021800 5.67481000e+00
-0.63021800 5.92981000e+00
-0.60021800 6.58627000e+00
-0.57021800 7.75736000e+00
-0.54021800 9.69987000e+00
-0.51021800 1.28367000e+01
-0.48021800 1.82364000e+01
-0.45021800 2.82591000e+01
-0.42021800 4.57186000e+01
-0.39021800 6.68956000e+01
-0.36021800 7.18162000e+01
-0.33021800 7.11822000e+01
-0.30021800 6.56658000e+01
-0.27021800 4.52065000e+01
-0.24021800 2.81360000e+01
-0.21021800 1.85688000e+01
-0.18021800 1.33594000e+01
-0.15021800 1.02159000e+01
-0.12021800 8.24684000e+00
-0.09021850 7.21768000e+00
-0.06021850 7.13822000e+00
-0.03021850 7.44521000e+00
-0.00021847 6.78213000e+00
0.02978150 6.05392000e+00
0.05978150 5.78464000e+00
0.08978150 5.83328000e+00
0.11978200 5.90564000e+00
0.14978200 6.06457000e+00
0.17978200 7.27466000e+00
0.20978200 1.04979000e+01
0.23978200 1.61871000e+01
0.26978200 1.80215000e+01
0.29978200 1.26559000e+01
0.32978200 8.21073000e+00
0.35978200 6.05350000e+00
0.38978200 4.89544000e+00
0.41978200 3.93317000e+00
0.44978200 3.29373000e+00
0.47978200 2.89544000e+00
0.50978200 2.65592000e+00
0.53978200 2.57845000e+00
0.56978200 2.50454000e+00
0.59978200 2.42036000e+00
0.62978200 2.29998000e+00
0.65978200 2.28593000e+00
0.68978200 2.49406000e+00
0.71978200 2.99801000e+00
0.74978200 3.49381000e+00
0.77978200 3.39721000e+00
