# E(MeV)  S_NSDRNSDR(K=1) for Eu164_DDPCX
-6.56643000 -8.09915000e-01
-6.53643000 -7.24177000e-01
-6.50643000 -6.68539000e-01
-6.47643000 -6.36699000e-01
-6.44643000 -6.25733000e-01
-6.41643000 -6.35463000e-01
-6.38643000 -6.68651000e-01
-6.35643000 -7.32185000e-01
-6.32643000 -8.40106000e-01
-6.29643000 -1.02079000e+00
-6.26643000 -1.33454000e+00
-6.23643000 -1.91727000e+00
-6.20643000 -3.05882000e+00
-6.17643000 -4.92179000e+00
-6.14643000 -5.50041000e+00
-6.11643000 -3.94278000e+00
-6.08643000 -2.87829000e+00
-6.05643000 -2.61432000e+00
-6.02643000 -2.94164000e+00
-5.99643000 -3.94830000e+00
-5.96643000 -6.15327000e+00
-5.93643000 -1.06886000e+01
-5.90643000 -1.69749000e+01
-5.87643000 -1.58441000e+01
-5.82856000 -6.61932000e+00
-5.79856000 -3.92114000e+00
-5.76856000 -2.53522000e+00
-5.73856000 -1.76185000e+00
-5.70856000 -1.29369000e+00
-5.67856000 -9.90560000e-01
-5.64856000 -7.83391000e-01
-5.61856000 -6.35478000e-01
-5.58856000 -5.26024000e-01
-5.55856000 -4.42577000e-01
-5.52856000 -3.77332000e-01
-5.49856000 -3.25202000e-01
-5.46856000 -2.82757000e-01
-5.43856000 -2.47616000e-01
-5.40856000 -2.18084000e-01
-5.37856000 -1.92925000e-01
-5.34856000 -1.71219000e-01
-5.31856000 -1.52271000e-01
-5.28856000 -1.35542000e-01
-5.25856000 -1.20608000e-01
-5.22856000 -1.07127000e-01
-5.19856000 -9.48208000e-02
-5.16856000 -8.34520000e-02
-5.13856000 -7.28137000e-02
-5.09069000 -5.68839000e-02
-5.06069000 -4.72686000e-02
-5.03069000 -3.76990000e-02
-5.00069000 -2.79398000e-02
-4.97069000 -1.76931000e-02
-4.94069000 -6.55260000e-03
-4.91069000 6.07476000e-03
-4.88069000 2.11115000e-02
-4.85069000 4.00866000e-02
-4.82069000 6.57077000e-02
-4.79069000 1.03133000e-01
-4.76069000 1.63010000e-01
-4.73069000 2.69050000e-01
-4.70069000 4.74388000e-01
-4.67069000 8.48317000e-01
-4.64069000 1.12057000e+00
-4.61069000 8.12526000e-01
-4.58069000 4.71908000e-01
-4.55069000 2.98727000e-01
-4.52069000 2.20742000e-01
-4.49069000 1.93333000e-01
-4.46069000 2.04113000e-01
-4.43069000 2.62977000e-01
-4.40069000 3.77624000e-01
-4.35282000 3.42033000e-01
-4.32282000 2.25852000e-01
-4.29282000 1.63394000e-01
-4.26282000 1.33518000e-01
-4.23282000 1.19232000e-01
-4.20282000 1.12920000e-01
-4.17282000 1.11188000e-01
-4.14282000 1.12438000e-01
-4.11282000 1.15906000e-01
-4.08282000 1.21261000e-01
-4.05282000 1.28448000e-01
-4.02282000 1.37629000e-01
-3.99282000 1.49196000e-01
-3.96282000 1.63855000e-01
-3.93282000 1.82801000e-01
-3.90282000 2.08074000e-01
-3.87282000 2.43315000e-01
-3.84282000 2.95418000e-01
-3.81282000 3.78452000e-01
-3.78282000 5.23379000e-01
-3.75282000 7.99355000e-01
-3.72282000 1.30354000e+00
-3.69282000 1.73402000e+00
-3.66282000 1.48848000e+00
-3.61495000 1.19047000e+00
-3.58495000 9.08971000e-01
-3.55495000 6.40595000e-01
-3.52495000 4.99747000e-01
-3.49495000 4.33160000e-01
-3.46495000 4.04077000e-01
-3.43495000 3.95826000e-01
-3.40495000 4.00869000e-01
-3.37495000 4.15770000e-01
-3.34495000 4.39180000e-01
-3.31495000 4.71094000e-01
-3.28495000 5.12648000e-01
-3.25495000 5.64797000e-01
-3.22495000 6.24773000e-01
-3.19495000 6.97363000e-01
-3.16495000 7.92658000e-01
-3.13495000 9.20733000e-01
-3.10495000 1.10053000e+00
-3.07495000 1.37224000e+00
-3.04495000 1.82009000e+00
-3.01495000 2.52379000e+00
-2.98495000 3.01548000e+00
-2.95495000 2.90994000e+00
-2.92495000 3.00518000e+00
-2.87708000 4.02759000e+00
-2.84708000 5.35740000e+00
-2.81708000 7.63125000e+00
-2.78708000 1.17409000e+01
-2.75708000 1.97486000e+01
-2.72708000 3.55403000e+01
-2.69708000 5.55965000e+01
-2.66708000 4.92613000e+01
-2.63708000 2.85196000e+01
-2.60708000 1.60889000e+01
-2.57708000 9.87041000e+00
-2.54708000 6.57741000e+00
-2.51708000 4.69004000e+00
-2.48708000 3.54389000e+00
-2.45708000 2.81100000e+00
-2.42708000 2.25567000e+00
-2.39708000 1.82087000e+00
-2.36708000 1.50729000e+00
-2.33708000 1.27818000e+00
-2.30708000 1.10421000e+00
-2.27708000 9.66093000e-01
-2.24708000 8.56177000e-01
-2.21708000 7.68433000e-01
-2.18708000 6.97625000e-01
-2.13921000 6.11071000e-01
-2.10921000 5.69898000e-01
-2.07921000 5.37236000e-01
-2.04921000 5.12806000e-01
-2.01921000 4.97798000e-01
-1.98921000 4.95161000e-01
-1.95921000 4.98836000e-01
-1.92921000 4.81156000e-01
-1.89921000 4.58906000e-01
-1.86921000 4.49364000e-01
-1.83921000 4.50610000e-01
-1.80921000 4.61238000e-01
-1.77921000 4.82320000e-01
-1.74921000 5.17378000e-01
-1.71921000 5.73622000e-01
-1.68921000 6.65523000e-01
-1.65921000 8.23795000e-01
-1.62921000 1.11770000e+00
-1.59921000 1.69377000e+00
-1.56921000 2.61817000e+00
-1.53921000 2.86106000e+00
-1.50921000 2.11179000e+00
-1.47921000 1.67169000e+00
-1.44921000 1.58645000e+00
-1.40134000 1.44222000e+00
-1.37134000 1.48448000e+00
-1.34134000 1.80354000e+00
-1.31134000 2.60778000e+00
-1.28134000 4.01432000e+00
-1.25134000 4.48969000e+00
-1.22134000 3.24165000e+00
-1.19134000 2.34131000e+00
-1.16134000 2.05954000e+00
-1.13134000 2.21528000e+00
-1.10134000 2.84781000e+00
-1.07134000 4.29921000e+00
-1.04134000 7.15253000e+00
-1.01134000 9.79508000e+00
-0.98133900 7.73196000e+00
-0.95133900 4.66307000e+00
-0.92133900 3.00277000e+00
-0.89133900 2.21486000e+00
-0.86133900 1.88874000e+00
-0.83133900 1.86997000e+00
-0.80133900 1.92262000e+00
-0.77133900 1.70873000e+00
-0.74133900 1.52049000e+00
-0.71133900 1.49111000e+00
-0.66346900 1.72222000e+00
-0.63346900 2.06674000e+00
-0.60346900 2.51467000e+00
-0.57346900 2.96518000e+00
-0.54346900 3.79303000e+00
-0.51346900 5.05083000e+00
-0.48346900 5.36852000e+00
-0.45346900 5.16389000e+00
-0.42346900 5.76533000e+00
-0.39346900 7.43905000e+00
-0.36346900 1.07321000e+01
-0.33346900 1.71356000e+01
-0.30346900 2.98037000e+01
-0.27346900 5.08285000e+01
-0.24346900 5.74618000e+01
-0.21346900 3.69539000e+01
-0.18346900 2.07227000e+01
-0.15346900 1.25773000e+01
-0.12346900 8.59027000e+00
-0.09346940 6.68406000e+00
-0.06346940 5.43834000e+00
-0.03346940 4.04580000e+00
-0.00346942 3.02559000e+00
0.02653060 2.38425000e+00
0.07440030 1.80410000e+00
0.10440000 1.61888000e+00
0.13440000 1.56015000e+00
0.16440000 1.59675000e+00
0.19440000 1.47950000e+00
0.22440000 1.26264000e+00
0.25440000 1.16072000e+00
0.28440000 1.19438000e+00
0.31440000 1.41074000e+00
0.34440000 1.90470000e+00
0.37440000 2.31506000e+00
0.40440000 1.87827000e+00
0.43440000 1.39471000e+00
0.46440000 1.20554000e+00
0.49440000 1.14277000e+00
0.52440000 1.15178000e+00
0.55440000 1.00757000e+00
0.58440000 8.01645000e-01
0.61440000 6.99172000e-01
0.64440000 6.31875000e-01
0.67440000 5.51441000e-01
0.70440000 4.97498000e-01
0.73440000 4.68957000e-01
0.76440000 4.56563000e-01
