# E(MeV)  S_NSDRNSDR(K=0) for Eu164_DDPCX
-6.56643000 -2.46959000e-01
-6.53643000 -2.80737000e-01
-6.50643000 -2.25492000e-01
-6.47643000 -1.68156000e-01
-6.44643000 -1.36757000e-01
-6.41643000 -1.19637000e-01
-6.38643000 -1.09403000e-01
-6.35643000 -1.02795000e-01
-6.32643000 -9.83484000e-02
-6.29643000 -9.53599000e-02
-6.26643000 -9.34811000e-02
-6.23643000 -9.25451000e-02
-6.20643000 -9.24915000e-02
-6.17643000 -9.33337000e-02
-6.14643000 -9.51471000e-02
-6.11643000 -9.80715000e-02
-6.08643000 -1.02323000e-01
-6.05643000 -1.08220000e-01
-6.02643000 -1.16223000e-01
-5.99643000 -1.27009000e-01
-5.96643000 -1.41586000e-01
-5.93643000 -1.61501000e-01
-5.90643000 -1.89203000e-01
-5.87643000 -2.28746000e-01
-5.82856000 -3.35898000e-01
-5.79856000 -4.56177000e-01
-5.76856000 -6.61770000e-01
-5.73856000 -1.04281000e+00
-5.70856000 -1.80110000e+00
-5.67856000 -3.18989000e+00
-5.64856000 -4.14180000e+00
-5.61856000 -2.92851000e+00
-5.58856000 -1.63456000e+00
-5.55856000 -9.54473000e-01
-5.52856000 -6.08624000e-01
-5.49856000 -4.18123000e-01
-5.46856000 -3.04077000e-01
-5.43856000 -2.30837000e-01
-5.40856000 -1.81012000e-01
-5.37856000 -1.45450000e-01
-5.34856000 -1.18995000e-01
-5.31856000 -9.85712000e-02
-5.28856000 -8.22385000e-02
-5.25856000 -6.87076000e-02
-5.22856000 -5.70659000e-02
-5.19856000 -4.66109000e-02
-5.16856000 -3.67340000e-02
-5.13856000 -2.68150000e-02
-5.09069000 -8.89005000e-03
-5.06069000 5.71664000e-03
-5.03069000 2.59933000e-02
-5.00069000 5.75727000e-02
-4.97069000 1.12995000e-01
-4.94069000 2.19905000e-01
-4.91069000 4.06842000e-01
-4.88069000 5.07837000e-01
-4.85069000 3.41115000e-01
-4.82069000 1.86536000e-01
-4.79069000 1.08017000e-01
-4.76069000 6.92978000e-02
-4.73069000 4.91554000e-02
-4.70069000 3.82906000e-02
-4.67069000 3.24980000e-02
-4.64069000 2.97373000e-02
-4.61069000 2.89572000e-02
-4.58069000 2.95974000e-02
-4.55069000 3.13633000e-02
-4.52069000 3.41197000e-02
-4.49069000 3.78397000e-02
-4.46069000 4.25841000e-02
-4.43069000 4.84989000e-02
-4.40069000 5.58291000e-02
-4.35282000 7.14541000e-02
-4.32282000 8.47067000e-02
-4.29282000 1.01866000e-01
-4.26282000 1.24646000e-01
-4.23282000 1.55841000e-01
-4.20282000 2.00226000e-01
-4.17282000 2.66436000e-01
-4.14282000 3.71188000e-01
-4.11282000 5.49450000e-01
-4.08282000 8.79783000e-01
-4.05282000 1.53617000e+00
-4.02282000 2.70192000e+00
-3.99282000 3.34073000e+00
-3.96282000 2.27564000e+00
-3.93282000 1.27651000e+00
-3.90282000 7.61739000e-01
-3.87282000 5.01309000e-01
-3.84282000 3.59650000e-01
-3.81282000 2.77294000e-01
-3.78282000 2.27341000e-01
-3.75282000 1.96746000e-01
-3.72282000 1.78828000e-01
-3.69282000 1.70117000e-01
-3.66282000 1.68983000e-01
-3.61495000 1.82403000e-01
-3.58495000 2.02270000e-01
-3.55495000 2.34872000e-01
-3.52495000 2.87254000e-01
-3.49495000 3.73632000e-01
-3.46495000 5.24431000e-01
-3.43495000 8.08762000e-01
-3.40495000 1.37453000e+00
-3.37495000 2.30000000e+00
-3.34495000 2.53850000e+00
-3.31495000 1.65740000e+00
-3.28495000 9.94588000e-01
-3.25495000 6.74630000e-01
-3.22495000 5.31862000e-01
-3.19495000 4.85353000e-01
-3.16495000 5.05403000e-01
-3.13495000 5.50826000e-01
-3.10495000 5.95623000e-01
-3.07495000 7.09288000e-01
-3.04495000 9.49913000e-01
-3.01495000 1.42157000e+00
-2.98495000 2.37352000e+00
-2.95495000 4.19407000e+00
-2.92495000 5.86128000e+00
-2.87708000 3.21742000e+00
-2.84708000 1.82651000e+00
-2.81708000 1.13009000e+00
-2.78708000 7.66677000e-01
-2.75708000 5.61509000e-01
-2.72708000 4.37923000e-01
-2.69708000 3.60313000e-01
-2.66708000 3.10974000e-01
-2.63708000 2.80692000e-01
-2.60708000 2.64729000e-01
-2.57708000 2.61079000e-01
-2.54708000 2.69860000e-01
-2.51708000 2.93472000e-01
-2.48708000 3.37692000e-01
-2.45708000 4.14498000e-01
-2.42708000 5.48940000e-01
-2.39708000 7.96366000e-01
-2.36708000 1.28360000e+00
-2.33708000 2.24531000e+00
-2.30708000 3.43151000e+00
-2.27708000 2.99470000e+00
-2.24708000 1.75754000e+00
-2.21708000 1.02749000e+00
-2.18708000 6.63900000e-01
-2.13921000 4.02741000e-01
-2.10921000 3.26024000e-01
-2.07921000 2.82612000e-01
-2.04921000 2.61879000e-01
-2.01921000 2.60574000e-01
-1.98921000 2.81745000e-01
-1.95921000 3.37987000e-01
-1.92921000 4.61302000e-01
-1.89921000 7.04831000e-01
-1.86921000 9.53237000e-01
-1.83921000 8.09520000e-01
-1.80921000 5.84606000e-01
-1.77921000 5.06696000e-01
-1.74921000 5.56904000e-01
-1.71921000 7.57892000e-01
-1.68921000 1.21408000e+00
-1.65921000 1.87013000e+00
-1.62921000 1.76902000e+00
-1.59921000 1.08697000e+00
-1.56921000 6.55477000e-01
-1.53921000 4.38100000e-01
-1.50921000 3.24086000e-01
-1.47921000 2.61208000e-01
-1.44921000 2.25612000e-01
-1.40134000 2.00068000e-01
-1.37134000 1.96910000e-01
-1.34134000 2.01870000e-01
-1.31134000 2.15324000e-01
-1.28134000 2.39344000e-01
-1.25134000 2.78668000e-01
-1.22134000 3.43303000e-01
-1.19134000 4.55122000e-01
-1.16134000 6.61983000e-01
-1.13134000 1.02612000e+00
-1.10134000 1.32703000e+00
-1.07134000 1.20439000e+00
-1.04134000 1.15946000e+00
-1.01134000 1.44648000e+00
-0.98133900 2.23023000e+00
-0.95133900 3.82960000e+00
-0.92133900 5.37708000e+00
-0.89133900 4.18093000e+00
-0.86133900 2.39481000e+00
-0.83133900 1.42052000e+00
-0.80133900 9.40691000e-01
-0.77133900 6.99660000e-01
-0.74133900 5.91288000e-01
-0.71133900 5.87297000e-01
-0.66346900 8.66778000e-01
-0.63346900 1.07627000e+00
-0.60346900 8.34808000e-01
-0.57346900 5.22358000e-01
-0.54346900 3.48491000e-01
-0.51346900 2.56267000e-01
-0.48346900 2.03099000e-01
-0.45346900 1.70286000e-01
-0.42346900 1.49205000e-01
-0.39346900 1.35790000e-01
-0.36346900 1.28312000e-01
-0.33346900 1.26601000e-01
-0.30346900 1.31337000e-01
-0.27346900 1.41582000e-01
-0.24346900 1.62367000e-01
-0.21346900 2.10541000e-01
-0.18346900 3.14486000e-01
-0.15346900 4.81587000e-01
-0.12346900 5.01198000e-01
-0.09346940 3.30264000e-01
-0.06346940 2.07995000e-01
-0.03346940 1.45811000e-01
-0.00346942 1.13079000e-01
0.02653060 9.43480000e-02
0.07440030 7.80847000e-02
0.10440000 7.23748000e-02
0.13440000 6.85856000e-02
0.16440000 6.60597000e-02
0.19440000 6.46657000e-02
0.22440000 6.42996000e-02
0.25440000 6.49264000e-02
0.28440000 6.66318000e-02
0.31440000 6.96406000e-02
0.34440000 7.43687000e-02
0.37440000 8.15398000e-02
0.40440000 9.24244000e-02
0.43440000 1.09346000e-01
0.46440000 1.36820000e-01
0.49440000 1.84288000e-01
0.52440000 2.72913000e-01
0.55440000 4.49096000e-01
0.58440000 7.60092000e-01
0.61440000 9.57434000e-01
0.64440000 6.97981000e-01
0.67440000 4.05853000e-01
0.70440000 2.49672000e-01
0.73440000 1.70280000e-01
0.76440000 1.26719000e-01
