# E(MeV)  S_GAMTGAMT(Total=K0+2*K1) for Eu164_DDPCX
-6.56643000 6.16408000e-03
-6.53643000 6.20683000e-03
-6.50643000 6.24888000e-03
-6.47643000 6.29040000e-03
-6.44643000 6.33151000e-03
-6.41643000 6.37231000e-03
-6.38643000 6.41287000e-03
-6.35643000 6.45326000e-03
-6.32643000 6.49349000e-03
-6.29643000 6.53363000e-03
-6.26643000 6.57374000e-03
-6.23643000 6.61382000e-03
-6.20643000 6.65393000e-03
-6.17643000 6.69407000e-03
-6.14643000 6.73430000e-03
-6.11643000 6.77462000e-03
-6.08643000 6.81509000e-03
-6.05643000 6.85568000e-03
-6.02643000 6.89645000e-03
-5.99643000 6.93741000e-03
-5.96643000 6.97859000e-03
-5.93643000 7.01998000e-03
-5.90643000 7.06164000e-03
-5.87643000 7.10352000e-03
-5.82856000 7.17096000e-03
-5.79856000 7.21360000e-03
-5.76856000 7.25656000e-03
-5.73856000 7.29987000e-03
-5.70856000 7.34350000e-03
-5.67856000 7.38750000e-03
-5.64856000 7.43188000e-03
-5.61856000 7.47662000e-03
-5.58856000 7.52179000e-03
-5.55856000 7.56736000e-03
-5.52856000 7.61336000e-03
-5.49856000 7.65982000e-03
-5.46856000 7.70672000e-03
-5.43856000 7.75409000e-03
-5.40856000 7.80195000e-03
-5.37856000 7.85033000e-03
-5.34856000 7.89921000e-03
-5.31856000 7.94861000e-03
-5.28856000 7.99857000e-03
-5.25856000 8.04909000e-03
-5.22856000 8.10017000e-03
-5.19856000 8.15187000e-03
-5.16856000 8.20417000e-03
-5.13856000 8.25710000e-03
-5.09069000 8.34289000e-03
-5.06069000 8.39753000e-03
-5.03069000 8.45287000e-03
-5.00069000 8.50893000e-03
-4.97069000 8.56571000e-03
-4.94069000 8.62325000e-03
-4.91069000 8.68156000e-03
-4.88069000 8.74066000e-03
-4.85069000 8.80061000e-03
-4.82069000 8.86138000e-03
-4.79069000 8.92302000e-03
-4.76069000 8.98556000e-03
-4.73069000 9.04904000e-03
-4.70069000 9.11345000e-03
-4.67069000 9.17886000e-03
-4.64069000 9.24527000e-03
-4.61069000 9.31272000e-03
-4.58069000 9.38127000e-03
-4.55069000 9.45090000e-03
-4.52069000 9.52170000e-03
-4.49069000 9.59369000e-03
-4.46069000 9.66690000e-03
-4.43069000 9.74138000e-03
-4.40069000 9.81720000e-03
-4.35282000 9.94101000e-03
-4.32282000 1.00204800e-02
-4.29282000 1.01014800e-02
-4.26282000 1.01840700e-02
-4.23282000 1.02683000e-02
-4.20282000 1.03543000e-02
-4.17282000 1.04421400e-02
-4.14282000 1.05319700e-02
-4.11282000 1.06239400e-02
-4.08282000 1.07182600e-02
-4.05282000 1.08153000e-02
-4.02282000 1.09155100e-02
-3.99282000 1.10198700e-02
-3.96282000 1.11301100e-02
-3.93282000 1.12499900e-02
-3.90282000 1.13879600e-02
-3.87282000 1.15586900e-02
-3.84282000 1.17390800e-02
-3.81282000 1.18166500e-02
-3.78282000 1.18597300e-02
-3.75282000 1.19379000e-02
-3.72282000 1.20404600e-02
-3.69282000 1.21563500e-02
-3.66282000 1.22807400e-02
-3.61495000 1.24921500e-02
-3.58495000 1.26317300e-02
-3.55495000 1.27766000e-02
-3.52495000 1.29268600e-02
-3.49495000 1.30827500e-02
-3.46495000 1.32445700e-02
-3.43495000 1.34126900e-02
-3.40495000 1.35876400e-02
-3.37495000 1.37699700e-02
-3.34495000 1.39603700e-02
-3.31495000 1.41596100e-02
-3.28495000 1.43687300e-02
-3.25495000 1.45888900e-02
-3.22495000 1.48217300e-02
-3.19495000 1.50693100e-02
-3.16495000 1.53346500e-02
-3.13495000 1.56223200e-02
-3.10495000 1.59400100e-02
-3.07495000 1.63019500e-02
-3.04495000 1.67377100e-02
-3.01495000 1.73116800e-02
-2.98495000 1.81226300e-02
-2.95495000 1.89311300e-02
-2.92495000 1.90356400e-02
-2.87708000 1.91770300e-02
-2.84708000 1.95753800e-02
-2.81708000 2.01282500e-02
-2.78708000 2.08123100e-02
-2.75708000 2.16364700e-02
-2.72708000 2.26331300e-02
-2.69708000 2.38613000e-02
-2.66708000 2.54034400e-02
-2.63708000 2.73448400e-02
-2.60708000 2.99513000e-02
-2.57708000 3.37589800e-02
-2.54708000 3.96557000e-02
-2.51708000 4.87741000e-02
-2.48708000 6.37275000e-02
-2.45708000 9.11343000e-02
-2.42708000 1.25492900e-01
-2.39708000 1.27275000e-01
-2.36708000 9.91152000e-02
-2.33708000 8.34557000e-02
-2.30708000 8.43374000e-02
-2.27708000 1.01110200e-01
-2.24708000 1.40888000e-01
-2.21708000 2.10693000e-01
-2.18708000 2.68442000e-01
-2.13921000 3.47386000e-01
-2.10921000 3.04118200e-01
-2.07921000 2.31179000e-01
-2.04921000 2.09582100e-01
-2.01921000 1.69433000e-01
-1.98921000 1.15485200e-01
-1.95921000 8.33784000e-02
-1.92921000 6.64289000e-02
-1.89921000 5.70458000e-02
-1.86921000 5.16331000e-02
-1.83921000 4.85524000e-02
-1.80921000 4.70603000e-02
-1.77921000 4.69204000e-02
-1.74921000 4.83611000e-02
-1.71921000 5.21105000e-02
-1.68921000 5.79207000e-02
-1.65921000 5.94852000e-02
-1.62921000 5.57298000e-02
-1.59921000 5.26969000e-02
-1.56921000 5.19442000e-02
-1.53921000 5.26806100e-02
-1.50921000 5.42531800e-02
-1.47921000 5.66493100e-02
-1.44921000 6.00335000e-02
-1.40134000 6.86032000e-02
-1.37134000 7.73676000e-02
-1.34134000 8.90144000e-02
-1.31134000 1.06197200e-01
-1.28134000 1.27062300e-01
-1.25134000 1.34219600e-01
-1.22134000 1.25107500e-01
-1.19134000 1.15371000e-01
-1.16134000 1.14074500e-01
-1.13134000 1.18768800e-01
-1.10134000 1.27517860e-01
-1.07134000 1.39778220e-01
-1.04134000 1.55759360e-01
-1.01134000 1.75240200e-01
-0.98133900 1.98491310e-01
-0.95133900 2.28436060e-01
-0.92133900 2.67685810e-01
-0.89133900 3.19408540e-01
-0.86133900 3.88716490e-01
-0.83133900 4.84361870e-01
-0.80133900 6.17926580e-01
-0.77133900 8.15032100e-01
-0.74133900 1.12846220e+00
-0.71133900 1.66198621e+00
-0.66346900 3.65009687e+00
-0.63346900 6.56959407e+00
-0.60346900 1.03512462e+01
-0.57346900 9.28964691e+00
-0.54346900 5.39855047e+00
-0.51346900 3.04269112e+00
-0.48346900 1.86381891e+00
-0.45346900 1.23956768e+00
-0.42346900 8.80169740e-01
-0.39346900 6.57845170e-01
-0.36346900 5.12589100e-01
-0.33346900 4.14134500e-01
-0.30346900 3.45694800e-01
-0.27346900 2.96758000e-01
-0.24346900 2.54625400e-01
-0.21346900 2.18007700e-01
-0.18346900 1.90541900e-01
-0.15346900 1.70206800e-01
-0.12346900 1.55299800e-01
-0.09346940 1.45317700e-01
-0.06346940 1.40799800e-01
-0.03346940 1.43599400e-01
-0.00346942 1.53275900e-01
0.02653060 1.50350600e-01
0.07440030 1.24642700e-01
0.10440000 1.15717500e-01
0.13440000 1.06186200e-01
0.16440000 1.00644800e-01
0.19440000 9.73923000e-02
0.22440000 9.61889000e-02
0.25440000 9.87323000e-02
0.28440000 1.03419900e-01
0.31440000 1.13794500e-01
0.34440000 1.28361100e-01
0.37440000 1.42323000e-01
0.40440000 1.59320100e-01
0.43440000 2.03073900e-01
0.46440000 2.69213700e-01
0.49440000 2.60550000e-01
0.52440000 2.09498500e-01
0.55440000 1.94364400e-01
0.58440000 1.94734800e-01
0.61440000 1.79759600e-01
0.64440000 1.69817300e-01
0.67440000 1.78995600e-01
0.70440000 2.19506800e-01
0.73440000 2.80926900e-01
0.76440000 2.92863100e-01
