# E(MeV)  S_NSDRNSDR(K=0) for Eu160_DDPCX
-4.70846000 -8.06746000e-02
-4.67846000 -7.82593000e-02
-4.64846000 -7.59896000e-02
-4.61846000 -7.38458000e-02
-4.58846000 -7.18122000e-02
-4.55846000 -6.98766000e-02
-4.52846000 -6.80287000e-02
-4.49846000 -6.62602000e-02
-4.46846000 -6.45640000e-02
-4.43846000 -6.29341000e-02
-4.40846000 -6.13654000e-02
-4.37846000 -5.98533000e-02
-4.34846000 -5.83940000e-02
-4.31846000 -5.69838000e-02
-4.28846000 -5.56198000e-02
-4.25846000 -5.42990000e-02
-4.22846000 -5.30189000e-02
-4.19846000 -5.17773000e-02
-4.15638000 -5.00968000e-02
-4.12638000 -4.89393000e-02
-4.09638000 -4.78137000e-02
-4.06638000 -4.67185000e-02
-4.03638000 -4.56521000e-02
-4.00638000 -4.46133000e-02
-3.97638000 -4.36006000e-02
-3.94638000 -4.26130000e-02
-3.91638000 -4.16493000e-02
-3.88638000 -4.07084000e-02
-3.85638000 -3.97893000e-02
-3.82638000 -3.88912000e-02
-3.79638000 -3.80130000e-02
-3.76638000 -3.71541000e-02
-3.73638000 -3.63135000e-02
-3.70638000 -3.54906000e-02
-3.67638000 -3.46845000e-02
-3.64638000 -3.38947000e-02
-3.60431000 -3.28132000e-02
-3.57431000 -3.20597000e-02
-3.54431000 -3.13205000e-02
-3.51431000 -3.05948000e-02
-3.48431000 -2.98821000e-02
-3.45431000 -2.91820000e-02
-3.42431000 -2.84939000e-02
-3.39431000 -2.78174000e-02
-3.36431000 -2.71520000e-02
-3.33431000 -2.64973000e-02
-3.30431000 -2.58528000e-02
-3.27431000 -2.52182000e-02
-3.24431000 -2.45930000e-02
-3.21431000 -2.39768000e-02
-3.18431000 -2.33693000e-02
-3.15431000 -2.27702000e-02
-3.12431000 -2.21790000e-02
-3.09431000 -2.15954000e-02
-3.05224000 -2.07891000e-02
-3.02224000 -2.02225000e-02
-2.99224000 -1.96622000e-02
-2.96224000 -1.91082000e-02
-2.93224000 -1.85600000e-02
-2.90224000 -1.80173000e-02
-2.87224000 -1.74798000e-02
-2.84224000 -1.69473000e-02
-2.81224000 -1.64193000e-02
-2.78224000 -1.58956000e-02
-2.75224000 -1.53760000e-02
-2.72224000 -1.48599000e-02
-2.69224000 -1.43473000e-02
-2.66224000 -1.38377000e-02
-2.63224000 -1.33309000e-02
-2.60224000 -1.28264000e-02
-2.57224000 -1.23240000e-02
-2.54224000 -1.18234000e-02
-2.50017000 -1.11236000e-02
-2.47017000 -1.06257000e-02
-2.44017000 -1.01283000e-02
-2.41017000 -9.63109000e-03
-2.38017000 -9.13358000e-03
-2.35017000 -8.63538000e-03
-2.32017000 -8.13605000e-03
-2.29017000 -7.63512000e-03
-2.26017000 -7.13212000e-03
-2.23017000 -6.62653000e-03
-2.20017000 -6.11780000e-03
-2.17017000 -5.60537000e-03
-2.14017000 -5.08860000e-03
-2.11017000 -4.56685000e-03
-2.08017000 -4.03940000e-03
-2.05017000 -3.50550000e-03
-2.02017000 -2.96433000e-03
-1.99017000 -2.41500000e-03
-1.94809000 -1.62902000e-03
-1.91809000 -1.05599000e-03
-1.88809000 -4.71169000e-04
-1.85809000 1.26754000e-04
-1.82809000 7.39202000e-04
-1.79809000 1.36775000e-03
-1.76809000 2.01415000e-03
-1.73809000 2.68033000e-03
-1.70809000 3.36844000e-03
-1.67809000 4.08091000e-03
-1.64809000 4.82045000e-03
-1.61809000 5.59010000e-03
-1.58809000 6.39332000e-03
-1.55809000 7.23406000e-03
-1.52809000 8.11680000e-03
-1.49809000 9.04670000e-03
-1.46809000 1.00297000e-02
-1.43809000 1.10729000e-02
-1.39602000 1.26527000e-02
-1.36602000 1.38761000e-02
-1.33602000 1.51938000e-02
-1.30602000 1.66206000e-02
-1.27602000 1.81743000e-02
-1.24602000 1.98771000e-02
-1.21602000 2.17564000e-02
-1.18602000 2.38474000e-02
-1.15602000 2.61952000e-02
-1.12602000 2.88596000e-02
-1.09602000 3.19213000e-02
-1.06602000 3.54927000e-02
-1.03602000 3.97356000e-02
-1.00602000 4.48920000e-02
-0.97602000 5.13419000e-02
-0.94602000 5.97147000e-02
-0.91602000 7.11242000e-02
-0.88602000 8.76959000e-02
-0.84394800 1.28984000e-01
-0.81394800 1.87589000e-01
-0.78394800 2.98017000e-01
-0.75394800 4.36257000e-01
-0.72394800 4.03429000e-01
-0.69394800 2.81875000e-01
-0.66394800 2.17612000e-01
-0.63394800 1.97525000e-01
-0.60394800 2.02039000e-01
-0.57394800 2.23847000e-01
-0.54394800 2.62596000e-01
-0.51394800 3.22876000e-01
-0.48394800 4.15317000e-01
-0.45394800 5.61228000e-01
-0.42394800 8.04411000e-01
-0.39394800 1.24090000e+00
-0.36394800 2.09017000e+00
-0.33394800 3.76014000e+00
-0.29187500 5.99336000e+00
-0.26187500 4.18011000e+00
-0.23187500 2.32750000e+00
-0.20187500 1.36043000e+00
-0.17187500 8.69670000e-01
-0.14187500 6.00670000e-01
-0.11187500 4.41443000e-01
-0.08187500 3.41483000e-01
-0.05187500 2.76411000e-01
-0.02187500 2.33902000e-01
0.00812495 2.08006000e-01
0.03812500 1.97191000e-01
0.06812500 2.04961000e-01
0.09812500 2.43723000e-01
0.12812500 3.36652000e-01
0.15812500 4.41577000e-01
0.18812500 3.69803000e-01
0.21812500 2.40127000e-01
0.26019700 1.46918000e-01
0.29019700 1.16718000e-01
0.32019700 9.95076000e-02
0.35019700 8.92044000e-02
0.38019700 8.30702000e-02
0.41019700 7.98348000e-02
0.44019700 7.89639000e-02
0.47019700 8.03926000e-02
0.50019700 8.44993000e-02
0.53019700 9.23063000e-02
0.56019700 1.06086000e-01
0.59019700 1.30732000e-01
0.62019700 1.73555000e-01
0.65019700 2.20156000e-01
0.68019700 2.38770000e-01
0.71019700 2.83501000e-01
0.74019700 4.05477000e-01
0.77019700 6.71253000e-01
