# E(MeV)  S_NSDRNSDR(Total=K0+2*K1) for Eu164_DDPCX
-6.56643000 -1.86678900e+00
-6.53643000 -1.72909100e+00
-6.50643000 -1.56257000e+00
-6.47643000 -1.44155400e+00
-6.44643000 -1.38822300e+00
-6.41643000 -1.39056300e+00
-6.38643000 -1.44670500e+00
-6.35643000 -1.56716500e+00
-6.32643000 -1.77856040e+00
-6.29643000 -2.13693990e+00
-6.26643000 -2.76256110e+00
-6.23643000 -3.92708510e+00
-6.20643000 -6.21013150e+00
-6.17643000 -9.93691370e+00
-6.14643000 -1.10959671e+01
-6.11643000 -7.98363150e+00
-6.08643000 -5.85890300e+00
-6.05643000 -5.33686000e+00
-6.02643000 -5.99950300e+00
-5.99643000 -8.02360900e+00
-5.96643000 -1.24481260e+01
-5.93643000 -2.15387010e+01
-5.90643000 -3.41390030e+01
-5.87643000 -3.19169460e+01
-5.82856000 -1.35745380e+01
-5.79856000 -8.29845700e+00
-5.76856000 -5.73221000e+00
-5.73856000 -4.56651000e+00
-5.70856000 -4.38848000e+00
-5.67856000 -5.17101000e+00
-5.64856000 -5.70858200e+00
-5.61856000 -4.19946600e+00
-5.58856000 -2.68660800e+00
-5.55856000 -1.83962700e+00
-5.52856000 -1.36328800e+00
-5.49856000 -1.06852700e+00
-5.46856000 -8.69591000e-01
-5.43856000 -7.26069000e-01
-5.40856000 -6.17180000e-01
-5.37856000 -5.31300000e-01
-5.34856000 -4.61433000e-01
-5.31856000 -4.03113200e-01
-5.28856000 -3.53322500e-01
-5.25856000 -3.09923600e-01
-5.22856000 -2.71319900e-01
-5.19856000 -2.36252500e-01
-5.16856000 -2.03638000e-01
-5.13856000 -1.72442400e-01
-5.09069000 -1.22657850e-01
-5.06069000 -8.88205600e-02
-5.03069000 -4.94047000e-02
-5.00069000 1.69310000e-03
-4.97069000 7.76088000e-02
-4.94069000 2.06799800e-01
-4.91069000 4.18991520e-01
-4.88069000 5.50060000e-01
-4.85069000 4.21288200e-01
-4.82069000 3.17951400e-01
-4.79069000 3.14283000e-01
-4.76069000 3.95317800e-01
-4.73069000 5.87255400e-01
-4.70069000 9.87066600e-01
-4.67069000 1.72913200e+00
-4.64069000 2.27087730e+00
-4.61069000 1.65400920e+00
-4.58069000 9.73413400e-01
-4.55069000 6.28817300e-01
-4.52069000 4.75603700e-01
-4.49069000 4.24505700e-01
-4.46069000 4.50810100e-01
-4.43069000 5.74452900e-01
-4.40069000 8.11077100e-01
-4.35282000 7.55520100e-01
-4.32282000 5.36410700e-01
-4.29282000 4.28654000e-01
-4.26282000 3.91682000e-01
-4.23282000 3.94305000e-01
-4.20282000 4.26066000e-01
-4.17282000 4.88812000e-01
-4.14282000 5.96064000e-01
-4.11282000 7.81262000e-01
-4.08282000 1.12230500e+00
-4.05282000 1.79306600e+00
-4.02282000 2.97717800e+00
-3.99282000 3.63912200e+00
-3.96282000 2.60335000e+00
-3.93282000 1.64211200e+00
-3.90282000 1.17788700e+00
-3.87282000 9.87939000e-01
-3.84282000 9.50486000e-01
-3.81282000 1.03419800e+00
-3.78282000 1.27409900e+00
-3.75282000 1.79545600e+00
-3.72282000 2.78590800e+00
-3.69282000 3.63815700e+00
-3.66282000 3.14594300e+00
-3.61495000 2.56334300e+00
-3.58495000 2.02021200e+00
-3.55495000 1.51606200e+00
-3.52495000 1.28674800e+00
-3.49495000 1.23995200e+00
-3.46495000 1.33258500e+00
-3.43495000 1.60041400e+00
-3.40495000 2.17626800e+00
-3.37495000 3.13154000e+00
-3.34495000 3.41686000e+00
-3.31495000 2.59958800e+00
-3.28495000 2.01988400e+00
-3.25495000 1.80422400e+00
-3.22495000 1.78140800e+00
-3.19495000 1.88007900e+00
-3.16495000 2.09071900e+00
-3.13495000 2.39229200e+00
-3.10495000 2.79668300e+00
-3.07495000 3.45376800e+00
-3.04495000 4.59009300e+00
-3.01495000 6.46915000e+00
-2.98495000 8.40448000e+00
-2.95495000 1.00139500e+01
-2.92495000 1.18716400e+01
-2.87708000 1.12726000e+01
-2.84708000 1.25413100e+01
-2.81708000 1.63925900e+01
-2.78708000 2.42484770e+01
-2.75708000 4.00587090e+01
-2.72708000 7.15185230e+01
-2.69708000 1.11553313e+02
-2.66708000 9.88335740e+01
-2.63708000 5.73198920e+01
-2.60708000 3.24425290e+01
-2.57708000 2.00018990e+01
-2.54708000 1.34246800e+01
-2.51708000 9.67355200e+00
-2.48708000 7.42547200e+00
-2.45708000 6.03649800e+00
-2.42708000 5.06028000e+00
-2.39708000 4.43810600e+00
-2.36708000 4.29818000e+00
-2.33708000 4.80167000e+00
-2.30708000 5.63993000e+00
-2.27708000 4.92688600e+00
-2.24708000 3.46989400e+00
-2.21708000 2.56435600e+00
-2.18708000 2.05915000e+00
-2.13921000 1.62488300e+00
-2.10921000 1.46582000e+00
-2.07921000 1.35708400e+00
-2.04921000 1.28749100e+00
-2.01921000 1.25617000e+00
-1.98921000 1.27206700e+00
-1.95921000 1.33565900e+00
-1.92921000 1.42361400e+00
-1.89921000 1.62264300e+00
-1.86921000 1.85196500e+00
-1.83921000 1.71074000e+00
-1.80921000 1.50708200e+00
-1.77921000 1.47133600e+00
-1.74921000 1.59166000e+00
-1.71921000 1.90513600e+00
-1.68921000 2.54512600e+00
-1.65921000 3.51772000e+00
-1.62921000 4.00442000e+00
-1.59921000 4.47451000e+00
-1.56921000 5.89181700e+00
-1.53921000 6.16022000e+00
-1.50921000 4.54766600e+00
-1.47921000 3.60458800e+00
-1.44921000 3.39851200e+00
-1.40134000 3.08450800e+00
-1.37134000 3.16587000e+00
-1.34134000 3.80895000e+00
-1.31134000 5.43088400e+00
-1.28134000 8.26798400e+00
-1.25134000 9.25804800e+00
-1.22134000 6.82660300e+00
-1.19134000 5.13774200e+00
-1.16134000 4.78106300e+00
-1.13134000 5.45668000e+00
-1.10134000 7.02265000e+00
-1.07134000 9.80281000e+00
-1.04134000 1.54645200e+01
-1.01134000 2.10366400e+01
-0.98133900 1.76941500e+01
-0.95133900 1.31557400e+01
-0.92133900 1.13826200e+01
-0.89133900 8.61065000e+00
-0.86133900 6.17229000e+00
-0.83133900 5.16046000e+00
-0.80133900 4.78593100e+00
-0.77133900 4.11712000e+00
-0.74133900 3.63226800e+00
-0.71133900 3.56951700e+00
-0.66346900 4.31121800e+00
-0.63346900 5.20975000e+00
-0.60346900 5.86414800e+00
-0.57346900 6.45271800e+00
-0.54346900 7.93455100e+00
-0.51346900 1.03579270e+01
-0.48346900 1.09401390e+01
-0.45346900 1.04980660e+01
-0.42346900 1.16798650e+01
-0.39346900 1.50138900e+01
-0.36346900 2.15925120e+01
-0.33346900 3.43978010e+01
-0.30346900 5.97387370e+01
-0.27346900 1.01798582e+02
-0.24346900 1.15085967e+02
-0.21346900 7.41183410e+01
-0.18346900 4.17598860e+01
-0.15346900 2.56361870e+01
-0.12346900 1.76817380e+01
-0.09346940 1.36983840e+01
-0.06346940 1.10846750e+01
-0.03346940 8.23741100e+00
-0.00346942 6.16425900e+00
0.02653060 4.86284800e+00
0.07440030 3.68628470e+00
0.10440000 3.31013480e+00
0.13440000 3.18888560e+00
0.16440000 3.25955970e+00
0.19440000 3.02366570e+00
0.22440000 2.58957960e+00
0.25440000 2.38636640e+00
0.28440000 2.45539180e+00
0.31440000 2.89112060e+00
0.34440000 3.88376870e+00
0.37440000 4.71165980e+00
0.40440000 3.84896440e+00
0.43440000 2.89876600e+00
0.46440000 2.54790000e+00
0.49440000 2.46982800e+00
0.52440000 2.57647300e+00
0.55440000 2.46423600e+00
0.58440000 2.36338200e+00
0.61440000 2.35577800e+00
0.64440000 1.96173100e+00
0.67440000 1.50873500e+00
0.70440000 1.24466800e+00
0.73440000 1.10819400e+00
0.76440000 1.03984500e+00
