# E(MeV)  S_NSDRNSDR(Total=K0+2*K1) for Eu160_DDPCX
-4.70846000 -4.98642746e+01
-4.67846000 -3.73078593e+01
-4.64846000 -2.10309896e+01
-4.61846000 -1.22642258e+01
-4.58846000 -7.83553220e+00
-4.55846000 -5.42435660e+00
-4.52846000 -3.99960870e+00
-4.49846000 -3.09900020e+00
-4.46846000 -2.49918400e+00
-4.43846000 -2.08327410e+00
-4.40846000 -1.78754340e+00
-4.37846000 -1.57580930e+00
-4.34846000 -1.42687600e+00
-4.31846000 -1.32982580e+00
-4.28846000 -1.28265780e+00
-4.25846000 -1.29485900e+00
-4.22846000 -1.39702490e+00
-4.19846000 -1.65541530e+00
-4.15638000 -2.17497680e+00
-4.12638000 -2.09623930e+00
-4.09638000 -2.05183370e+00
-4.06638000 -2.38761850e+00
-4.03638000 -3.28243210e+00
-4.00638000 -5.22571330e+00
-3.97638000 -8.83944060e+00
-3.94638000 -1.11627330e+01
-3.91638000 -7.87514930e+00
-3.88638000 -4.51370840e+00
-3.85638000 -2.74788930e+00
-3.82638000 -1.84147720e+00
-3.79638000 -1.33560300e+00
-3.76638000 -1.02803210e+00
-3.73638000 -8.27119500e-01
-3.70638000 -6.88012600e-01
-3.67638000 -5.87022500e-01
-3.64638000 -5.10792700e-01
-3.60431000 -4.30979200e-01
-3.57431000 -3.87111700e-01
-3.54431000 -3.50824500e-01
-3.51431000 -3.20236800e-01
-3.48431000 -2.94026100e-01
-3.45431000 -2.71242000e-01
-3.42431000 -2.51185900e-01
-3.39431000 -2.33329400e-01
-3.36431000 -2.17272800e-01
-3.33431000 -2.02704500e-01
-3.30431000 -1.89378600e-01
-3.27431000 -1.77099200e-01
-3.24431000 -1.65707400e-01
-3.21431000 -1.55073000e-01
-3.18431000 -1.45088700e-01
-3.15431000 -1.35664200e-01
-3.12431000 -1.26723200e-01
-3.09431000 -1.18200200e-01
-3.05224000 -1.06844900e-01
-3.02224000 -9.91085000e-02
-2.99224000 -9.16236000e-02
-2.96224000 -8.43528000e-02
-2.93224000 -7.72614000e-02
-2.90224000 -7.03175000e-02
-2.87224000 -6.34906000e-02
-2.84224000 -5.67519000e-02
-2.81224000 -5.00729000e-02
-2.78224000 -4.34254000e-02
-2.75224000 -3.67810000e-02
-2.72224000 -3.01096200e-02
-2.69224000 -2.33800800e-02
-2.66224000 -1.65583200e-02
-2.63224000 -9.60706000e-03
-2.60224000 -2.48418000e-03
-2.57224000 4.85822000e-03
-2.54224000 1.24762000e-02
-2.50017000 2.37536000e-02
-2.47017000 3.23331000e-02
-2.44017000 4.14815000e-02
-2.41017000 5.13359100e-02
-2.38017000 6.20748200e-02
-2.35017000 7.39342200e-02
-2.32017000 8.72343500e-02
-2.29017000 1.02423080e-01
-2.26017000 1.20145280e-01
-2.23017000 1.41366270e-01
-2.20017000 1.67592400e-01
-2.17017000 2.01294630e-01
-2.14017000 2.46771400e-01
-2.11017000 3.12039150e-01
-2.08017000 4.13286600e-01
-2.05017000 5.85924500e-01
-2.02017000 9.09571670e-01
-1.99017000 1.50733100e+00
-1.94809000 2.02617098e+00
-1.91809000 1.46105201e+00
-1.88809000 1.07030883e+00
-1.85809000 9.80414754e-01
-1.82809000 1.13401120e+00
-1.79809000 1.59681175e+00
-1.76809000 2.34145415e+00
-1.73809000 2.38294033e+00
-1.70809000 1.71514844e+00
-1.67809000 1.32608891e+00
-1.64809000 1.23739245e+00
-1.61809000 1.35397610e+00
-1.58809000 1.67925732e+00
-1.55809000 2.32703406e+00
-1.52809000 3.60569680e+00
-1.49809000 6.19194670e+00
-1.46809000 1.03846897e+01
-1.43809000 1.12575529e+01
-1.39602000 5.69811270e+00
-1.36602000 3.37557610e+00
-1.33602000 2.22813380e+00
-1.30602000 1.63763060e+00
-1.27602000 1.32929630e+00
-1.24602000 1.19488710e+00
-1.21602000 1.17735440e+00
-1.18602000 1.12006140e+00
-1.15602000 9.96949200e-01
-1.12602000 9.35103600e-01
-1.09602000 9.34999300e-01
-1.06602000 9.80480700e-01
-1.03602000 1.06797960e+00
-1.00602000 1.20368000e+00
-0.97602000 1.40336790e+00
-0.94602000 1.69676870e+00
-0.91602000 2.13860420e+00
-0.88602000 2.83377590e+00
-0.84394800 4.69030400e+00
-0.81394800 7.43130900e+00
-0.78394800 1.28907170e+01
-0.75394800 2.21494570e+01
-0.72394800 2.56248290e+01
-0.69394800 1.68564950e+01
-0.66394800 9.65017200e+00
-0.63394800 6.03276500e+00
-0.60394800 4.25695900e+00
-0.57394800 3.38300700e+00
-0.54394800 3.02665600e+00
-0.51394800 3.07421600e+00
-0.48394800 3.61351700e+00
-0.45394800 4.99232800e+00
-0.42394800 7.74275100e+00
-0.39394800 1.01397600e+01
-0.36394800 8.73271000e+00
-0.33394800 7.77456000e+00
-0.29187500 8.26530000e+00
-0.26187500 5.90556000e+00
-0.23187500 3.75442600e+00
-0.20187500 2.62199200e+00
-0.17187500 2.04838000e+00
-0.14187500 1.75868600e+00
-0.11187500 1.64032700e+00
-0.08187500 1.66404300e+00
-0.05187500 1.84235100e+00
-0.02187500 2.05699400e+00
0.00812495 2.09708600e+00
0.03812500 2.26721100e+00
0.06812500 2.79502100e+00
0.09812500 3.93366300e+00
0.12812500 6.10571200e+00
0.15812500 8.56967700e+00
0.18812500 9.23328300e+00
0.21812500 7.51526700e+00
0.26019700 4.75689800e+00
0.29019700 4.19341800e+00
0.32019700 4.51410760e+00
0.35019700 5.86132440e+00
0.38019700 7.45865020e+00
0.41019700 7.19427480e+00
0.44019700 6.54344390e+00
0.47019700 6.71931260e+00
0.50019700 6.31113930e+00
0.53019700 5.66724630e+00
0.56019700 5.84290600e+00
0.59019700 6.86899200e+00
0.62019700 8.92241500e+00
0.65019700 1.26395560e+01
0.68019700 1.95978500e+01
0.71019700 3.35359010e+01
0.74019700 5.93790770e+01
0.77019700 7.85102530e+01
