# E(MeV)  S_GAMTGAMT(K=1) for Eu184_DDPCX
-14.58240000 2.01433000e-03
-14.55240000 2.02206000e-03
-14.52240000 2.02955000e-03
-14.49240000 2.03680000e-03
-14.46240000 2.04382000e-03
-14.43240000 2.05057000e-03
-14.40240000 2.05700000e-03
-14.37240000 2.06305000e-03
-14.34240000 2.06862000e-03
-14.31240000 2.07358000e-03
-14.28240000 2.07772000e-03
-14.25240000 2.08074000e-03
-14.22240000 2.08220000e-03
-14.19240000 2.08137000e-03
-14.16240000 2.07705000e-03
-14.13240000 2.06716000e-03
-14.10240000 2.04773000e-03
-14.07240000 2.01072000e-03
-14.04240000 1.93844000e-03
-14.01240000 1.79126000e-03
-13.98240000 1.51253000e-03
-13.95240000 1.27918000e-03
-13.92240000 1.48858000e-03
-13.89240000 1.73943000e-03
-13.86240000 1.83987000e-03
-13.83240000 1.82487000e-03
-13.80240000 1.68718000e-03
-13.77240000 1.34589000e-03
-13.74240000 7.72672000e-04
-13.71240000 6.89466000e-04
-13.68240000 1.29376000e-03
-13.65240000 1.73676000e-03
-13.62240000 1.96613000e-03
-13.59240000 2.09054000e-03
-13.56240000 2.16547000e-03
-13.53240000 2.21528000e-03
-13.50240000 2.25127000e-03
-13.47240000 2.27912000e-03
-13.44240000 2.30190000e-03
-13.41240000 2.32135000e-03
-13.38240000 2.33855000e-03
-13.35240000 2.35418000e-03
-13.32240000 2.36869000e-03
-13.29240000 2.38238000e-03
-13.26240000 2.39546000e-03
-13.23240000 2.40808000e-03
-13.20240000 2.42037000e-03
-13.17240000 2.43239000e-03
-13.14240000 2.44422000e-03
-13.11240000 2.45590000e-03
-13.08240000 2.46748000e-03
-13.04290000 2.48259000e-03
-13.01290000 2.49403000e-03
-12.98290000 2.50544000e-03
-12.95290000 2.51684000e-03
-12.92290000 2.52824000e-03
-12.89290000 2.53966000e-03
-12.86290000 2.55110000e-03
-12.83290000 2.56258000e-03
-12.80290000 2.57409000e-03
-12.77290000 2.58565000e-03
-12.74290000 2.59726000e-03
-12.71290000 2.60893000e-03
-12.68290000 2.62065000e-03
-12.65290000 2.63244000e-03
-12.62290000 2.64430000e-03
-12.59290000 2.65623000e-03
-12.56290000 2.66823000e-03
-12.53290000 2.68031000e-03
-12.50290000 2.69248000e-03
-12.47290000 2.70472000e-03
-12.44290000 2.71705000e-03
-12.41290000 2.72947000e-03
-12.38290000 2.74199000e-03
-12.35290000 2.75459000e-03
-12.32290000 2.76729000e-03
-12.29290000 2.78009000e-03
-12.26290000 2.79299000e-03
-12.23290000 2.80599000e-03
-12.20290000 2.81910000e-03
-12.17290000 2.83232000e-03
-12.14290000 2.84565000e-03
-12.11290000 2.85908000e-03
-12.08290000 2.87264000e-03
-12.05290000 2.88631000e-03
-12.02290000 2.90011000e-03
-11.99290000 2.91402000e-03
-11.96290000 2.92807000e-03
-11.93290000 2.94224000e-03
-11.90290000 2.95654000e-03
-11.87290000 2.97098000e-03
-11.84290000 2.98556000e-03
-11.81290000 3.00028000e-03
-11.78290000 3.01514000e-03
-11.75290000 3.03015000e-03
-11.72290000 3.04532000e-03
-11.69290000 3.06065000e-03
-11.66290000 3.07614000e-03
-11.63290000 3.09179000e-03
-11.60290000 3.10762000e-03
-11.57290000 3.12362000e-03
-11.54290000 3.13981000e-03
-11.50340000 3.16141000e-03
-11.47340000 3.17805000e-03
-11.44340000 3.19491000e-03
-11.41340000 3.21199000e-03
-11.38340000 3.22930000e-03
-11.35340000 3.24686000e-03
-11.32340000 3.26467000e-03
-11.29340000 3.28276000e-03
-11.26340000 3.30115000e-03
-11.23340000 3.31986000e-03
-11.20340000 3.33892000e-03
-11.17340000 3.35836000e-03
-11.14340000 3.37823000e-03
-11.11340000 3.39857000e-03
-11.08340000 3.41947000e-03
-11.05340000 3.44099000e-03
-11.02340000 3.46325000e-03
-10.99340000 3.48640000e-03
-10.96340000 3.51063000e-03
-10.93340000 3.53622000e-03
-10.90340000 3.56357000e-03
-10.87340000 3.59324000e-03
-10.84340000 3.62609000e-03
-10.81340000 3.66347000e-03
-10.78340000 3.70759000e-03
-10.75340000 3.76228000e-03
-10.72340000 3.83454000e-03
-10.69340000 3.93823000e-03
-10.66340000 4.10298000e-03
-10.63340000 4.39609000e-03
-10.60340000 4.95557000e-03
-10.57340000 5.78330000e-03
-10.54340000 5.83003000e-03
-10.51340000 5.07525000e-03
-10.48340000 4.58902000e-03
-10.45340000 4.38894000e-03
-10.42340000 4.35509000e-03
-10.39340000 4.46209000e-03
-10.36340000 4.74869000e-03
-10.33340000 5.04665000e-03
-10.30340000 4.83176000e-03
-10.27340000 4.50049000e-03
-10.24340000 4.32737000e-03
-10.21340000 4.25133000e-03
-10.18340000 4.22141000e-03
-10.15340000 4.21461000e-03
-10.12340000 4.22055000e-03
-10.09340000 4.23418000e-03
-10.06340000 4.25285000e-03
-10.03340000 4.27506000e-03
-10.00340000 4.29994000e-03
-9.96397000 4.33587000e-03
-9.93397000 4.36522000e-03
-9.90397000 4.39611000e-03
-9.87397000 4.42847000e-03
-9.84397000 4.46224000e-03
-9.81397000 4.49745000e-03
-9.78397000 4.53415000e-03
-9.75397000 4.57250000e-03
-9.72397000 4.61274000e-03
-9.69397000 4.65535000e-03
-9.66397000 4.70134000e-03
-9.63397000 4.75252000e-03
-9.60397000 4.80838000e-03
-9.57397000 4.85744000e-03
-9.54397000 4.90421000e-03
-9.51397000 4.96083000e-03
-9.48397000 5.03136000e-03
-9.45397000 5.12354000e-03
-9.42397000 5.23702000e-03
-9.39397000 5.31433000e-03
-9.36397000 5.36659000e-03
-9.33397000 5.43991000e-03
-9.30397000 5.54069000e-03
-9.27397000 5.70641000e-03
-9.24397000 5.93599000e-03
-9.21397000 6.10515000e-03
-9.18397000 6.27838000e-03
-9.15397000 6.41871000e-03
-9.12397000 6.40637000e-03
-9.09397000 6.43579000e-03
-9.06397000 6.55298000e-03
-9.03397000 6.76443000e-03
-9.00397000 7.07332000e-03
-8.97397000 7.50564000e-03
-8.94397000 8.12101000e-03
-8.91397000 9.03642000e-03
-8.88397000 1.04871000e-02
-8.85397000 1.29791000e-02
-8.82397000 1.76595000e-02
-8.79397000 2.68100000e-02
-8.76397000 3.98493000e-02
-8.73397000 4.02441000e-02
-8.70397000 3.04514000e-02
-8.67397000 2.31269000e-02
-8.64397000 1.73028000e-02
-8.61397000 1.40106000e-02
-8.58397000 1.28085000e-02
-8.55397000 1.23382000e-02
-8.52397000 1.16369000e-02
-8.49397000 1.16186000e-02
-8.46397000 1.28354000e-02
-8.42451000 1.70751000e-02
-8.39451000 1.90108000e-02
-8.36451000 1.59487000e-02
-8.33451000 1.34180000e-02
-8.30451000 1.27682000e-02
-8.27451000 1.36499000e-02
-8.24451000 1.60835000e-02
-8.21451000 1.98388000e-02
-8.18451000 2.31934000e-02
-8.15451000 2.26263000e-02
-8.12451000 2.16336000e-02
-8.09451000 1.82974000e-02
-8.06451000 1.53096000e-02
-8.03451000 1.43247000e-02
-8.00451000 1.41595000e-02
-7.97451000 1.30711000e-02
-7.94451000 1.21396000e-02
-7.91451000 1.18460000e-02
-7.88451000 1.20152000e-02
-7.85451000 1.25295000e-02
-7.82451000 1.29946000e-02
-7.79451000 1.33005000e-02
-7.76451000 1.38996000e-02
-7.73451000 1.48928000e-02
-7.70451000 1.63551000e-02
-7.67451000 1.84900000e-02
-7.64451000 2.17047000e-02
-7.61451000 2.66983000e-02
-7.58451000 3.50166000e-02
-7.55451000 5.06247000e-02
-7.52451000 8.03939000e-02
-7.49451000 1.16432000e-01
-7.46451000 1.10586000e-01
-7.43451000 9.35743000e-02
-7.40451000 1.00144000e-01
-7.37451000 1.12665000e-01
-7.34451000 1.22376000e-01
-7.31451000 1.03931000e-01
-7.28451000 6.84827000e-02
-7.25451000 4.74120000e-02
-7.22451000 3.77179000e-02
-7.19451000 3.45138000e-02
-7.16451000 3.66248000e-02
-7.13451000 4.54678000e-02
-7.10451000 5.70310000e-02
-7.07451000 5.09014000e-02
-7.04451000 3.77778000e-02
-7.01451000 3.05142000e-02
-6.98451000 2.72263000e-02
-6.95451000 2.66943000e-02
-6.92451000 2.87944000e-02
-6.88504000 3.66900000e-02
-6.85504000 4.21357000e-02
-6.82504000 4.33759000e-02
-6.79504000 5.09684000e-02
-6.76504000 6.05792000e-02
-6.73504000 5.25269000e-02
-6.70504000 4.16413000e-02
-6.67504000 3.83969000e-02
-6.64504000 4.21528000e-02
-6.61504000 5.00130000e-02
-6.58504000 4.78313000e-02
-6.55504000 3.90269000e-02
-6.52504000 3.43634000e-02
-6.49504000 3.33270000e-02
-6.46504000 3.47217000e-02
-6.43504000 3.66607000e-02
-6.40504000 3.64936000e-02
-6.37504000 3.66364000e-02
-6.34504000 3.81209000e-02
-6.31504000 4.06535000e-02
-6.28504000 4.41102000e-02
-6.25504000 4.86245000e-02
-6.22504000 5.44166000e-02
-6.19504000 6.17651000e-02
-6.16504000 7.15051000e-02
-6.13504000 8.42325000e-02
-6.10504000 9.98895000e-02
-6.07504000 1.21645000e-01
-6.04504000 1.54178000e-01
-6.01504000 2.04565000e-01
-5.98504000 2.87085000e-01
-5.95504000 4.32772000e-01
-5.92504000 7.12248000e-01
-5.89504000 1.26468000e+00
-5.86504000 2.05172000e+00
-5.83504000 1.98632000e+00
-5.80504000 1.19475000e+00
-5.77504000 6.82035000e-01
-5.74504000 4.25509000e-01
-5.71504000 2.89543000e-01
-5.68504000 2.09945000e-01
-5.65504000 1.61326000e-01
-5.62504000 1.30386000e-01
-5.59504000 1.10071000e-01
-5.56504000 9.66123000e-02
-5.53504000 8.79116000e-02
-5.50504000 8.26764000e-02
-5.47504000 8.05145000e-02
-5.44504000 8.20043000e-02
-5.41504000 8.89309000e-02
-5.38504000 1.05512000e-01
-5.34558000 1.48993000e-01
-5.31558000 1.92504000e-01
-5.28558000 2.03133000e-01
-5.25558000 1.58794000e-01
-5.22558000 1.24730000e-01
-5.19558000 1.09282000e-01
-5.16558000 1.10276000e-01
-5.13558000 1.28606000e-01
-5.10558000 1.59309000e-01
-5.07558000 1.57238000e-01
-5.04558000 1.30231000e-01
-5.01558000 1.15904000e-01
-4.98558000 1.13058000e-01
-4.95558000 1.17680000e-01
-4.92558000 1.28312000e-01
-4.89558000 1.45236000e-01
-4.86558000 1.68526000e-01
-4.83558000 1.98695000e-01
-4.80558000 2.44168000e-01
-4.77558000 3.17903000e-01
-4.74558000 4.44634000e-01
-4.71558000 6.79844000e-01
-4.68558000 1.10950000e+00
-4.65558000 1.54692000e+00
-4.62558000 1.52702000e+00
-4.59558000 1.44444000e+00
-4.56558000 1.27131000e+00
-4.53558000 1.28115000e+00
-4.50558000 1.72504000e+00
-4.47558000 2.67277000e+00
-4.44558000 3.08044000e+00
-4.41558000 2.16129000e+00
-4.38558000 1.41681000e+00
-4.35558000 1.13309000e+00
-4.32558000 1.19766000e+00
-4.29558000 1.56091000e+00
-4.26558000 1.80790000e+00
-4.23558000 1.34583000e+00
-4.20558000 8.88680000e-01
-4.17558000 6.76993000e-01
-4.14558000 6.16464000e-01
-4.11558000 6.49632000e-01
-4.08558000 7.76865000e-01
-4.05558000 9.41610000e-01
-4.02558000 1.12525000e+00
-3.99558000 1.51926000e+00
-3.96558000 2.25632000e+00
-3.93558000 2.66738000e+00
-3.90558000 2.69253000e+00
-3.87558000 2.54057000e+00
-3.84558000 1.87858000e+00
-3.80612000 1.20927000e+00
-3.77612000 7.99493000e-01
-3.74612000 5.61308000e-01
-3.71612000 4.42105000e-01
-3.68612000 3.93752000e-01
-3.65612000 4.05173000e-01
-3.62612000 4.91899000e-01
-3.59612000 6.97772000e-01
-3.56612000 1.00550000e+00
-3.53612000 9.71486000e-01
-3.50612000 6.34898000e-01
-3.47612000 4.11118000e-01
-3.44612000 2.95401000e-01
-3.41612000 2.26764000e-01
-3.38612000 1.81143000e-01
-3.35612000 1.52238000e-01
-3.32612000 1.35134000e-01
-3.29612000 1.25799000e-01
-3.26612000 1.22414000e-01
-3.23612000 1.24621000e-01
-3.20612000 1.33226000e-01
-3.17612000 1.50534000e-01
-3.14612000 1.80291000e-01
-3.11612000 2.29671000e-01
-3.08612000 3.16574000e-01
-3.05612000 4.83428000e-01
-3.02612000 8.19842000e-01
-2.99612000 1.31320000e+00
-2.96612000 1.31961000e+00
-2.93612000 8.29663000e-01
-2.90612000 4.82051000e-01
-2.87612000 3.03275000e-01
-2.84612000 2.09332000e-01
-2.81612000 1.56394000e-01
-2.78612000 1.24452000e-01
-2.75612000 1.03738000e-01
-2.72612000 9.02904000e-02
-2.69612000 8.20580000e-02
-2.66612000 7.78519000e-02
-2.63612000 7.80675000e-02
-2.60612000 7.99299000e-02
-2.57612000 7.44916000e-02
-2.54612000 6.77471000e-02
-2.51612000 6.66892000e-02
-2.48612000 7.20749000e-02
-2.45612000 7.73767000e-02
-2.42612000 7.86886000e-02
-2.39612000 8.84994000e-02
-2.36612000 1.17783000e-01
-2.33612000 1.74772000e-01
-2.30612000 2.11476000e-01
-2.26666000 1.36889000e-01
-2.23666000 8.97822000e-02
-2.20666000 6.58179000e-02
-2.17666000 5.31965000e-02
-2.14666000 4.59927000e-02
-2.11666000 4.15808000e-02
-2.08666000 3.88838000e-02
-2.05666000 3.73596000e-02
-2.02666000 3.68670000e-02
-1.99666000 3.73651000e-02
-1.96666000 3.72794000e-02
-1.93666000 3.69769000e-02
-1.90666000 3.79917000e-02
-1.87666000 3.88026000e-02
-1.84666000 3.85537000e-02
-1.81666000 3.93059000e-02
-1.78666000 4.27361000e-02
-1.75666000 5.04057000e-02
-1.72666000 6.08567000e-02
-1.69666000 6.63737000e-02
-1.66666000 6.57235000e-02
-1.63666000 5.56467000e-02
-1.60666000 4.83233000e-02
-1.57666000 4.55769000e-02
-1.54666000 4.61756000e-02
-1.51666000 4.85973000e-02
-1.48666000 4.90858000e-02
-1.45666000 4.88954000e-02
-1.42666000 4.87383000e-02
-1.39666000 4.81528000e-02
-1.36666000 4.94128000e-02
-1.33666000 5.45172000e-02
-1.30666000 6.11208000e-02
-1.27666000 6.55074000e-02
-1.24666000 7.37415000e-02
-1.21666000 8.38624000e-02
-1.18666000 8.39823000e-02
-1.15666000 7.93181000e-02
-1.12666000 8.19243000e-02
-1.09666000 9.55337000e-02
-1.06666000 1.08569000e-01
-1.03666000 1.12109000e-01
-1.00666000 1.23581000e-01
-0.97665500 1.38768000e-01
-0.94665500 1.66842000e-01
-0.91665500 2.28074000e-01
-0.88665500 3.07048000e-01
-0.85665500 3.36481000e-01
-0.82665500 3.16794000e-01
-0.79665500 2.82552000e-01
-0.76665500 2.04306000e-01
-0.72719300 1.39101000e-01
-0.69719300 1.23302000e-01
-0.66719300 1.24120000e-01
-0.63719300 1.29760000e-01
-0.60719300 1.28882000e-01
-0.57719300 1.36299000e-01
-0.54719300 1.62212000e-01
-0.51719300 2.10365000e-01
-0.48719300 2.40654000e-01
-0.45719300 2.13738000e-01
-0.42719300 1.95347000e-01
-0.39719300 2.12030000e-01
-0.36719300 2.54303000e-01
-0.33719300 2.99162000e-01
-0.30719300 3.04274000e-01
-0.27719300 2.74408000e-01
-0.24719300 2.67048000e-01
-0.21719300 3.09180000e-01
-0.18719300 3.89313000e-01
-0.15719300 4.51222000e-01
-0.12719300 4.94839000e-01
-0.09719260 5.10201000e-01
-0.06719260 6.02198000e-01
-0.03719260 8.61958000e-01
-0.00719255 1.40059000e+00
0.02280740 2.04601000e+00
0.05280740 2.00374000e+00
0.08280740 1.65932000e+00
0.11280700 1.36953000e+00
0.14280700 1.16621000e+00
0.17280700 1.20014000e+00
0.20280700 1.39853000e+00
0.23280700 1.27560000e+00
0.26280700 8.87441000e-01
0.29280700 6.41991000e-01
0.32280700 5.43173000e-01
0.35280700 4.75208000e-01
0.38280700 4.05281000e-01
0.41280700 3.81176000e-01
0.44280700 4.20989000e-01
0.47280700 5.42429000e-01
0.50280700 7.46624000e-01
0.53280700 9.52156000e-01
0.56280700 9.23687000e-01
0.59280700 7.86637000e-01
0.62280700 8.22048000e-01
0.65280700 9.06010000e-01
0.68280700 1.00033000e+00
0.71280700 1.13627000e+00
0.74280700 1.00819000e+00
0.77280700 7.11703000e-01
