# E(MeV)  S_GAMTGAMT(Total=K0+2*K1) for Eu184_DDPCX
-14.58240000 6.04457000e-03
-14.55240000 6.06766000e-03
-14.52240000 6.08974000e-03
-14.49240000 6.11079000e-03
-14.46240000 6.13080000e-03
-14.43240000 6.14962000e-03
-14.40240000 6.16705000e-03
-14.37240000 6.18280000e-03
-14.34240000 6.19645000e-03
-14.31240000 6.20743000e-03
-14.28240000 6.21487000e-03
-14.25240000 6.21751000e-03
-14.22240000 6.21350000e-03
-14.19240000 6.19987000e-03
-14.16240000 6.17187000e-03
-14.13240000 6.12140000e-03
-14.10240000 6.03366000e-03
-14.07240000 5.87983000e-03
-14.04240000 5.59915000e-03
-14.01240000 5.05760000e-03
-13.98240000 4.01698700e-03
-13.95240000 2.58120330e-03
-13.92240000 1.61303000e-03
-13.89240000 2.25638000e-03
-13.86240000 3.87410900e-03
-13.83240000 4.76135000e-03
-13.80240000 4.95011000e-03
-13.77240000 4.51562000e-03
-13.74240000 3.51491400e-03
-13.71240000 3.44187200e-03
-13.68240000 4.71483000e-03
-13.65240000 5.64804000e-03
-13.62240000 6.14327000e-03
-13.59240000 6.42154000e-03
-13.56240000 6.59609000e-03
-13.53240000 6.71704000e-03
-13.50240000 6.80796000e-03
-13.47240000 6.88083000e-03
-13.44240000 6.94223000e-03
-13.41240000 6.99597000e-03
-13.38240000 7.04444000e-03
-13.35240000 7.08918000e-03
-13.32240000 7.13120000e-03
-13.29240000 7.17122000e-03
-13.26240000 7.20972000e-03
-13.23240000 7.24708000e-03
-13.20240000 7.28360000e-03
-13.17240000 7.31944000e-03
-13.14240000 7.35479000e-03
-13.11240000 7.38976000e-03
-13.08240000 7.42447000e-03
-13.04290000 7.46984000e-03
-13.01290000 7.50420000e-03
-12.98290000 7.53850000e-03
-12.95290000 7.57278000e-03
-12.92290000 7.60708000e-03
-12.89290000 7.64143000e-03
-12.86290000 7.67586000e-03
-12.83290000 7.71040000e-03
-12.80290000 7.74504000e-03
-12.77290000 7.77983000e-03
-12.74290000 7.81477000e-03
-12.71290000 7.84989000e-03
-12.68290000 7.88516000e-03
-12.65290000 7.92064000e-03
-12.62290000 7.95632000e-03
-12.59290000 7.99221000e-03
-12.56290000 8.02832000e-03
-12.53290000 8.06466000e-03
-12.50290000 8.10126000e-03
-12.47290000 8.13808000e-03
-12.44290000 8.17516000e-03
-12.41290000 8.21251000e-03
-12.38290000 8.25015000e-03
-12.35290000 8.28804000e-03
-12.32290000 8.32622000e-03
-12.29290000 8.36469000e-03
-12.26290000 8.40347000e-03
-12.23290000 8.44254000e-03
-12.20290000 8.48194000e-03
-12.17290000 8.52166000e-03
-12.14290000 8.56171000e-03
-12.11290000 8.60207000e-03
-12.08290000 8.64280000e-03
-12.05290000 8.68386000e-03
-12.02290000 8.72530000e-03
-11.99290000 8.76708000e-03
-11.96290000 8.80927000e-03
-11.93290000 8.85182000e-03
-11.90290000 8.89475000e-03
-11.87290000 8.93810000e-03
-11.84290000 8.98187000e-03
-11.81290000 9.02605000e-03
-11.78290000 9.07065000e-03
-11.75290000 9.11570000e-03
-11.72290000 9.16121000e-03
-11.69290000 9.20720000e-03
-11.66290000 9.25367000e-03
-11.63290000 9.30062000e-03
-11.60290000 9.34809000e-03
-11.57290000 9.39608000e-03
-11.54290000 9.44462000e-03
-11.50340000 9.50937000e-03
-11.47340000 9.55925000e-03
-11.44340000 9.60977000e-03
-11.41340000 9.66094000e-03
-11.38340000 9.71279000e-03
-11.35340000 9.76537000e-03
-11.32340000 9.81869000e-03
-11.29340000 9.87282000e-03
-11.26340000 9.92782000e-03
-11.23340000 9.98375000e-03
-11.20340000 1.00406800e-02
-11.17340000 1.00987000e-02
-11.14340000 1.01579400e-02
-11.11340000 1.02185000e-02
-11.08340000 1.02806000e-02
-11.05340000 1.03444200e-02
-11.02340000 1.04102400e-02
-10.99340000 1.04784400e-02
-10.96340000 1.05494700e-02
-10.93340000 1.06240000e-02
-10.90340000 1.07029700e-02
-10.87340000 1.07876800e-02
-10.84340000 1.08800700e-02
-10.81340000 1.09831400e-02
-10.78340000 1.11017500e-02
-10.75340000 1.12441200e-02
-10.72340000 1.14251000e-02
-10.69340000 1.16736200e-02
-10.66340000 1.20507800e-02
-10.63340000 1.26940700e-02
-10.60340000 1.38842400e-02
-10.57340000 1.56331900e-02
-10.54340000 1.58572900e-02
-10.51340000 1.45446600e-02
-10.48340000 1.38971600e-02
-10.45340000 1.40898000e-02
-10.42340000 1.51832700e-02
-10.39340000 1.73039800e-02
-10.36340000 1.84288000e-02
-10.33340000 1.72220200e-02
-10.30340000 1.54003600e-02
-10.27340000 1.40449400e-02
-10.24340000 1.33540700e-02
-10.21340000 1.30206400e-02
-10.18340000 1.28617100e-02
-10.15340000 1.27940200e-02
-10.12340000 1.27783200e-02
-10.09340000 1.27946100e-02
-10.06340000 1.28319600e-02
-10.03340000 1.28840100e-02
-10.00340000 1.29469100e-02
-9.96397000 1.30422200e-02
-9.93397000 1.31223300e-02
-9.90397000 1.32079900e-02
-9.87397000 1.32986700e-02
-9.84397000 1.33939900e-02
-9.81397000 1.34938400e-02
-9.78397000 1.35981800e-02
-9.75397000 1.37072600e-02
-9.72397000 1.38215300e-02
-9.69397000 1.39419500e-02
-9.66397000 1.40706100e-02
-9.63397000 1.42112600e-02
-9.60397000 1.43631200e-02
-9.57397000 1.45032300e-02
-9.54397000 1.46393800e-02
-9.51397000 1.47965700e-02
-9.48397000 1.49845100e-02
-9.45397000 1.52195300e-02
-9.42397000 1.55019200e-02
-9.39397000 1.57139000e-02
-9.36397000 1.58743500e-02
-9.33397000 1.60840700e-02
-9.30397000 1.63624200e-02
-9.27397000 1.67940600e-02
-9.24397000 1.73914200e-02
-9.21397000 1.78678700e-02
-9.18397000 1.82805600e-02
-9.15397000 1.86439000e-02
-9.12397000 1.86590600e-02
-9.09397000 1.87202100e-02
-9.06397000 1.89962500e-02
-9.03397000 1.94944300e-02
-9.00397000 2.02095200e-02
-8.97397000 2.11891400e-02
-8.94397000 2.25521100e-02
-8.91397000 2.45341500e-02
-8.88397000 2.76090900e-02
-8.85397000 3.27940400e-02
-8.82397000 4.23902800e-02
-8.79397000 6.09712700e-02
-8.76397000 8.73888000e-02
-8.73397000 8.85973900e-02
-8.70397000 6.95430400e-02
-8.67397000 5.55875500e-02
-8.64397000 4.48787000e-02
-8.61397000 3.96257000e-02
-8.58397000 3.92207000e-02
-8.55397000 4.15054000e-02
-8.52397000 4.56826000e-02
-8.49397000 5.48664000e-02
-8.46397000 6.87591000e-02
-8.42451000 1.05586700e-01
-8.39451000 1.37095900e-01
-8.36451000 1.14871700e-01
-8.33451000 8.01957000e-02
-8.30451000 6.43209000e-02
-8.27451000 6.04122000e-02
-8.24451000 6.44356000e-02
-8.21451000 7.54077000e-02
-8.18451000 7.86165000e-02
-8.15451000 6.82800000e-02
-8.12451000 6.04432000e-02
-8.09451000 5.06922000e-02
-8.06451000 4.30095000e-02
-8.03451000 4.00257000e-02
-8.00451000 3.90654000e-02
-7.97451000 3.64917000e-02
-7.94451000 3.43857000e-02
-7.91451000 3.36658100e-02
-7.88451000 3.39587100e-02
-7.85451000 3.50211200e-02
-7.82451000 3.60742000e-02
-7.79451000 3.69298000e-02
-7.76451000 3.84609000e-02
-7.73451000 4.05685000e-02
-7.70451000 4.35059000e-02
-7.67451000 4.79153000e-02
-7.64451000 5.45986000e-02
-7.61451000 6.49291000e-02
-7.58451000 8.19949000e-02
-7.55451000 1.13735800e-01
-7.52451000 1.73914600e-01
-7.49451000 2.46779300e-01
-7.46451000 2.36073800e-01
-7.43451000 2.03314400e-01
-7.40451000 2.18127500e-01
-7.37451000 2.45490000e-01
-7.34451000 2.68340400e-01
-7.31451000 2.36926100e-01
-7.28451000 1.74945700e-01
-7.25451000 1.43268600e-01
-7.22451000 1.33504700e-01
-7.19451000 1.47717200e-01
-7.16451000 1.85067600e-01
-7.13451000 2.08958600e-01
-7.10451000 2.18910000e-01
-7.07451000 2.16421800e-01
-7.04451000 2.33192600e-01
-7.01451000 3.15253400e-01
-6.98451000 4.49038600e-01
-6.95451000 4.26142600e-01
-6.92451000 2.82688800e-01
-6.88504000 1.86216000e-01
-6.85504000 1.58932600e-01
-6.82504000 1.40733600e-01
-6.79504000 1.43764700e-01
-6.76504000 1.55342900e-01
-6.73504000 1.34172000e-01
-6.70504000 1.08906400e-01
-6.67504000 9.99370000e-02
-6.64504000 1.05656000e-01
-6.61504000 1.20075000e-01
-6.58504000 1.14784900e-01
-6.55504000 9.65666000e-02
-6.52504000 8.69523000e-02
-6.49504000 8.50196000e-02
-6.46504000 8.86255000e-02
-6.43504000 9.37595000e-02
-6.40504000 9.29805000e-02
-6.37504000 9.19575000e-02
-6.34504000 9.45058000e-02
-6.31504000 9.99815000e-02
-6.28504000 1.06994400e-01
-6.25504000 1.15207100e-01
-6.22504000 1.26271800e-01
-6.19504000 1.40889700e-01
-6.16504000 1.60418500e-01
-6.13504000 1.85845000e-01
-6.10504000 2.17228600e-01
-6.07504000 2.60918500e-01
-6.04504000 3.26249300e-01
-6.01504000 4.27365400e-01
-5.98504000 5.92827100e-01
-5.95504000 8.84721300e-01
-5.92504000 1.44433730e+00
-5.89504000 2.55011120e+00
-5.86504000 4.12556540e+00
-5.83504000 3.99680760e+00
-5.80504000 2.41513420e+00
-5.77504000 1.38965070e+00
-5.74504000 8.77205300e-01
-5.71504000 6.07037500e-01
-5.68504000 4.49846000e-01
-5.65504000 3.55150100e-01
-5.62504000 2.97751300e-01
-5.59504000 2.62063600e-01
-5.56504000 2.42851400e-01
-5.53504000 2.41366300e-01
-5.50504000 2.49088900e-01
-5.47504000 2.37664600e-01
-5.44504000 2.22628600e-01
-5.41504000 2.27622900e-01
-5.38504000 2.59495900e-01
-5.34558000 3.54659700e-01
-5.31558000 4.56293200e-01
-5.28558000 4.83664100e-01
-5.25558000 3.81928800e-01
-5.22558000 3.02880900e-01
-5.19558000 2.67169300e-01
-5.16558000 2.67706500e-01
-5.13558000 3.04682300e-01
-5.10558000 3.67509700e-01
-5.07558000 3.65665200e-01
-5.04558000 3.14820600e-01
-5.01558000 2.90385200e-01
-4.98558000 2.90276700e-01
-4.95558000 3.07270500e-01
-4.92558000 3.40292400e-01
-4.89558000 3.93773000e-01
-4.86558000 4.76421000e-01
-4.83558000 5.99482000e-01
-4.80558000 7.32973000e-01
-4.77558000 8.35129000e-01
-4.74558000 1.04326700e+00
-4.71558000 1.49490200e+00
-4.68558000 2.35060900e+00
-4.65558000 3.23025100e+00
-4.62558000 3.20157300e+00
-4.59558000 3.05387500e+00
-4.56558000 2.73311800e+00
-4.53558000 2.79075700e+00
-4.50558000 3.73853700e+00
-4.47558000 5.73566300e+00
-4.44558000 6.71058100e+00
-4.41558000 5.00140100e+00
-4.38558000 3.53755600e+00
-4.35558000 3.08073400e+00
-4.32558000 3.53763000e+00
-4.29558000 4.97389000e+00
-4.26558000 6.56296000e+00
-4.23558000 5.72568000e+00
-4.20558000 3.80758000e+00
-4.17558000 2.74851600e+00
-4.14558000 2.40255800e+00
-4.11558000 2.50128400e+00
-4.08558000 3.02315000e+00
-4.05558000 3.97068000e+00
-4.02558000 5.64322000e+00
-3.99558000 8.94334000e+00
-3.96558000 1.26246400e+01
-3.93558000 1.14705600e+01
-3.90558000 8.89425000e+00
-3.87558000 7.18273000e+00
-3.84558000 5.16504000e+00
-3.80612000 3.37720900e+00
-3.77612000 2.37614200e+00
-3.74612000 1.80613800e+00
-3.71612000 1.53317000e+00
-3.68612000 1.44873900e+00
-3.65612000 1.54500500e+00
-3.62612000 1.88148900e+00
-3.59612000 2.61137400e+00
-3.56612000 3.85535000e+00
-3.53612000 5.06819200e+00
-3.50612000 6.59668600e+00
-3.47612000 6.99242600e+00
-3.44612000 4.63851200e+00
-3.41612000 2.73795800e+00
-3.38612000 1.74532600e+00
-3.35612000 1.22424500e+00
-3.32612000 9.32825000e-01
-3.29612000 7.62188000e-01
-3.26612000 6.64537000e-01
-3.23612000 6.20507000e-01
-3.20612000 6.19974000e-01
-3.17612000 6.27190000e-01
-3.14612000 6.34475000e-01
-3.11612000 6.97251000e-01
-3.08612000 8.52116000e-01
-3.05612000 1.17724500e+00
-3.02612000 1.85148600e+00
-2.99612000 2.85082700e+00
-2.96612000 2.89001600e+00
-2.93612000 1.95792800e+00
-2.90612000 1.34560400e+00
-2.87612000 1.13891600e+00
-2.84612000 1.24985000e+00
-2.81612000 1.72869800e+00
-2.78612000 2.47103400e+00
-2.75612000 2.33025600e+00
-2.72612000 1.46339080e+00
-2.69612000 9.03706000e-01
-2.66612000 6.21639800e-01
-2.63612000 4.77443000e-01
-2.60612000 3.97920800e-01
-2.57612000 3.35166200e-01
-2.54612000 2.87202200e-01
-2.51612000 2.61305400e-01
-2.48612000 2.55103800e-01
-2.45612000 2.53315500e-01
-2.42612000 2.46892200e-01
-2.39612000 2.58739100e-01
-2.36612000 3.09391100e-01
-2.33612000 4.16998200e-01
-2.30612000 4.85565400e-01
-2.26666000 3.31645100e-01
-2.23666000 2.34790800e-01
-2.20666000 1.84967000e-01
-2.17666000 1.58850300e-01
-2.14666000 1.45051900e-01
-2.11666000 1.36603000e-01
-2.08666000 1.28452100e-01
-2.05666000 1.22972200e-01
-2.02666000 1.21038200e-01
-1.99666000 1.22250600e-01
-1.96666000 1.24212600e-01
-1.93666000 1.29527600e-01
-1.90666000 1.43704800e-01
-1.87666000 1.58161300e-01
-1.84666000 1.53546800e-01
-1.81666000 1.43344000e-01
-1.78666000 1.40869600e-01
-1.75666000 1.50356500e-01
-1.72666000 1.69923700e-01
-1.69666000 1.81427000e-01
-1.66666000 1.78795000e-01
-1.63666000 1.59206100e-01
-1.60666000 1.45717400e-01
-1.57666000 1.37070300e-01
-1.54666000 1.35135500e-01
-1.51666000 1.38542000e-01
-1.48666000 1.39631800e-01
-1.45666000 1.40217100e-01
-1.42666000 1.41619400e-01
-1.39666000 1.43735200e-01
-1.36666000 1.52139000e-01
-1.33666000 1.72870100e-01
-1.30666000 2.05804700e-01
-1.27666000 2.53505800e-01
-1.24666000 3.30841000e-01
-1.21666000 3.62702800e-01
-1.18666000 3.04284600e-01
-1.15666000 2.51502900e-01
-1.12666000 2.35395900e-01
-1.09666000 2.52153700e-01
-1.06666000 2.73219900e-01
-1.03666000 2.79272700e-01
-1.00666000 3.04454400e-01
-0.97665500 3.38981000e-01
-0.94665500 4.03929500e-01
-0.91665500 5.42869200e-01
-0.88665500 7.10364100e-01
-0.85665500 7.70808700e-01
-0.82665500 7.37054000e-01
-0.79665500 6.58548500e-01
-0.76665500 4.89447600e-01
-0.72719300 3.53243600e-01
-0.69719300 3.28134900e-01
-0.66719300 3.43956000e-01
-0.63719300 3.68623000e-01
-0.60719300 3.75031000e-01
-0.57719300 3.85112000e-01
-0.54719300 4.36642000e-01
-0.51719300 5.33987000e-01
-0.48719300 5.89011000e-01
-0.45719300 5.29278000e-01
-0.42719300 4.89581700e-01
-0.39719300 5.24550000e-01
-0.36719300 6.16889000e-01
-0.33719300 7.20511000e-01
-0.30719300 7.54124000e-01
-0.27719300 7.31816000e-01
-0.24719300 7.68405000e-01
-0.21719300 9.33899000e-01
-0.18719300 1.23542300e+00
-0.15719300 1.51343300e+00
-0.12719300 1.69188600e+00
-0.09719260 1.87648200e+00
-0.06719260 2.14796000e+00
-0.03719260 2.81244600e+00
-0.00719255 4.00975000e+00
0.02280740 5.04428500e+00
0.05280740 4.63136800e+00
0.08280740 3.77278400e+00
0.11280700 3.13918400e+00
0.14280700 2.76241600e+00
0.17280700 2.96247800e+00
0.20280700 3.62012400e+00
0.23280700 3.65882000e+00
0.26280700 2.77670200e+00
0.29280700 1.92610600e+00
0.32280700 1.49844000e+00
0.35280700 1.24782000e+00
0.38280700 1.05330200e+00
0.41280700 9.85246000e-01
0.44280700 1.06106500e+00
0.47280700 1.28839400e+00
0.50280700 1.67833000e+00
0.53280700 2.08012300e+00
0.56280700 2.02426600e+00
0.59280700 1.75971700e+00
0.62280700 1.84952200e+00
0.65280700 2.04989600e+00
0.68280700 2.29404000e+00
0.71280700 2.65536000e+00
0.74280700 2.50236800e+00
0.77280700 2.05396100e+00
