# E(MeV)  S_GAMTGAMT(K=0) for Eu184_DDPCX
-14.58240000 2.01591000e-03
-14.55240000 2.02354000e-03
-14.52240000 2.03064000e-03
-14.49240000 2.03719000e-03
-14.46240000 2.04316000e-03
-14.43240000 2.04848000e-03
-14.40240000 2.05305000e-03
-14.37240000 2.05670000e-03
-14.34240000 2.05921000e-03
-14.31240000 2.06027000e-03
-14.28240000 2.05943000e-03
-14.25240000 2.05603000e-03
-14.22240000 2.04910000e-03
-14.19240000 2.03713000e-03
-14.16240000 2.01777000e-03
-14.13240000 1.98708000e-03
-14.10240000 1.93820000e-03
-14.07240000 1.85839000e-03
-14.04240000 1.72227000e-03
-14.01240000 1.47508000e-03
-13.98240000 9.91927000e-04
-13.95240000 2.28433000e-05
-13.92240000 -1.36413000e-03
-13.89240000 -1.22248000e-03
-13.86240000 1.94369000e-04
-13.83240000 1.11161000e-03
-13.80240000 1.57575000e-03
-13.77240000 1.82384000e-03
-13.74240000 1.96957000e-03
-13.71240000 2.06294000e-03
-13.68240000 2.12731000e-03
-13.65240000 2.17452000e-03
-13.62240000 2.21101000e-03
-13.59240000 2.24046000e-03
-13.56240000 2.26515000e-03
-13.53240000 2.28648000e-03
-13.50240000 2.30542000e-03
-13.47240000 2.32259000e-03
-13.44240000 2.33843000e-03
-13.41240000 2.35327000e-03
-13.38240000 2.36734000e-03
-13.35240000 2.38082000e-03
-13.32240000 2.39382000e-03
-13.29240000 2.40646000e-03
-13.26240000 2.41880000e-03
-13.23240000 2.43092000e-03
-13.20240000 2.44286000e-03
-13.17240000 2.45466000e-03
-13.14240000 2.46635000e-03
-13.11240000 2.47796000e-03
-13.08240000 2.48951000e-03
-13.04290000 2.50466000e-03
-13.01290000 2.51614000e-03
-12.98290000 2.52762000e-03
-12.95290000 2.53910000e-03
-12.92290000 2.55060000e-03
-12.89290000 2.56211000e-03
-12.86290000 2.57366000e-03
-12.83290000 2.58524000e-03
-12.80290000 2.59686000e-03
-12.77290000 2.60853000e-03
-12.74290000 2.62025000e-03
-12.71290000 2.63203000e-03
-12.68290000 2.64386000e-03
-12.65290000 2.65576000e-03
-12.62290000 2.66772000e-03
-12.59290000 2.67975000e-03
-12.56290000 2.69186000e-03
-12.53290000 2.70404000e-03
-12.50290000 2.71630000e-03
-12.47290000 2.72864000e-03
-12.44290000 2.74106000e-03
-12.41290000 2.75357000e-03
-12.38290000 2.76617000e-03
-12.35290000 2.77886000e-03
-12.32290000 2.79164000e-03
-12.29290000 2.80451000e-03
-12.26290000 2.81749000e-03
-12.23290000 2.83056000e-03
-12.20290000 2.84374000e-03
-12.17290000 2.85702000e-03
-12.14290000 2.87041000e-03
-12.11290000 2.88391000e-03
-12.08290000 2.89752000e-03
-12.05290000 2.91124000e-03
-12.02290000 2.92508000e-03
-11.99290000 2.93904000e-03
-11.96290000 2.95313000e-03
-11.93290000 2.96734000e-03
-11.90290000 2.98167000e-03
-11.87290000 2.99614000e-03
-11.84290000 3.01075000e-03
-11.81290000 3.02549000e-03
-11.78290000 3.04037000e-03
-11.75290000 3.05540000e-03
-11.72290000 3.07057000e-03
-11.69290000 3.08590000e-03
-11.66290000 3.10139000e-03
-11.63290000 3.11704000e-03
-11.60290000 3.13285000e-03
-11.57290000 3.14884000e-03
-11.54290000 3.16500000e-03
-11.50340000 3.18655000e-03
-11.47340000 3.20315000e-03
-11.44340000 3.21995000e-03
-11.41340000 3.23696000e-03
-11.38340000 3.25419000e-03
-11.35340000 3.27165000e-03
-11.32340000 3.28935000e-03
-11.29340000 3.30730000e-03
-11.26340000 3.32552000e-03
-11.23340000 3.34403000e-03
-11.20340000 3.36284000e-03
-11.17340000 3.38198000e-03
-11.14340000 3.40148000e-03
-11.11340000 3.42136000e-03
-11.08340000 3.44166000e-03
-11.05340000 3.46244000e-03
-11.02340000 3.48374000e-03
-10.99340000 3.50564000e-03
-10.96340000 3.52821000e-03
-10.93340000 3.55156000e-03
-10.90340000 3.57583000e-03
-10.87340000 3.60120000e-03
-10.84340000 3.62789000e-03
-10.81340000 3.65620000e-03
-10.78340000 3.68657000e-03
-10.75340000 3.71956000e-03
-10.72340000 3.75602000e-03
-10.69340000 3.79716000e-03
-10.66340000 3.84482000e-03
-10.63340000 3.90189000e-03
-10.60340000 3.97310000e-03
-10.57340000 4.06659000e-03
-10.54340000 4.19723000e-03
-10.51340000 4.39416000e-03
-10.48340000 4.71912000e-03
-10.45340000 5.31192000e-03
-10.42340000 6.47309000e-03
-10.39340000 8.37980000e-03
-10.36340000 8.93142000e-03
-10.33340000 7.12872000e-03
-10.30340000 5.73684000e-03
-10.27340000 5.04396000e-03
-10.24340000 4.69933000e-03
-10.21340000 4.51798000e-03
-10.18340000 4.41889000e-03
-10.15340000 4.36480000e-03
-10.12340000 4.33722000e-03
-10.09340000 4.32625000e-03
-10.06340000 4.32626000e-03
-10.03340000 4.33389000e-03
-10.00340000 4.34703000e-03
-9.96397000 4.37048000e-03
-9.93397000 4.39189000e-03
-9.90397000 4.41577000e-03
-9.87397000 4.44173000e-03
-9.84397000 4.46951000e-03
-9.81397000 4.49894000e-03
-9.78397000 4.52988000e-03
-9.75397000 4.56226000e-03
-9.72397000 4.59605000e-03
-9.69397000 4.63125000e-03
-9.66397000 4.66793000e-03
-9.63397000 4.70622000e-03
-9.60397000 4.74636000e-03
-9.57397000 4.78835000e-03
-9.54397000 4.83096000e-03
-9.51397000 4.87491000e-03
-9.48397000 4.92179000e-03
-9.45397000 4.97245000e-03
-9.42397000 5.02788000e-03
-9.39397000 5.08524000e-03
-9.36397000 5.14117000e-03
-9.33397000 5.20425000e-03
-9.30397000 5.28104000e-03
-9.27397000 5.38124000e-03
-9.24397000 5.51944000e-03
-9.21397000 5.65757000e-03
-9.18397000 5.72380000e-03
-9.15397000 5.80648000e-03
-9.12397000 5.84632000e-03
-9.09397000 5.84863000e-03
-9.06397000 5.89029000e-03
-9.03397000 5.96557000e-03
-9.00397000 6.06288000e-03
-8.97397000 6.17786000e-03
-8.94397000 6.31009000e-03
-8.91397000 6.46131000e-03
-8.88397000 6.63489000e-03
-8.85397000 6.83584000e-03
-8.82397000 7.07128000e-03
-8.79397000 7.35127000e-03
-8.76397000 7.69020000e-03
-8.73397000 8.10919000e-03
-8.70397000 8.64024000e-03
-8.67397000 9.33375000e-03
-8.64397000 1.02731000e-02
-8.61397000 1.16045000e-02
-8.58397000 1.36037000e-02
-8.55397000 1.68290000e-02
-8.52397000 2.24088000e-02
-8.49397000 3.16292000e-02
-8.46397000 4.30883000e-02
-8.42451000 7.14365000e-02
-8.39451000 9.90743000e-02
-8.36451000 8.29743000e-02
-8.33451000 5.33597000e-02
-8.30451000 3.87845000e-02
-8.27451000 3.31124000e-02
-8.24451000 3.22686000e-02
-8.21451000 3.57301000e-02
-8.18451000 3.22297000e-02
-8.15451000 2.30274000e-02
-8.12451000 1.71760000e-02
-8.09451000 1.40974000e-02
-8.06451000 1.23903000e-02
-8.03451000 1.13763000e-02
-8.00451000 1.07464000e-02
-7.97451000 1.03495000e-02
-7.94451000 1.01065000e-02
-7.91451000 9.97381000e-03
-7.88451000 9.92831000e-03
-7.85451000 9.96212000e-03
-7.82451000 1.00850000e-02
-7.79451000 1.03288000e-02
-7.76451000 1.06617000e-02
-7.73451000 1.07829000e-02
-7.70451000 1.07957000e-02
-7.67451000 1.09353000e-02
-7.64451000 1.11892000e-02
-7.61451000 1.15325000e-02
-7.58451000 1.19617000e-02
-7.55451000 1.24864000e-02
-7.52451000 1.31268000e-02
-7.49451000 1.39153000e-02
-7.46451000 1.49018000e-02
-7.43451000 1.61658000e-02
-7.40451000 1.78395000e-02
-7.37451000 2.01600000e-02
-7.34451000 2.35884000e-02
-7.31451000 2.90641000e-02
-7.28451000 3.79803000e-02
-7.25451000 4.84446000e-02
-7.22451000 5.80689000e-02
-7.19451000 7.86896000e-02
-7.16451000 1.11818000e-01
-7.13451000 1.18023000e-01
-7.10451000 1.04848000e-01
-7.07451000 1.14619000e-01
-7.04451000 1.57637000e-01
-7.01451000 2.54225000e-01
-6.98451000 3.94586000e-01
-6.95451000 3.72754000e-01
-6.92451000 2.25100000e-01
-6.88504000 1.12836000e-01
-6.85504000 7.46612000e-02
-6.82504000 5.39818000e-02
-6.79504000 4.18279000e-02
-6.76504000 3.41845000e-02
-6.73504000 2.91182000e-02
-6.70504000 2.56238000e-02
-6.67504000 2.31432000e-02
-6.64504000 2.13504000e-02
-6.61504000 2.00490000e-02
-6.58504000 1.91223000e-02
-6.55504000 1.85128000e-02
-6.52504000 1.82255000e-02
-6.49504000 1.83656000e-02
-6.46504000 1.91821000e-02
-6.43504000 2.04381000e-02
-6.40504000 1.99933000e-02
-6.37504000 1.86847000e-02
-6.34504000 1.82640000e-02
-6.31504000 1.86745000e-02
-6.28504000 1.87740000e-02
-6.25504000 1.79581000e-02
-6.22504000 1.74386000e-02
-6.19504000 1.73595000e-02
-6.16504000 1.74083000e-02
-6.13504000 1.73800000e-02
-6.10504000 1.74496000e-02
-6.07504000 1.76285000e-02
-6.04504000 1.78933000e-02
-6.01504000 1.82354000e-02
-5.98504000 1.86571000e-02
-5.95504000 1.91773000e-02
-5.92504000 1.98413000e-02
-5.89504000 2.07512000e-02
-5.86504000 2.21254000e-02
-5.83504000 2.41676000e-02
-5.80504000 2.56342000e-02
-5.77504000 2.55807000e-02
-5.74504000 2.61873000e-02
-5.71504000 2.79515000e-02
-5.68504000 2.99560000e-02
-5.65504000 3.24981000e-02
-5.62504000 3.69793000e-02
-5.59504000 4.19216000e-02
-5.56504000 4.96268000e-02
-5.53504000 6.55431000e-02
-5.50504000 8.37361000e-02
-5.47504000 7.66356000e-02
-5.44504000 5.86200000e-02
-5.41504000 4.97611000e-02
-5.38504000 4.84719000e-02
-5.34558000 5.66737000e-02
-5.31558000 7.12852000e-02
-5.28558000 7.73981000e-02
-5.25558000 6.43408000e-02
-5.22558000 5.34209000e-02
-5.19558000 4.86053000e-02
-5.16558000 4.71545000e-02
-5.13558000 4.74703000e-02
-5.10558000 4.88917000e-02
-5.07558000 5.11892000e-02
-5.04558000 5.43586000e-02
-5.01558000 5.85772000e-02
-4.98558000 6.41607000e-02
-4.95558000 7.19105000e-02
-4.92558000 8.36684000e-02
-4.89558000 1.03301000e-01
-4.86558000 1.39369000e-01
-4.83558000 2.02092000e-01
-4.80558000 2.44637000e-01
-4.77558000 1.99323000e-01
-4.74558000 1.53999000e-01
-4.71558000 1.35214000e-01
-4.68558000 1.31609000e-01
-4.65558000 1.36411000e-01
-4.62558000 1.47533000e-01
-4.59558000 1.64995000e-01
-4.56558000 1.90498000e-01
-4.53558000 2.28457000e-01
-4.50558000 2.88457000e-01
-4.47558000 3.90123000e-01
-4.44558000 5.49701000e-01
-4.41558000 6.78821000e-01
-4.38558000 7.03936000e-01
-4.35558000 8.14554000e-01
-4.32558000 1.14231000e+00
-4.29558000 1.85207000e+00
-4.26558000 2.94716000e+00
-4.23558000 3.03402000e+00
-4.20558000 2.03022000e+00
-4.17558000 1.39453000e+00
-4.14558000 1.16963000e+00
-4.11558000 1.20202000e+00
-4.08558000 1.46942000e+00
-4.05558000 2.08746000e+00
-4.02558000 3.39272000e+00
-3.99558000 5.90482000e+00
-3.96558000 8.11200000e+00
-3.93558000 6.13580000e+00
-3.90558000 3.50919000e+00
-3.87558000 2.10159000e+00
-3.84558000 1.40788000e+00
-3.80612000 9.58669000e-01
-3.77612000 7.77156000e-01
-3.74612000 6.83522000e-01
-3.71612000 6.48960000e-01
-3.68612000 6.61235000e-01
-3.65612000 7.34659000e-01
-3.62612000 8.97691000e-01
-3.59612000 1.21583000e+00
-3.56612000 1.84435000e+00
-3.53612000 3.12522000e+00
-3.50612000 5.32689000e+00
-3.47612000 6.17019000e+00
-3.44612000 4.04771000e+00
-3.41612000 2.28443000e+00
-3.38612000 1.38304000e+00
-3.35612000 9.19769000e-01
-3.32612000 6.62557000e-01
-3.29612000 5.10590000e-01
-3.26612000 4.19709000e-01
-3.23612000 3.71265000e-01
-3.20612000 3.53522000e-01
-3.17612000 3.26122000e-01
-3.14612000 2.73893000e-01
-3.11612000 2.37909000e-01
-3.08612000 2.18968000e-01
-3.05612000 2.10389000e-01
-3.02612000 2.11802000e-01
-2.99612000 2.24427000e-01
-2.96612000 2.50796000e-01
-2.93612000 2.98602000e-01
-2.90612000 3.81502000e-01
-2.87612000 5.32366000e-01
-2.84612000 8.31186000e-01
-2.81612000 1.41591000e+00
-2.78612000 2.22213000e+00
-2.75612000 2.12278000e+00
-2.72612000 1.28281000e+00
-2.69612000 7.39590000e-01
-2.66612000 4.65936000e-01
-2.63612000 3.21308000e-01
-2.60612000 2.38061000e-01
-2.57612000 1.86183000e-01
-2.54612000 1.51708000e-01
-2.51612000 1.27927000e-01
-2.48612000 1.10954000e-01
-2.45612000 9.85621000e-02
-2.42612000 8.95150000e-02
-2.39612000 8.17403000e-02
-2.36612000 7.38251000e-02
-2.33612000 6.74542000e-02
-2.30612000 6.26134000e-02
-2.26666000 5.78671000e-02
-2.23666000 5.52264000e-02
-2.20666000 5.33312000e-02
-2.17666000 5.24573000e-02
-2.14666000 5.30665000e-02
-2.11666000 5.34414000e-02
-2.08666000 5.06845000e-02
-2.05666000 4.82530000e-02
-2.02666000 4.73042000e-02
-1.99666000 4.75204000e-02
-1.96666000 4.96538000e-02
-1.93666000 5.55738000e-02
-1.90666000 6.77214000e-02
-1.87666000 8.05561000e-02
-1.84666000 7.64394000e-02
-1.81666000 6.47322000e-02
-1.78666000 5.53974000e-02
-1.75666000 4.95451000e-02
-1.72666000 4.82103000e-02
-1.69666000 4.86796000e-02
-1.66666000 4.73480000e-02
-1.63666000 4.79127000e-02
-1.60666000 4.90708000e-02
-1.57666000 4.59165000e-02
-1.54666000 4.27843000e-02
-1.51666000 4.13474000e-02
-1.48666000 4.14602000e-02
-1.45666000 4.24263000e-02
-1.42666000 4.41428000e-02
-1.39666000 4.74296000e-02
-1.36666000 5.33134000e-02
-1.33666000 6.38357000e-02
-1.30666000 8.35631000e-02
-1.27666000 1.22491000e-01
-1.24666000 1.83358000e-01
-1.21666000 1.94978000e-01
-1.18666000 1.36320000e-01
-1.15666000 9.28667000e-02
-1.12666000 7.15473000e-02
-1.09666000 6.10863000e-02
-1.06666000 5.60819000e-02
-1.03666000 5.50547000e-02
-1.00666000 5.72924000e-02
-0.97665500 6.14450000e-02
-0.94665500 7.02455000e-02
-0.91665500 8.67212000e-02
-0.88665500 9.62681000e-02
-0.85665500 9.78467000e-02
-0.82665500 1.03466000e-01
-0.79665500 9.34445000e-02
-0.76665500 8.08356000e-02
-0.72719300 7.50416000e-02
-0.69719300 8.15309000e-02
-0.66719300 9.57160000e-02
-0.63719300 1.09103000e-01
-0.60719300 1.17267000e-01
-0.57719300 1.12514000e-01
-0.54719300 1.12218000e-01
-0.51719300 1.13257000e-01
-0.48719300 1.07703000e-01
-0.45719300 1.01802000e-01
-0.42719300 9.88877000e-02
-0.39719300 1.00490000e-01
-0.36719300 1.08283000e-01
-0.33719300 1.22187000e-01
-0.30719300 1.45576000e-01
-0.27719300 1.83000000e-01
-0.24719300 2.34309000e-01
-0.21719300 3.15539000e-01
-0.18719300 4.56797000e-01
-0.15719300 6.10989000e-01
-0.12719300 7.02208000e-01
-0.09719260 8.56080000e-01
-0.06719260 9.43564000e-01
-0.03719260 1.08853000e+00
-0.00719255 1.20857000e+00
0.02280740 9.52265000e-01
0.05280740 6.23888000e-01
0.08280740 4.54144000e-01
0.11280700 4.00124000e-01
0.14280700 4.29996000e-01
0.17280700 5.62198000e-01
0.20280700 8.23064000e-01
0.23280700 1.10762000e+00
0.26280700 1.00182000e+00
0.29280700 6.42124000e-01
0.32280700 4.12094000e-01
0.35280700 2.97404000e-01
0.38280700 2.42740000e-01
0.41280700 2.22894000e-01
0.44280700 2.19087000e-01
0.47280700 2.03536000e-01
0.50280700 1.85082000e-01
0.53280700 1.75811000e-01
0.56280700 1.76892000e-01
0.59280700 1.86443000e-01
0.62280700 2.05426000e-01
0.65280700 2.37876000e-01
0.68280700 2.93380000e-01
0.71280700 3.82820000e-01
0.74280700 4.85988000e-01
0.77280700 6.30555000e-01
