# E(MeV)  S_NSDRNSDR(K=0) for Eu184_DDPCX
-14.58240000 -8.12184000e+01
-14.55240000 -5.97648000e+01
-14.52240000 -3.33259000e+01
-14.49240000 -1.91838000e+01
-14.46240000 -1.20347000e+01
-14.43240000 -8.13552000e+00
-14.40240000 -5.82629000e+00
-14.37240000 -4.36104000e+00
-14.34240000 -3.37842000e+00
-14.31240000 -2.68952000e+00
-14.28240000 -2.18882000e+00
-14.25240000 -1.81399000e+00
-14.22240000 -1.52642000e+00
-14.19240000 -1.30127000e+00
-14.16240000 -1.12201000e+00
-14.13240000 -9.77452000e-01
-14.10240000 -8.59921000e-01
-14.07240000 -7.64397000e-01
-14.04240000 -6.88295000e-01
-14.01240000 -6.32220000e-01
-13.98240000 -6.00844000e-01
-13.95240000 -5.86193000e-01
-13.92240000 -5.33528000e-01
-13.89240000 -4.64953000e-01
-13.86240000 -4.16289000e-01
-13.83240000 -3.78122000e-01
-13.80240000 -3.52782000e-01
-13.77240000 -3.43206000e-01
-13.74240000 -3.54822000e-01
-13.71240000 -4.04199000e-01
-13.68240000 -5.28013000e-01
-13.65240000 -7.31086000e-01
-13.62240000 -7.30439000e-01
-13.59240000 -4.95806000e-01
-13.56240000 -3.29966000e-01
-13.53240000 -2.40957000e-01
-13.50240000 -1.89610000e-01
-13.47240000 -1.56423000e-01
-13.44240000 -1.32802000e-01
-13.41240000 -1.14722000e-01
-13.38240000 -1.00139000e-01
-13.35240000 -8.79330000e-02
-13.32240000 -7.74496000e-02
-13.29240000 -6.82885000e-02
-13.26240000 -6.01973000e-02
-13.23240000 -5.30176000e-02
-13.20240000 -4.66568000e-02
-13.17240000 -4.10756000e-02
-13.14240000 -3.62869000e-02
-13.11240000 -3.23642000e-02
-13.08240000 -2.94658000e-02
-13.04290000 -2.77316000e-02
-13.01290000 -2.87350000e-02
-12.98290000 -3.29780000e-02
-12.95290000 -4.27273000e-02
-12.92290000 -6.27242000e-02
-12.89290000 -1.03605000e-01
-12.86290000 -1.89180000e-01
-12.83290000 -3.48802000e-01
-12.80290000 -4.54478000e-01
-12.77290000 -3.07122000e-01
-12.74290000 -1.52780000e-01
-12.71290000 -7.02661000e-02
-12.68290000 -2.67084000e-02
-12.65290000 -1.29747000e-03
-12.62290000 1.51424000e-02
-12.59290000 2.67632000e-02
-12.56290000 3.55937000e-02
-12.53290000 4.27044000e-02
-12.50290000 4.86993000e-02
-12.47290000 5.39391000e-02
-12.44290000 5.86507000e-02
-12.41290000 6.29828000e-02
-12.38290000 6.70370000e-02
-12.35290000 7.08852000e-02
-12.32290000 7.45804000e-02
-12.29290000 7.81629000e-02
-12.26290000 8.16646000e-02
-12.23290000 8.51118000e-02
-12.20290000 8.85273000e-02
-12.17290000 9.19317000e-02
-12.14290000 9.53445000e-02
-12.11290000 9.87852000e-02
-12.08290000 1.02275000e-01
-12.05290000 1.05836000e-01
-12.02290000 1.09494000e-01
-11.99290000 1.13281000e-01
-11.96290000 1.17236000e-01
-11.93290000 1.21408000e-01
-11.90290000 1.25862000e-01
-11.87290000 1.30683000e-01
-11.84290000 1.35995000e-01
-11.81290000 1.41968000e-01
-11.78290000 1.48858000e-01
-11.75290000 1.57055000e-01
-11.72290000 1.67180000e-01
-11.69290000 1.80270000e-01
-11.66290000 1.98154000e-01
-11.63290000 2.24278000e-01
-11.60290000 2.65637000e-01
-11.57290000 3.37577000e-01
-11.54290000 4.75058000e-01
-11.50340000 8.48261000e-01
-11.47340000 1.04445000e+00
-11.44340000 7.78799000e-01
-11.41340000 5.09012000e-01
-11.38340000 3.70213000e-01
-11.35340000 3.01792000e-01
-11.32340000 2.66195000e-01
-11.29340000 2.46895000e-01
-11.26340000 2.36424000e-01
-11.23340000 2.31145000e-01
-11.20340000 2.29157000e-01
-11.17340000 2.29406000e-01
-11.14340000 2.31284000e-01
-11.11340000 2.34433000e-01
-11.08340000 2.38644000e-01
-11.05340000 2.43807000e-01
-11.02340000 2.49877000e-01
-10.99340000 2.56861000e-01
-10.96340000 2.64814000e-01
-10.93340000 2.73835000e-01
-10.90340000 2.84074000e-01
-10.87340000 2.95740000e-01
-10.84340000 3.09123000e-01
-10.81340000 3.24618000e-01
-10.78340000 3.42768000e-01
-10.75340000 3.64335000e-01
-10.72340000 3.90399000e-01
-10.69340000 4.22546000e-01
-10.66340000 4.63159000e-01
-10.63340000 5.15970000e-01
-10.60340000 5.87092000e-01
-10.57340000 6.87110000e-01
-10.54340000 8.35591000e-01
-10.51340000 1.07156000e+00
-10.48340000 1.47762000e+00
-10.45340000 2.20915000e+00
-10.42340000 3.29895000e+00
-10.39340000 4.50703000e+00
-10.36340000 6.59779000e+00
-10.33340000 7.63106000e+00
-10.30340000 5.21463000e+00
-10.27340000 3.06876000e+00
-10.24340000 1.96464000e+00
-10.21340000 1.40207000e+00
-10.18340000 1.09362000e+00
-10.15340000 9.12740000e-01
-10.12340000 8.01625000e-01
-10.09340000 7.31791000e-01
-10.06340000 6.88191000e-01
-10.03340000 6.62441000e-01
-10.00340000 6.49718000e-01
-9.96397000 6.48368000e-01
-9.93397000 6.57432000e-01
-9.90397000 6.75015000e-01
-9.87397000 7.02066000e-01
-9.84397000 7.41060000e-01
-9.81397000 7.97328000e-01
-9.78397000 8.82404000e-01
-9.75397000 1.02073000e+00
-9.72397000 1.23711000e+00
-9.69397000 1.40015000e+00
-9.66397000 1.38711000e+00
-9.63397000 1.43373000e+00
-9.60397000 1.61029000e+00
-9.57397000 1.93567000e+00
-9.54397000 2.48699000e+00
-9.51397000 3.45636000e+00
-9.48397000 5.28605000e+00
-9.45397000 8.78486000e+00
-9.42397000 1.32730000e+01
-9.39397000 1.42112000e+01
-9.36397000 1.39152000e+01
-9.33397000 1.07757000e+01
-9.30397000 6.60056000e+00
-9.27397000 4.21184000e+00
-9.24397000 2.98742000e+00
-9.21397000 2.32169000e+00
-9.18397000 1.93479000e+00
-9.15397000 1.69945000e+00
-9.12397000 1.55358000e+00
-9.09397000 1.46461000e+00
-9.06397000 1.41441000e+00
-9.03397000 1.39249000e+00
-9.00397000 1.39269000e+00
-8.97397000 1.41151000e+00
-8.94397000 1.44722000e+00
-8.91397000 1.49944000e+00
-8.88397000 1.56897000e+00
-8.85397000 1.65787000e+00
-8.82397000 1.76975000e+00
-8.79397000 1.91050000e+00
-8.76397000 2.08973000e+00
-8.73397000 2.32384000e+00
-8.70397000 2.64289000e+00
-8.67397000 3.10037000e+00
-8.64397000 3.72594000e+00
-8.61397000 4.37060000e+00
-8.58397000 5.22026000e+00
-8.55397000 6.76606000e+00
-8.52397000 9.66788000e+00
-8.49397000 1.52769000e+01
-8.46397000 2.39285000e+01
-8.42451000 2.38975000e+01
-8.39451000 1.80472000e+01
-8.36451000 1.67709000e+01
-8.33451000 2.03838000e+01
-8.30451000 3.00285000e+01
-8.27451000 4.29370000e+01
-8.24451000 4.30756000e+01
-8.21451000 3.46195000e+01
-8.18451000 3.45948000e+01
-8.15451000 4.29329000e+01
-8.12451000 4.37872000e+01
-8.09451000 3.28029000e+01
-8.06451000 2.13039000e+01
-8.03451000 1.49507000e+01
-8.00451000 1.15391000e+01
-7.97451000 9.51060000e+00
-7.94451000 8.55882000e+00
-7.91451000 8.37055000e+00
-7.88451000 8.83535000e+00
-7.85451000 1.00879000e+01
-7.82451000 1.26135000e+01
-7.79451000 1.74681000e+01
-7.76451000 2.51545000e+01
-7.73451000 3.26536000e+01
-7.70451000 4.09084000e+01
-7.67451000 4.03826000e+01
-7.64451000 3.34505000e+01
-7.61451000 3.26946000e+01
-7.58451000 4.01132000e+01
-7.55451000 4.65947000e+01
-7.52451000 4.08782000e+01
-7.49451000 3.89852000e+01
-7.46451000 4.90170000e+01
-7.43451000 7.55196000e+01
-7.40451000 1.05344000e+02
-7.37451000 8.67269000e+01
-7.34451000 5.32347000e+01
-7.31451000 3.48968000e+01
-7.28451000 2.64589000e+01
-7.25451000 2.29902000e+01
-7.22451000 2.23934000e+01
-7.19451000 2.39378000e+01
-7.16451000 2.78544000e+01
-7.13451000 3.53261000e+01
-7.10451000 4.90473000e+01
-7.07451000 7.53122000e+01
-7.04451000 1.28097000e+02
-7.01451000 2.20414000e+02
-6.98451000 2.64376000e+02
-6.95451000 1.80629000e+02
-6.92451000 1.08620000e+02
-6.88504000 6.30901000e+01
-6.85504000 4.50838000e+01
-6.82504000 3.61624000e+01
-6.79504000 3.26876000e+01
-6.76504000 3.33944000e+01
-6.73504000 3.44213000e+01
-6.70504000 3.22829000e+01
-6.67504000 3.26591000e+01
-6.64504000 3.75258000e+01
-6.61504000 4.82249000e+01
-6.58504000 6.89498000e+01
-6.55504000 1.10128000e+02
-6.52504000 1.92928000e+02
-6.49504000 3.11049000e+02
-6.46504000 2.98565000e+02
-6.43504000 1.78750000e+02
-6.40504000 1.01707000e+02
-6.37504000 6.31357000e+01
-6.34504000 4.29419000e+01
-6.31504000 3.15112000e+01
-6.28504000 2.46285000e+01
-6.25504000 2.03416000e+01
-6.22504000 1.76944000e+01
-6.19504000 1.62187000e+01
-6.16504000 1.57252000e+01
-6.13504000 1.62138000e+01
-6.10504000 1.79434000e+01
-6.07504000 2.16624000e+01
-6.04504000 2.90309000e+01
-6.01504000 4.39008000e+01
-5.98504000 7.40755000e+01
-5.95504000 1.17837000e+02
-5.92504000 1.14405000e+02
-5.89504000 7.00480000e+01
-5.86504000 4.13234000e+01
-5.83504000 2.71717000e+01
-5.80504000 2.02181000e+01
-5.77504000 1.71066000e+01
-5.74504000 1.63123000e+01
-5.71504000 1.62593000e+01
-5.68504000 1.67293000e+01
-5.65504000 1.67329000e+01
-5.62504000 1.84820000e+01
-5.59504000 2.47465000e+01
-5.56504000 3.74484000e+01
-5.53504000 5.14565000e+01
-5.50504000 4.44408000e+01
-5.47504000 3.01437000e+01
-5.44504000 2.44095000e+01
-5.41504000 2.57097000e+01
-5.38504000 2.50883000e+01
-5.34558000 1.85513000e+01
-5.31558000 1.65127000e+01
-5.28558000 1.33683000e+01
-5.25558000 1.07383000e+01
-5.22558000 1.01621000e+01
-5.19558000 1.16995000e+01
-5.16558000 1.63712000e+01
-5.13558000 2.56782000e+01
-5.10558000 3.16228000e+01
-5.07558000 2.31310000e+01
-5.04558000 1.42931000e+01
-5.01558000 9.13506000e+00
-4.98558000 6.37183000e+00
-4.95558000 4.85878000e+00
-4.92558000 3.96099000e+00
-4.89558000 3.30985000e+00
-4.86558000 2.82759000e+00
-4.83558000 2.48853000e+00
-4.80558000 2.24902000e+00
-4.77558000 2.08344000e+00
-4.74558000 1.96714000e+00
-4.71558000 1.85835000e+00
-4.68558000 1.77025000e+00
-4.65558000 1.72281000e+00
-4.62558000 1.71870000e+00
-4.59558000 1.76541000e+00
-4.56558000 1.85844000e+00
-4.53558000 1.97451000e+00
-4.50558000 2.18719000e+00
-4.47558000 2.59821000e+00
-4.44558000 3.36366000e+00
-4.41558000 4.72215000e+00
-4.38558000 6.93793000e+00
-4.35558000 1.10333000e+01
-4.32558000 1.54618000e+01
-4.29558000 1.30446000e+01
-4.26558000 7.84145000e+00
-4.23558000 4.79429000e+00
-4.20558000 3.27548000e+00
-4.17558000 2.50543000e+00
-4.14558000 2.12185000e+00
-4.11558000 1.91454000e+00
-4.08558000 1.86323000e+00
-4.05558000 1.77794000e+00
-4.02558000 1.44834000e+00
-3.99558000 1.18223000e+00
-3.96558000 1.03109000e+00
-3.93558000 9.45611000e-01
-3.90558000 8.94167000e-01
-3.87558000 8.79694000e-01
-3.84558000 8.57407000e-01
-3.80612000 7.58049000e-01
-3.77612000 7.05924000e-01
-3.74612000 6.84821000e-01
-3.71612000 6.96426000e-01
-3.68612000 7.40572000e-01
-3.65612000 7.35764000e-01
-3.62612000 6.56316000e-01
-3.59612000 5.97511000e-01
-3.56612000 5.60248000e-01
-3.53612000 5.34909000e-01
-3.50612000 5.18301000e-01
-3.47612000 5.09200000e-01
-3.44612000 5.03140000e-01
-3.41612000 4.89856000e-01
-3.38612000 4.77617000e-01
-3.35612000 4.70454000e-01
-3.32612000 4.67170000e-01
-3.29612000 4.67161000e-01
-3.26612000 4.70654000e-01
-3.23612000 4.78698000e-01
-3.20612000 4.93652000e-01
-3.17612000 5.19209000e-01
-3.14612000 5.50021000e-01
-3.11612000 5.69326000e-01
-3.08612000 5.98912000e-01
-3.05612000 6.56968000e-01
-3.02612000 7.53767000e-01
-2.99612000 9.06440000e-01
-2.96612000 1.14156000e+00
-2.93612000 1.44995000e+00
-2.90612000 1.99718000e+00
-2.87612000 3.16083000e+00
-2.84612000 5.20562000e+00
-2.81612000 6.10353000e+00
-2.78612000 4.25848000e+00
-2.75612000 2.57922000e+00
-2.72612000 1.70855000e+00
-2.69612000 1.30892000e+00
-2.66612000 1.10811000e+00
-2.63612000 9.66477000e-01
-2.60612000 9.03404000e-01
-2.57612000 9.17090000e-01
-2.54612000 1.04798000e+00
-2.51612000 1.37548000e+00
-2.48612000 1.77578000e+00
-2.45612000 1.52662000e+00
-2.42612000 1.02965000e+00
-2.39612000 7.39707000e-01
-2.36612000 5.93674000e-01
-2.33612000 5.15162000e-01
-2.30612000 4.71841000e-01
-2.26666000 4.52093000e-01
-2.23666000 4.56332000e-01
-2.20666000 4.70447000e-01
-2.17666000 5.13765000e-01
-2.14666000 6.15561000e-01
-2.11666000 8.05034000e-01
-2.08666000 9.84084000e-01
-2.05666000 1.11626000e+00
-2.02666000 1.42037000e+00
-1.99666000 1.45088000e+00
-1.96666000 1.06254000e+00
-1.93666000 7.47767000e-01
-1.90666000 5.80224000e-01
-1.87666000 4.87087000e-01
-1.84666000 4.22353000e-01
-1.81666000 3.89113000e-01
-1.78666000 3.83213000e-01
-1.75666000 3.97429000e-01
-1.72666000 4.00700000e-01
-1.69666000 4.03068000e-01
-1.66666000 4.46118000e-01
-1.63666000 5.54194000e-01
-1.60666000 6.88418000e-01
-1.57666000 6.43493000e-01
-1.54666000 5.28809000e-01
-1.51666000 4.86020000e-01
-1.48666000 4.92719000e-01
-1.45666000 5.77295000e-01
-1.42666000 7.27062000e-01
-1.39666000 6.92062000e-01
-1.36666000 5.16383000e-01
-1.33666000 4.09562000e-01
-1.30666000 3.65807000e-01
-1.27666000 3.56180000e-01
-1.24666000 3.51333000e-01
-1.21666000 3.42334000e-01
-1.18666000 3.23381000e-01
-1.15666000 3.13369000e-01
-1.12666000 3.17922000e-01
-1.09666000 3.34238000e-01
-1.06666000 3.62307000e-01
-1.03666000 3.99868000e-01
-1.00666000 4.62951000e-01
-0.97665500 5.58997000e-01
-0.94665500 6.93229000e-01
-0.91665500 9.56383000e-01
-0.88665500 1.48192000e+00
-0.85665500 2.37202000e+00
-0.82665500 2.82360000e+00
-0.79665500 1.97471000e+00
-0.76665500 1.18698000e+00
-0.72719300 6.93017000e-01
-0.69719300 5.16954000e-01
-0.66719300 4.16887000e-01
-0.63719300 3.56404000e-01
-0.60719300 3.18685000e-01
-0.57719300 2.96001000e-01
-0.54719300 2.82327000e-01
-0.51719300 2.71350000e-01
-0.48719300 2.66876000e-01
-0.45719300 2.70477000e-01
-0.42719300 2.77887000e-01
-0.39719300 2.60771000e-01
-0.36719300 2.35818000e-01
-0.33719300 2.20548000e-01
-0.30719300 2.11887000e-01
-0.27719300 2.06812000e-01
-0.24719300 2.03449000e-01
-0.21719300 2.00485000e-01
-0.18719300 1.98566000e-01
-0.15719300 1.97360000e-01
-0.12719300 1.95896000e-01
-0.09719260 1.95138000e-01
-0.06719260 1.95644000e-01
-0.03719260 1.97723000e-01
-0.00719255 2.02278000e-01
0.02280740 2.11446000e-01
0.05280740 2.29144000e-01
0.08280740 2.52917000e-01
0.11280700 2.61778000e-01
0.14280700 2.50771000e-01
0.17280700 2.35406000e-01
0.20280700 2.31196000e-01
0.23280700 2.35762000e-01
0.26280700 2.51204000e-01
0.29280700 2.86416000e-01
0.32280700 3.57001000e-01
0.35280700 4.57923000e-01
0.38280700 4.94188000e-01
0.41280700 4.75879000e-01
0.44280700 4.21243000e-01
0.47280700 3.74225000e-01
0.50280700 3.59448000e-01
0.53280700 3.82621000e-01
0.56280700 4.74756000e-01
0.59280700 5.96857000e-01
0.62280700 5.44468000e-01
0.65280700 4.04962000e-01
0.68280700 3.15670000e-01
0.71280700 2.70453000e-01
0.74280700 2.44435000e-01
0.77280700 2.26441000e-01
