# E(MeV)  S_NSDRNSDR(K=0) for Fe60_DDPCX
-2.73759000 -4.92946000e-03
-2.70759000 -4.86387000e-03
-2.67759000 -4.79866000e-03
-2.64759000 -4.73384000e-03
-2.61759000 -4.66939000e-03
-2.58759000 -4.60532000e-03
-2.55759000 -4.54161000e-03
-2.52759000 -4.47826000e-03
-2.49759000 -4.41527000e-03
-2.46759000 -4.35264000e-03
-2.43759000 -4.29035000e-03
-2.38260000 -4.17707000e-03
-2.35260000 -4.11574000e-03
-2.32260000 -4.05473000e-03
-2.29260000 -3.99406000e-03
-2.26260000 -3.93370000e-03
-2.23260000 -3.87366000e-03
-2.20260000 -3.81393000e-03
-2.17260000 -3.75450000e-03
-2.14260000 -3.69538000e-03
-2.11260000 -3.63656000e-03
-2.08260000 -3.57803000e-03
-2.02762000 -3.47151000e-03
-1.99762000 -3.41379000e-03
-1.96762000 -3.35636000e-03
-1.93762000 -3.29919000e-03
-1.90762000 -3.24230000e-03
-1.87762000 -3.18568000e-03
-1.84762000 -3.12932000e-03
-1.81762000 -3.07322000e-03
-1.78762000 -3.01738000e-03
-1.75762000 -2.96179000e-03
-1.72762000 -2.90644000e-03
-1.67263000 -2.80564000e-03
-1.64263000 -2.75099000e-03
-1.61263000 -2.69657000e-03
-1.58263000 -2.64238000e-03
-1.55263000 -2.58842000e-03
-1.52263000 -2.53468000e-03
-1.49263000 -2.48117000e-03
-1.46263000 -2.42788000e-03
-1.43263000 -2.37480000e-03
-1.40263000 -2.32194000e-03
-1.37263000 -2.26928000e-03
-1.31765000 -2.17330000e-03
-1.28765000 -2.12122000e-03
-1.25765000 -2.06934000e-03
-1.22765000 -2.01765000e-03
-1.19765000 -1.96616000e-03
-1.16765000 -1.91485000e-03
-1.13765000 -1.86373000e-03
-1.10765000 -1.81279000e-03
-1.07765000 -1.76203000e-03
-1.04765000 -1.71145000e-03
-1.01765000 -1.66104000e-03
-0.96266000 -1.56910000e-03
-0.93266000 -1.51917000e-03
-0.90266000 -1.46941000e-03
-0.87266000 -1.41980000e-03
-0.84266000 -1.37036000e-03
-0.81266000 -1.32107000e-03
-0.78266000 -1.27194000e-03
-0.75266000 -1.22296000e-03
-0.72266000 -1.17412000e-03
-0.69266000 -1.12543000e-03
-0.66266000 -1.07688000e-03
-0.60767400 -9.88269000e-04
-0.57767400 -9.40115000e-04
-0.54767400 -8.92095000e-04
-0.51767400 -8.44206000e-04
-0.48767400 -7.96446000e-04
-0.45767400 -7.48813000e-04
-0.42767400 -7.01304000e-04
-0.39767400 -6.53916000e-04
-0.36767400 -6.06649000e-04
-0.33767400 -5.59498000e-04
-0.30767400 -5.12462000e-04
-0.25268800 -4.26543000e-04
-0.22268800 -3.79821000e-04
-0.19268800 -3.33204000e-04
-0.16268800 -2.86692000e-04
-0.13268800 -2.40282000e-04
-0.10268800 -1.93971000e-04
-0.07268780 -1.47757000e-04
-0.04268780 -1.01639000e-04
-0.01268780 -5.56133000e-05
0.01731220 -9.67882000e-06
0.04731220 3.61670000e-05
0.10229800 1.19973000e-04
0.13229800 1.65579000e-04
0.16229800 2.11105000e-04
0.19229800 2.56552000e-04
0.22229800 3.01922000e-04
0.25229800 3.47219000e-04
0.28229800 3.92443000e-04
0.31229800 4.37598000e-04
0.34229800 4.82684000e-04
0.37229800 5.27704000e-04
0.40229800 5.72661000e-04
0.45728400 6.54902000e-04
0.48728400 6.99689000e-04
0.51728400 7.44420000e-04
0.54728400 7.89097000e-04
0.57728400 8.33722000e-04
0.60728400 8.78298000e-04
0.63728400 9.22827000e-04
0.66728400 9.67309000e-04
0.69728400 1.01175000e-03
0.72728400 1.05615000e-03
0.75728400 1.10051000e-03
