# E(MeV)  S_NSDRNSDR(Total=K0+2*K1) for Fe61_DDPCX
-3.65921000 -1.77095100e-02
-3.62921000 -1.74304900e-02
-3.59921000 -1.71535100e-02
-3.56921000 -1.68785700e-02
-3.53921000 -1.66055900e-02
-3.50921000 -1.63345900e-02
-3.47921000 -1.60655000e-02
-3.44921000 -1.57982800e-02
-3.41921000 -1.55329500e-02
-3.38921000 -1.52694200e-02
-3.35921000 -1.50076900e-02
-3.32921000 -1.47477200e-02
-3.29921000 -1.44895000e-02
-3.26921000 -1.42329800e-02
-3.21207000 -1.37489600e-02
-3.18207000 -1.34972400e-02
-3.15207000 -1.32471400e-02
-3.12207000 -1.29985900e-02
-3.09207000 -1.27516000e-02
-3.06207000 -1.25061400e-02
-3.03207000 -1.22621700e-02
-3.00207000 -1.20196900e-02
-2.97207000 -1.17786300e-02
-2.94207000 -1.15390200e-02
-2.91207000 -1.13008000e-02
-2.88207000 -1.10639500e-02
-2.85207000 -1.08284500e-02
-2.82207000 -1.05943100e-02
-2.76492000 -1.01518500e-02
-2.73492000 -9.92144000e-03
-2.70492000 -9.69229000e-03
-2.67492000 -9.46435000e-03
-2.64492000 -9.23761000e-03
-2.61492000 -9.01208000e-03
-2.58492000 -8.78769000e-03
-2.55492000 -8.56446000e-03
-2.52492000 -8.34235000e-03
-2.49492000 -8.12135000e-03
-2.46492000 -7.90143000e-03
-2.43492000 -7.68258000e-03
-2.40492000 -7.46478000e-03
-2.37492000 -7.24802000e-03
-2.31777000 -6.83790000e-03
-2.28777000 -6.62403000e-03
-2.25777000 -6.41112000e-03
-2.22777000 -6.19917000e-03
-2.19777000 -5.98813000e-03
-2.16777000 -5.77801000e-03
-2.13777000 -5.56878000e-03
-2.10777000 -5.36044000e-03
-2.07777000 -5.15295000e-03
-2.04777000 -4.94632000e-03
-2.01777000 -4.74050000e-03
-1.98777000 -4.53551000e-03
-1.95777000 -4.33130000e-03
-1.92777000 -4.12788000e-03
-1.87062000 -3.74250000e-03
-1.84062000 -3.54128000e-03
-1.81062000 -3.34078000e-03
-1.78062000 -3.14096900e-03
-1.75062000 -2.94187100e-03
-1.72062000 -2.74345200e-03
-1.69062000 -2.54569600e-03
-1.66062000 -2.34858700e-03
-1.63062000 -2.15211700e-03
-1.60062000 -1.95626800e-03
-1.57062000 -1.76102600e-03
-1.54062000 -1.56637800e-03
-1.51062000 -1.37231000e-03
-1.48062000 -1.17880800e-03
-1.42347000 -8.11713000e-04
-1.39347000 -6.19776000e-04
-1.36347000 -4.28353000e-04
-1.33347000 -2.37425000e-04
-1.30347000 -4.69832000e-05
-1.27347000 1.42986600e-04
-1.24347000 3.32501100e-04
-1.21347000 5.21569800e-04
-1.18347000 7.10209900e-04
-1.15347000 8.98434000e-04
-1.12347000 1.08625400e-03
-1.09347000 1.27368700e-03
-1.06347000 1.46074400e-03
-1.03347000 1.64744000e-03
-0.97632400 2.00213700e-03
-0.94632400 2.18786600e-03
-0.91632400 2.37328500e-03
-0.88632400 2.55841500e-03
-0.85632400 2.74326200e-03
-0.82632400 2.92785100e-03
-0.79632400 3.11219900e-03
-0.76632400 3.29630900e-03
-0.73632400 3.48020300e-03
-0.70632400 3.66390500e-03
-0.67632400 3.84741800e-03
-0.64632400 4.03076400e-03
-0.61632400 4.21395000e-03
-0.58632400 4.39701000e-03
-0.52917500 4.74540000e-03
-0.49917500 4.92817000e-03
-0.46917500 5.11088000e-03
-0.43917500 5.29355000e-03
-0.40917500 5.47618000e-03
-0.37917500 5.65883000e-03
-0.34917500 5.84148000e-03
-0.31917500 6.02420000e-03
-0.28917500 6.20697000e-03
-0.25917500 6.38984000e-03
-0.22917500 6.57284000e-03
-0.19917500 6.75599000e-03
-0.16917500 6.93932000e-03
-0.13917500 7.12288000e-03
-0.08202700 7.47324000e-03
-0.05202700 7.65762000e-03
-0.02202700 7.84236000e-03
0.00797300 8.02750000e-03
0.03797300 8.21309000e-03
0.06797300 8.39922000e-03
0.09797300 8.58590000e-03
0.12797300 8.77322000e-03
0.15797300 8.96123000e-03
0.18797300 9.15004000e-03
0.21797300 9.33971000e-03
0.24797300 9.53033000e-03
0.27797300 9.72202000e-03
0.30797300 9.91491000e-03
0.36512200 1.02861100e-02
0.39512200 1.04832800e-02
0.42512200 1.06822600e-02
0.45512200 1.08832800e-02
0.48512200 1.10866000e-02
0.51512200 1.12925400e-02
0.54512200 1.15014200e-02
0.57512200 1.17136600e-02
0.60512200 1.19297500e-02
0.63512200 1.21502800e-02
0.66512200 1.23759500e-02
0.69512200 1.26075800e-02
0.72512200 1.28462300e-02
0.75512200 1.30932000e-02
