# E(MeV)  S_NSDRNSDR(K=0) for Fe62_DDPCX
-4.98974000 -4.72019000e-03
-4.95974000 -4.64722000e-03
-4.92974000 -4.57473000e-03
-4.89974000 -4.50272000e-03
-4.86974000 -4.43118000e-03
-4.83974000 -4.36010000e-03
-4.80974000 -4.28949000e-03
-4.77974000 -4.21933000e-03
-4.74974000 -4.14961000e-03
-4.71974000 -4.08033000e-03
-4.68974000 -4.01148000e-03
-4.65974000 -3.94306000e-03
-4.62974000 -3.87506000e-03
-4.59974000 -3.80746000e-03
-4.56974000 -3.74028000e-03
-4.53974000 -3.67350000e-03
-4.50974000 -3.60711000e-03
-4.47974000 -3.54111000e-03
-4.44974000 -3.47549000e-03
-4.40954000 -3.38816000e-03
-4.37954000 -3.32342000e-03
-4.34954000 -3.25904000e-03
-4.31954000 -3.19502000e-03
-4.28954000 -3.13136000e-03
-4.25954000 -3.06804000e-03
-4.22954000 -3.00507000e-03
-4.19954000 -2.94243000e-03
-4.16954000 -2.88013000e-03
-4.13954000 -2.81816000e-03
-4.10954000 -2.75651000e-03
-4.07954000 -2.69518000e-03
-4.04954000 -2.63416000e-03
-4.01954000 -2.57345000e-03
-3.98954000 -2.51304000e-03
-3.95954000 -2.45294000e-03
-3.92954000 -2.39312000e-03
-3.89954000 -2.33360000e-03
-3.86954000 -2.27437000e-03
-3.82934000 -2.19543000e-03
-3.79934000 -2.13685000e-03
-3.76934000 -2.07854000e-03
-3.73934000 -2.02049000e-03
-3.70934000 -1.96271000e-03
-3.67934000 -1.90519000e-03
-3.64934000 -1.84792000e-03
-3.61934000 -1.79091000e-03
-3.58934000 -1.73414000e-03
-3.55934000 -1.67761000e-03
-3.52934000 -1.62132000e-03
-3.49934000 -1.56527000e-03
-3.46934000 -1.50945000e-03
-3.43934000 -1.45386000e-03
-3.40934000 -1.39849000e-03
-3.37934000 -1.34334000e-03
-3.34934000 -1.28841000e-03
-3.31934000 -1.23370000e-03
-3.28934000 -1.17919000e-03
-3.24914000 -1.10646000e-03
-3.21914000 -1.05243000e-03
-3.18914000 -9.98598000e-04
-3.15914000 -9.44958000e-04
-3.12914000 -8.91509000e-04
-3.09914000 -8.38247000e-04
-3.06914000 -7.85170000e-04
-3.03914000 -7.32274000e-04
-3.00914000 -6.79555000e-04
-2.97914000 -6.27011000e-04
-2.94914000 -5.74638000e-04
-2.91914000 -5.22433000e-04
-2.88914000 -4.70393000e-04
-2.85914000 -4.18514000e-04
-2.82914000 -3.66794000e-04
-2.79914000 -3.15229000e-04
-2.76914000 -2.63816000e-04
-2.73914000 -2.12553000e-04
-2.70914000 -1.61436000e-04
-2.66894000 -9.31600000e-05
-2.63894000 -4.23726000e-05
-2.60894000 8.27878000e-06
-2.57894000 5.87972000e-05
-2.54894000 1.09186000e-04
-2.51894000 1.59447000e-04
-2.48894000 2.09584000e-04
-2.45894000 2.59601000e-04
-2.42894000 3.09499000e-04
-2.39894000 3.59282000e-04
-2.36894000 4.08952000e-04
-2.33894000 4.58514000e-04
-2.30894000 5.07968000e-04
-2.27894000 5.57320000e-04
-2.24894000 6.06570000e-04
-2.21894000 6.55723000e-04
-2.18894000 7.04782000e-04
-2.15894000 7.53748000e-04
-2.12894000 8.02625000e-04
-2.08874000 8.67989000e-04
-2.05874000 9.16670000e-04
-2.02874000 9.65272000e-04
-1.99874000 1.01380000e-03
-1.96874000 1.06225000e-03
-1.93874000 1.11063000e-03
-1.90874000 1.15895000e-03
-1.87874000 1.20720000e-03
-1.84874000 1.25539000e-03
-1.81874000 1.30352000e-03
-1.78874000 1.35160000e-03
-1.75874000 1.39963000e-03
-1.72874000 1.44760000e-03
-1.69874000 1.49553000e-03
-1.66874000 1.54342000e-03
-1.63874000 1.59128000e-03
-1.60874000 1.63909000e-03
-1.57874000 1.68687000e-03
-1.54874000 1.73463000e-03
-1.50853000 1.79858000e-03
-1.47853000 1.84629000e-03
-1.44853000 1.89397000e-03
-1.41853000 1.94164000e-03
-1.38853000 1.98931000e-03
-1.35853000 2.03696000e-03
-1.32853000 2.08462000e-03
-1.29853000 2.13228000e-03
-1.26853000 2.17994000e-03
-1.23853000 2.22762000e-03
-1.20853000 2.27531000e-03
-1.17853000 2.32303000e-03
-1.14853000 2.37076000e-03
-1.11853000 2.41853000e-03
-1.08853000 2.46634000e-03
-1.05853000 2.51418000e-03
-1.02853000 2.56207000e-03
-0.99853500 2.61001000e-03
-0.96853500 2.65800000e-03
-0.92833300 2.72242000e-03
-0.89833300 2.77057000e-03
-0.86833300 2.81880000e-03
-0.83833300 2.86712000e-03
-0.80833300 2.91553000e-03
-0.77833300 2.96404000e-03
-0.74833300 3.01266000e-03
-0.71833300 3.06140000e-03
-0.68833300 3.11026000e-03
-0.65833300 3.15926000e-03
-0.62833300 3.20841000e-03
-0.59833300 3.25771000e-03
-0.56833300 3.30718000e-03
-0.53833300 3.35683000e-03
-0.50833300 3.40668000e-03
-0.47833300 3.45674000e-03
-0.44833300 3.50701000e-03
-0.41833300 3.55753000e-03
-0.38833300 3.60831000e-03
-0.34813200 3.67678000e-03
-0.31813200 3.72823000e-03
-0.28813200 3.78001000e-03
-0.25813200 3.83213000e-03
-0.22813200 3.88463000e-03
-0.19813200 3.93754000e-03
-0.16813200 3.99088000e-03
-0.13813200 4.04469000e-03
-0.10813200 4.09900000e-03
-0.07813230 4.15387000e-03
-0.04813230 4.20933000e-03
-0.01813230 4.26544000e-03
0.01186770 4.32225000e-03
0.04186770 4.37983000e-03
0.07186770 4.43824000e-03
0.10186800 4.49756000e-03
0.13186800 4.55789000e-03
0.16186800 4.61931000e-03
0.19186800 4.68195000e-03
0.23206900 4.76801000e-03
0.26206900 4.83402000e-03
0.29206900 4.90174000e-03
0.32206900 4.97138000e-03
0.35206900 5.04318000e-03
0.38206900 5.11742000e-03
0.41206900 5.19442000e-03
0.44206900 5.27457000e-03
0.47206900 5.35834000e-03
0.50206900 5.44629000e-03
0.53206900 5.53912000e-03
0.56206900 5.63769000e-03
0.59206900 5.74308000e-03
0.62206900 5.85668000e-03
0.65206900 5.98032000e-03
0.68206900 6.11645000e-03
0.71206900 6.26846000e-03
0.74206900 6.44120000e-03
0.77206900 6.64193000e-03
