# E(MeV)  S_GAMTGAMT(K=0) for Fe63_DDPCX
-5.73411000 8.79491000e-03
-5.70411000 9.41133000e-03
-5.67411000 1.01175000e-02
-5.64411000 1.09349000e-02
-5.61411000 1.18921000e-02
-5.58411000 1.30281000e-02
-5.55411000 1.43969000e-02
-5.52411000 1.60750000e-02
-5.49411000 1.81747000e-02
-5.46411000 2.08653000e-02
-5.43411000 2.44120000e-02
-5.40411000 2.92486000e-02
-5.37411000 3.61217000e-02
-5.34411000 4.63962000e-02
-5.31411000 6.27501000e-02
-5.28411000 9.08666000e-02
-5.25411000 1.43628000e-01
-5.22411000 2.48525000e-01
-5.19411000 4.19143000e-01
-5.16411000 4.59344000e-01
-5.13411000 2.94184000e-01
-5.07947000 1.15954000e-01
-5.04947000 8.05360000e-02
-5.01947000 6.16171000e-02
-4.98947000 5.09962000e-02
-4.95947000 4.49668000e-02
-4.92947000 4.17362000e-02
-4.89947000 4.03902000e-02
-4.86947000 4.04561000e-02
-4.83947000 4.17065000e-02
-4.80947000 4.40703000e-02
-4.77947000 4.75947000e-02
-4.74947000 5.24382000e-02
-4.71947000 5.88863000e-02
-4.68947000 6.73945000e-02
-4.65947000 7.86686000e-02
-4.62947000 9.38096000e-02
-4.59947000 1.14579000e-01
-4.56947000 1.43907000e-01
-4.53947000 1.86904000e-01
-4.50947000 2.53048000e-01
-4.47947000 3.61201000e-01
-4.42484000 8.32591000e-01
-4.39484000 1.47981000e+00
-4.36484000 2.54069000e+00
-4.33484000 2.80507000e+00
-4.30484000 1.77066000e+00
-4.27484000 9.83104000e-01
-4.24484000 5.84397000e-01
-4.21484000 3.78393000e-01
-4.18484000 2.62695000e-01
-4.15484000 1.92441000e-01
-4.12484000 1.46974000e-01
-4.09484000 1.16009000e-01
-4.06484000 9.40392000e-02
-4.03484000 7.79218000e-02
-4.00484000 6.57687000e-02
-3.97484000 5.63926000e-02
-3.94484000 4.90183000e-02
-3.91484000 4.31233000e-02
-3.88484000 3.83455000e-02
-3.85484000 3.44277000e-02
-3.82484000 3.11834000e-02
-3.77020000 2.65778000e-02
-3.74020000 2.45979000e-02
-3.71020000 2.29216000e-02
-3.68020000 2.15002000e-02
-3.65020000 2.02958000e-02
-3.62020000 1.92787000e-02
-3.59020000 1.84261000e-02
-3.56020000 1.77204000e-02
-3.53020000 1.71483000e-02
-3.50020000 1.67008000e-02
-3.47020000 1.63719000e-02
-3.44020000 1.61594000e-02
-3.41020000 1.60642000e-02
-3.38020000 1.60909000e-02
-3.35020000 1.62485000e-02
-3.32020000 1.65510000e-02
-3.29020000 1.70188000e-02
-3.26020000 1.76811000e-02
-3.23020000 1.85787000e-02
-3.20020000 1.97690000e-02
-3.17020000 2.13337000e-02
-3.11556000 2.55669000e-02
-3.08556000 2.90273000e-02
-3.05556000 3.37414000e-02
-3.02556000 4.03263000e-02
-2.99556000 4.98310000e-02
-2.96556000 6.41436000e-02
-2.93556000 8.68973000e-02
-2.90556000 1.25642000e-01
-2.87556000 1.97261000e-01
-2.84556000 3.39511000e-01
-2.81556000 5.99176000e-01
-2.78556000 7.74452000e-01
-2.75556000 5.47911000e-01
-2.72556000 3.09482000e-01
-2.69556000 1.85679000e-01
-2.66556000 1.24959000e-01
-2.63556000 9.55011000e-02
-2.60556000 8.56006000e-02
-2.57556000 9.35637000e-02
-2.54556000 1.07367000e-01
-2.51556000 8.76184000e-02
-2.46092000 4.32453000e-02
-2.43092000 3.26063000e-02
-2.40092000 2.63015000e-02
-2.37092000 2.22284000e-02
-2.34092000 1.94246000e-02
-2.31092000 1.74184000e-02
-2.28092000 1.59659000e-02
-2.25092000 1.49467000e-02
-2.22092000 1.43298000e-02
-2.19092000 1.41890000e-02
-2.16092000 1.47899000e-02
-2.13092000 1.67533000e-02
-2.10092000 2.03223000e-02
-2.07092000 2.08113000e-02
-2.04092000 1.68580000e-02
-2.01092000 1.41243000e-02
-1.98092000 1.30877000e-02
-1.95092000 1.32575000e-02
-1.92092000 1.47824000e-02
-1.89092000 1.86261000e-02
-1.86092000 2.55497000e-02
-1.80628000 2.22677000e-02
-1.77628000 1.59428000e-02
-1.74628000 1.26454000e-02
-1.71628000 1.10109000e-02
-1.68628000 1.01977000e-02
-1.65628000 9.86139000e-03
-1.62628000 9.90096000e-03
-1.59628000 1.03858000e-02
-1.56628000 1.16199000e-02
-1.53628000 1.42367000e-02
-1.50628000 1.76912000e-02
-1.47628000 1.68680000e-02
-1.44628000 1.36727000e-02
-1.41628000 1.20421000e-02
-1.38628000 1.17559000e-02
-1.35628000 1.24862000e-02
-1.32628000 1.44729000e-02
-1.29628000 1.87408000e-02
-1.26628000 2.74265000e-02
-1.23628000 3.89894000e-02
-1.20628000 3.61618000e-02
-1.15164000 1.80802000e-02
-1.12164000 1.40843000e-02
-1.09164000 1.21079000e-02
-1.06164000 1.11314000e-02
-1.03164000 1.07400000e-02
-1.00164000 1.08074000e-02
-0.97164500 1.14162000e-02
-0.94164500 1.29405000e-02
-0.91164500 1.61092000e-02
-0.88164500 1.97789000e-02
-0.85164500 1.80039000e-02
-0.82164500 1.41669000e-02
-0.79164500 1.20298000e-02
-0.76164500 1.10409000e-02
-0.73164500 1.06029000e-02
-0.70164500 1.04446000e-02
-0.67164500 1.04467000e-02
-0.64164500 1.05539000e-02
-0.61164500 1.07399000e-02
-0.58164500 1.09927000e-02
-0.55164500 1.13083000e-02
-0.49700700 1.20525000e-02
-0.46700700 1.25679000e-02
-0.43700700 1.31756000e-02
-0.40700700 1.38958000e-02
-0.37700700 1.47570000e-02
-0.34700700 1.57997000e-02
-0.31700700 1.70828000e-02
-0.28700700 1.86938000e-02
-0.25700700 2.07675000e-02
-0.22700700 2.35206000e-02
-0.19700700 2.73182000e-02
-0.16700700 3.28132000e-02
-0.13700700 4.12561000e-02
-0.10700700 5.52384000e-02
-0.07700660 8.05456000e-02
-0.04700660 1.30065000e-01
-0.01700660 2.19186000e-01
0.01299340 2.77163000e-01
0.04299340 2.01299000e-01
0.07299340 1.24273000e-01
0.10299300 8.59710000e-02
0.15763200 6.36922000e-02
0.18763200 6.36025000e-02
0.21763200 6.95508000e-02
0.24763200 8.25036000e-02
0.27763200 1.06068000e-01
0.30763200 1.48822000e-01
0.33763200 2.30720000e-01
0.36763200 3.95537000e-01
0.39763200 6.77364000e-01
0.42763200 7.84621000e-01
0.45763200 5.14779000e-01
0.48763200 2.91488000e-01
0.51763200 1.77593000e-01
0.54763200 1.19138000e-01
0.57763200 8.66001000e-02
0.60763200 6.70388000e-02
0.63763200 5.45284000e-02
0.66763200 4.61364000e-02
0.69763200 4.03003000e-02
0.72763200 3.61332000e-02
0.75763200 3.31043000e-02
