# E(MeV)  S_NSDRNSDR(Total=K0+2*K1) for Fm325_DDPCX
-15.53450000 6.59847000e-01
-15.50450000 6.65108000e-01
-15.47450000 6.70739000e-01
-15.44450000 6.76914000e-01
-15.41450000 6.83938000e-01
-15.38450000 6.92394000e-01
-15.35450000 7.03481000e-01
-15.32450000 7.19853000e-01
-15.29450000 7.47495000e-01
-15.26450000 7.94869000e-01
-15.23450000 8.34430000e-01
-15.20450000 8.05876000e-01
-15.17450000 7.70092000e-01
-15.14450000 7.54676000e-01
-15.11450000 7.51958000e-01
-15.08450000 7.57405000e-01
-15.05450000 7.66576000e-01
-15.02450000 7.68596000e-01
-14.99450000 7.67914000e-01
-14.96450000 7.68095000e-01
-14.93450000 7.70423000e-01
-14.90450000 7.75077000e-01
-14.87450000 7.81614000e-01
-14.84450000 7.90268000e-01
-14.81450000 7.99896000e-01
-14.78450000 8.04877000e-01
-14.75450000 8.08065000e-01
-14.72450000 8.13066000e-01
-14.69450000 8.19393000e-01
-14.66450000 8.26482000e-01
-14.63450000 8.34081000e-01
-14.60450000 8.42085000e-01
-14.57450000 8.50458000e-01
-14.54450000 8.59185000e-01
-14.51450000 8.68273000e-01
-14.48450000 8.77737000e-01
-14.45450000 8.87600000e-01
-14.42450000 8.97891000e-01
-14.39450000 9.08647000e-01
-14.36450000 9.19910000e-01
-14.33450000 9.31728000e-01
-14.30450000 9.44163000e-01
-14.27450000 9.57280000e-01
-14.24450000 9.71164000e-01
-14.21450000 9.85913000e-01
-14.18450000 1.00164500e+00
-14.15450000 1.01850500e+00
-14.12450000 1.03667100e+00
-14.09450000 1.05638000e+00
-14.06450000 1.07794900e+00
-14.03450000 1.10184400e+00
-14.00450000 1.12875800e+00
-13.97450000 1.15894400e+00
-13.94450000 1.19076100e+00
-13.89980000 1.24547400e+00
-13.86980000 1.29090500e+00
-13.83980000 1.34570700e+00
-13.80980000 1.41368700e+00
-13.77980000 1.50073000e+00
-13.74980000 1.60579000e+00
-13.71980000 1.71561900e+00
-13.68980000 1.85532600e+00
-13.65980000 2.05575300e+00
-13.62980000 2.34661300e+00
-13.59980000 2.78417500e+00
-13.56980000 3.47892500e+00
-13.53980000 4.62942000e+00
-13.50980000 6.63793200e+00
-13.47980000 1.04870590e+01
-13.44980000 1.75360110e+01
-13.41980000 2.26557410e+01
-13.38980000 1.66806270e+01
-13.35980000 1.01328620e+01
-13.32980000 6.63306800e+00
-13.29980000 4.78168500e+00
-13.26980000 3.84145700e+00
-13.23980000 3.40471700e+00
-13.20980000 3.19525500e+00
-13.17980000 3.08028400e+00
-13.14980000 2.82187800e+00
-13.11980000 2.47142200e+00
-13.08980000 2.25420900e+00
-13.05980000 2.14195300e+00
-13.02980000 2.09011400e+00
-12.99980000 2.06941400e+00
-12.96980000 2.06386000e+00
-12.93980000 2.07863000e+00
-12.90980000 2.11439200e+00
-12.87980000 2.17011500e+00
-12.84980000 2.24378100e+00
-12.81980000 2.33824800e+00
-12.78980000 2.46240600e+00
-12.75980000 2.64965400e+00
-12.72980000 2.95729600e+00
-12.69980000 3.45520600e+00
-12.66980000 3.90130600e+00
-12.63980000 3.80573000e+00
-12.60980000 3.70989000e+00
-12.57980000 3.86760000e+00
-12.54980000 4.25571000e+00
-12.51980000 4.90784000e+00
-12.48980000 5.94743000e+00
-12.45980000 7.49393000e+00
-12.42980000 9.25373000e+00
-12.39980000 1.20798100e+01
-12.36980000 1.80769400e+01
-12.33980000 2.99619900e+01
-12.30980000 4.39185200e+01
-12.26510000 3.14575100e+01
-12.23510000 1.97358500e+01
-12.20510000 1.37890100e+01
-12.17510000 1.09332700e+01
-12.14510000 9.44190000e+00
-12.11510000 8.81610000e+00
-12.08510000 8.73861000e+00
-12.05510000 8.59062000e+00
-12.02510000 8.58500000e+00
-11.99510000 8.90900000e+00
-11.96510000 9.76293000e+00
-11.93510000 1.12593300e+01
-11.90510000 1.32238100e+01
-11.87510000 1.58864000e+01
-11.84510000 2.03949000e+01
-11.81510000 2.84511600e+01
-11.78510000 4.21412000e+01
-11.75510000 5.65968000e+01
-11.72510000 7.16846000e+01
-11.69510000 1.09056300e+02
-11.66510000 1.65913600e+02
-11.63510000 1.60071800e+02
-11.60510000 1.01385400e+02
-11.57510000 6.17718400e+01
-11.54510000 4.21299800e+01
-11.51510000 3.27179200e+01
-11.48510000 2.87083400e+01
-11.45510000 2.80838600e+01
-11.42510000 3.03246000e+01
-11.39510000 3.62126400e+01
-11.36510000 4.78281600e+01
-11.33510000 7.06386600e+01
-11.30510000 1.16568620e+02
-11.27510000 1.98269540e+02
-11.24510000 2.65047960e+02
-11.21510000 2.04391380e+02
-11.18510000 1.17996340e+02
-11.15510000 7.10721000e+01
-11.12510000 4.85377400e+01
-11.09510000 3.86243800e+01
-11.06510000 3.72281400e+01
-11.03510000 4.01804000e+01
-11.00510000 3.50776000e+01
-10.97510000 2.56859400e+01
-10.94510000 1.94023200e+01
-10.91510000 1.53618300e+01
-10.88510000 1.25146400e+01
-10.85510000 1.08867400e+01
-10.82510000 9.98033000e+00
-10.79510000 9.80587000e+00
-10.76510000 1.03708100e+01
-10.73510000 1.00892400e+01
-10.70510000 8.88139000e+00
-10.67510000 8.32204000e+00
-10.63050000 7.79706000e+00
-10.60050000 7.67303000e+00
-10.57050000 8.10785000e+00
-10.54050000 8.46790000e+00
-10.51050000 9.06829000e+00
-10.48050000 1.05583900e+01
-10.45050000 1.07388800e+01
-10.42050000 9.05605000e+00
-10.39050000 7.80374000e+00
-10.36050000 7.27334000e+00
-10.33050000 7.33353000e+00
-10.30050000 7.95543000e+00
-10.27050000 9.13682000e+00
-10.24050000 1.10497000e+01
-10.21050000 1.45567400e+01
-10.18050000 1.97874800e+01
-10.15050000 2.21508200e+01
-10.12050000 2.22624800e+01
-10.09050000 2.47922600e+01
-10.06050000 2.63717600e+01
-10.03050000 2.10566400e+01
-10.00050000 1.61522800e+01
-9.97047000 1.34482900e+01
-9.94047000 1.15854500e+01
-9.91047000 1.07800000e+01
-9.88047000 1.07884600e+01
-9.85047000 1.13576700e+01
-9.82047000 1.23533400e+01
-9.79047000 1.39344100e+01
-9.76047000 1.63758800e+01
-9.73047000 2.01615500e+01
-9.70047000 2.63968700e+01
-9.67047000 3.70324000e+01
-9.64047000 5.34799000e+01
-9.61047000 7.58318000e+01
-9.58047000 1.12433900e+02
-9.55047000 1.72697300e+02
-9.52047000 1.93306600e+02
-9.49047000 1.38968800e+02
-9.46047000 9.43985000e+01
-9.43047000 6.61746000e+01
-9.40047000 4.96467000e+01
-9.37047000 4.23277800e+01
-9.34047000 4.21062100e+01
-9.31047000 4.91573500e+01
-9.28047000 6.65287300e+01
-9.25047000 1.00667760e+02
-9.22047000 1.57786500e+02
-9.19047000 2.03336400e+02
-9.16047000 1.59518000e+02
-9.13047000 1.00917100e+02
-9.10047000 6.84995000e+01
-9.07047000 5.12794600e+01
-9.04047000 4.21168500e+01
-8.99579000 4.09401000e+01
-8.96579000 4.12758100e+01
-8.93579000 3.20844300e+01
-8.90579000 2.41009000e+01
-8.87579000 2.00660900e+01
-8.84579000 1.77039700e+01
-8.81579000 1.65862100e+01
-8.78579000 1.74288600e+01
-8.75579000 1.90457600e+01
-8.72579000 1.75264100e+01
-8.69579000 1.49385800e+01
-8.66579000 1.40230100e+01
-8.63579000 1.50404700e+01
-8.60579000 1.78417100e+01
-8.57579000 2.09698400e+01
-8.54579000 2.03918400e+01
-8.51579000 1.65479200e+01
-8.48579000 1.43632200e+01
-8.45579000 1.37796600e+01
-8.42579000 1.37259700e+01
-8.39579000 1.37400400e+01
-8.36579000 1.45559000e+01
-8.33579000 1.65257300e+01
-8.30579000 2.00905300e+01
-8.27579000 2.60260000e+01
-8.24579000 3.68508200e+01
-8.21579000 5.55691200e+01
-8.18579000 7.72102100e+01
-8.15579000 7.40514500e+01
-8.12579000 5.24395700e+01
-8.09579000 4.12526000e+01
-8.06579000 4.08895000e+01
-8.03579000 4.72684000e+01
-8.00579000 5.14867000e+01
-7.97579000 4.89613000e+01
-7.94579000 5.17789400e+01
-7.91579000 5.62024200e+01
-7.88579000 5.84326800e+01
-7.85579000 6.39598600e+01
-7.82579000 8.29552400e+01
-7.79579000 1.19008300e+02
-7.76579000 1.30554000e+02
-7.73579000 1.03425200e+02
-7.70579000 8.88026000e+01
-7.67579000 7.95585000e+01
-7.64579000 7.38442000e+01
-7.61579000 7.48027000e+01
-7.58579000 8.04922000e+01
-7.55579000 8.53746000e+01
-7.52579000 6.99632000e+01
-7.49579000 5.76362000e+01
-7.46579000 5.83531000e+01
-7.43579000 7.01462000e+01
-7.40579000 8.21464000e+01
-7.36111000 1.11913300e+02
-7.33111000 1.39318400e+02
-7.30111000 1.18270800e+02
-7.27111000 9.20898000e+01
-7.24111000 8.02215000e+01
-7.21111000 7.70415000e+01
-7.18111000 8.00376000e+01
-7.15111000 7.89059000e+01
-7.12111000 8.30129000e+01
-7.09111000 9.53099000e+01
-7.06111000 1.14319300e+02
-7.03111000 1.31172700e+02
-7.00111000 1.41839200e+02
-6.97111000 1.50237800e+02
-6.94111000 1.39921500e+02
-6.91111000 1.31536300e+02
-6.88111000 1.48118600e+02
-6.85111000 2.07842000e+02
-6.82111000 3.23140200e+02
-6.79111000 4.03766000e+02
-6.76111000 3.38875400e+02
-6.73111000 2.51730400e+02
-6.70111000 1.85127500e+02
-6.67111000 1.47010300e+02
-6.64111000 1.45289200e+02
-6.61111000 1.73278000e+02
-6.58111000 1.85558000e+02
-6.55111000 1.63737300e+02
-6.52111000 1.61352000e+02
-6.49111000 1.80055200e+02
-6.46111000 1.89813800e+02
-6.43111000 1.76026200e+02
-6.40111000 1.82368200e+02
-6.37111000 2.24782400e+02
-6.34111000 2.86440300e+02
-6.31111000 3.64688000e+02
-6.28111000 4.16260000e+02
-6.25111000 3.43038100e+02
-6.22111000 2.57501800e+02
-6.19111000 2.34387800e+02
-6.16111000 2.33696600e+02
-6.13111000 1.94921200e+02
-6.10111000 1.53009400e+02
-6.07111000 1.39602800e+02
-6.04111000 1.51372800e+02
-6.01111000 1.90362600e+02
-5.98111000 2.70233800e+02
-5.95111000 4.02834000e+02
-5.92111000 5.05850000e+02
-5.89111000 4.96443000e+02
-5.86111000 4.64023000e+02
-5.83111000 3.78823100e+02
-5.80111000 3.19067400e+02
-5.77111000 2.94809400e+02
-5.72644000 3.39086400e+02
-5.69644000 4.39538000e+02
-5.66644000 5.76595000e+02
-5.63644000 7.33153000e+02
-5.60644000 8.30825000e+02
-5.57644000 6.71066400e+02
-5.54644000 4.89075600e+02
-5.51644000 3.45762600e+02
-5.48644000 2.60853600e+02
-5.45644000 2.26189100e+02
-5.42644000 2.28373200e+02
-5.39644000 2.42475400e+02
-5.36644000 2.63726000e+02
-5.33644000 2.95518500e+02
-5.30644000 2.96642400e+02
-5.27644000 2.91666100e+02
-5.24644000 3.19274900e+02
-5.21644000 3.25055700e+02
-5.18644000 3.43749700e+02
-5.15644000 4.15302800e+02
-5.12644000 4.63637000e+02
-5.09644000 5.01811000e+02
-5.06644000 6.27006000e+02
-5.03644000 7.74759000e+02
-5.00644000 8.08138000e+02
-4.97644000 8.48377000e+02
-4.94644000 9.75792000e+02
-4.91644000 1.09878000e+03
-4.88644000 1.30904000e+03
-4.85644000 1.37301200e+03
-4.82644000 1.17282100e+03
-4.79644000 1.03474500e+03
-4.76644000 9.66600000e+02
-4.73644000 8.82007000e+02
-4.70644000 7.16567000e+02
-4.67644000 6.72116000e+02
-4.64644000 7.77661000e+02
-4.61644000 8.03311000e+02
-4.58644000 6.31054000e+02
-4.55644000 5.45109000e+02
-4.52644000 6.07518000e+02
-4.49644000 7.98512000e+02
-4.46644000 9.78520000e+02
-4.43644000 9.30945000e+02
-4.40644000 7.94804000e+02
-4.37644000 7.61421000e+02
-4.34644000 7.42328000e+02
-4.31644000 7.60010000e+02
-4.28644000 8.06801000e+02
-4.25644000 7.50492200e+02
-4.22644000 7.81638000e+02
-4.19644000 9.06013000e+02
-4.16644000 7.74547000e+02
-4.13644000 5.44189700e+02
-4.09176000 3.42631200e+02
-4.06176000 2.58296900e+02
-4.03176000 2.15688400e+02
-4.00176000 2.03779700e+02
-3.97176000 2.19699200e+02
-3.94176000 2.64773900e+02
-3.91176000 3.52235000e+02
-3.88176000 4.86596000e+02
-3.85176000 5.33664000e+02
-3.82176000 4.64512500e+02
-3.79176000 4.28979500e+02
-3.76176000 4.66099800e+02
-3.73176000 4.97292000e+02
-3.70176000 4.60290000e+02
-3.67176000 3.76092000e+02
-3.64176000 3.09868700e+02
-3.61176000 3.00064400e+02
-3.58176000 3.36313300e+02
-3.55176000 3.67357200e+02
-3.52176000 4.30519500e+02
-3.49176000 4.47400900e+02
-3.46176000 3.55771500e+02
-3.43176000 2.82972400e+02
-3.40176000 2.38024500e+02
-3.37176000 2.23752400e+02
-3.34176000 2.50232300e+02
-3.31176000 3.13062400e+02
-3.28176000 3.53017400e+02
-3.25176000 3.75695800e+02
-3.22176000 4.93930200e+02
-3.19176000 7.20489700e+02
-3.16176000 7.71400500e+02
-3.13176000 5.52821800e+02
-3.10176000 3.75042300e+02
-3.07176000 2.58729500e+02
-3.04176000 1.92790700e+02
-3.01176000 1.65825500e+02
-2.98176000 1.60349800e+02
-2.95176000 1.51666000e+02
-2.92176000 1.53555200e+02
-2.89176000 1.76592600e+02
-2.86176000 2.07983300e+02
-2.83176000 2.13091400e+02
-2.80176000 2.31542900e+02
-2.77176000 2.44207500e+02
-2.74176000 2.00486400e+02
-2.71176000 1.60016700e+02
-2.68176000 1.30072800e+02
-2.65176000 1.11278300e+02
-2.62176000 1.05874400e+02
-2.59176000 1.11818600e+02
-2.56176000 1.19458900e+02
-2.53176000 1.36109800e+02
-2.50176000 1.78025800e+02
-2.45708000 2.95203400e+02
-2.42708000 3.19115200e+02
-2.39708000 2.36479600e+02
-2.36708000 1.74931700e+02
-2.33708000 1.59410700e+02
-2.30708000 1.69466400e+02
-2.27708000 1.96671700e+02
-2.24708000 2.29131100e+02
-2.21708000 2.47738000e+02
-2.18708000 2.34126200e+02
-2.15708000 1.95622600e+02
-2.12708000 1.69383100e+02
-2.09708000 1.51315300e+02
-2.06708000 1.41781600e+02
-2.03708000 1.51246700e+02
-2.00708000 1.67953500e+02
-1.97708000 1.71582000e+02
-1.94708000 1.72762800e+02
-1.91708000 1.86885700e+02
-1.88708000 2.17603900e+02
-1.85708000 2.48091400e+02
-1.82708000 2.30963000e+02
-1.79708000 1.86352900e+02
-1.76708000 1.70583800e+02
-1.73708000 1.90716500e+02
-1.70708000 2.29729400e+02
-1.67708000 2.27830800e+02
-1.64708000 2.14263400e+02
-1.61708000 1.97691300e+02
-1.58708000 1.85229400e+02
-1.55708000 1.77244000e+02
-1.52708000 1.55242000e+02
-1.49708000 1.32979500e+02
-1.46708000 1.14643800e+02
-1.43708000 1.01790200e+02
-1.40708000 9.49221000e+01
-1.37708000 1.03615240e+02
-1.34708000 1.31775600e+02
-1.31708000 1.69424800e+02
-1.28708000 2.12871800e+02
-1.25708000 2.22134800e+02
-1.22708000 2.12008200e+02
-1.19708000 2.37915100e+02
-1.16708000 2.63886300e+02
-1.13708000 2.10343600e+02
-1.10708000 1.48287600e+02
-1.07708000 1.16879900e+02
-1.04708000 1.04166700e+02
-1.01708000 8.70667000e+01
-0.98708400 7.19202000e+01
-0.95708400 6.55931000e+01
-0.92708400 6.90879000e+01
-0.89708400 8.21625000e+01
-0.86708400 1.00548400e+02
-0.82240700 1.24493100e+02
-0.79240700 1.21724500e+02
-0.76240700 9.48651000e+01
-0.73240700 8.07574000e+01
-0.70240700 8.18531000e+01
-0.67240700 9.42857000e+01
-0.64240700 1.24797600e+02
-0.61240700 1.80139750e+02
-0.58240700 2.30289230e+02
-0.55240700 2.27078720e+02
-0.52240700 1.67759190e+02
-0.49240700 1.13444320e+02
-0.46240700 8.66338300e+01
-0.43240700 6.86602600e+01
-0.40240700 5.80634700e+01
-0.37240700 5.72974300e+01
-0.34240700 6.39804000e+01
-0.31240700 7.53447000e+01
-0.28240700 9.57864000e+01
-0.25240700 1.13997800e+02
-0.22240700 9.52145200e+01
-0.19240700 6.83918400e+01
-0.16240700 5.40850000e+01
-0.13240700 4.80262600e+01
-0.10240700 4.27369900e+01
-0.07240690 4.10975800e+01
-0.04240690 4.19730500e+01
-0.01240690 4.20906400e+01
0.01759310 4.48079200e+01
0.04759310 4.89188300e+01
0.07759310 5.83684800e+01
0.10759300 7.96383700e+01
0.13759300 1.06518740e+02
0.16759300 1.06904000e+02
0.19759300 9.18558000e+01
0.22759300 7.52402000e+01
0.25759300 5.96317900e+01
0.28759300 4.78005300e+01
0.31759300 3.92729900e+01
0.34759300 3.52241400e+01
0.37759300 3.40445000e+01
0.40759300 3.62381500e+01
0.43759300 4.04039600e+01
0.46759300 3.84255300e+01
0.49759300 3.42179800e+01
0.52759300 3.23451600e+01
0.55759300 3.26170200e+01
0.58759300 3.47151000e+01
0.61759300 3.80273000e+01
0.64759300 3.84125000e+01
0.67759300 3.66840400e+01
0.70759300 3.84719200e+01
0.73759300 3.95685100e+01
0.76759300 3.43345300e+01
