# E(MeV)  S_NSDRNSDR(K=0) for Fm325_DDPCX
-15.53450000 2.21649000e-01
-15.50450000 2.23392000e-01
-15.47450000 2.25167000e-01
-15.44450000 2.26976000e-01
-15.41450000 2.28824000e-01
-15.38450000 2.30714000e-01
-15.35450000 2.32653000e-01
-15.32450000 2.34649000e-01
-15.29450000 2.36717000e-01
-15.26450000 2.38879000e-01
-15.23450000 2.41176000e-01
-15.20450000 2.43680000e-01
-15.17450000 2.46542000e-01
-15.14450000 2.50088000e-01
-15.11450000 2.55060000e-01
-15.08450000 2.62755000e-01
-15.05450000 2.71128000e-01
-15.02450000 2.70140000e-01
-14.99450000 2.65824000e-01
-14.96450000 2.64395000e-01
-14.93450000 2.64891000e-01
-14.90450000 2.66311000e-01
-14.87450000 2.68202000e-01
-14.84450000 2.70364000e-01
-14.81450000 2.72704000e-01
-14.78450000 2.75173000e-01
-14.75450000 2.77745000e-01
-14.72450000 2.80408000e-01
-14.69450000 2.83153000e-01
-14.66450000 2.85976000e-01
-14.63450000 2.88877000e-01
-14.60450000 2.91853000e-01
-14.57450000 2.94908000e-01
-14.54450000 2.98041000e-01
-14.51450000 3.01255000e-01
-14.48450000 3.04553000e-01
-14.45450000 3.07938000e-01
-14.42450000 3.11413000e-01
-14.39450000 3.14983000e-01
-14.36450000 3.18652000e-01
-14.33450000 3.22424000e-01
-14.30450000 3.26307000e-01
-14.27450000 3.30306000e-01
-14.24450000 3.34430000e-01
-14.21450000 3.38687000e-01
-14.18450000 3.43091000e-01
-14.15450000 3.47659000e-01
-14.12450000 3.52415000e-01
-14.09450000 3.57402000e-01
-14.06450000 3.62701000e-01
-14.03450000 3.68482000e-01
-14.00450000 3.75058000e-01
-13.97450000 3.82194000e-01
-13.94450000 3.87599000e-01
-13.89980000 3.94766000e-01
-13.86980000 4.00757000e-01
-13.83980000 4.07495000e-01
-13.80980000 4.14891000e-01
-13.77980000 4.22990000e-01
-13.74980000 4.31940000e-01
-13.71980000 4.42005000e-01
-13.68980000 4.53638000e-01
-13.65980000 4.67635000e-01
-13.62980000 4.85495000e-01
-13.59980000 5.10275000e-01
-13.56980000 5.48645000e-01
-13.53980000 6.14300000e-01
-13.50980000 7.13412000e-01
-13.47980000 7.74219000e-01
-13.44980000 8.10271000e-01
-13.41980000 8.48541000e-01
-13.38980000 7.77687000e-01
-13.35980000 7.12762000e-01
-13.32980000 6.86168000e-01
-13.29980000 6.88765000e-01
-13.26980000 7.27877000e-01
-13.23980000 8.19057000e-01
-13.20980000 9.86055000e-01
-13.17980000 1.18929000e+00
-13.14980000 1.16041000e+00
-13.11980000 9.56460000e-01
-13.08980000 8.33971000e-01
-13.05980000 7.82309000e-01
-13.02980000 7.65762000e-01
-12.99980000 7.66326000e-01
-12.96980000 7.75476000e-01
-12.93980000 7.92074000e-01
-12.90980000 8.15716000e-01
-12.87980000 8.46705000e-01
-12.84980000 8.87017000e-01
-12.81980000 9.41314000e-01
-12.78980000 1.01972000e+00
-12.75980000 1.14501000e+00
-12.72980000 1.36856000e+00
-12.69980000 1.76214000e+00
-12.66980000 2.08461000e+00
-12.63980000 1.82695000e+00
-12.60980000 1.51241000e+00
-12.57980000 1.36898000e+00
-12.54980000 1.32561000e+00
-12.51980000 1.33164000e+00
-12.48980000 1.36023000e+00
-12.45980000 1.40551000e+00
-12.42980000 1.46835000e+00
-12.39980000 1.54957000e+00
-12.36980000 1.65204000e+00
-12.33980000 1.77079000e+00
-12.30980000 1.90972000e+00
-12.26510000 2.22051000e+00
-12.23510000 2.41267000e+00
-12.20510000 2.54769000e+00
-12.17510000 2.77769000e+00
-12.14510000 3.05052000e+00
-12.11510000 3.24938000e+00
-12.08510000 3.52669000e+00
-12.05510000 3.96652000e+00
-12.02510000 4.46630000e+00
-11.99510000 4.95794000e+00
-11.96510000 5.68149000e+00
-11.93510000 6.74801000e+00
-11.90510000 7.96797000e+00
-11.87510000 9.36284000e+00
-11.84510000 1.15321000e+01
-11.81510000 1.50030000e+01
-11.78510000 2.07230000e+01
-11.75510000 3.08154000e+01
-11.72510000 5.01596000e+01
-11.69510000 8.81527000e+01
-11.66510000 1.38484000e+02
-11.63510000 1.27387000e+02
-11.60510000 7.75126000e+01
-11.57510000 4.73291000e+01
-11.54510000 3.26519000e+01
-11.51510000 2.58724000e+01
-11.48510000 2.34149000e+01
-11.45510000 2.36639000e+01
-11.42510000 2.63439000e+01
-11.39510000 3.24785000e+01
-11.36510000 4.43596000e+01
-11.33510000 6.73890000e+01
-11.30510000 1.13447000e+02
-11.27510000 1.95163000e+02
-11.24510000 2.61820000e+02
-11.21510000 2.00878000e+02
-11.18510000 1.13964000e+02
-11.15510000 6.61353000e+01
-11.12510000 4.19566000e+01
-11.09510000 2.88278000e+01
-11.06510000 2.11147000e+01
-11.03510000 1.62898000e+01
-11.00510000 1.31328000e+01
-10.97510000 1.09263000e+01
-10.94510000 9.13984000e+00
-10.91510000 7.79669000e+00
-10.88510000 6.86626000e+00
-10.85510000 6.27524000e+00
-10.82510000 6.04229000e+00
-10.79510000 6.31105000e+00
-10.76510000 7.05491000e+00
-10.73510000 6.92074000e+00
-10.70510000 5.94115000e+00
-10.67510000 5.54680000e+00
-10.63050000 5.06004000e+00
-10.60050000 4.81759000e+00
-10.57050000 5.02183000e+00
-10.54050000 5.17024000e+00
-10.51050000 5.50281000e+00
-10.48050000 6.50951000e+00
-10.45050000 6.50082000e+00
-10.42050000 5.17265000e+00
-10.39050000 4.15280000e+00
-10.36050000 3.68664000e+00
-10.33050000 3.62419000e+00
-10.30050000 3.89831000e+00
-10.27050000 4.62114000e+00
-10.24050000 6.15008000e+00
-10.21050000 9.09454000e+00
-10.18050000 1.33305000e+01
-10.15050000 1.39219000e+01
-10.12050000 1.07049000e+01
-10.09050000 7.28824000e+00
-10.06050000 5.14296000e+00
-10.03050000 4.04410000e+00
-10.00050000 3.49576000e+00
-9.97047000 3.21535000e+00
-9.94047000 3.06539000e+00
-9.91047000 3.04110000e+00
-9.88047000 3.13122000e+00
-9.85047000 3.31947000e+00
-9.82047000 3.58784000e+00
-9.79047000 3.97051000e+00
-9.76047000 4.54994000e+00
-9.73047000 5.40679000e+00
-9.70047000 6.72671000e+00
-9.67047000 8.84500000e+00
-9.64047000 1.24463000e+01
-9.61047000 1.92520000e+01
-9.58047000 3.28679000e+01
-9.55047000 5.58605000e+01
-9.52047000 6.44976000e+01
-9.49047000 4.43960000e+01
-9.46047000 2.78175000e+01
-9.43047000 1.77904000e+01
-9.40047000 1.19731000e+01
-9.37047000 8.89518000e+00
-9.34047000 7.30681000e+00
-9.31047000 6.63335000e+00
-9.28047000 6.72913000e+00
-9.25047000 7.81136000e+00
-9.22047000 1.06353000e+01
-9.19047000 1.62226000e+01
-9.16047000 2.02334000e+01
-9.13047000 1.56043000e+01
-9.10047000 1.06661000e+01
-9.07047000 8.05326000e+00
-9.04047000 6.73365000e+00
-8.99579000 4.69210000e+00
-8.96579000 3.89541000e+00
-8.93579000 3.58383000e+00
-8.90579000 3.61130000e+00
-8.87579000 3.48975000e+00
-8.84579000 3.06203000e+00
-8.81579000 2.77473000e+00
-8.78579000 2.59352000e+00
-8.75579000 2.47092000e+00
-8.72579000 2.43729000e+00
-8.69579000 2.43618000e+00
-8.66579000 2.37803000e+00
-8.63579000 2.33413000e+00
-8.60579000 2.33261000e+00
-8.57579000 2.36266000e+00
-8.54579000 2.41778000e+00
-8.51579000 2.49264000e+00
-8.48579000 2.58446000e+00
-8.45579000 2.69886000e+00
-8.42579000 2.83669000e+00
-8.39579000 3.01378000e+00
-8.36579000 3.25336000e+00
-8.33579000 3.58995000e+00
-8.30579000 4.09595000e+00
-8.27579000 4.92900000e+00
-8.24579000 6.33222000e+00
-8.21579000 7.74572000e+00
-8.18579000 7.63301000e+00
-8.15579000 7.47525000e+00
-8.12579000 8.22577000e+00
-8.09579000 1.01162000e+01
-8.06579000 1.32733000e+01
-8.03579000 1.66326000e+01
-8.00579000 1.84557000e+01
-7.97579000 2.27987000e+01
-7.94579000 3.19338000e+01
-7.91579000 3.88689000e+01
-7.88579000 4.12085000e+01
-7.85579000 4.57016000e+01
-7.82579000 6.35539000e+01
-7.79579000 9.78565000e+01
-7.76579000 1.04924000e+02
-7.73579000 6.82468000e+01
-7.70579000 4.04920000e+01
-7.67579000 2.67887000e+01
-7.64579000 1.98904000e+01
-7.61579000 1.58193000e+01
-7.58579000 1.34248000e+01
-7.55579000 1.24894000e+01
-7.52579000 1.29092000e+01
-7.49579000 1.51344000e+01
-7.46579000 2.05389000e+01
-7.43579000 2.96124000e+01
-7.40579000 3.14332000e+01
-7.36111000 1.93889000e+01
-7.33111000 1.48034000e+01
-7.30111000 1.28778000e+01
-7.27111000 1.24750000e+01
-7.24111000 1.30069000e+01
-7.21111000 1.45319000e+01
-7.18111000 1.72312000e+01
-7.15111000 1.90585000e+01
-7.12111000 1.91697000e+01
-7.09111000 2.10987000e+01
-7.06111000 2.62825000e+01
-7.03111000 3.54075000e+01
-7.00111000 4.68292000e+01
-6.97111000 5.90988000e+01
-6.94111000 6.14765000e+01
-6.91111000 6.33633000e+01
-6.88111000 8.07444000e+01
-6.85111000 1.25948000e+02
-6.82111000 2.12129000e+02
-6.79111000 2.65773000e+02
-6.76111000 1.87647000e+02
-6.73111000 1.10410000e+02
-6.70111000 7.13127000e+01
-6.67111000 5.26955000e+01
-6.64111000 4.46864000e+01
-6.61111000 4.36710000e+01
-6.58111000 4.94068000e+01
-6.55111000 6.38693000e+01
-6.52111000 8.73208000e+01
-6.49111000 1.15568000e+02
-6.46111000 1.24116000e+02
-6.43111000 9.83116000e+01
-6.40111000 7.73262000e+01
-6.37111000 7.72058000e+01
-6.34111000 9.72261000e+01
-6.31111000 1.27360000e+02
-6.28111000 1.24436000e+02
-6.25111000 9.71941000e+01
-6.22111000 8.92386000e+01
-6.19111000 1.08352000e+02
-6.16111000 1.34750000e+02
-6.13111000 1.13627000e+02
-6.10111000 7.91712000e+01
-6.07111000 6.37556000e+01
-6.04111000 6.35492000e+01
-6.01111000 7.53490000e+01
-5.98111000 1.01184000e+02
-5.95111000 1.55848000e+02
-5.92111000 2.18390000e+02
-5.89111000 1.90353000e+02
-5.86111000 1.28199000e+02
-5.83111000 9.13231000e+01
-5.80111000 7.95034000e+01
-5.77111000 8.72434000e+01
-5.72644000 1.39983000e+02
-5.69644000 1.98056000e+02
-5.66644000 2.28819000e+02
-5.63644000 1.83265000e+02
-5.60644000 1.26665000e+02
-5.57644000 9.57184000e+01
-5.54644000 7.58316000e+01
-5.51644000 5.98206000e+01
-5.48644000 5.37856000e+01
-5.45644000 5.82821000e+01
-5.42644000 7.17548000e+01
-5.39644000 7.47036000e+01
-5.36644000 6.40956000e+01
-5.33644000 5.81985000e+01
-5.30644000 5.54744000e+01
-5.27644000 5.47761000e+01
-5.24644000 5.85569000e+01
-5.21644000 6.51017000e+01
-5.18644000 7.20957000e+01
-5.15644000 8.83688000e+01
-5.12644000 1.21215000e+02
-5.09644000 1.74311000e+02
-5.06644000 2.67694000e+02
-5.03644000 3.66499000e+02
-5.00644000 3.29738000e+02
-4.97644000 2.53595000e+02
-4.94644000 2.46770000e+02
-4.91644000 3.17174000e+02
-4.88644000 3.92692000e+02
-4.85644000 3.57776000e+02
-4.82644000 3.42995000e+02
-4.79644000 4.10043000e+02
-4.76644000 5.16548000e+02
-4.73644000 5.21485000e+02
-4.70644000 3.60759000e+02
-4.67644000 2.34206000e+02
-4.64644000 1.77247000e+02
-4.61644000 1.55553000e+02
-4.58644000 1.57770000e+02
-4.55644000 1.94429000e+02
-4.52644000 2.89450000e+02
-4.49644000 4.68252000e+02
-4.46644000 5.84790000e+02
-4.43644000 4.38621000e+02
-4.40644000 2.64148000e+02
-4.37644000 1.67913000e+02
-4.34644000 1.17926000e+02
-4.31644000 9.35260000e+01
-4.28644000 8.58770000e+01
-4.25644000 9.37622000e+01
-4.22644000 1.23814000e+02
-4.19644000 1.66279000e+02
-4.16644000 1.47793000e+02
-4.13644000 9.70697000e+01
-4.09176000 5.94732000e+01
-4.06176000 5.15409000e+01
-4.03176000 5.01274000e+01
-4.00176000 5.28341000e+01
-3.97176000 6.37922000e+01
-3.94176000 8.43703000e+01
-3.91176000 1.14709000e+02
-3.88176000 1.41162000e+02
-3.85176000 1.16150000e+02
-3.82176000 8.83585000e+01
-3.79176000 8.31035000e+01
-3.76176000 9.73698000e+01
-3.73176000 1.33552000e+02
-3.70176000 1.67160000e+02
-3.67176000 1.40556000e+02
-3.64176000 9.79207000e+01
-3.61176000 7.04904000e+01
-3.58176000 6.13633000e+01
-3.55176000 6.38912000e+01
-3.52176000 7.68355000e+01
-3.49176000 8.40209000e+01
-3.46176000 7.48135000e+01
-3.43176000 6.52664000e+01
-3.40176000 5.44099000e+01
-3.37176000 4.34080000e+01
-3.34176000 3.97903000e+01
-3.31176000 4.08844000e+01
-3.28176000 4.06774000e+01
-3.25176000 3.89438000e+01
-3.22176000 4.08022000e+01
-3.19176000 5.27917000e+01
-3.16176000 7.46025000e+01
-3.13176000 9.40398000e+01
-3.10176000 9.48663000e+01
-3.07176000 6.94987000e+01
-3.04176000 5.35521000e+01
-3.01176000 5.47587000e+01
-2.98176000 6.21492000e+01
-2.95176000 5.39424000e+01
-2.92176000 4.24172000e+01
-2.89176000 3.40436000e+01
-2.86176000 2.74905000e+01
-2.83176000 2.16990000e+01
-2.80176000 1.81429000e+01
-2.77176000 1.64815000e+01
-2.74176000 1.45682000e+01
-2.71176000 1.33071000e+01
-2.68176000 1.36362000e+01
-2.65176000 1.59837000e+01
-2.62176000 2.11286000e+01
-2.59176000 2.66088000e+01
-2.56176000 2.58613000e+01
-2.53176000 2.30966000e+01
-2.50176000 2.15398000e+01
-2.45708000 2.10214000e+01
-2.42708000 2.18952000e+01
-2.39708000 2.21856000e+01
-2.36708000 2.30587000e+01
-2.33708000 2.75327000e+01
-2.30708000 3.78218000e+01
-2.27708000 5.70307000e+01
-2.24708000 8.51133000e+01
-2.21708000 9.71714000e+01
-2.18708000 7.13406000e+01
-2.15708000 4.81404000e+01
-2.12708000 3.59649000e+01
-2.09708000 2.88945000e+01
-2.06708000 2.61688000e+01
-2.03708000 2.83511000e+01
-2.00708000 3.28369000e+01
-1.97708000 3.33138000e+01
-1.94708000 3.72114000e+01
-1.91708000 4.52995000e+01
-1.88708000 4.89493000e+01
-1.85708000 4.61074000e+01
-1.82708000 3.70210000e+01
-1.79708000 3.21703000e+01
-1.76708000 2.82928000e+01
-1.73708000 2.36851000e+01
-1.70708000 2.10994000e+01
-1.67708000 2.11688000e+01
-1.64708000 2.23026000e+01
-1.61708000 2.55373000e+01
-1.58708000 3.41294000e+01
-1.55708000 4.12366000e+01
-1.52708000 3.59542000e+01
-1.49708000 2.51189000e+01
-1.46708000 1.80024000e+01
-1.43708000 1.35458000e+01
-1.40708000 1.09489000e+01
-1.37708000 9.96324000e+00
-1.34708000 1.03850000e+01
-1.31708000 1.23034000e+01
-1.28708000 1.39822000e+01
-1.25708000 1.32868000e+01
-1.22708000 1.38364000e+01
-1.19708000 1.73871000e+01
-1.16708000 2.27783000e+01
-1.13708000 2.40420000e+01
-1.10708000 1.90190000e+01
-1.07708000 1.57325000e+01
-1.04708000 1.53797000e+01
-1.01708000 1.63763000e+01
-0.98708400 1.68622000e+01
-0.95708400 1.83983000e+01
-0.92708400 2.40253000e+01
-0.89708400 3.47805000e+01
-0.86708400 4.72594000e+01
-0.82240700 5.53881000e+01
-0.79240700 4.71803000e+01
-0.76240700 3.05427000e+01
-0.73240700 2.11880000e+01
-0.70240700 1.77065000e+01
-0.67240700 1.55193000e+01
-0.64240700 1.22980000e+01
-0.61240700 9.26575000e+00
-0.58240700 7.25723000e+00
-0.55240700 6.09872000e+00
-0.52240700 5.44299000e+00
-0.49240700 5.15132000e+00
-0.46240700 5.06323000e+00
-0.43240700 5.22166000e+00
-0.40240700 6.04887000e+00
-0.37240700 7.84843000e+00
-0.34240700 1.07926000e+01
-0.31240700 1.40769000e+01
-0.28240700 1.51948000e+01
-0.25240700 1.23964000e+01
-0.22240700 8.30892000e+00
-0.19240700 5.82424000e+00
-0.16240700 4.42260000e+00
-0.13240700 3.64826000e+00
-0.10240700 3.22259000e+00
-0.07240690 2.99698000e+00
-0.04240690 2.95865000e+00
-0.01240690 3.07704000e+00
0.01759310 3.30412000e+00
0.04759310 3.64523000e+00
0.07759310 4.32808000e+00
0.10759300 5.80537000e+00
0.13759300 8.78274000e+00
0.16759300 1.26264000e+01
0.19759300 1.31924000e+01
0.22759300 1.05494000e+01
0.25759300 7.82619000e+00
0.28759300 5.94993000e+00
0.31759300 5.02719000e+00
0.34759300 4.40434000e+00
0.37759300 3.81190000e+00
0.40759300 3.53855000e+00
0.43759300 3.69216000e+00
0.46759300 3.89133000e+00
0.49759300 3.74278000e+00
0.52759300 3.24396000e+00
0.55759300 2.83722000e+00
0.58759300 2.60690000e+00
0.61759300 2.61090000e+00
0.64759300 2.84430000e+00
0.67759300 3.13784000e+00
0.70759300 3.58232000e+00
0.73759300 4.22511000e+00
0.76759300 4.26853000e+00
