# E(MeV)  S_NSDRNSDR(K=1) for Fr236_DDPCX
-7.42426000 -1.57575000e-01
-7.39426000 -1.29220000e-01
-7.36426000 -1.08687000e-01
-7.33426000 -9.49107000e-02
-7.30426000 -8.47362000e-02
-7.27426000 -7.66843000e-02
-7.24426000 -7.01754000e-02
-7.21426000 -6.51064000e-02
-7.18426000 -6.17874000e-02
-7.15426000 -6.11859000e-02
-7.12426000 -6.56974000e-02
-7.09426000 -8.05468000e-02
-7.06426000 -1.08203000e-01
-7.03426000 -1.10790000e-01
-7.00426000 -7.44582000e-02
-6.97426000 -4.62952000e-02
-6.94426000 -3.01284000e-02
-6.91426000 -1.99613000e-02
-6.88426000 -1.26845000e-02
-6.85426000 -6.93167000e-03
-6.82426000 -2.06952000e-03
-6.79426000 2.21946000e-03
-6.76426000 6.10652000e-03
-6.73426000 9.68942000e-03
-6.70426000 1.30262000e-02
-6.67426000 1.61517000e-02
-6.64426000 1.90863000e-02
-6.60061000 2.30347000e-02
-6.57061000 2.55288000e-02
-6.54061000 2.78375000e-02
-6.51061000 2.99482000e-02
-6.48061000 3.18415000e-02
-6.45061000 3.34907000e-02
-6.42061000 3.48592000e-02
-6.39061000 3.58991000e-02
-6.36061000 3.65469000e-02
-6.33061000 3.67189000e-02
-6.30061000 3.63039000e-02
-6.27061000 3.51530000e-02
-6.24061000 3.30634000e-02
-6.21061000 2.97553000e-02
-6.18061000 2.48336000e-02
-6.15061000 1.77278000e-02
-6.12061000 7.58766000e-03
-6.09061000 -6.89960000e-03
-6.06061000 -2.78548000e-02
-6.03061000 -5.88999000e-02
-6.00061000 -1.06659000e-01
-5.97061000 -1.84264000e-01
-5.94061000 -3.19739000e-01
-5.91061000 -5.70336000e-01
-5.88061000 -9.67958000e-01
-5.85061000 -1.19322000e+00
-5.82061000 -1.24543000e+00
-5.77695000 -2.15009000e+00
-5.74695000 -3.65739000e+00
-5.71695000 -4.25206000e+00
-5.68695000 -2.69708000e+00
-5.65695000 -1.38800000e+00
-5.62695000 -7.06405000e-01
-5.59695000 -3.42963000e-01
-5.56695000 -1.26239000e-01
-5.53695000 1.97743000e-02
-5.50695000 1.30866000e-01
-5.47695000 2.26058000e-01
-5.44695000 3.17297000e-01
-5.41695000 4.13986000e-01
-5.38695000 5.25735000e-01
-5.35695000 6.64932000e-01
-5.32695000 8.50491000e-01
-5.29695000 1.11496000e+00
-5.26695000 1.51929000e+00
-5.23695000 2.17839000e+00
-5.20695000 3.30742000e+00
-5.17695000 5.23037000e+00
-5.14695000 8.00753000e+00
-5.11695000 1.26952000e+01
-5.08695000 1.62632000e+01
-5.05695000 1.17054000e+01
-5.02695000 6.60558000e+00
-4.99695000 3.90404000e+00
-4.95330000 2.13994000e+00
-4.92330000 1.55387000e+00
-4.89330000 1.19527000e+00
-4.86330000 9.62638000e-01
-4.83330000 8.04700000e-01
-4.80330000 6.93667000e-01
-4.77330000 6.13525000e-01
-4.74330000 5.54572000e-01
-4.71330000 5.10675000e-01
-4.68330000 4.77826000e-01
-4.65330000 4.53325000e-01
-4.62330000 4.35320000e-01
-4.59330000 4.22521000e-01
-4.56330000 4.14029000e-01
-4.53330000 4.09220000e-01
-4.50330000 4.07686000e-01
-4.47330000 4.09184000e-01
-4.44330000 4.13622000e-01
-4.41330000 4.21043000e-01
-4.38330000 4.31644000e-01
-4.35330000 4.45791000e-01
-4.32330000 4.64075000e-01
-4.29330000 4.87385000e-01
-4.26330000 5.17050000e-01
-4.23330000 5.55056000e-01
-4.20330000 6.04428000e-01
-4.17330000 6.69912000e-01
-4.12965000 8.11011000e-01
-4.09965000 9.60999000e-01
-4.06965000 1.18854000e+00
-4.03965000 1.55658000e+00
-4.00965000 2.20075000e+00
-3.97965000 3.43023000e+00
-3.94965000 5.86696000e+00
-3.91965000 9.37517000e+00
-3.88965000 9.12626000e+00
-3.85965000 5.61927000e+00
-3.82965000 3.34457000e+00
-3.79965000 2.21299000e+00
-3.76965000 1.62819000e+00
-3.73965000 1.30325000e+00
-3.70965000 1.11218000e+00
-3.67965000 9.96276000e-01
-3.64965000 9.26074000e-01
-3.61965000 8.85869000e-01
-3.58965000 8.67003000e-01
-3.55965000 8.64829000e-01
-3.52965000 8.76842000e-01
-3.49965000 8.99323000e-01
-3.46965000 9.31064000e-01
-3.43965000 9.76694000e-01
-3.40965000 1.03938000e+00
-3.37965000 1.12381000e+00
-3.34965000 1.23892000e+00
-3.30599000 1.49908000e+00
-3.27599000 1.79831000e+00
-3.24599000 2.30439000e+00
-3.21599000 3.24523000e+00
-3.18599000 4.97492000e+00
-3.15599000 6.61072000e+00
-3.12599000 5.54374000e+00
-3.09599000 3.97240000e+00
-3.06599000 3.23563000e+00
-3.03599000 3.02680000e+00
-3.00599000 3.11456000e+00
-2.97599000 3.42077000e+00
-2.94599000 3.94984000e+00
-2.91599000 4.77128000e+00
-2.88599000 6.04331000e+00
-2.85599000 8.09306000e+00
-2.82599000 1.16241000e+01
-2.79599000 1.82305000e+01
-2.76599000 3.12031000e+01
-2.73599000 5.10361000e+01
-2.70599000 5.37676000e+01
-2.67599000 3.73831000e+01
-2.64599000 2.75360000e+01
-2.61599000 2.66902000e+01
-2.58599000 3.46293000e+01
-2.55599000 4.18759000e+01
-2.52599000 3.12612000e+01
-2.48234000 1.57792000e+01
-2.45234000 1.12989000e+01
-2.42234000 9.32154000e+00
-2.39234000 8.83520000e+00
-2.36234000 9.65778000e+00
-2.33234000 1.23036000e+01
-2.30234000 1.83643000e+01
-2.27234000 3.02008000e+01
-2.24234000 3.98401000e+01
-2.21234000 2.98357000e+01
-2.18234000 1.76493000e+01
-2.15234000 1.11641000e+01
-2.12234000 7.94830000e+00
-2.09234000 6.26021000e+00
-2.06234000 5.27070000e+00
-2.03234000 4.71142000e+00
-2.00234000 4.47204000e+00
-1.97234000 4.49060000e+00
-1.94234000 4.77529000e+00
-1.91234000 5.42020000e+00
-1.88234000 6.64036000e+00
-1.85234000 8.77630000e+00
-1.82234000 1.27691000e+01
-1.79234000 1.90757000e+01
-1.76234000 2.03077000e+01
-1.73234000 1.52527000e+01
-1.70234000 1.24070000e+01
-1.65869000 1.32054000e+01
-1.62869000 1.69282000e+01
-1.59869000 2.40698000e+01
-1.56869000 3.63869000e+01
-1.53869000 5.74237000e+01
-1.50869000 6.62172000e+01
-1.47869000 4.79291000e+01
-1.44869000 3.43599000e+01
-1.41869000 3.27020000e+01
-1.38869000 4.19403000e+01
-1.35869000 5.38028000e+01
-1.32869000 4.33241000e+01
-1.29869000 2.68854000e+01
-1.26869000 1.79414000e+01
-1.23869000 1.39437000e+01
-1.20869000 1.27793000e+01
-1.17869000 1.34376000e+01
-1.14869000 1.42532000e+01
-1.11869000 1.39732000e+01
-1.08869000 1.38344000e+01
-1.05869000 1.46868000e+01
-1.02869000 1.65893000e+01
-0.99868900 2.02982000e+01
-0.96868900 2.86423000e+01
-0.93868900 4.46176000e+01
-0.90868900 5.69300000e+01
-0.87868900 4.44133000e+01
-0.83503600 2.60215000e+01
-0.80503600 2.31748000e+01
-0.77503600 2.42454000e+01
-0.74503600 2.42761000e+01
-0.71503600 2.60719000e+01
-0.68503600 3.38010000e+01
-0.65503600 5.16763000e+01
-0.62503600 8.46933000e+01
-0.59503600 1.11426000e+02
-0.56503600 9.84280000e+01
-0.53503600 8.58378000e+01
-0.50503600 6.49728000e+01
-0.47503600 4.29148000e+01
-0.44503600 3.24818000e+01
-0.41503600 3.14045000e+01
-0.38503600 3.84453000e+01
-0.35503600 4.45780000e+01
-0.32503600 3.49683000e+01
-0.29503600 2.41792000e+01
-0.26503600 1.89323000e+01
-0.23503600 1.76827000e+01
-0.20503600 1.97381000e+01
-0.17503600 2.61239000e+01
-0.14503600 3.69183000e+01
-0.11503600 4.32367000e+01
-0.08503590 4.96469000e+01
-0.05503590 6.20714000e+01
-0.01138290 4.89570000e+01
0.01861710 3.46315000e+01
0.04861710 2.73231000e+01
0.07861710 2.41060000e+01
0.10861700 2.56388000e+01
0.13861700 3.26367000e+01
0.16861700 4.24776000e+01
0.19861700 5.20730000e+01
0.22861700 6.63103000e+01
0.25861700 7.03974000e+01
0.28861700 5.18330000e+01
0.31861700 3.61360000e+01
0.34861700 2.89606000e+01
0.37861700 2.64173000e+01
0.40861700 2.45799000e+01
0.43861700 2.61616000e+01
0.46861700 2.86454000e+01
0.49861700 3.13565000e+01
0.52861700 2.71737000e+01
0.55861700 2.00717000e+01
0.58861700 1.74123000e+01
0.61861700 1.65568000e+01
0.64861700 1.58871000e+01
0.67861700 1.84565000e+01
0.70861700 2.66884000e+01
0.73861700 3.97523000e+01
0.76861700 3.90840000e+01
