# E(MeV)  S_NSDRNSDR(K=0) for Fr236_DDPCX
-7.42426000 -2.07705000e-01
-7.39426000 -1.92044000e-01
-7.36426000 -1.79553000e-01
-7.33426000 -1.69262000e-01
-7.30426000 -1.60562000e-01
-7.27426000 -1.53055000e-01
-7.24426000 -1.46473000e-01
-7.21426000 -1.40631000e-01
-7.18426000 -1.35401000e-01
-7.15426000 -1.30691000e-01
-7.12426000 -1.26436000e-01
-7.09426000 -1.22594000e-01
-7.06426000 -1.19133000e-01
-7.03426000 -1.16039000e-01
-7.00426000 -1.13304000e-01
-6.97426000 -1.10935000e-01
-6.94426000 -1.08943000e-01
-6.91426000 -1.07356000e-01
-6.88426000 -1.06207000e-01
-6.85426000 -1.05549000e-01
-6.82426000 -1.05448000e-01
-6.79426000 -1.05993000e-01
-6.76426000 -1.07301000e-01
-6.73426000 -1.09526000e-01
-6.70426000 -1.12871000e-01
-6.67426000 -1.17609000e-01
-6.64426000 -1.24111000e-01
-6.60061000 -1.37823000e-01
-6.57061000 -1.51280000e-01
-6.54061000 -1.69392000e-01
-6.51061000 -1.94009000e-01
-6.48061000 -2.28003000e-01
-6.45061000 -2.75999000e-01
-6.42061000 -3.45820000e-01
-6.39061000 -4.51442000e-01
-6.36061000 -6.19543000e-01
-6.33061000 -9.05075000e-01
-6.30061000 -1.43007000e+00
-6.27061000 -2.47034000e+00
-6.24061000 -4.43160000e+00
-6.21061000 -6.11147000e+00
-6.18061000 -4.56026000e+00
-6.15061000 -2.54630000e+00
-6.12061000 -1.46299000e+00
-6.09061000 -9.18592000e-01
-6.06061000 -6.26974000e-01
-6.03061000 -4.62839000e-01
-6.00061000 -3.73868000e-01
-5.97061000 -3.43330000e-01
-5.94061000 -3.81193000e-01
-5.91061000 -5.12755000e-01
-5.88061000 -6.21873000e-01
-5.85061000 -4.96422000e-01
-5.82061000 -3.96951000e-01
-5.77695000 -4.94179000e-01
-5.74695000 -4.51621000e-01
-5.71695000 -2.37780000e-01
-5.68695000 -8.45819000e-02
-5.65695000 5.93479000e-03
-5.62695000 6.68907000e-02
-5.59695000 1.15201000e-01
-5.56695000 1.58983000e-01
-5.53695000 2.02801000e-01
-5.50695000 2.49927000e-01
-5.47695000 3.03402000e-01
-5.44695000 3.66727000e-01
-5.41695000 4.44553000e-01
-5.38695000 5.43685000e-01
-5.35695000 6.74817000e-01
-5.32695000 8.55980000e-01
-5.29695000 1.11997000e+00
-5.26695000 1.53110000e+00
-5.23695000 2.21540000e+00
-5.20695000 3.30084000e+00
-5.17695000 4.53080000e+00
-5.14695000 6.40038000e+00
-5.11695000 1.06387000e+01
-5.08695000 1.76226000e+01
-5.05695000 1.85768000e+01
-5.02695000 1.15376000e+01
-4.99695000 6.50058000e+00
-4.95330000 3.29287000e+00
-4.92330000 2.33338000e+00
-4.89330000 1.82283000e+00
-4.86330000 1.58890000e+00
-4.83330000 1.59445000e+00
-4.80330000 1.92183000e+00
-4.77330000 2.74561000e+00
-4.74330000 3.51650000e+00
-4.71330000 2.73070000e+00
-4.68330000 1.67427000e+00
-4.65330000 1.08707000e+00
-4.62330000 7.78991000e-01
-4.59330000 6.03262000e-01
-4.56330000 4.93889000e-01
-4.53330000 4.20912000e-01
-4.50330000 3.69607000e-01
-4.47330000 3.32125000e-01
-4.44330000 3.03971000e-01
-4.41330000 2.82415000e-01
-4.38330000 2.65712000e-01
-4.35330000 2.52700000e-01
-4.32330000 2.42581000e-01
-4.29330000 2.34791000e-01
-4.26330000 2.28923000e-01
-4.23330000 2.24681000e-01
-4.20330000 2.21847000e-01
-4.17330000 2.20261000e-01
-4.12965000 2.19960000e-01
-4.09965000 2.21032000e-01
-4.06965000 2.23104000e-01
-4.03965000 2.26167000e-01
-4.00965000 2.30238000e-01
-3.97965000 2.35363000e-01
-3.94965000 2.41611000e-01
-3.91965000 2.49088000e-01
-3.88965000 2.57937000e-01
-3.85965000 2.68347000e-01
-3.82965000 2.80571000e-01
-3.79965000 2.94941000e-01
-3.76965000 3.11898000e-01
-3.73965000 3.32029000e-01
-3.70965000 3.56130000e-01
-3.67965000 3.85299000e-01
-3.64965000 4.21071000e-01
-3.61965000 4.65657000e-01
-3.58965000 5.22313000e-01
-3.55965000 5.96005000e-01
-3.52965000 6.94578000e-01
-3.49965000 8.30990000e-01
-3.46965000 1.02779000e+00
-3.43965000 1.32671000e+00
-3.40965000 1.81076000e+00
-3.37965000 2.65857000e+00
-3.34965000 4.27720000e+00
-3.30599000 9.63437000e+00
-3.27599000 1.30907000e+01
-3.24599000 9.77601000e+00
-3.21599000 5.60666000e+00
-3.18599000 3.38104000e+00
-3.15599000 2.26864000e+00
-3.12599000 1.67535000e+00
-3.09599000 1.33797000e+00
-3.06599000 1.13886000e+00
-3.03599000 1.02183000e+00
-3.00599000 9.58460000e-01
-2.97599000 9.34191000e-01
-2.94599000 9.42188000e-01
-2.91599000 9.80786000e-01
-2.88599000 1.05280000e+00
-2.85599000 1.16634000e+00
-2.82599000 1.33780000e+00
-2.79599000 1.59895000e+00
-2.76599000 2.01248000e+00
-2.73599000 2.68105000e+00
-2.70599000 3.61068000e+00
-2.67599000 4.69124000e+00
-2.64599000 6.41098000e+00
-2.61599000 1.01243000e+01
-2.58599000 1.76796000e+01
-2.55599000 2.64699000e+01
-2.52599000 2.22608000e+01
-2.48234000 9.92823000e+00
-2.45234000 5.98626000e+00
-2.42234000 3.96916000e+00
-2.39234000 2.85083000e+00
-2.36234000 2.18106000e+00
-2.33234000 1.75433000e+00
-2.30234000 1.46928000e+00
-2.27234000 1.27211000e+00
-2.24234000 1.13241000e+00
-2.21234000 1.03213000e+00
-2.18234000 9.60123000e-01
-2.15234000 9.09388000e-01
-2.12234000 8.75590000e-01
-2.09234000 8.56334000e-01
-2.06234000 8.50963000e-01
-2.03234000 8.60947000e-01
-2.00234000 8.91292000e-01
-1.97234000 9.54374000e-01
-1.94234000 1.07965000e+00
-1.91234000 1.33001000e+00
-1.88234000 1.72509000e+00
-1.85234000 1.79860000e+00
-1.82234000 1.44348000e+00
-1.79234000 1.19833000e+00
-1.76234000 1.09217000e+00
-1.73234000 1.05684000e+00
-1.70234000 1.05836000e+00
-1.65869000 1.09530000e+00
-1.62869000 1.13402000e+00
-1.59869000 1.18495000e+00
-1.56869000 1.24698000e+00
-1.53869000 1.31891000e+00
-1.50869000 1.40317000e+00
-1.47869000 1.50046000e+00
-1.44869000 1.61333000e+00
-1.41869000 1.74534000e+00
-1.38869000 1.90017000e+00
-1.35869000 2.08288000e+00
-1.32869000 2.30048000e+00
-1.29869000 2.56289000e+00
-1.26869000 2.88400000e+00
-1.23869000 3.27892000e+00
-1.20869000 3.76711000e+00
-1.17869000 4.39829000e+00
-1.14869000 5.23766000e+00
-1.11869000 6.34358000e+00
-1.08869000 7.84655000e+00
-1.05869000 1.00726000e+01
-1.02869000 1.35606000e+01
-0.99868900 1.93902000e+01
-0.96868900 2.99024000e+01
-0.93868900 5.02681000e+01
-0.90868900 8.73502000e+01
-0.87868900 1.14956000e+02
-0.83503600 7.15812000e+01
-0.80503600 5.03668000e+01
-0.77503600 3.70994000e+01
-0.74503600 2.86587000e+01
-0.71503600 2.68027000e+01
-0.68503600 3.15517000e+01
-0.65503600 4.57194000e+01
-0.62503600 6.92056000e+01
-0.59503600 7.15573000e+01
-0.56503600 4.87980000e+01
-0.53503600 3.43172000e+01
-0.50503600 3.00420000e+01
-0.47503600 3.31793000e+01
-0.44503600 3.58313000e+01
-0.41503600 3.43964000e+01
-0.38503600 3.78343000e+01
-0.35503600 4.85856000e+01
-0.32503600 5.56160000e+01
-0.29503600 4.37568000e+01
-0.26503600 3.46125000e+01
-0.23503600 3.50182000e+01
-0.20503600 4.59272000e+01
-0.17503600 7.20019000e+01
-0.14503600 9.97010000e+01
-0.11503600 8.52477000e+01
-0.08503590 6.41376000e+01
-0.05503590 5.14558000e+01
-0.01138290 3.40392000e+01
0.01861710 2.75662000e+01
0.04861710 1.97136000e+01
0.07861710 1.38951000e+01
0.10861700 1.09479000e+01
0.13861700 1.00022000e+01
0.16861700 1.04543000e+01
0.19861700 9.98534000e+00
0.22861700 8.18333000e+00
0.25861700 6.73239000e+00
0.28861700 6.01358000e+00
0.31861700 6.25349000e+00
0.34861700 7.65448000e+00
0.37861700 9.49215000e+00
0.40861700 9.55960000e+00
0.43861700 1.02277000e+01
0.46861700 1.06860000e+01
0.49861700 7.87643000e+00
0.52861700 5.38299000e+00
0.55861700 4.14344000e+00
0.58861700 3.66562000e+00
0.61861700 3.74977000e+00
0.64861700 4.34077000e+00
0.67861700 4.59031000e+00
0.70861700 3.79039000e+00
0.73861700 3.08153000e+00
0.76861700 2.75447000e+00
