# E(MeV)  S_NSDRNSDR(Total=K0+2*K1) for Fr236_DDPCX
-7.42426000 -5.22855000e-01
-7.39426000 -4.50484000e-01
-7.36426000 -3.96927000e-01
-7.33426000 -3.59083400e-01
-7.30426000 -3.30034400e-01
-7.27426000 -3.06423600e-01
-7.24426000 -2.86823800e-01
-7.21426000 -2.70843800e-01
-7.18426000 -2.58975800e-01
-7.15426000 -2.53062800e-01
-7.12426000 -2.57830800e-01
-7.09426000 -2.83687600e-01
-7.06426000 -3.35539000e-01
-7.03426000 -3.37619000e-01
-7.00426000 -2.62220400e-01
-6.97426000 -2.03525400e-01
-6.94426000 -1.69199800e-01
-6.91426000 -1.47278600e-01
-6.88426000 -1.31576000e-01
-6.85426000 -1.19412340e-01
-6.82426000 -1.09587040e-01
-6.79426000 -1.01554080e-01
-6.76426000 -9.50879600e-02
-6.73426000 -9.01471600e-02
-6.70426000 -8.68186000e-02
-6.67426000 -8.53056000e-02
-6.64426000 -8.59384000e-02
-6.60061000 -9.17536000e-02
-6.57061000 -1.00222400e-01
-6.54061000 -1.13717000e-01
-6.51061000 -1.34112600e-01
-6.48061000 -1.64320000e-01
-6.45061000 -2.09017600e-01
-6.42061000 -2.76101600e-01
-6.39061000 -3.79643800e-01
-6.36061000 -5.46449200e-01
-6.33061000 -8.31637200e-01
-6.30061000 -1.35746220e+00
-6.27061000 -2.40003400e+00
-6.24061000 -4.36547320e+00
-6.21061000 -6.05195940e+00
-6.18061000 -4.51059280e+00
-6.15061000 -2.51084440e+00
-6.12061000 -1.44781468e+00
-6.09061000 -9.32391200e-01
-6.06061000 -6.82683600e-01
-6.03061000 -5.80638800e-01
-6.00061000 -5.87186000e-01
-5.97061000 -7.11858000e-01
-5.94061000 -1.02067100e+00
-5.91061000 -1.65342700e+00
-5.88061000 -2.55778900e+00
-5.85061000 -2.88286200e+00
-5.82061000 -2.88781100e+00
-5.77695000 -4.79435900e+00
-5.74695000 -7.76640100e+00
-5.71695000 -8.74190000e+00
-5.68695000 -5.47874190e+00
-5.65695000 -2.77006521e+00
-5.62695000 -1.34591930e+00
-5.59695000 -5.70725000e-01
-5.56695000 -9.34950000e-02
-5.53695000 2.42349600e-01
-5.50695000 5.11659000e-01
-5.47695000 7.55518000e-01
-5.44695000 1.00132100e+00
-5.41695000 1.27252500e+00
-5.38695000 1.59515500e+00
-5.35695000 2.00468100e+00
-5.32695000 2.55696200e+00
-5.29695000 3.34989000e+00
-5.26695000 4.56968000e+00
-5.23695000 6.57218000e+00
-5.20695000 9.91568000e+00
-5.17695000 1.49915400e+01
-5.14695000 2.24154400e+01
-5.11695000 3.60291000e+01
-5.08695000 5.01490000e+01
-5.05695000 4.19876000e+01
-5.02695000 2.47487600e+01
-4.99695000 1.43086600e+01
-4.95330000 7.57275000e+00
-4.92330000 5.44112000e+00
-4.89330000 4.21337000e+00
-4.86330000 3.51417600e+00
-4.83330000 3.20385000e+00
-4.80330000 3.30916400e+00
-4.77330000 3.97266000e+00
-4.74330000 4.62564400e+00
-4.71330000 3.75205000e+00
-4.68330000 2.62992200e+00
-4.65330000 1.99372000e+00
-4.62330000 1.64963100e+00
-4.59330000 1.44830400e+00
-4.56330000 1.32194700e+00
-4.53330000 1.23935200e+00
-4.50330000 1.18497900e+00
-4.47330000 1.15049300e+00
-4.44330000 1.13121500e+00
-4.41330000 1.12450100e+00
-4.38330000 1.12900000e+00
-4.35330000 1.14428200e+00
-4.32330000 1.17073100e+00
-4.29330000 1.20956100e+00
-4.26330000 1.26302300e+00
-4.23330000 1.33479300e+00
-4.20330000 1.43070300e+00
-4.17330000 1.56008500e+00
-4.12965000 1.84198200e+00
-4.09965000 2.14303000e+00
-4.06965000 2.60018400e+00
-4.03965000 3.33932700e+00
-4.00965000 4.63173800e+00
-3.97965000 7.09582300e+00
-3.94965000 1.19755310e+01
-3.91965000 1.89994280e+01
-3.88965000 1.85104570e+01
-3.85965000 1.15068870e+01
-3.82965000 6.96971100e+00
-3.79965000 4.72092100e+00
-3.76965000 3.56827800e+00
-3.73965000 2.93852900e+00
-3.70965000 2.58049000e+00
-3.67965000 2.37785100e+00
-3.64965000 2.27321900e+00
-3.61965000 2.23739500e+00
-3.58965000 2.25631900e+00
-3.55965000 2.32566300e+00
-3.52965000 2.44826200e+00
-3.49965000 2.62963600e+00
-3.46965000 2.88991800e+00
-3.43965000 3.28009800e+00
-3.40965000 3.88952000e+00
-3.37965000 4.90619000e+00
-3.34965000 6.75504000e+00
-3.30599000 1.26325300e+01
-3.27599000 1.66873200e+01
-3.24599000 1.43847900e+01
-3.21599000 1.20971200e+01
-3.18599000 1.33308800e+01
-3.15599000 1.54900800e+01
-3.12599000 1.27628300e+01
-3.09599000 9.28277000e+00
-3.06599000 7.61012000e+00
-3.03599000 7.07543000e+00
-3.00599000 7.18758000e+00
-2.97599000 7.77573100e+00
-2.94599000 8.84186800e+00
-2.91599000 1.05233460e+01
-2.88599000 1.31394200e+01
-2.85599000 1.73524600e+01
-2.82599000 2.45860000e+01
-2.79599000 3.80599500e+01
-2.76599000 6.44186800e+01
-2.73599000 1.04753250e+02
-2.70599000 1.11145880e+02
-2.67599000 7.94574400e+01
-2.64599000 6.14829800e+01
-2.61599000 6.35047000e+01
-2.58599000 8.69382000e+01
-2.55599000 1.10221700e+02
-2.52599000 8.47832000e+01
-2.48234000 4.14866300e+01
-2.45234000 2.85840600e+01
-2.42234000 2.26122400e+01
-2.39234000 2.05212300e+01
-2.36234000 2.14966200e+01
-2.33234000 2.63615300e+01
-2.30234000 3.81978800e+01
-2.27234000 6.16737100e+01
-2.24234000 8.08126100e+01
-2.21234000 6.07035300e+01
-2.18234000 3.62587230e+01
-2.15234000 2.32375880e+01
-2.12234000 1.67721900e+01
-2.09234000 1.33767540e+01
-2.06234000 1.13923630e+01
-2.03234000 1.02837870e+01
-2.00234000 9.83537200e+00
-1.97234000 9.93557400e+00
-1.94234000 1.06302300e+01
-1.91234000 1.21704100e+01
-1.88234000 1.50058100e+01
-1.85234000 1.93512000e+01
-1.82234000 2.69816800e+01
-1.79234000 3.93497300e+01
-1.76234000 4.17075700e+01
-1.73234000 3.15622400e+01
-1.70234000 2.58723600e+01
-1.65869000 2.75061000e+01
-1.62869000 3.49904200e+01
-1.59869000 4.93245500e+01
-1.56869000 7.40207800e+01
-1.53869000 1.16166310e+02
-1.50869000 1.33837570e+02
-1.47869000 9.73586600e+01
-1.44869000 7.03331300e+01
-1.41869000 6.71493400e+01
-1.38869000 8.57807700e+01
-1.35869000 1.09688480e+02
-1.32869000 8.89486800e+01
-1.29869000 5.63336900e+01
-1.26869000 3.87668000e+01
-1.23869000 3.11663200e+01
-1.20869000 2.93257100e+01
-1.17869000 3.12734900e+01
-1.14869000 3.37440600e+01
-1.11869000 3.42899800e+01
-1.08869000 3.55153500e+01
-1.05869000 3.94462000e+01
-1.02869000 4.67392000e+01
-0.99868900 5.99866000e+01
-0.96868900 8.71870000e+01
-0.93868900 1.39503300e+02
-0.90868900 2.01210200e+02
-0.87868900 2.03782600e+02
-0.83503600 1.23624200e+02
-0.80503600 9.67164000e+01
-0.77503600 8.55902000e+01
-0.74503600 7.72109000e+01
-0.71503600 7.89465000e+01
-0.68503600 9.91537000e+01
-0.65503600 1.49072000e+02
-0.62503600 2.38592200e+02
-0.59503600 2.94409300e+02
-0.56503600 2.45654000e+02
-0.53503600 2.05992800e+02
-0.50503600 1.59987600e+02
-0.47503600 1.19008900e+02
-0.44503600 1.00794900e+02
-0.41503600 9.72054000e+01
-0.38503600 1.14724900e+02
-0.35503600 1.37741600e+02
-0.32503600 1.25552600e+02
-0.29503600 9.21152000e+01
-0.26503600 7.24771000e+01
-0.23503600 7.03836000e+01
-0.20503600 8.54034000e+01
-0.17503600 1.24249700e+02
-0.14503600 1.73537600e+02
-0.11503600 1.71721100e+02
-0.08503590 1.63431400e+02
-0.05503590 1.75598600e+02
-0.01138290 1.31953200e+02
0.01861710 9.68292000e+01
0.04861710 7.43598000e+01
0.07861710 6.21071000e+01
0.10861700 6.22255000e+01
0.13861700 7.52756000e+01
0.16861700 9.54095000e+01
0.19861700 1.14131340e+02
0.22861700 1.40803930e+02
0.25861700 1.47527190e+02
0.28861700 1.09679580e+02
0.31861700 7.85254900e+01
0.34861700 6.55756800e+01
0.37861700 6.23267500e+01
0.40861700 5.87194000e+01
0.43861700 6.25509000e+01
0.46861700 6.79768000e+01
0.49861700 7.05894300e+01
0.52861700 5.97303900e+01
0.55861700 4.42868400e+01
0.58861700 3.84902200e+01
0.61861700 3.68633700e+01
0.64861700 3.61149700e+01
0.67861700 4.15033100e+01
0.70861700 5.71671900e+01
0.73861700 8.25861300e+01
0.76861700 8.09224700e+01
