# E(MeV)  S_GAMTGAMT(K=0) for Ga87_DDPCX
-15.16830000 1.60251000e-03
-15.13830000 1.61183000e-03
-15.10830000 1.62127000e-03
-15.07830000 1.63080000e-03
-15.04830000 1.64045000e-03
-15.01830000 1.65021000e-03
-14.98830000 1.66009000e-03
-14.95830000 1.67008000e-03
-14.92830000 1.68019000e-03
-14.89830000 1.69043000e-03
-14.86830000 1.70078000e-03
-14.83830000 1.71126000e-03
-14.80830000 1.72187000e-03
-14.77830000 1.73262000e-03
-14.74830000 1.74349000e-03
-14.71830000 1.75451000e-03
-14.68830000 1.76566000e-03
-14.65830000 1.77695000e-03
-14.62830000 1.78840000e-03
-14.59830000 1.79999000e-03
-14.56830000 1.81173000e-03
-14.53830000 1.82363000e-03
-14.50830000 1.83569000e-03
-14.47830000 1.84791000e-03
-14.44830000 1.86029000e-03
-14.41830000 1.87285000e-03
-14.38830000 1.88558000e-03
-14.35830000 1.89848000e-03
-14.32830000 1.91157000e-03
-14.29830000 1.92485000e-03
-14.26830000 1.93831000e-03
-14.23830000 1.95198000e-03
-14.20830000 1.96584000e-03
-14.17830000 1.97990000e-03
-14.14830000 1.99418000e-03
-14.11830000 2.00867000e-03
-14.08830000 2.02338000e-03
-14.05830000 2.03832000e-03
-14.02830000 2.05349000e-03
-13.99830000 2.06890000e-03
-13.96830000 2.08455000e-03
-13.93830000 2.10045000e-03
-13.90830000 2.11661000e-03
-13.87830000 2.13304000e-03
-13.84830000 2.14973000e-03
-13.81830000 2.16671000e-03
-13.78830000 2.18397000e-03
-13.75830000 2.20153000e-03
-13.72830000 2.21939000e-03
-13.69830000 2.23757000e-03
-13.66830000 2.25606000e-03
-13.63830000 2.27489000e-03
-13.60830000 2.29406000e-03
-13.57030000 2.31889000e-03
-13.54030000 2.33888000e-03
-13.51030000 2.35925000e-03
-13.48030000 2.38000000e-03
-13.45030000 2.40116000e-03
-13.42030000 2.42274000e-03
-13.39030000 2.44475000e-03
-13.36030000 2.46721000e-03
-13.33030000 2.49012000e-03
-13.30030000 2.51352000e-03
-13.27030000 2.53741000e-03
-13.24030000 2.56182000e-03
-13.21030000 2.58677000e-03
-13.18030000 2.61227000e-03
-13.15030000 2.63835000e-03
-13.12030000 2.66503000e-03
-13.09030000 2.69234000e-03
-13.06030000 2.72031000e-03
-13.03030000 2.74895000e-03
-13.00030000 2.77832000e-03
-12.97030000 2.80843000e-03
-12.94030000 2.83933000e-03
-12.91030000 2.87105000e-03
-12.88030000 2.90363000e-03
-12.85030000 2.93713000e-03
-12.82030000 2.97160000e-03
-12.79030000 3.00708000e-03
-12.76030000 3.04365000e-03
-12.73030000 3.08137000e-03
-12.70030000 3.12031000e-03
-12.67030000 3.16056000e-03
-12.64030000 3.20222000e-03
-12.61030000 3.24540000e-03
-12.58030000 3.29021000e-03
-12.55030000 3.33680000e-03
-12.52030000 3.38533000e-03
-12.49030000 3.43600000e-03
-12.46030000 3.48902000e-03
-12.43030000 3.54467000e-03
-12.40030000 3.60325000e-03
-12.37030000 3.66516000e-03
-12.34030000 3.73087000e-03
-12.31030000 3.80096000e-03
-12.28030000 3.87615000e-03
-12.25030000 3.95739000e-03
-12.22030000 4.04589000e-03
-12.19030000 4.14323000e-03
-12.16030000 4.25154000e-03
-12.13030000 4.37375000e-03
-12.10030000 4.51396000e-03
-12.07030000 4.67805000e-03
-12.04030000 4.87477000e-03
-12.01030000 5.11754000e-03
-11.97220000 5.52670000e-03
-11.94220000 5.97704000e-03
-11.91220000 6.61860000e-03
-11.88220000 7.59447000e-03
-11.85220000 9.20158000e-03
-11.82220000 1.21034000e-02
-11.79220000 1.77864000e-02
-11.76220000 2.81447000e-02
-11.73220000 3.54269000e-02
-11.70220000 2.66314000e-02
-11.67220000 1.71086000e-02
-11.64220000 1.21520000e-02
-11.61220000 9.69513000e-03
-11.58220000 8.40299000e-03
-11.55220000 7.68692000e-03
-11.52220000 7.28141000e-03
-11.49220000 7.05739000e-03
-11.46220000 6.94740000e-03
-11.43220000 6.91393000e-03
-11.40220000 6.93518000e-03
-11.37220000 6.99813000e-03
-11.34220000 7.09502000e-03
-11.31220000 7.22167000e-03
-11.28220000 7.37669000e-03
-11.25220000 7.56167000e-03
-11.22220000 7.78275000e-03
-11.19220000 8.05511000e-03
-11.16220000 8.41437000e-03
-11.13220000 8.93189000e-03
-11.10220000 9.58727000e-03
-11.07220000 9.83025000e-03
-11.04220000 9.74287000e-03
-11.01220000 9.82477000e-03
-10.98220000 1.00639000e-02
-10.95220000 1.03967000e-02
-10.92220000 1.07953000e-02
-10.89220000 1.12503000e-02
-10.86220000 1.17604000e-02
-10.83220000 1.23290000e-02
-10.80220000 1.29621000e-02
-10.77220000 1.36680000e-02
-10.74220000 1.44576000e-02
-10.71220000 1.53446000e-02
-10.68220000 1.63460000e-02
-10.65220000 1.74832000e-02
-10.62220000 1.87834000e-02
-10.59220000 2.02811000e-02
-10.56220000 2.20210000e-02
-10.53220000 2.40616000e-02
-10.50220000 2.64808000e-02
-10.47220000 2.93841000e-02
-10.44220000 3.29170000e-02
-10.41220000 3.72852000e-02
-10.37410000 4.45111000e-02
-10.34410000 5.21196000e-02
-10.31410000 6.22402000e-02
-10.28410000 7.61384000e-02
-10.25410000 9.59777000e-02
-10.22410000 1.25679000e-01
-10.19410000 1.72854000e-01
-10.16410000 2.53478000e-01
-10.13410000 4.03526000e-01
-10.10410000 7.02103000e-01
-10.07410000 1.22318000e+00
-10.04410000 1.47001000e+00
-10.01410000 9.84298000e-01
-9.98415000 5.55199000e-01
-9.95415000 3.35793000e-01
-9.92415000 2.24743000e-01
-9.89415000 1.64471000e-01
-9.86415000 1.29809000e-01
-9.83415000 1.09414000e-01
-9.80415000 9.78974000e-02
-9.77415000 9.27091000e-02
-9.74415000 9.29195000e-02
-9.71415000 9.88912000e-02
-9.68415000 1.12633000e-01
-9.65415000 1.39234000e-01
-9.62415000 1.90718000e-01
-9.59415000 2.93200000e-01
-9.56415000 4.63174000e-01
-9.53415000 5.21653000e-01
-9.50415000 3.79165000e-01
-9.47415000 2.78674000e-01
-9.44415000 2.51880000e-01
-9.41415000 2.78805000e-01
-9.38415000 3.66233000e-01
-9.35415000 5.59311000e-01
-9.32415000 9.48745000e-01
-9.29415000 1.41122000e+00
-9.26415000 1.21287000e+00
-9.23415000 7.35992000e-01
-9.20415000 4.68373000e-01
-9.17415000 3.49062000e-01
-9.14415000 3.07179000e-01
-9.11415000 3.16972000e-01
-9.08415000 3.81146000e-01
-9.05415000 5.31563000e-01
-9.02415000 8.52771000e-01
-8.99415000 1.47125000e+00
-8.96415000 1.99448000e+00
-8.93415000 1.49293000e+00
-8.90415000 8.57353000e-01
-8.87415000 5.23794000e-01
-8.84415000 3.71770000e-01
-8.81415000 2.98979000e-01
-8.77609000 2.05834000e-01
-8.74609000 1.49786000e-01
-8.71609000 1.15298000e-01
-8.68609000 9.31783000e-02
-8.65609000 7.80415000e-02
-8.62609000 6.71666000e-02
-8.59609000 5.90947000e-02
-8.56609000 5.29943000e-02
-8.53609000 4.83897000e-02
-8.50609000 4.50614000e-02
-8.47609000 4.29933000e-02
-8.44609000 4.18579000e-02
-8.41609000 4.06058000e-02
-8.38609000 3.81747000e-02
-8.35609000 3.56291000e-02
-8.32609000 3.40272000e-02
-8.29609000 3.31330000e-02
-8.26609000 3.27232000e-02
-8.23609000 3.27030000e-02
-8.20609000 3.30476000e-02
-8.17609000 3.37779000e-02
-8.14609000 3.49655000e-02
-8.11609000 3.67685000e-02
-8.08609000 3.95285000e-02
-8.05609000 4.39247000e-02
-8.02609000 5.00976000e-02
-7.99609000 5.35052000e-02
-7.96609000 5.39996000e-02
-7.93609000 5.67001000e-02
-7.90609000 6.20377000e-02
-7.87609000 6.98756000e-02
-7.84609000 8.06421000e-02
-7.81609000 9.53455000e-02
-7.78609000 1.15765000e-01
-7.75609000 1.44976000e-01
-7.72609000 1.88511000e-01
-7.69609000 2.56951000e-01
-7.66609000 3.72122000e-01
-7.63609000 5.82318000e-01
-7.60609000 9.91927000e-01
-7.57609000 1.70211000e+00
-7.54609000 2.24039000e+00
-7.51609000 2.13330000e+00
-7.48609000 1.46106000e+00
-7.45609000 8.41501000e-01
-7.42609000 5.11272000e-01
-7.39609000 3.43719000e-01
-7.36609000 2.58029000e-01
-7.33609000 2.20122000e-01
-7.30609000 1.95302000e-01
-7.27609000 1.50862000e-01
-7.24609000 1.14568000e-01
-7.21609000 9.29039000e-02
-7.17803000 7.54080000e-02
-7.14803000 6.78303000e-02
-7.11803000 6.48525000e-02
-7.08803000 5.84592000e-02
-7.05803000 4.90123000e-02
-7.02803000 4.21406000e-02
-6.99803000 3.72886000e-02
-6.96803000 3.38478000e-02
-6.93803000 3.13376000e-02
-6.90803000 2.94873000e-02
-6.87803000 2.81644000e-02
-6.84803000 2.73218000e-02
-6.81803000 2.69888000e-02
-6.78803000 2.72909000e-02
-6.75803000 2.85198000e-02
-6.72803000 3.13141000e-02
-6.69803000 3.71187000e-02
-6.66803000 4.92409000e-02
-6.63803000 7.30156000e-02
-6.60803000 9.64884000e-02
-6.57803000 7.95289000e-02
-6.54803000 5.26958000e-02
-6.51803000 3.77452000e-02
-6.48803000 3.02824000e-02
-6.45803000 2.63769000e-02
-6.42803000 2.42560000e-02
-6.39803000 2.31377000e-02
-6.36803000 2.26600000e-02
-6.33803000 2.26517000e-02
-6.30803000 2.30400000e-02
-6.27803000 2.38110000e-02
-6.24803000 2.49960000e-02
-6.21803000 2.66702000e-02
-6.18803000 2.89636000e-02
-6.15803000 3.20842000e-02
-6.12803000 3.63632000e-02
-6.09803000 4.23393000e-02
-6.06803000 5.09232000e-02
-6.03803000 6.37346000e-02
-6.00803000 8.38422000e-02
-5.97803000 1.17506000e-01
-5.94803000 1.78517000e-01
-5.91803000 2.98254000e-01
-5.88803000 5.29452000e-01
-5.85803000 7.72230000e-01
-5.82803000 6.22258000e-01
-5.79803000 3.56417000e-01
-5.76803000 2.07546000e-01
-5.73803000 1.32871000e-01
-5.70803000 9.27899000e-02
-5.67803000 6.94523000e-02
-5.64803000 5.49145000e-02
-5.61803000 4.53820000e-02
-5.57997000 3.75297000e-02
-5.54997000 3.34457000e-02
-5.51997000 3.06143000e-02
-5.48997000 2.87266000e-02
-5.45997000 2.76136000e-02
-5.42997000 2.72083000e-02
-5.39997000 2.75375000e-02
-5.36997000 2.87394000e-02
-5.33997000 3.11219000e-02
-5.30997000 3.52970000e-02
-5.27997000 4.24934000e-02
-5.24997000 5.53134000e-02
-5.21997000 7.96274000e-02
-5.18997000 1.28518000e-01
-5.15997000 2.16809000e-01
-5.12997000 2.69644000e-01
-5.09997000 1.89473000e-01
-5.06997000 1.10759000e-01
-5.03997000 6.97802000e-02
-5.00997000 4.88686000e-02
-4.97997000 3.73051000e-02
-4.94997000 3.03741000e-02
-4.91997000 2.59366000e-02
-4.88997000 2.29456000e-02
-4.85997000 2.08490000e-02
-4.82997000 1.93335000e-02
-4.79997000 1.82026000e-02
-4.76997000 1.73451000e-02
-4.73997000 1.66941000e-02
-4.70997000 1.61992000e-02
-4.67997000 1.58256000e-02
-4.64997000 1.55504000e-02
-4.61997000 1.53595000e-02
-4.58997000 1.52472000e-02
-4.55997000 1.52186000e-02
-4.52997000 1.52997000e-02
-4.49997000 1.55574000e-02
-4.46997000 1.60647000e-02
-4.43997000 1.63985000e-02
-4.40997000 1.60800000e-02
-4.37997000 1.58383000e-02
-4.34997000 1.58556000e-02
-4.31997000 1.60582000e-02
-4.28997000 1.64282000e-02
-4.25997000 1.70140000e-02
-4.22997000 1.79562000e-02
-4.19997000 1.95884000e-02
-4.16997000 2.26361000e-02
-4.13997000 2.76524000e-02
-4.10997000 3.01445000e-02
-4.07997000 2.67606000e-02
-4.04997000 2.41353000e-02
-4.01997000 2.41258000e-02
-3.98191000 2.79708000e-02
-3.95191000 3.36576000e-02
-3.92191000 3.41062000e-02
-3.89191000 3.00646000e-02
-3.86191000 2.85192000e-02
-3.83191000 2.74170000e-02
-3.80191000 2.66646000e-02
-3.77191000 2.66590000e-02
-3.74191000 2.54830000e-02
-3.71191000 2.46031000e-02
-3.68191000 2.46034000e-02
-3.65191000 2.52772000e-02
-3.62191000 2.64971000e-02
-3.59191000 2.75436000e-02
-3.56191000 2.79851000e-02
-3.53191000 2.86927000e-02
-3.50191000 2.98934000e-02
-3.47191000 3.15279000e-02
-3.44191000 3.36141000e-02
-3.41191000 3.62582000e-02
-3.38191000 3.96641000e-02
-3.35191000 4.41875000e-02
-3.32191000 5.04630000e-02
-3.29191000 5.96926000e-02
-3.26191000 7.43350000e-02
-3.23191000 9.97655000e-02
-3.20191000 1.47131000e-01
-3.17191000 2.27353000e-01
-3.14191000 2.90036000e-01
-3.11191000 2.51228000e-01
-3.08191000 2.01110000e-01
-3.05191000 1.91336000e-01
-3.02191000 2.11195000e-01
-2.99191000 2.12393000e-01
-2.96191000 2.28726000e-01
-2.93191000 3.08731000e-01
-2.90191000 4.18770000e-01
-2.87191000 3.81907000e-01
-2.84191000 2.95680000e-01
-2.81191000 2.68010000e-01
-2.78191000 2.29409000e-01
-2.75191000 1.86302000e-01
-2.72191000 1.70826000e-01
-2.69191000 1.78642000e-01
-2.66191000 2.09491000e-01
-2.63191000 2.74741000e-01
-2.60191000 3.85665000e-01
-2.57191000 4.66927000e-01
-2.54191000 4.57900000e-01
-2.51191000 5.04510000e-01
-2.48191000 6.76084000e-01
-2.45191000 1.01861000e+00
-2.42191000 1.67090000e+00
-2.38385000 2.42420000e+00
-2.35385000 1.79269000e+00
-2.32385000 1.16926000e+00
-2.29385000 9.44332000e-01
-2.26385000 9.16908000e-01
-2.23385000 9.92899000e-01
-2.20385000 1.00038000e+00
-2.17385000 7.52617000e-01
-2.14385000 5.55992000e-01
-2.11385000 5.00654000e-01
-2.08385000 5.73051000e-01
-2.05385000 8.16073000e-01
-2.02385000 1.24362000e+00
-1.99385000 1.31070000e+00
-1.96385000 8.62586000e-01
-1.93385000 5.33712000e-01
-1.90385000 3.60205000e-01
-1.87385000 2.72053000e-01
-1.84385000 2.31105000e-01
-1.81385000 2.22527000e-01
-1.78385000 2.37861000e-01
-1.75385000 2.52815000e-01
-1.72385000 2.42353000e-01
-1.69385000 2.43419000e-01
-1.66385000 2.94595000e-01
-1.63385000 3.79095000e-01
-1.60385000 4.17395000e-01
-1.57385000 4.42675000e-01
-1.54385000 3.88468000e-01
-1.51385000 2.99786000e-01
-1.48385000 2.48447000e-01
-1.45385000 2.36016000e-01
-1.42385000 2.61463000e-01
-1.39385000 3.47063000e-01
-1.36385000 5.20853000e-01
-1.33385000 6.45568000e-01
-1.30385000 5.06638000e-01
-1.27385000 3.75483000e-01
-1.24385000 3.55135000e-01
-1.21385000 4.18759000e-01
-1.18385000 4.25897000e-01
-1.15385000 3.23171000e-01
-1.12385000 2.59181000e-01
-1.09385000 2.52965000e-01
-1.06385000 2.97592000e-01
-1.03385000 3.58710000e-01
-1.00385000 3.70941000e-01
-0.97385000 3.23146000e-01
-0.94385000 2.60515000e-01
-0.91385000 2.30411000e-01
-0.88385000 2.12352000e-01
-0.85385000 2.13896000e-01
-0.82385000 2.44232000e-01
-0.78579000 3.48090000e-01
-0.75579000 4.57006000e-01
-0.72579000 4.26201000e-01
-0.69579000 3.49478000e-01
-0.66579000 3.42335000e-01
-0.63579000 3.69688000e-01
-0.60579000 3.38994000e-01
-0.57579000 2.93684000e-01
-0.54579000 2.67305000e-01
-0.51579000 2.61113000e-01
-0.48579000 2.69447000e-01
-0.45579000 2.87652000e-01
-0.42579000 3.16456000e-01
-0.39579000 3.60890000e-01
-0.36579000 4.32190000e-01
-0.33579000 5.49330000e-01
-0.30579000 6.77537000e-01
-0.27579000 6.82858000e-01
-0.24579000 6.68137000e-01
-0.21579000 7.16211000e-01
-0.18579000 8.22223000e-01
-0.15579000 9.90646000e-01
-0.12579000 1.24754000e+00
-0.09578980 1.64042000e+00
-0.06578980 2.21175000e+00
-0.03578980 3.11822000e+00
-0.00578979 4.69554000e+00
0.02421020 6.86432000e+00
0.05421020 1.02412000e+01
0.08421020 1.68867000e+01
0.11421000 2.14705000e+01
0.14421000 1.56395000e+01
0.17421000 9.99426000e+00
0.20421000 7.72484000e+00
0.23421000 6.23993000e+00
0.26421000 4.18363000e+00
0.29421000 2.74065000e+00
0.32421000 1.93902000e+00
0.35421000 1.47788000e+00
0.38421000 1.19625000e+00
0.41421000 1.01873000e+00
0.44421000 9.08630000e-01
0.47421000 8.48013000e-01
0.50421000 8.29805000e-01
0.53421000 8.55524000e-01
0.56421000 9.37216000e-01
0.59421000 1.10557000e+00
0.62421000 1.42832000e+00
0.65421000 2.00124000e+00
0.68421000 2.66729000e+00
0.71421000 3.37099000e+00
0.74421000 5.06655000e+00
0.77421000 7.92657000e+00
