# E(MeV)  S_NSDRNSDR(K=1) for Ga87_DDPCX
-15.16830000 -1.10786000e-02
-15.13830000 -9.04490000e-03
-15.10830000 -7.12696000e-03
-15.07830000 -5.30944000e-03
-15.04830000 -3.57911000e-03
-15.01830000 -1.92455000e-03
-14.98830000 -3.35793000e-04
-14.95830000 1.19593000e-03
-14.92830000 2.67835000e-03
-14.89830000 4.11839000e-03
-14.86830000 5.52224000e-03
-14.83830000 6.89549000e-03
-14.80830000 8.24325000e-03
-14.77830000 9.57020000e-03
-14.74830000 1.08807000e-02
-14.71830000 1.21787000e-02
-14.68830000 1.34681000e-02
-14.65830000 1.47524000e-02
-14.62830000 1.60352000e-02
-14.59830000 1.73197000e-02
-14.56830000 1.86091000e-02
-14.53830000 1.99067000e-02
-14.50830000 2.12155000e-02
-14.47830000 2.25386000e-02
-14.44830000 2.38793000e-02
-14.41830000 2.52407000e-02
-14.38830000 2.66260000e-02
-14.35830000 2.80385000e-02
-14.32830000 2.94817000e-02
-14.29830000 3.09592000e-02
-14.26830000 3.24746000e-02
-14.23830000 3.40320000e-02
-14.20830000 3.56354000e-02
-14.17830000 3.72892000e-02
-14.14830000 3.89982000e-02
-14.11830000 4.07673000e-02
-14.08830000 4.26020000e-02
-14.05830000 4.45081000e-02
-14.02830000 4.64918000e-02
-13.99830000 4.85600000e-02
-13.96830000 5.07202000e-02
-13.93830000 5.29805000e-02
-13.90830000 5.53499000e-02
-13.87830000 5.78382000e-02
-13.84830000 6.04562000e-02
-13.81830000 6.32161000e-02
-13.78830000 6.61312000e-02
-13.75830000 6.92165000e-02
-13.72830000 7.24886000e-02
-13.69830000 7.59664000e-02
-13.66830000 7.96710000e-02
-13.63830000 8.36264000e-02
-13.60830000 8.78600000e-02
-13.57030000 9.36807000e-02
-13.54030000 9.86684000e-02
-13.51030000 1.04055000e-01
-13.48030000 1.09890000e-01
-13.45030000 1.16233000e-01
-13.42030000 1.23153000e-01
-13.39030000 1.30731000e-01
-13.36030000 1.39067000e-01
-13.33030000 1.48279000e-01
-13.30030000 1.58513000e-01
-13.27030000 1.69949000e-01
-13.24030000 1.82811000e-01
-13.21030000 1.97386000e-01
-13.18030000 2.14042000e-01
-13.15030000 2.33266000e-01
-13.12030000 2.55712000e-01
-13.09030000 2.82281000e-01
-13.06030000 3.14253000e-01
-13.03030000 3.53508000e-01
-13.00030000 4.02921000e-01
-12.97030000 4.67099000e-01
-12.94030000 5.53863000e-01
-12.91030000 6.77409000e-01
-12.88030000 8.65617000e-01
-12.85030000 1.17799000e+00
-12.82030000 1.74762000e+00
-12.79030000 2.81006000e+00
-12.76030000 4.06383000e+00
-12.73030000 3.82082000e+00
-12.70030000 3.18020000e+00
-12.67030000 3.46438000e+00
-12.64030000 4.35111000e+00
-12.61030000 4.05189000e+00
-12.58030000 3.12738000e+00
-12.55030000 2.86226000e+00
-12.52030000 3.30213000e+00
-12.49030000 4.33367000e+00
-12.46030000 5.17638000e+00
-12.43030000 5.44372000e+00
-12.40030000 5.06792000e+00
-12.37030000 5.28138000e+00
-12.34030000 6.65629000e+00
-12.31030000 9.76388000e+00
-12.28030000 1.62249000e+01
-12.25030000 2.85767000e+01
-12.22030000 3.94644000e+01
-12.19030000 3.01062000e+01
-12.16030000 1.78281000e+01
-12.13030000 1.19370000e+01
-12.10030000 1.04365000e+01
-12.07030000 1.06625000e+01
-12.04030000 8.26722000e+00
-12.01030000 5.22995000e+00
-11.97220000 3.12149000e+00
-11.94220000 2.26366000e+00
-11.91220000 1.73559000e+00
-11.88220000 1.38516000e+00
-11.85220000 1.13892000e+00
-11.82220000 9.58280000e-01
-11.79220000 8.21359000e-01
-11.76220000 7.14897000e-01
-11.73220000 6.30450000e-01
-11.70220000 5.62402000e-01
-11.67220000 5.06900000e-01
-11.64220000 4.61228000e-01
-11.61220000 4.23438000e-01
-11.58220000 3.92128000e-01
-11.55220000 3.66299000e-01
-11.52220000 3.45279000e-01
-11.49220000 3.28705000e-01
-11.46220000 3.16566000e-01
-11.43220000 3.09362000e-01
-11.40220000 3.08506000e-01
-11.37220000 3.17034000e-01
-11.34220000 3.40532000e-01
-11.31220000 3.93667000e-01
-11.28220000 4.97340000e-01
-11.25220000 5.72227000e-01
-11.22220000 4.92502000e-01
-11.19220000 4.17755000e-01
-11.16220000 4.06901000e-01
-11.13220000 4.57444000e-01
-11.10220000 5.94390000e-01
-11.07220000 8.21650000e-01
-11.04220000 8.63979000e-01
-11.01220000 6.89969000e-01
-10.98220000 5.95153000e-01
-10.95220000 5.14720000e-01
-10.92220000 4.41272000e-01
-10.89220000 4.11225000e-01
-10.86220000 4.11910000e-01
-10.83220000 4.33266000e-01
-10.80220000 4.72468000e-01
-10.77220000 5.31140000e-01
-10.74220000 6.14579000e-01
-10.71220000 7.32707000e-01
-10.68220000 9.02911000e-01
-10.65220000 1.15628000e+00
-10.62220000 1.55139000e+00
-10.59220000 2.20654000e+00
-10.56220000 3.37961000e+00
-10.53220000 5.65913000e+00
-10.50220000 1.01433000e+01
-10.47220000 1.57662000e+01
-10.44220000 1.39078000e+01
-10.41220000 8.17290000e+00
-10.37410000 4.15476000e+00
-10.34410000 2.62352000e+00
-10.31410000 1.77825000e+00
-10.28410000 1.28410000e+00
-10.25410000 9.74651000e-01
-10.22410000 7.69251000e-01
-10.19410000 6.26450000e-01
-10.16410000 5.23438000e-01
-10.13410000 4.46897000e-01
-10.10410000 3.88653000e-01
-10.07410000 3.43478000e-01
-10.04410000 3.07910000e-01
-10.01410000 2.79593000e-01
-9.98415000 2.56885000e-01
-9.95415000 2.38625000e-01
-9.92415000 2.23985000e-01
-9.89415000 2.12374000e-01
-9.86415000 2.03386000e-01
-9.83415000 1.96760000e-01
-9.80415000 1.92371000e-01
-9.77415000 1.90225000e-01
-9.74415000 1.90492000e-01
-9.71415000 1.93562000e-01
-9.68415000 2.00171000e-01
-9.65415000 2.11646000e-01
-9.62415000 2.30436000e-01
-9.59415000 2.61285000e-01
-9.56415000 3.14067000e-01
-9.53415000 4.10828000e-01
-9.50415000 6.00075000e-01
-9.47415000 9.31887000e-01
-9.44415000 1.11847000e+00
-9.41415000 8.49871000e-01
-9.38415000 6.17046000e-01
-9.35415000 5.40821000e-01
-9.32415000 5.83589000e-01
-9.29415000 7.58785000e-01
-9.26415000 1.04036000e+00
-9.23415000 1.04728000e+00
-9.20415000 8.29172000e-01
-9.17415000 7.43298000e-01
-9.14415000 8.04797000e-01
-9.11415000 1.01872000e+00
-9.08415000 1.47932000e+00
-9.05415000 2.42376000e+00
-9.02415000 3.95743000e+00
-8.99415000 4.32421000e+00
-8.96415000 2.96880000e+00
-8.93415000 2.07400000e+00
-8.90415000 1.87655000e+00
-8.87415000 2.28475000e+00
-8.84415000 3.45166000e+00
-8.81415000 4.67497000e+00
-8.77609000 3.31931000e+00
-8.74609000 2.11110000e+00
-8.71609000 1.42555000e+00
-8.68609000 9.59147000e-01
-8.65609000 6.84599000e-01
-8.62609000 5.26481000e-01
-8.59609000 4.30015000e-01
-8.56609000 3.68225000e-01
-8.53609000 3.27751000e-01
-8.50609000 3.01624000e-01
-8.47609000 2.86154000e-01
-8.44609000 2.79585000e-01
-8.41609000 2.81592000e-01
-8.38609000 2.93316000e-01
-8.35609000 3.18020000e-01
-8.32609000 3.62927000e-01
-8.29609000 4.43869000e-01
-8.26609000 5.96989000e-01
-8.23609000 9.00729000e-01
-8.20609000 1.41109000e+00
-8.17609000 1.59925000e+00
-8.14609000 1.14432000e+00
-8.11609000 7.90559000e-01
-8.08609000 6.39510000e-01
-8.05609000 6.05017000e-01
-8.02609000 6.52679000e-01
-7.99609000 7.93893000e-01
-7.96609000 1.05645000e+00
-7.93609000 1.32445000e+00
-7.90609000 1.48951000e+00
-7.87609000 1.80648000e+00
-7.84609000 2.11966000e+00
-7.81609000 2.55601000e+00
-7.78609000 3.78114000e+00
-7.75609000 6.25294000e+00
-7.72609000 8.07960000e+00
-7.69609000 6.29546000e+00
-7.66609000 4.68642000e+00
-7.63609000 4.05309000e+00
-7.60609000 3.29577000e+00
-7.57609000 2.93054000e+00
-7.54609000 3.10768000e+00
-7.51609000 2.85435000e+00
-7.48609000 2.09366000e+00
-7.45609000 1.69939000e+00
-7.42609000 1.71632000e+00
-7.39609000 2.17983000e+00
-7.36609000 3.32525000e+00
-7.33609000 5.05708000e+00
-7.30609000 4.93822000e+00
-7.27609000 3.25585000e+00
-7.24609000 2.08497000e+00
-7.21609000 1.35669000e+00
-7.17803000 8.37660000e-01
-7.14803000 6.16455000e-01
-7.11803000 4.80495000e-01
-7.08803000 3.91124000e-01
-7.05803000 3.29059000e-01
-7.02803000 2.84151000e-01
-6.99803000 2.50723000e-01
-6.96803000 2.25503000e-01
-6.93803000 2.06739000e-01
-6.90803000 1.93921000e-01
-6.87803000 1.86515000e-01
-6.84803000 1.77293000e-01
-6.81803000 1.63540000e-01
-6.78803000 1.53161000e-01
-6.75803000 1.46791000e-01
-6.72803000 1.43751000e-01
-6.69803000 1.44434000e-01
-6.66803000 1.48790000e-01
-6.63803000 1.50553000e-01
-6.60803000 1.51000000e-01
-6.57803000 1.59096000e-01
-6.54803000 1.77749000e-01
-6.51803000 2.11824000e-01
-6.48803000 2.78233000e-01
-6.45803000 3.59133000e-01
-6.42803000 3.34893000e-01
-6.39803000 2.55334000e-01
-6.36803000 2.14860000e-01
-6.33803000 2.08197000e-01
-6.30803000 2.21870000e-01
-6.27803000 2.24244000e-01
-6.24803000 2.17240000e-01
-6.21803000 2.26089000e-01
-6.18803000 2.54312000e-01
-6.15803000 3.08108000e-01
-6.12803000 4.06579000e-01
-6.09803000 5.86012000e-01
-6.06803000 8.43800000e-01
-6.03803000 1.06125000e+00
-6.00803000 1.16650000e+00
-5.97803000 1.45943000e+00
-5.94803000 1.84894000e+00
-5.91803000 1.50538000e+00
-5.88803000 9.64215000e-01
-5.85803000 6.79031000e-01
-5.82803000 5.61741000e-01
-5.79803000 5.36164000e-01
-5.76803000 5.70150000e-01
-5.73803000 6.70655000e-01
-5.70803000 8.73074000e-01
-5.67803000 1.14712000e+00
-5.64803000 1.43496000e+00
-5.61803000 2.04803000e+00
-5.57997000 3.91586000e+00
-5.54997000 5.63185000e+00
-5.51997000 4.71755000e+00
-5.48997000 3.15141000e+00
-5.45997000 2.65180000e+00
-5.42997000 3.07390000e+00
-5.39997000 3.36021000e+00
-5.36997000 2.35875000e+00
-5.33997000 1.42213000e+00
-5.30997000 9.18691000e-01
-5.27997000 6.52523000e-01
-5.24997000 5.02169000e-01
-5.21997000 4.13745000e-01
-5.18997000 3.63830000e-01
-5.15997000 3.43855000e-01
-5.12997000 3.55929000e-01
-5.09997000 4.16494000e-01
-5.06997000 5.69077000e-01
-5.03997000 8.70069000e-01
-5.00997000 1.07545000e+00
-4.97997000 7.87903000e-01
-4.94997000 4.82793000e-01
-4.91997000 3.19575000e-01
-4.88997000 2.34092000e-01
-4.85997000 1.85162000e-01
-4.82997000 1.54532000e-01
-4.79997000 1.33857000e-01
-4.76997000 1.19097000e-01
-4.73997000 1.08112000e-01
-4.70997000 9.96629000e-02
-4.67997000 9.30126000e-02
-4.64997000 8.77164000e-02
-4.61997000 8.35275000e-02
-4.58997000 8.03322000e-02
-4.55997000 7.80147000e-02
-4.52997000 7.57421000e-02
-4.49997000 7.29090000e-02
-4.46997000 7.04695000e-02
-4.43997000 6.87260000e-02
-4.40997000 6.75485000e-02
-4.37997000 6.68736000e-02
-4.34997000 6.67399000e-02
-4.31997000 6.72981000e-02
-4.28997000 6.88862000e-02
-4.25997000 7.22325000e-02
-4.22997000 7.87965000e-02
-4.19997000 9.00029000e-02
-4.16997000 1.05633000e-01
-4.13997000 1.25730000e-01
-4.10997000 1.26863000e-01
-4.07997000 1.17864000e-01
-4.04997000 1.08266000e-01
-4.01997000 1.00356000e-01
-3.98191000 1.03509000e-01
-3.95191000 1.18348000e-01
-3.92191000 1.50024000e-01
-3.89191000 2.14770000e-01
-3.86191000 3.36621000e-01
-3.83191000 4.35524000e-01
-3.80191000 3.42930000e-01
-3.77191000 2.35330000e-01
-3.74191000 1.91508000e-01
-3.71191000 1.86458000e-01
-3.68191000 1.98350000e-01
-3.65191000 2.22191000e-01
-3.62191000 2.90519000e-01
-3.59191000 4.03605000e-01
-3.56191000 4.06130000e-01
-3.53191000 3.02260000e-01
-3.50191000 2.04098000e-01
-3.47191000 1.45488000e-01
-3.44191000 1.16449000e-01
-3.41191000 1.03414000e-01
-3.38191000 1.00825000e-01
-3.35191000 1.08784000e-01
-3.32191000 1.33339000e-01
-3.29191000 1.86991000e-01
-3.26191000 2.49329000e-01
-3.23191000 2.18157000e-01
-3.20191000 1.48660000e-01
-3.17191000 1.08970000e-01
-3.14191000 9.15163000e-02
-3.11191000 8.48795000e-02
-3.08191000 7.85484000e-02
-3.05191000 7.41081000e-02
-3.02191000 7.61633000e-02
-2.99191000 7.99363000e-02
-2.96191000 7.33669000e-02
-2.93191000 6.54535000e-02
-2.90191000 6.17986000e-02
-2.87191000 6.11529000e-02
-2.84191000 6.27902000e-02
-2.81191000 6.68631000e-02
-2.78191000 7.46473000e-02
-2.75191000 8.97173000e-02
-2.72191000 1.18750000e-01
-2.69191000 1.66016000e-01
-2.66191000 1.95216000e-01
-2.63191000 2.03233000e-01
-2.60191000 2.10182000e-01
-2.57191000 1.63960000e-01
-2.54191000 1.15785000e-01
-2.51191000 9.19810000e-02
-2.48191000 8.44600000e-02
-2.45191000 8.57784000e-02
-2.42191000 8.10495000e-02
-2.38385000 6.90104000e-02
-2.35385000 6.12629000e-02
-2.32385000 5.62167000e-02
-2.29385000 5.34974000e-02
-2.26385000 5.21392000e-02
-2.23385000 5.16729000e-02
-2.20385000 5.19697000e-02
-2.17385000 5.31460000e-02
-2.14385000 5.56330000e-02
-2.11385000 6.04786000e-02
-2.08385000 7.00699000e-02
-2.05385000 8.81967000e-02
-2.02385000 1.10604000e-01
-1.99385000 1.20113000e-01
-1.96385000 1.01614000e-01
-1.93385000 8.04909000e-02
-1.90385000 6.92933000e-02
-1.87385000 6.14844000e-02
-1.84385000 5.69236000e-02
-1.81385000 5.53258000e-02
-1.78385000 5.58343000e-02
-1.75385000 5.60519000e-02
-1.72385000 5.51559000e-02
-1.69385000 5.53275000e-02
-1.66385000 5.59858000e-02
-1.63385000 5.46081000e-02
-1.60385000 5.33113000e-02
-1.57385000 5.33432000e-02
-1.54385000 5.45519000e-02
-1.51385000 5.66316000e-02
-1.48385000 5.83325000e-02
-1.45385000 6.03680000e-02
-1.42385000 6.42848000e-02
-1.39385000 7.12437000e-02
-1.36385000 8.36520000e-02
-1.33385000 1.07205000e-01
-1.30385000 1.53442000e-01
-1.27385000 2.20335000e-01
-1.24385000 2.22243000e-01
-1.21385000 1.72436000e-01
-1.18385000 1.55447000e-01
-1.15385000 1.54887000e-01
-1.12385000 1.28705000e-01
-1.09385000 9.98506000e-02
-1.06385000 8.45939000e-02
-1.03385000 7.80949000e-02
-1.00385000 7.73405000e-02
-0.97385000 7.98149000e-02
-0.94385000 7.91487000e-02
-0.91385000 8.19032000e-02
-0.88385000 9.35190000e-02
-0.85385000 1.00381000e-01
-0.82385000 8.72044000e-02
-0.78579000 7.39357000e-02
-0.75579000 6.93318000e-02
-0.72579000 6.66931000e-02
-0.69579000 6.61240000e-02
-0.66579000 6.72902000e-02
-0.63579000 7.01808000e-02
-0.60579000 7.54849000e-02
-0.57579000 8.49584000e-02
-0.54579000 1.00656000e-01
-0.51579000 1.17148000e-01
-0.48579000 1.28202000e-01
-0.45579000 1.48112000e-01
-0.42579000 1.84542000e-01
-0.39579000 2.60978000e-01
-0.36579000 3.57175000e-01
-0.33579000 3.24232000e-01
-0.30579000 2.36125000e-01
-0.27579000 2.03551000e-01
-0.24579000 1.97741000e-01
-0.21579000 1.62041000e-01
-0.18579000 1.25357000e-01
-0.15579000 1.06192000e-01
-0.12579000 9.79716000e-02
-0.09578980 9.62410000e-02
-0.06578980 9.97268000e-02
-0.03578980 1.09050000e-01
-0.00578979 1.26352000e-01
0.02421020 1.59820000e-01
0.05421020 2.26962000e-01
0.08421020 3.33648000e-01
0.11421000 3.67344000e-01
0.14421000 3.21444000e-01
0.17421000 3.13263000e-01
0.20421000 2.77488000e-01
0.23421000 2.04761000e-01
0.26421000 1.63530000e-01
0.29421000 1.55620000e-01
0.32421000 1.76871000e-01
0.35421000 2.06746000e-01
0.38421000 1.88905000e-01
0.41421000 1.57158000e-01
0.44421000 1.32784000e-01
0.47421000 1.17994000e-01
0.50421000 1.16740000e-01
0.53421000 1.26788000e-01
0.56421000 1.40013000e-01
0.59421000 1.27222000e-01
0.62421000 1.04476000e-01
0.65421000 9.19524000e-02
0.68421000 8.69496000e-02
0.71421000 8.70211000e-02
0.74421000 9.18204000e-02
0.77421000 9.57151000e-02
