# E(MeV)  S_GAMTGAMT(K=1) for Ga87_DDPCX
-15.16830000 1.38875000e-03
-15.13830000 1.39592000e-03
-15.10830000 1.40316000e-03
-15.07830000 1.41048000e-03
-15.04830000 1.41786000e-03
-15.01830000 1.42532000e-03
-14.98830000 1.43286000e-03
-14.95830000 1.44047000e-03
-14.92830000 1.44816000e-03
-14.89830000 1.45593000e-03
-14.86830000 1.46377000e-03
-14.83830000 1.47170000e-03
-14.80830000 1.47972000e-03
-14.77830000 1.48781000e-03
-14.74830000 1.49600000e-03
-14.71830000 1.50427000e-03
-14.68830000 1.51263000e-03
-14.65830000 1.52108000e-03
-14.62830000 1.52963000e-03
-14.59830000 1.53827000e-03
-14.56830000 1.54700000e-03
-14.53830000 1.55584000e-03
-14.50830000 1.56477000e-03
-14.47830000 1.57380000e-03
-14.44830000 1.58294000e-03
-14.41830000 1.59219000e-03
-14.38830000 1.60154000e-03
-14.35830000 1.61101000e-03
-14.32830000 1.62058000e-03
-14.29830000 1.63027000e-03
-14.26830000 1.64008000e-03
-14.23830000 1.65001000e-03
-14.20830000 1.66006000e-03
-14.17830000 1.67023000e-03
-14.14830000 1.68053000e-03
-14.11830000 1.69096000e-03
-14.08830000 1.70153000e-03
-14.05830000 1.71223000e-03
-14.02830000 1.72307000e-03
-13.99830000 1.73405000e-03
-13.96830000 1.74517000e-03
-13.93830000 1.75645000e-03
-13.90830000 1.76787000e-03
-13.87830000 1.77945000e-03
-13.84830000 1.79119000e-03
-13.81830000 1.80310000e-03
-13.78830000 1.81517000e-03
-13.75830000 1.82741000e-03
-13.72830000 1.83982000e-03
-13.69830000 1.85242000e-03
-13.66830000 1.86520000e-03
-13.63830000 1.87817000e-03
-13.60830000 1.89133000e-03
-13.57030000 1.90832000e-03
-13.54030000 1.92194000e-03
-13.51030000 1.93577000e-03
-13.48030000 1.94982000e-03
-13.45030000 1.96410000e-03
-13.42030000 1.97860000e-03
-13.39030000 1.99334000e-03
-13.36030000 2.00832000e-03
-13.33030000 2.02356000e-03
-13.30030000 2.03905000e-03
-13.27030000 2.05482000e-03
-13.24030000 2.07085000e-03
-13.21030000 2.08717000e-03
-13.18030000 2.10379000e-03
-13.15030000 2.12071000e-03
-13.12030000 2.13794000e-03
-13.09030000 2.15550000e-03
-13.06030000 2.17340000e-03
-13.03030000 2.19165000e-03
-13.00030000 2.21026000e-03
-12.97030000 2.22926000e-03
-12.94030000 2.24865000e-03
-12.91030000 2.26845000e-03
-12.88030000 2.28868000e-03
-12.85030000 2.30936000e-03
-12.82030000 2.33051000e-03
-12.79030000 2.35216000e-03
-12.76030000 2.37433000e-03
-12.73030000 2.39706000e-03
-12.70030000 2.42036000e-03
-12.67030000 2.44428000e-03
-12.64030000 2.46885000e-03
-12.61030000 2.49413000e-03
-12.58030000 2.52016000e-03
-12.55030000 2.54700000e-03
-12.52030000 2.57471000e-03
-12.49030000 2.60337000e-03
-12.46030000 2.63308000e-03
-12.43030000 2.66393000e-03
-12.40030000 2.69606000e-03
-12.37030000 2.72962000e-03
-12.34030000 2.76480000e-03
-12.31030000 2.80183000e-03
-12.28030000 2.84101000e-03
-12.25030000 2.88270000e-03
-12.22030000 2.92740000e-03
-12.19030000 2.97575000e-03
-12.16030000 3.02861000e-03
-12.13030000 3.08718000e-03
-12.10030000 3.15316000e-03
-12.07030000 3.22901000e-03
-12.04030000 3.31846000e-03
-12.01030000 3.42735000e-03
-11.97220000 3.60912000e-03
-11.94220000 3.80914000e-03
-11.91220000 4.09739000e-03
-11.88220000 4.54734000e-03
-11.85220000 5.31974000e-03
-11.82220000 6.78005000e-03
-11.79220000 9.56195000e-03
-11.76220000 1.26424000e-02
-11.73220000 1.11313000e-02
-11.70220000 8.03868000e-03
-11.67220000 6.37650000e-03
-11.64220000 5.69628000e-03
-11.61220000 5.57136000e-03
-11.58220000 5.91408000e-03
-11.55220000 6.92668000e-03
-11.52220000 9.00015000e-03
-11.49220000 1.07828000e-02
-11.46220000 9.09076000e-03
-11.43220000 6.94056000e-03
-11.40220000 5.80891000e-03
-11.37220000 5.26596000e-03
-11.34220000 5.00036000e-03
-11.31220000 4.87350000e-03
-11.28220000 4.82298000e-03
-11.25220000 4.81861000e-03
-11.22220000 4.84470000e-03
-11.19220000 4.89264000e-03
-11.16220000 4.95763000e-03
-11.13220000 5.03706000e-03
-11.10220000 5.12984000e-03
-11.07220000 5.23615000e-03
-11.04220000 5.35778000e-03
-11.01220000 5.49921000e-03
-10.98220000 5.67071000e-03
-10.95220000 5.89574000e-03
-10.92220000 6.21733000e-03
-10.89220000 6.58853000e-03
-10.86220000 6.67643000e-03
-10.83220000 6.63725000e-03
-10.80220000 6.70476000e-03
-10.77220000 6.85432000e-03
-10.74220000 7.05314000e-03
-10.71220000 7.28763000e-03
-10.68220000 7.55360000e-03
-10.65220000 7.85117000e-03
-10.62220000 8.18294000e-03
-10.59220000 8.55333000e-03
-10.56220000 8.96866000e-03
-10.53220000 9.43777000e-03
-10.50220000 9.97349000e-03
-10.47220000 1.05958000e-02
-10.44220000 1.13316000e-02
-10.41220000 1.21658000e-02
-10.37410000 1.32996000e-02
-10.34410000 1.43972000e-02
-10.31410000 1.57587000e-02
-10.28410000 1.74521000e-02
-10.25410000 1.95884000e-02
-10.22410000 2.23433000e-02
-10.19410000 2.59980000e-02
-10.16410000 3.10184000e-02
-10.13410000 3.82174000e-02
-10.10410000 4.91048000e-02
-10.07410000 6.66980000e-02
-10.04410000 9.75210000e-02
-10.01410000 1.56449000e-01
-9.98415000 2.72547000e-01
-9.95415000 4.30713000e-01
-9.92415000 4.02772000e-01
-9.89415000 2.44339000e-01
-9.86415000 1.46285000e-01
-9.83415000 9.84584000e-02
-9.80415000 7.47729000e-02
-9.77415000 6.30599000e-02
-9.74415000 5.82062000e-02
-9.71415000 5.82202000e-02
-9.68415000 6.28147000e-02
-9.65415000 7.32182000e-02
-9.62415000 9.30332000e-02
-9.59415000 1.30892000e-01
-9.56415000 2.04798000e-01
-9.53415000 3.19680000e-01
-9.50415000 3.67306000e-01
-9.47415000 3.61447000e-01
-9.44415000 3.58527000e-01
-9.41415000 2.72555000e-01
-9.38415000 1.99890000e-01
-9.35415000 1.76933000e-01
-9.32415000 1.97040000e-01
-9.29415000 2.70585000e-01
-9.26415000 4.36303000e-01
-9.23415000 6.75760000e-01
-9.20415000 6.41990000e-01
-9.17415000 3.93842000e-01
-9.14415000 2.36560000e-01
-9.11415000 1.59044000e-01
-9.08415000 1.20260000e-01
-9.05415000 1.01064000e-01
-9.02415000 9.39649000e-02
-8.99415000 9.74624000e-02
-8.96415000 1.13024000e-01
-8.93415000 1.28887000e-01
-8.90415000 1.23649000e-01
-8.87415000 1.22595000e-01
-8.84415000 1.38299000e-01
-8.81415000 1.72108000e-01
-8.77609000 2.56304000e-01
-8.74609000 3.95157000e-01
-8.71609000 6.68110000e-01
-8.68609000 1.12731000e+00
-8.65609000 1.33767000e+00
-8.62609000 8.98315000e-01
-8.59609000 5.13482000e-01
-8.56609000 3.18314000e-01
-8.53609000 2.22506000e-01
-8.50609000 1.75673000e-01
-8.47609000 1.55349000e-01
-8.44609000 1.55946000e-01
-8.41609000 1.82533000e-01
-8.38609000 2.07605000e-01
-8.35609000 1.96167000e-01
-8.32609000 2.03488000e-01
-8.29609000 2.24932000e-01
-8.26609000 2.68243000e-01
-8.23609000 3.31382000e-01
-8.20609000 2.79073000e-01
-8.17609000 1.90201000e-01
-8.14609000 1.45590000e-01
-8.11609000 1.33704000e-01
-8.08609000 1.46787000e-01
-8.05609000 1.92046000e-01
-8.02609000 2.82670000e-01
-7.99609000 3.44201000e-01
-7.96609000 2.73623000e-01
-7.93609000 2.09399000e-01
-7.90609000 1.94470000e-01
-7.87609000 2.18202000e-01
-7.84609000 2.88457000e-01
-7.81609000 4.20635000e-01
-7.78609000 6.04480000e-01
-7.75609000 9.18089000e-01
-7.72609000 1.15935000e+00
-7.69609000 8.50449000e-01
-7.66609000 5.10491000e-01
-7.63609000 3.41045000e-01
-7.60609000 2.69587000e-01
-7.57609000 2.38913000e-01
-7.54609000 2.38837000e-01
-7.51609000 2.82224000e-01
-7.48609000 3.80382000e-01
-7.45609000 5.67398000e-01
-7.42609000 8.95123000e-01
-7.39609000 1.01026000e+00
-7.36609000 7.04376000e-01
-7.33609000 4.76308000e-01
-7.30609000 3.35840000e-01
-7.27609000 2.27829000e-01
-7.24609000 1.66283000e-01
-7.21609000 1.34629000e-01
-7.17803000 1.15873000e-01
-7.14803000 1.10720000e-01
-7.11803000 1.14520000e-01
-7.08803000 1.28776000e-01
-7.05803000 1.57432000e-01
-7.02803000 2.12275000e-01
-6.99803000 3.21117000e-01
-6.96803000 5.43156000e-01
-6.93803000 9.15527000e-01
-6.90803000 1.02607000e+00
-6.87803000 6.61845000e-01
-6.84803000 3.75891000e-01
-6.81803000 2.30422000e-01
-6.78803000 1.55250000e-01
-6.75803000 1.12979000e-01
-6.72803000 8.72407000e-02
-6.69803000 7.07546000e-02
-6.66803000 5.99417000e-02
-6.63803000 5.30832000e-02
-6.60803000 4.96820000e-02
-6.57803000 4.97451000e-02
-6.54803000 4.91743000e-02
-6.51803000 4.37021000e-02
-6.48803000 3.97826000e-02
-6.45803000 3.93416000e-02
-6.42803000 4.27897000e-02
-6.39803000 5.26024000e-02
-6.36803000 7.01637000e-02
-6.33803000 7.46628000e-02
-6.30803000 5.69799000e-02
-6.27803000 4.39840000e-02
-6.24803000 3.84731000e-02
-6.21803000 3.73405000e-02
-6.18803000 3.93664000e-02
-6.15803000 4.48897000e-02
-6.12803000 5.59204000e-02
-6.09803000 7.76169000e-02
-6.06803000 1.21332000e-01
-6.03803000 1.94309000e-01
-6.00803000 2.20380000e-01
-5.97803000 1.64318000e-01
-5.94803000 1.21988000e-01
-5.91803000 9.35407000e-02
-5.88803000 8.23195000e-02
-5.85803000 9.16649000e-02
-5.82803000 1.27933000e-01
-5.79803000 1.88915000e-01
-5.76803000 1.87801000e-01
-5.73803000 1.20849000e-01
-5.70803000 7.54903000e-02
-5.67803000 5.26299000e-02
-5.64803000 4.08753000e-02
-5.61803000 3.47659000e-02
-5.57997000 3.08997000e-02
-5.54997000 2.79296000e-02
-5.51997000 2.57025000e-02
-5.48997000 2.47447000e-02
-5.45997000 2.49348000e-02
-5.42997000 2.59854000e-02
-5.39997000 2.62673000e-02
-5.36997000 2.61555000e-02
-5.33997000 2.71151000e-02
-5.30997000 2.93414000e-02
-5.27997000 3.31502000e-02
-5.24997000 3.94524000e-02
-5.21997000 5.03384000e-02
-5.18997000 7.03999000e-02
-5.15997000 1.05839000e-01
-5.12997000 1.38256000e-01
-5.09997000 1.39376000e-01
-5.06997000 1.62536000e-01
-5.03997000 2.35316000e-01
-5.00997000 2.86267000e-01
-4.97997000 2.39399000e-01
-4.94997000 2.20619000e-01
-4.91997000 2.13909000e-01
-4.88997000 1.49623000e-01
-4.85997000 9.58229000e-02
-4.82997000 6.85054000e-02
-4.79997000 5.66771000e-02
-4.76997000 5.33933000e-02
-4.73997000 4.82005000e-02
-4.70997000 3.97238000e-02
-4.67997000 3.43568000e-02
-4.64997000 3.03897000e-02
-4.61997000 2.74717000e-02
-4.58997000 2.57961000e-02
-4.55997000 2.49458000e-02
-4.52997000 2.46631000e-02
-4.49997000 2.48569000e-02
-4.46997000 2.55528000e-02
-4.43997000 2.68376000e-02
-4.40997000 2.85691000e-02
-4.37997000 3.08133000e-02
-4.34997000 3.44730000e-02
-4.31997000 4.10448000e-02
-4.28997000 5.34875000e-02
-4.25997000 7.71627000e-02
-4.22997000 1.05855000e-01
-4.19997000 9.83153000e-02
-4.16997000 7.33789000e-02
-4.13997000 6.08567000e-02
-4.10997000 5.84666000e-02
-4.07997000 6.28269000e-02
-4.04997000 7.31253000e-02
-4.01997000 9.00276000e-02
-3.98191000 1.31097000e-01
-3.95191000 1.98511000e-01
-3.92191000 3.32686000e-01
-3.89191000 5.32479000e-01
-3.86191000 5.68141000e-01
-3.83191000 3.80758000e-01
-3.80191000 2.27566000e-01
-3.77191000 1.48652000e-01
-3.74191000 1.09334000e-01
-3.71191000 8.91473000e-02
-3.68191000 7.83524000e-02
-3.65191000 7.37689000e-02
-3.62191000 7.41071000e-02
-3.59191000 7.64632000e-02
-3.56191000 8.08757000e-02
-3.53191000 9.00466000e-02
-3.50191000 1.06916000e-01
-3.47191000 1.34361000e-01
-3.44191000 1.79528000e-01
-3.41191000 2.46846000e-01
-3.38191000 3.63526000e-01
-3.35191000 6.04110000e-01
-3.32191000 9.41515000e-01
-3.29191000 8.90689000e-01
-3.26191000 5.41812000e-01
-3.23191000 3.21449000e-01
-3.20191000 2.12582000e-01
-3.17191000 1.57419000e-01
-3.14191000 1.28859000e-01
-3.11191000 1.15628000e-01
-3.08191000 1.13910000e-01
-3.05191000 1.25372000e-01
-3.02191000 1.53104000e-01
-2.99191000 1.92641000e-01
-2.96191000 1.86581000e-01
-2.93191000 1.45247000e-01
-2.90191000 1.19718000e-01
-2.87191000 1.10992000e-01
-2.84191000 1.12482000e-01
-2.81191000 1.22485000e-01
-2.78191000 1.41709000e-01
-2.75191000 1.74926000e-01
-2.72191000 2.22850000e-01
-2.69191000 2.49629000e-01
-2.66191000 2.71077000e-01
-2.63191000 3.39184000e-01
-2.60191000 4.88157000e-01
-2.57191000 7.69116000e-01
-2.54191000 1.01739000e+00
-2.51191000 8.66477000e-01
-2.48191000 7.02648000e-01
-2.45191000 7.27370000e-01
-2.42191000 9.59155000e-01
-2.38385000 1.75706000e+00
-2.35385000 2.94912000e+00
-2.32385000 3.33845000e+00
-2.29385000 2.16491000e+00
-2.26385000 1.22720000e+00
-2.23385000 7.52364000e-01
-2.20385000 5.10366000e-01
-2.17385000 3.73906000e-01
-2.14385000 2.93486000e-01
-2.11385000 2.45230000e-01
-2.08385000 2.08081000e-01
-2.05385000 1.80388000e-01
-2.02385000 1.64314000e-01
-1.99385000 1.57958000e-01
-1.96385000 1.60685000e-01
-1.93385000 1.74840000e-01
-1.90385000 2.07705000e-01
-1.87385000 2.76396000e-01
-1.84385000 4.10504000e-01
-1.81385000 5.36786000e-01
-1.78385000 4.52064000e-01
-1.75385000 3.45911000e-01
-1.72385000 3.28521000e-01
-1.69385000 3.32018000e-01
-1.66385000 2.83186000e-01
-1.63385000 2.39238000e-01
-1.60385000 2.27234000e-01
-1.57385000 2.48308000e-01
-1.54385000 3.10189000e-01
-1.51385000 4.44144000e-01
-1.48385000 7.00658000e-01
-1.45385000 9.30755000e-01
-1.42385000 7.71003000e-01
-1.39385000 5.82642000e-01
-1.36385000 5.54898000e-01
-1.33385000 5.77867000e-01
-1.30385000 5.70721000e-01
-1.27385000 6.61960000e-01
-1.24385000 8.55298000e-01
-1.21385000 1.04813000e+00
-1.18385000 9.94383000e-01
-1.15385000 7.77563000e-01
-1.12385000 6.30060000e-01
-1.09385000 6.21093000e-01
-1.06385000 7.14412000e-01
-1.03385000 8.99189000e-01
-1.00385000 1.06791000e+00
-0.97385000 1.14515000e+00
-0.94385000 1.20799000e+00
-0.91385000 1.06695000e+00
-0.88385000 9.00943000e-01
-0.85385000 8.33728000e-01
-0.82385000 9.36927000e-01
-0.78579000 1.24974000e+00
-0.75579000 1.72280000e+00
-0.72579000 2.35941000e+00
-0.69579000 2.75487000e+00
-0.66579000 2.72029000e+00
-0.63579000 2.44375000e+00
-0.60579000 1.72764000e+00
-0.57579000 1.20434000e+00
-0.54579000 9.98603000e-01
-0.51579000 9.22379000e-01
-0.48579000 9.49353000e-01
-0.45579000 1.20498000e+00
-0.42579000 1.80017000e+00
-0.39579000 2.29834000e+00
-0.36579000 1.80730000e+00
-0.33579000 1.22421000e+00
-0.30579000 9.62201000e-01
-0.27579000 9.00740000e-01
-0.24579000 1.03971000e+00
-0.21579000 1.47707000e+00
-0.18579000 2.23023000e+00
-0.15579000 2.36605000e+00
-0.12579000 1.63169000e+00
-0.09578980 1.05563000e+00
-0.06578980 7.51839000e-01
-0.03578980 6.05200000e-01
-0.00578979 5.40486000e-01
0.02421020 5.23312000e-01
0.05421020 5.40435000e-01
0.08421020 5.89949000e-01
0.11421000 6.78857000e-01
0.14421000 8.26176000e-01
0.17421000 1.07233000e+00
0.20421000 1.46420000e+00
0.23421000 1.96827000e+00
0.26421000 2.48238000e+00
0.29421000 3.15599000e+00
0.32421000 4.73532000e+00
0.35421000 8.04031000e+00
0.38421000 1.24367000e+01
0.41421000 1.21813000e+01
0.44421000 8.45061000e+00
0.47421000 5.42974000e+00
0.50421000 3.40851000e+00
0.53421000 2.35651000e+00
0.56421000 1.85834000e+00
0.59421000 1.67931000e+00
0.62421000 1.60333000e+00
0.65421000 1.54376000e+00
0.68421000 1.65498000e+00
0.71421000 1.80420000e+00
0.74421000 2.16792000e+00
0.77421000 3.04511000e+00
