# E(MeV)  S_NSDRNSDR(Total=K0+2*K1) for Gd167_DDPCX
-5.12682000 2.77368832e+01
-5.09682000 3.37292890e+01
-5.06682000 2.26623900e+01
-5.03682000 1.26932990e+01
-5.00682000 7.62289400e+00
-4.97682000 5.14081300e+00
-4.94682000 3.96807100e+00
-4.91682000 3.66368000e+00
-4.88682000 4.07443000e+00
-4.85682000 4.06463000e+00
-4.82682000 2.87648600e+00
-4.79682000 1.92256300e+00
-4.76682000 1.39199900e+00
-4.73682000 1.08515800e+00
-4.70682000 8.91483000e-01
-4.67682000 7.60299000e-01
-4.64682000 6.66931000e-01
-4.61682000 5.98239000e-01
-4.58682000 5.46652200e-01
-4.53291000 4.83180300e-01
-4.50291000 4.59508000e-01
-4.47291000 4.42099900e-01
-4.44291000 4.29909800e-01
-4.41291000 4.22216000e-01
-4.38291000 4.18518000e-01
-4.35291000 4.18502600e-01
-4.32291000 4.22004700e-01
-4.29291000 4.28984700e-01
-4.26291000 4.39536400e-01
-4.23291000 4.53884300e-01
-4.20291000 4.72409000e-01
-4.17291000 4.95677800e-01
-4.14291000 5.24492700e-01
-4.11291000 5.59992400e-01
-4.08291000 6.03761600e-01
-4.05291000 6.58060300e-01
-4.02291000 7.26151000e-01
-3.99291000 8.12866800e-01
-3.93900000 1.04175840e+00
-3.90900000 1.23599540e+00
-3.87900000 1.51370500e+00
-3.84900000 1.93248980e+00
-3.81900000 2.60840510e+00
-3.78900000 3.79463230e+00
-3.75900000 6.06407980e+00
-3.72900000 1.03869136e+01
-3.69900000 1.50291991e+01
-3.66900000 1.26330419e+01
-3.63900000 8.16518240e+00
-3.60900000 6.03629600e+00
-3.57900000 5.66590800e+00
-3.54900000 6.73811300e+00
-3.51900000 9.85358700e+00
-3.48900000 1.63106820e+01
-3.45900000 2.24104870e+01
-3.42900000 1.74260500e+01
-3.39900000 1.03680340e+01
-3.34509000 5.13141200e+00
-3.31509000 3.70676200e+00
-3.28509000 2.78917600e+00
-3.25509000 2.25745000e+00
-3.22509000 1.94570800e+00
-3.19509000 1.76389300e+00
-3.16509000 1.66774100e+00
-3.13509000 1.63592400e+00
-3.10509000 1.66024700e+00
-3.07509000 1.74251100e+00
-3.04509000 1.89589000e+00
-3.01509000 2.15226800e+00
-2.98509000 2.58206100e+00
-2.95509000 3.33667000e+00
-2.92509000 4.61851000e+00
-2.89509000 5.92933000e+00
-2.86509000 6.53518000e+00
-2.83509000 7.73290000e+00
-2.80509000 1.11715400e+01
-2.75118000 1.96036600e+01
-2.72118000 1.44276600e+01
-2.69118000 9.57000000e+00
-2.66118000 7.39738000e+00
-2.63118000 6.79175000e+00
-2.60118000 7.16544000e+00
-2.57118000 8.43776000e+00
-2.54118000 1.09262130e+01
-2.51118000 1.55370030e+01
-2.48118000 2.43723350e+01
-2.45118000 4.09200540e+01
-2.42118000 6.24408460e+01
-2.39118000 7.99708370e+01
-2.36118000 7.54952660e+01
-2.33118000 4.65400520e+01
-2.30118000 2.67316000e+01
-2.27118000 1.67185620e+01
-2.24118000 1.15267060e+01
-2.21118000 8.69927900e+00
-2.15727000 6.74807000e+00
-2.12727000 7.02685000e+00
-2.09727000 7.63156000e+00
-2.06727000 7.47352000e+00
-2.03727000 8.20068000e+00
-2.00727000 9.66311000e+00
-1.97727000 9.22451000e+00
-1.94727000 9.35627000e+00
-1.91727000 1.04837800e+01
-1.88727000 8.37059000e+00
-1.85727000 5.43962400e+00
-1.82727000 3.78455400e+00
-1.79727000 2.93392400e+00
-1.76727000 2.48530600e+00
-1.73727000 2.25570200e+00
-1.70727000 2.12904600e+00
-1.67727000 2.07424200e+00
-1.64727000 2.12863000e+00
-1.61727000 2.32125000e+00
-1.56336000 3.30441100e+00
-1.53336000 4.54863000e+00
-1.50336000 6.38380000e+00
-1.47336000 8.52295000e+00
-1.44336000 1.08496200e+01
-1.41336000 1.03598100e+01
-1.38336000 8.21774000e+00
-1.35336000 7.55500000e+00
-1.32336000 7.45389000e+00
-1.29336000 7.25749000e+00
-1.26336000 6.03470000e+00
-1.23336000 4.86916500e+00
-1.20336000 4.64750100e+00
-1.17336000 5.36661400e+00
-1.14336000 7.37619100e+00
-1.11336000 1.16376380e+01
-1.08336000 1.70722440e+01
-1.05336000 1.53382190e+01
-1.02336000 9.92935100e+00
-0.96945600 5.64438000e+00
-0.93945600 5.16318000e+00
-0.90945600 5.67061000e+00
-0.87945600 7.44307000e+00
-0.84945600 1.05891500e+01
-0.81945600 1.22855100e+01
-0.78945600 1.21638800e+01
-0.75945600 1.32162000e+01
-0.72945600 1.46104600e+01
-0.69945600 1.28806300e+01
-0.66945600 9.42273000e+00
-0.63945600 6.67250800e+00
-0.60945600 5.35424800e+00
-0.57945600 4.97748200e+00
-0.54945600 5.31653200e+00
-0.51945600 6.44912500e+00
-0.48945600 7.83895900e+00
-0.45945600 7.87608400e+00
-0.42945600 8.08290100e+00
-0.37554700 1.26371930e+01
-0.34554700 1.68057880e+01
-0.31554700 1.79752830e+01
-0.28554700 2.01526460e+01
-0.25554700 2.78267810e+01
-0.22554700 4.53867650e+01
-0.19554700 7.91301000e+01
-0.16554700 1.05627470e+02
-0.13554700 7.72230500e+01
-0.10554700 4.36517940e+01
-0.07554740 2.58775010e+01
-0.04554740 1.70721920e+01
-0.01554740 1.26031000e+01
0.01445260 1.02327000e+01
0.04445260 8.34140000e+00
0.07445260 6.96284700e+00
0.10445300 6.36841700e+00
0.13445300 6.54946000e+00
0.16445300 7.76914300e+00
0.21836100 1.23191410e+01
0.24836100 1.11389640e+01
0.27836100 9.88944900e+00
0.30836100 1.12430100e+01
0.33836100 1.56420400e+01
0.36836100 2.31639700e+01
0.39836100 2.81358710e+01
0.42836100 2.22197480e+01
0.45836100 1.52623310e+01
0.48836100 9.82935700e+00
0.51836100 6.63695700e+00
0.54836100 4.85631700e+00
0.57836100 3.67683800e+00
0.60836100 2.89681500e+00
0.63836100 2.40373700e+00
0.66836100 2.08580200e+00
0.69836100 1.87549100e+00
0.72836100 1.73325800e+00
0.75836100 1.64664200e+00
