# E(MeV)  S_NSDRNSDR(K=0) for Gd167_DDPCX
-5.12682000 8.08832000e-02
-5.09682000 1.07089000e-01
-5.06682000 1.44390000e-01
-5.03682000 2.00239000e-01
-5.00682000 2.89174000e-01
-4.97682000 4.41853000e-01
-4.94682000 7.27531000e-01
-4.91682000 1.29694000e+00
-4.88682000 2.26634000e+00
-4.85682000 2.63256000e+00
-4.82682000 1.70805000e+00
-4.79682000 9.45071000e-01
-4.76682000 5.56431000e-01
-4.73682000 3.57274000e-01
-4.70682000 2.46627000e-01
-4.67682000 1.80235000e-01
-4.64682000 1.37841000e-01
-4.61682000 1.09421000e-01
-4.58682000 8.96362000e-02
-4.53291000 6.69323000e-02
-4.50291000 5.87300000e-02
-4.47291000 5.25719000e-02
-4.44291000 4.79218000e-02
-4.41291000 4.44120000e-02
-4.38291000 4.17840000e-02
-4.35291000 3.98526000e-02
-4.32291000 3.84827000e-02
-4.29291000 3.75747000e-02
-4.26291000 3.70544000e-02
-4.23291000 3.68663000e-02
-4.20291000 3.69690000e-02
-4.17291000 3.73318000e-02
-4.14291000 3.79327000e-02
-4.11291000 3.87564000e-02
-4.08291000 3.97936000e-02
-4.05291000 4.10403000e-02
-4.02291000 4.24970000e-02
-3.99291000 4.41688000e-02
-3.93900000 4.77484000e-02
-3.90900000 5.00914000e-02
-3.87900000 5.27170000e-02
-3.84900000 5.56598000e-02
-3.81900000 5.89651000e-02
-3.78900000 6.26923000e-02
-3.75900000 6.69198000e-02
-3.72900000 7.17536000e-02
-3.69900000 7.73391000e-02
-3.66900000 8.38819000e-02
-3.63900000 9.16824000e-02
-3.60900000 1.01196000e-01
-3.57900000 1.13148000e-01
-3.54900000 1.28753000e-01
-3.51900000 1.50187000e-01
-3.48900000 1.81642000e-01
-3.45900000 2.31887000e-01
-3.42900000 3.20630000e-01
-3.39900000 4.90434000e-01
-3.34509000 8.93512000e-01
-3.31509000 6.85202000e-01
-3.28509000 4.68176000e-01
-3.25509000 3.65386000e-01
-3.22509000 3.26612000e-01
-3.19509000 3.20593000e-01
-3.16509000 3.34489000e-01
-3.13509000 3.63802000e-01
-3.10509000 4.08159000e-01
-3.07509000 4.69969000e-01
-3.04509000 5.54454000e-01
-3.01509000 6.70724000e-01
-2.98509000 8.34267000e-01
-2.95509000 1.07215000e+00
-2.92509000 1.43413000e+00
-2.89509000 2.01807000e+00
-2.86509000 3.03174000e+00
-2.83509000 4.94614000e+00
-2.80509000 8.76940000e+00
-2.75118000 1.71995000e+01
-2.72118000 1.17965000e+01
-2.69118000 6.57186000e+00
-2.66118000 3.86332000e+00
-2.63118000 2.48653000e+00
-2.60118000 1.73000000e+00
-2.57118000 1.28104000e+00
-2.54118000 9.97913000e-01
-2.51118000 8.11383000e-01
-2.48118000 6.85135000e-01
-2.45118000 5.99054000e-01
-2.42118000 5.41646000e-01
-2.39118000 5.06437000e-01
-2.36118000 4.90266000e-01
-2.33118000 4.92652000e-01
-2.30118000 5.16000000e-01
-2.27118000 5.66922000e-01
-2.24118000 6.59726000e-01
-2.21118000 8.25119000e-01
-2.15727000 1.57453000e+00
-2.12727000 2.53327000e+00
-2.09727000 3.35562000e+00
-2.06727000 2.82022000e+00
-2.03727000 2.26766000e+00
-2.00727000 2.38943000e+00
-1.97727000 3.31177000e+00
-1.94727000 5.41953000e+00
-1.91727000 7.67464000e+00
-1.88727000 6.16221000e+00
-1.85727000 3.57530000e+00
-1.82727000 2.12880000e+00
-1.79727000 1.40368000e+00
-1.76727000 1.01836000e+00
-1.73727000 8.01628000e-01
-1.70727000 6.78738000e-01
-1.67727000 6.16760000e-01
-1.64727000 6.04052000e-01
-1.61727000 6.44954000e-01
-1.56336000 9.61671000e-01
-1.53336000 1.44283000e+00
-1.50336000 2.18044000e+00
-1.47336000 2.27373000e+00
-1.44336000 1.73498000e+00
-1.41336000 1.55067000e+00
-1.38336000 1.90040000e+00
-1.35336000 2.59328000e+00
-1.32336000 2.39147000e+00
-1.29336000 1.54327000e+00
-1.26336000 1.02560000e+00
-1.23336000 7.46765000e-01
-1.20336000 5.89061000e-01
-1.17336000 5.09694000e-01
-1.14336000 4.77711000e-01
-1.11336000 4.78618000e-01
-1.08336000 5.08584000e-01
-1.05336000 5.71259000e-01
-1.02336000 6.78571000e-01
-0.96945600 1.08138000e+00
-0.93945600 1.55758000e+00
-0.90945600 2.46377000e+00
-0.87945600 4.26245000e+00
-0.84945600 7.07495000e+00
-0.81945600 7.91229000e+00
-0.78945600 5.94796000e+00
-0.75945600 3.59644000e+00
-0.72945600 2.12498000e+00
-0.69945600 1.36245000e+00
-0.66945600 9.49150000e-01
-0.63945600 7.06788000e-01
-0.60945600 5.54868000e-01
-0.57945600 4.54842000e-01
-0.54945600 3.86872000e-01
-0.51945600 3.40145000e-01
-0.48945600 3.08599000e-01
-0.45945600 2.88944000e-01
-0.42945600 2.79561000e-01
-0.37554700 2.88713000e-01
-0.34554700 3.14068000e-01
-0.31554700 3.63843000e-01
-0.28554700 4.57046000e-01
-0.25554700 6.36981000e-01
-0.22554700 9.99365000e-01
-0.19554700 1.63910000e+00
-0.16554700 1.97407000e+00
-0.13554700 1.42125000e+00
-0.10554700 9.47794000e-01
-0.07554740 7.78301000e-01
-0.04554740 8.42252000e-01
-0.01554740 1.15932000e+00
0.01445260 1.54322000e+00
0.04445260 1.28012000e+00
0.07445260 8.10347000e-01
0.10445300 5.51497000e-01
0.13445300 4.33820000e-01
0.16445300 3.91643000e-01
0.21836100 4.50241000e-01
0.24836100 5.86884000e-01
0.27836100 8.83449000e-01
0.30836100 1.47087000e+00
0.33836100 2.06222000e+00
0.36836100 1.65237000e+00
0.39836100 9.96471000e-01
0.42836100 6.43348000e-01
0.45836100 4.91931000e-01
0.48836100 4.65897000e-01
0.51836100 5.36957000e-01
0.54836100 5.71537000e-01
0.57836100 4.35818000e-01
0.60836100 2.97615000e-01
0.63836100 2.21197000e-01
0.66836100 1.80792000e-01
0.69836100 1.58809000e-01
0.72836100 1.47652000e-01
0.75836100 1.44524000e-01
