# E(MeV)  S_GAMTGAMT(Total=K0+2*K1) for Gd167_DDPCX
-5.12682000 1.69834800e-02
-5.09682000 1.52699400e-02
-5.06682000 1.30178600e-02
-5.03682000 1.19241400e-02
-5.00682000 1.15223600e-02
-4.97682000 1.14781800e-02
-4.94682000 1.16581100e-02
-4.91682000 1.20259200e-02
-4.88682000 1.26016800e-02
-4.85682000 1.34585400e-02
-4.82682000 1.47486600e-02
-4.79682000 1.67754700e-02
-4.76682000 2.01721900e-02
-4.73682000 2.63509300e-02
-4.70682000 3.85069300e-02
-4.67682000 6.13376600e-02
-4.64682000 8.08869100e-02
-4.61682000 6.29956800e-02
-4.58682000 3.97609400e-02
-4.53291000 2.20197100e-02
-4.50291000 1.82474700e-02
-4.47291000 1.61010200e-02
-4.44291000 1.48039200e-02
-4.41291000 1.39870700e-02
-4.38291000 1.34610100e-02
-4.35291000 1.31216400e-02
-4.32291000 1.29085200e-02
-4.29291000 1.27849600e-02
-4.26291000 1.27278500e-02
-4.23291000 1.27223500e-02
-4.20291000 1.27588900e-02
-4.17291000 1.28313800e-02
-4.14291000 1.29361200e-02
-4.11291000 1.30713900e-02
-4.08291000 1.32369400e-02
-4.05291000 1.34340400e-02
-4.02291000 1.36654600e-02
-3.99291000 1.39358300e-02
-3.93900000 1.45452800e-02
-3.90900000 1.49748300e-02
-3.87900000 1.54746800e-02
-3.84900000 1.60569700e-02
-3.81900000 1.67797300e-02
-3.78900000 1.77037500e-02
-3.75900000 1.89209800e-02
-3.72900000 2.05990200e-02
-3.69900000 2.30654000e-02
-3.66900000 2.70140400e-02
-3.63900000 3.39655600e-02
-3.60900000 4.61990400e-02
-3.57900000 5.79328000e-02
-3.54900000 5.40474200e-02
-3.51900000 4.94779400e-02
-3.48900000 5.32319200e-02
-3.45900000 6.64681000e-02
-3.42900000 9.48354200e-02
-3.39900000 1.53141940e-01
-3.34509000 2.96198200e-01
-3.31509000 2.24991400e-01
-3.28509000 1.56704400e-01
-3.25509000 1.24549300e-01
-3.22509000 9.88074000e-02
-3.19509000 7.30947000e-02
-3.16509000 5.23871000e-02
-3.13509000 4.03879000e-02
-3.10509000 3.35103000e-02
-3.07509000 2.92905000e-02
-3.04509000 2.65432200e-02
-3.01509000 2.46812400e-02
-2.98509000 2.33934200e-02
-2.95509000 2.25076900e-02
-2.92509000 2.19357200e-02
-2.89509000 2.16594500e-02
-2.86509000 2.17385100e-02
-2.83509000 2.21103600e-02
-2.80509000 2.19148800e-02
-2.75118000 2.09097700e-02
-2.72118000 2.07265800e-02
-2.69118000 2.06999600e-02
-2.66118000 2.07674400e-02
-2.63118000 2.09003700e-02
-2.60118000 2.10849300e-02
-2.57118000 2.13142300e-02
-2.54118000 2.15849700e-02
-2.51118000 2.18961200e-02
-2.48118000 2.22482900e-02
-2.45118000 2.26436100e-02
-2.42118000 2.30858000e-02
-2.39118000 2.35805600e-02
-2.36118000 2.41361500e-02
-2.33118000 2.47624200e-02
-2.30118000 2.54693900e-02
-2.27118000 2.62825200e-02
-2.24118000 2.72403100e-02
-2.21118000 2.83986300e-02
-2.15727000 3.13450000e-02
-2.12727000 3.39156000e-02
-2.09727000 3.78775000e-02
-2.06727000 4.38320000e-02
-2.03727000 5.01300000e-02
-2.00727000 5.81102000e-02
-1.97727000 7.09462000e-02
-1.94727000 9.04569000e-02
-1.91727000 9.67115000e-02
-1.88727000 7.79094000e-02
-1.85727000 6.47478000e-02
-1.82727000 6.09279000e-02
-1.79727000 6.33771000e-02
-1.76727000 7.17914000e-02
-1.73727000 8.54043000e-02
-1.70727000 9.49443000e-02
-1.67727000 1.06715500e-01
-1.64727000 1.37891700e-01
-1.61727000 1.97573200e-01
-1.56336000 2.17294900e-01
-1.53336000 1.91926900e-01
-1.50336000 2.10477200e-01
-1.47336000 2.86428800e-01
-1.44336000 4.54295400e-01
-1.41336000 6.65717600e-01
-1.38336000 5.98104200e-01
-1.35336000 4.06935000e-01
-1.32336000 3.00491600e-01
-1.29336000 2.18023400e-01
-1.26336000 1.62043700e-01
-1.23336000 1.32702600e-01
-1.20336000 1.18107500e-01
-1.17336000 1.11410500e-01
-1.14336000 1.09773800e-01
-1.11336000 1.12067200e-01
-1.08336000 1.17932900e-01
-1.05336000 1.27711800e-01
-1.02336000 1.42559200e-01
-0.96945600 1.91491800e-01
-0.93945600 2.44122000e-01
-0.90945600 3.35653000e-01
-0.87945600 4.71883000e-01
-0.84945600 6.00237000e-01
-0.81945600 7.66319800e-01
-0.78945600 9.54580600e-01
-0.75945600 1.28421020e+00
-0.72945600 1.46353130e+00
-0.69945600 1.11446360e+00
-0.66945600 8.15670300e-01
-0.63945600 6.23720200e-01
-0.60945600 4.94297400e-01
-0.57945600 4.39684600e-01
-0.54945600 4.39068300e-01
-0.51945600 4.73013900e-01
-0.48945600 5.46756600e-01
-0.45945600 6.82283800e-01
-0.42945600 8.91637000e-01
-0.37554700 1.36652200e+00
-0.34554700 1.58228760e+00
-0.31554700 2.08246540e+00
-0.28554700 3.16937000e+00
-0.25554700 5.30251240e+00
-0.22554700 8.98289580e+00
-0.19554700 1.12244862e+01
-0.16554700 7.83371090e+00
-0.13554700 4.38988540e+00
-0.10554700 2.58116430e+00
-0.07554740 1.65954080e+00
-0.04554740 1.15893750e+00
-0.01554740 8.73682600e-01
0.01445260 6.95609700e-01
0.04445260 5.48395500e-01
0.07445260 4.36602000e-01
0.10445300 3.59942700e-01
0.13445300 3.03370100e-01
0.16445300 2.59829300e-01
0.21836100 2.07099400e-01
0.24836100 1.88146800e-01
0.27836100 1.75836600e-01
0.30836100 1.67842700e-01
0.33836100 1.55272000e-01
0.36836100 1.42172600e-01
0.39836100 1.34188300e-01
0.42836100 1.29951200e-01
0.45836100 1.28849800e-01
0.48836100 1.28055600e-01
0.51836100 1.24588300e-01
0.54836100 1.27043300e-01
0.57836100 1.41451800e-01
0.60836100 1.74737500e-01
0.63836100 2.10668100e-01
0.66836100 1.91135300e-01
0.69836100 1.60311100e-01
0.72836100 1.53992800e-01
0.75836100 1.72894500e-01
