# E(MeV)  S_GAMTGAMT(K=1) for Gd201_DDPCX
-17.13240000 2.50521000e-03
-17.10240000 2.43967000e-03
-17.07240000 2.41088000e-03
-17.04240000 2.39919000e-03
-17.01240000 2.39586000e-03
-16.98240000 2.39696000e-03
-16.95240000 2.40060000e-03
-16.92240000 2.40581000e-03
-16.89240000 2.41204000e-03
-16.86240000 2.41897000e-03
-16.83240000 2.42641000e-03
-16.80240000 2.43424000e-03
-16.77240000 2.44237000e-03
-16.74240000 2.45075000e-03
-16.71240000 2.45934000e-03
-16.68240000 2.46813000e-03
-16.65240000 2.47708000e-03
-16.62240000 2.48621000e-03
-16.59240000 2.49550000e-03
-16.56240000 2.50495000e-03
-16.53240000 2.51459000e-03
-16.50240000 2.52441000e-03
-16.47240000 2.53445000e-03
-16.44240000 2.54474000e-03
-16.41240000 2.55534000e-03
-16.38240000 2.56632000e-03
-16.35240000 2.57781000e-03
-16.32240000 2.59001000e-03
-16.29240000 2.60327000e-03
-16.26240000 2.61819000e-03
-16.23240000 2.63594000e-03
-16.20240000 2.65897000e-03
-16.17240000 2.69268000e-03
-16.14240000 2.74922000e-03
-16.11240000 2.84391000e-03
-16.08240000 2.91301000e-03
-16.05240000 2.85172000e-03
-16.02240000 2.78533000e-03
-15.99240000 2.75620000e-03
-15.96240000 2.74753000e-03
-15.93240000 2.74853000e-03
-15.90240000 2.75448000e-03
-15.87240000 2.76324000e-03
-15.84240000 2.77383000e-03
-15.81240000 2.78574000e-03
-15.78240000 2.79875000e-03
-15.75240000 2.81274000e-03
-15.72240000 2.82771000e-03
-15.69240000 2.84372000e-03
-15.66240000 2.86090000e-03
-15.63240000 2.87944000e-03
-15.60240000 2.89960000e-03
-15.57240000 2.92177000e-03
-15.54240000 2.94646000e-03
-15.51240000 2.97443000e-03
-15.48240000 3.00676000e-03
-15.45240000 3.04503000e-03
-15.42240000 3.09174000e-03
-15.39240000 3.15084000e-03
-15.33800000 3.31532000e-03
-15.30800000 3.46735000e-03
-15.27800000 3.71196000e-03
-15.24800000 4.13217000e-03
-15.21800000 4.80653000e-03
-15.18800000 5.82075000e-03
-15.15800000 7.05770000e-03
-15.12800000 7.05656000e-03
-15.09800000 7.00155000e-03
-15.06800000 7.66905000e-03
-15.03800000 6.93683000e-03
-15.00800000 5.48484000e-03
-14.97800000 4.62674000e-03
-14.94800000 4.24192000e-03
-14.91800000 4.16811000e-03
-14.88800000 4.38265000e-03
-14.85800000 4.78200000e-03
-14.82800000 4.63630000e-03
-14.79800000 4.12009000e-03
-14.76800000 3.80570000e-03
-14.73800000 3.65509000e-03
-14.70800000 3.58635000e-03
-14.67800000 3.56130000e-03
-14.64800000 3.56408000e-03
-14.61800000 3.58908000e-03
-14.58800000 3.63676000e-03
-14.55800000 3.71331000e-03
-14.52800000 3.83379000e-03
-14.49800000 4.03128000e-03
-14.46800000 4.37435000e-03
-14.43800000 4.93531000e-03
-14.40800000 5.55590000e-03
-14.37800000 6.36199000e-03
-14.34800000 7.54435000e-03
-14.31800000 7.96970000e-03
-14.28800000 8.12078000e-03
-14.25800000 8.06033000e-03
-14.22800000 7.67493000e-03
-14.19800000 6.42644000e-03
-14.16800000 5.31587000e-03
-14.13800000 4.75461000e-03
-14.10800000 4.52386000e-03
-14.07800000 4.50769000e-03
-14.04800000 4.70943000e-03
-14.01800000 5.11176000e-03
-13.98800000 5.27173000e-03
-13.95800000 5.25991000e-03
-13.92800000 5.43382000e-03
-13.89800000 5.76665000e-03
-13.86800000 5.85044000e-03
-13.83800000 5.33612000e-03
-13.80800000 4.94025000e-03
-13.77800000 4.59188000e-03
-13.74800000 4.36602000e-03
-13.71800000 4.26423000e-03
-13.68800000 4.23350000e-03
-13.65800000 4.24657000e-03
-13.62800000 4.29388000e-03
-13.59800000 4.37597000e-03
-13.54350000 4.65152000e-03
-13.51350000 4.92665000e-03
-13.48350000 5.38098000e-03
-13.45350000 6.19045000e-03
-13.42350000 7.70311000e-03
-13.39350000 1.01627000e-02
-13.36350000 1.25315000e-02
-13.33350000 1.24167000e-02
-13.30350000 9.69896000e-03
-13.27350000 7.79370000e-03
-13.24350000 7.09214000e-03
-13.21350000 7.33330000e-03
-13.18350000 8.15865000e-03
-13.15350000 8.22501000e-03
-13.12350000 7.19556000e-03
-13.09350000 6.42365000e-03
-13.06350000 6.23064000e-03
-13.03350000 6.48029000e-03
-13.00350000 7.11606000e-03
-12.97350000 8.03549000e-03
-12.94350000 9.32784000e-03
-12.91350000 1.06022000e-02
-12.88350000 1.22269000e-02
-12.85350000 1.24394000e-02
-12.82350000 1.11305000e-02
-12.79350000 1.04210000e-02
-12.76350000 9.90401000e-03
-12.73350000 9.36143000e-03
-12.70350000 8.33864000e-03
-12.67350000 7.83050000e-03
-12.64350000 7.76100000e-03
-12.61350000 7.71682000e-03
-12.58350000 7.30501000e-03
-12.55350000 7.36290000e-03
-12.52350000 8.14583000e-03
-12.49350000 8.95384000e-03
-12.46350000 9.48415000e-03
-12.43350000 9.62443000e-03
-12.40350000 8.26062000e-03
-12.37350000 7.05639000e-03
-12.34350000 6.41790000e-03
-12.31350000 6.05400000e-03
-12.28350000 5.85811000e-03
-12.25350000 5.78722000e-03
-12.22350000 5.79376000e-03
-12.19350000 5.87118000e-03
-12.16350000 6.06894000e-03
-12.13350000 6.42968000e-03
-12.10350000 6.94528000e-03
-12.07350000 7.35626000e-03
-12.04350000 7.49525000e-03
-12.01350000 7.76124000e-03
-11.98350000 7.84483000e-03
-11.95350000 7.91023000e-03
-11.92350000 8.36510000e-03
-11.89350000 9.51259000e-03
-11.86350000 1.18373000e-02
-11.83350000 1.57307000e-02
-11.80350000 1.90025000e-02
-11.74900000 1.83363000e-02
-11.71900000 2.25229000e-02
-11.68900000 2.97439000e-02
-11.65900000 2.79952000e-02
-11.62900000 2.08370000e-02
-11.59900000 1.79587000e-02
-11.56900000 1.73161000e-02
-11.53900000 1.48216000e-02
-11.50900000 1.20912000e-02
-11.47900000 1.00709000e-02
-11.44900000 8.98411000e-03
-11.41900000 8.60748000e-03
-11.38900000 8.49960000e-03
-11.35900000 8.23281000e-03
-11.32900000 8.09777000e-03
-11.29900000 8.45932000e-03
-11.26900000 9.42805000e-03
-11.23900000 9.94223000e-03
-11.20900000 9.11004000e-03
-11.17900000 8.60470000e-03
-11.14900000 8.73921000e-03
-11.11900000 8.75950000e-03
-11.08900000 8.59514000e-03
-11.05900000 8.82429000e-03
-11.02900000 9.06978000e-03
-10.99900000 8.44800000e-03
-10.96900000 7.84345000e-03
-10.93900000 7.61321000e-03
-10.90900000 7.66112000e-03
-10.87900000 7.91643000e-03
-10.84900000 8.07618000e-03
-10.81900000 8.09132000e-03
-10.78900000 8.31958000e-03
-10.75900000 8.73551000e-03
-10.72900000 9.01407000e-03
-10.69900000 9.24231000e-03
-10.66900000 9.42126000e-03
-10.63900000 9.83679000e-03
-10.60900000 1.02462000e-02
-10.57900000 1.08344000e-02
-10.54900000 1.07812000e-02
-10.51900000 1.02414000e-02
-10.48900000 9.84871000e-03
-10.45900000 9.66594000e-03
-10.42900000 9.42925000e-03
-10.39900000 9.19277000e-03
-10.36900000 9.07184000e-03
-10.33900000 9.08161000e-03
-10.30900000 9.23289000e-03
-10.27900000 9.52459000e-03
-10.24900000 1.00101000e-02
-10.21900000 1.07563000e-02
-10.18900000 1.14091000e-02
-10.15900000 1.15465000e-02
-10.12900000 1.18023000e-02
-10.09900000 1.25396000e-02
-10.06900000 1.39168000e-02
-10.03900000 1.59301000e-02
-10.00900000 1.76520000e-02
-9.95456000 2.25125000e-02
-9.92456000 2.92422000e-02
-9.89456000 3.99665000e-02
-9.86456000 5.28003000e-02
-9.83456000 7.39849000e-02
-9.80456000 9.04165000e-02
-9.77456000 8.47272000e-02
-9.74456000 7.04609000e-02
-9.71456000 5.11676000e-02
-9.68456000 3.77358000e-02
-9.65456000 3.12760000e-02
-9.62456000 2.99057000e-02
-9.59456000 2.98089000e-02
-9.56456000 2.58212000e-02
-9.53456000 2.12869000e-02
-9.50456000 1.84910000e-02
-9.47456000 1.70717000e-02
-9.44456000 1.64985000e-02
-9.41456000 1.64624000e-02
-9.38456000 1.69418000e-02
-9.35456000 1.80873000e-02
-9.32456000 1.99025000e-02
-9.29456000 2.24152000e-02
-9.26456000 2.56119000e-02
-9.23456000 2.75115000e-02
-9.20456000 2.75401000e-02
-9.17456000 2.75285000e-02
-9.14456000 2.91221000e-02
-9.11456000 3.33987000e-02
-9.08456000 4.21434000e-02
-9.05456000 5.78498000e-02
-9.02456000 7.43045000e-02
-8.99456000 9.21117000e-02
-8.96456000 1.14380000e-01
-8.93456000 9.93151000e-02
-8.90456000 7.22542000e-02
-8.87456000 5.59498000e-02
-8.84456000 4.94344000e-02
-8.81456000 4.88873000e-02
-8.78456000 5.30573000e-02
-8.75456000 5.81382000e-02
-8.72456000 6.29395000e-02
-8.69456000 7.25073000e-02
-8.66456000 9.18472000e-02
-8.63456000 1.14326000e-01
-8.60456000 1.16075000e-01
-8.57456000 1.05335000e-01
-8.54456000 1.02697000e-01
-8.51456000 1.05405000e-01
-8.48456000 1.07831000e-01
-8.45456000 1.29672000e-01
-8.42456000 1.72042000e-01
-8.39456000 2.38310000e-01
-8.36456000 2.59516000e-01
-8.33456000 2.07459000e-01
-8.30456000 1.55692000e-01
-8.27456000 1.19221000e-01
-8.24456000 1.01620000e-01
-8.21456000 8.67455000e-02
-8.16008000 6.73977000e-02
-8.13008000 6.38279000e-02
-8.10008000 6.70412000e-02
-8.07008000 7.59084000e-02
-8.04008000 8.96535000e-02
-8.01008000 1.18042000e-01
-7.98008000 1.77197000e-01
-7.95008000 2.48047000e-01
-7.92008000 2.15123000e-01
-7.89008000 1.38394000e-01
-7.86008000 9.45511000e-02
-7.83008000 7.45959000e-02
-7.80008000 6.74050000e-02
-7.77008000 6.86483000e-02
-7.74008000 7.41899000e-02
-7.71008000 7.33858000e-02
-7.68008000 6.92098000e-02
-7.65008000 6.96559000e-02
-7.62008000 6.73373000e-02
-7.59008000 6.51790000e-02
-7.56008000 6.86556000e-02
-7.53008000 7.85311000e-02
-7.50008000 9.65459000e-02
-7.47008000 1.30177000e-01
-7.44008000 1.80825000e-01
-7.41008000 2.11511000e-01
-7.38008000 1.97382000e-01
-7.35008000 1.72611000e-01
-7.32008000 1.57878000e-01
-7.29008000 1.54403000e-01
-7.26008000 1.47788000e-01
-7.23008000 1.42648000e-01
-7.20008000 1.46166000e-01
-7.17008000 1.58178000e-01
-7.14008000 1.84288000e-01
-7.11008000 2.29837000e-01
-7.08008000 2.99909000e-01
-7.05008000 4.22869000e-01
-7.02008000 6.34931000e-01
-6.99008000 8.06380000e-01
-6.96008000 8.31956000e-01
-6.93008000 9.34216000e-01
-6.90008000 1.31181000e+00
-6.87008000 2.05864000e+00
-6.84008000 2.49477000e+00
-6.81008000 1.76187000e+00
-6.78008000 1.03366000e+00
-6.75008000 6.60447000e-01
-6.72008000 4.77784000e-01
-6.69008000 3.92818000e-01
-6.66008000 3.47828000e-01
-6.63008000 3.20016000e-01
-6.60008000 2.97762000e-01
-6.57008000 2.63469000e-01
-6.54008000 2.45734000e-01
-6.51008000 2.47105000e-01
-6.48008000 2.61683000e-01
-6.45008000 2.93443000e-01
-6.42008000 3.40935000e-01
-6.36561000 5.12659000e-01
-6.33561000 6.83526000e-01
-6.30561000 9.27965000e-01
-6.27561000 1.32696000e+00
-6.24561000 2.03273000e+00
-6.21561000 2.29950000e+00
-6.18561000 1.67565000e+00
-6.15561000 1.22699000e+00
-6.12561000 1.15565000e+00
-6.09561000 1.38388000e+00
-6.06561000 1.88338000e+00
-6.03561000 2.70086000e+00
-6.00561000 3.31512000e+00
-5.97561000 3.36056000e+00
-5.94561000 2.83889000e+00
-5.91561000 1.94921000e+00
-5.88561000 1.31319000e+00
-5.85561000 9.91171000e-01
-5.82561000 7.69624000e-01
-5.79561000 5.84632000e-01
-5.76561000 4.76951000e-01
-5.73561000 3.99486000e-01
-5.70561000 3.39038000e-01
-5.67561000 3.07686000e-01
-5.64561000 3.01064000e-01
-5.61561000 3.15120000e-01
-5.58561000 3.38861000e-01
-5.55561000 3.74103000e-01
-5.52561000 4.46753000e-01
-5.49561000 5.66678000e-01
-5.46561000 7.00338000e-01
-5.43561000 8.65405000e-01
-5.40561000 1.21530000e+00
-5.37561000 1.75925000e+00
-5.34561000 2.13305000e+00
-5.31561000 1.89592000e+00
-5.28561000 1.40868000e+00
-5.25561000 1.23970000e+00
-5.22561000 1.43791000e+00
-5.19561000 2.02859000e+00
-5.16561000 2.89678000e+00
-5.13561000 3.05850000e+00
-5.10561000 2.66210000e+00
-5.07561000 2.49092000e+00
-5.04561000 2.04142000e+00
-5.01561000 1.46049000e+00
-4.98561000 1.15423000e+00
-4.95561000 9.51329000e-01
-4.92561000 6.96826000e-01
-4.89561000 5.13260000e-01
-4.86561000 4.18418000e-01
-4.83561000 3.55567000e-01
-4.80561000 2.88069000e-01
-4.77561000 2.35514000e-01
-4.74561000 2.04660000e-01
-4.71561000 1.89237000e-01
-4.68561000 1.84010000e-01
-4.65561000 1.90274000e-01
-4.62561000 2.15442000e-01
-4.57114000 2.96030000e-01
-4.54114000 3.34235000e-01
-4.51114000 3.99104000e-01
-4.48114000 5.53584000e-01
-4.45114000 6.49451000e-01
-4.42114000 5.07637000e-01
-4.39114000 3.61669000e-01
-4.36114000 2.85005000e-01
-4.33114000 2.47845000e-01
-4.30114000 2.37296000e-01
-4.27114000 2.53181000e-01
-4.24114000 2.95066000e-01
-4.21114000 3.74229000e-01
-4.18114000 5.21911000e-01
-4.15114000 7.85790000e-01
-4.12114000 1.21064000e+00
-4.09114000 1.61601000e+00
-4.06114000 1.80658000e+00
-4.03114000 1.60186000e+00
-4.00114000 1.08176000e+00
-3.97114000 8.01706000e-01
-3.94114000 7.52193000e-01
-3.91114000 8.39229000e-01
-3.88114000 8.99860000e-01
-3.85114000 8.08250000e-01
-3.82114000 5.63984000e-01
-3.79114000 3.88799000e-01
-3.76114000 3.06023000e-01
-3.73114000 2.79334000e-01
-3.70114000 2.87994000e-01
-3.67114000 3.19976000e-01
-3.64114000 2.96310000e-01
-3.61114000 2.40353000e-01
-3.58114000 2.08908000e-01
-3.55114000 2.14445000e-01
-3.52114000 2.35780000e-01
-3.49114000 2.23060000e-01
-3.46114000 1.91583000e-01
-3.43114000 1.66337000e-01
-3.40114000 1.55331000e-01
-3.37114000 1.50530000e-01
-3.34114000 1.30258000e-01
-3.31114000 1.11975000e-01
-3.28114000 1.05430000e-01
-3.25114000 1.03647000e-01
-3.22114000 1.03607000e-01
-3.19114000 1.09176000e-01
-3.16114000 1.22335000e-01
-3.13114000 1.45493000e-01
-3.10114000 1.93270000e-01
-3.07114000 2.63036000e-01
-3.04114000 2.74705000e-01
-3.01114000 2.40420000e-01
-2.98114000 2.23325000e-01
-2.95114000 2.04265000e-01
-2.92114000 1.86895000e-01
-2.89114000 1.95578000e-01
-2.86114000 2.36433000e-01
-2.83114000 2.86576000e-01
-2.77667000 2.33166000e-01
-2.74667000 1.97819000e-01
-2.71667000 1.90784000e-01
-2.68667000 1.87082000e-01
-2.65667000 1.92447000e-01
-2.62667000 2.13494000e-01
-2.59667000 2.49506000e-01
-2.56667000 3.15670000e-01
-2.53667000 4.04218000e-01
-2.50667000 4.49778000e-01
-2.47667000 4.20318000e-01
-2.44667000 3.87496000e-01
-2.41667000 4.03079000e-01
-2.38667000 4.85542000e-01
-2.35667000 5.31460000e-01
-2.32667000 4.92473000e-01
-2.29667000 4.88420000e-01
-2.26667000 5.97750000e-01
-2.23667000 8.45682000e-01
-2.20667000 1.11904000e+00
-2.17667000 1.01440000e+00
-2.14667000 7.53407000e-01
-2.11667000 6.30642000e-01
-2.08667000 5.77200000e-01
-2.05667000 5.21713000e-01
-2.02667000 4.32988000e-01
-1.99667000 3.48370000e-01
-1.96667000 3.09526000e-01
-1.93667000 3.10571000e-01
-1.90667000 3.23301000e-01
-1.87667000 3.51681000e-01
-1.84667000 3.64757000e-01
-1.81667000 3.87684000e-01
-1.78667000 4.39093000e-01
-1.75667000 4.25728000e-01
-1.72667000 3.95670000e-01
-1.69667000 4.22618000e-01
-1.66667000 5.24295000e-01
-1.63667000 7.34262000e-01
-1.60667000 1.05519000e+00
-1.57667000 1.24807000e+00
-1.54667000 1.30813000e+00
-1.51667000 1.38838000e+00
-1.48667000 1.71781000e+00
-1.45667000 1.95680000e+00
-1.42667000 1.66199000e+00
-1.39667000 1.26793000e+00
-1.36667000 1.11738000e+00
-1.33667000 1.23164000e+00
-1.30667000 1.42482000e+00
-1.27667000 1.45963000e+00
-1.24667000 1.36438000e+00
-1.21667000 1.34204000e+00
-1.18667000 1.54221000e+00
-1.15667000 2.13283000e+00
-1.12667000 3.37273000e+00
-1.09667000 4.47715000e+00
-1.06667000 3.81038000e+00
-1.03667000 2.56207000e+00
-0.98220100 1.63942000e+00
-0.95220100 1.43646000e+00
-0.92220100 1.25903000e+00
-0.89220100 1.21878000e+00
-0.86220100 1.28478000e+00
-0.83220100 1.40655000e+00
-0.80220100 1.76937000e+00
-0.77220100 2.51690000e+00
-0.74220100 2.85781000e+00
-0.71220100 2.29841000e+00
-0.68220100 1.98267000e+00
-0.65220100 2.19112000e+00
-0.62220100 2.47379000e+00
-0.59220100 2.03854000e+00
-0.56220100 1.46898000e+00
-0.53220100 1.19927000e+00
-0.50220100 1.03589000e+00
-0.47220100 9.24663000e-01
-0.44220100 9.59021000e-01
-0.41220100 1.18778000e+00
-0.38220100 1.58974000e+00
-0.35220100 1.96702000e+00
-0.32220100 2.25534000e+00
-0.29220100 2.70616000e+00
-0.26220100 2.99601000e+00
-0.23220100 2.40373000e+00
-0.20220100 1.59106000e+00
-0.17220100 1.08382000e+00
-0.14220100 8.20446000e-01
-0.11220100 7.44447000e-01
-0.08220100 7.95531000e-01
-0.05220100 7.94157000e-01
-0.02220100 6.28790000e-01
0.00779905 4.85188000e-01
0.03779900 3.88913000e-01
0.06779900 3.29374000e-01
0.09779900 3.02791000e-01
0.12779900 2.99808000e-01
0.15779900 3.17975000e-01
0.18779900 3.64921000e-01
0.21779900 4.40301000e-01
0.24779900 5.63870000e-01
0.27779900 7.39256000e-01
0.30779900 8.13504000e-01
0.33779900 7.52708000e-01
0.36779900 6.43314000e-01
0.39779900 5.87344000e-01
0.42779900 6.04997000e-01
0.45779900 6.82635000e-01
0.48779900 8.26495000e-01
0.51779900 9.62993000e-01
0.54779900 1.03011000e+00
0.57779900 1.09610000e+00
0.60779900 1.12911000e+00
0.63779900 1.11977000e+00
0.66779900 9.84869000e-01
0.69779900 9.29075000e-01
0.72779900 9.43440000e-01
0.75779900 9.06263000e-01
