# E(MeV)  S_NSDRNSDR(K=1) for Gd201_DDPCX
-17.13240000 1.33710000e-01
-17.10240000 1.35360000e-01
-17.07240000 1.37041000e-01
-17.04240000 1.38756000e-01
-17.01240000 1.40507000e-01
-16.98240000 1.42295000e-01
-16.95240000 1.44125000e-01
-16.92240000 1.45999000e-01
-16.89240000 1.47919000e-01
-16.86240000 1.49890000e-01
-16.83240000 1.51916000e-01
-16.80240000 1.54001000e-01
-16.77240000 1.56151000e-01
-16.74240000 1.58372000e-01
-16.71240000 1.60673000e-01
-16.68240000 1.63063000e-01
-16.65240000 1.65555000e-01
-16.62240000 1.68166000e-01
-16.59240000 1.70917000e-01
-16.56240000 1.73840000e-01
-16.53240000 1.76981000e-01
-16.50240000 1.80413000e-01
-16.47240000 1.84252000e-01
-16.44240000 1.88709000e-01
-16.41240000 1.94167000e-01
-16.38240000 2.01244000e-01
-16.35240000 2.10738000e-01
-16.32240000 2.25621000e-01
-16.29240000 2.52266000e-01
-16.26240000 2.89718000e-01
-16.23240000 3.00911000e-01
-16.20240000 2.77935000e-01
-16.17240000 2.53166000e-01
-16.14240000 2.41351000e-01
-16.11240000 2.37694000e-01
-16.08240000 2.38070000e-01
-16.05240000 2.40608000e-01
-16.02240000 2.44476000e-01
-15.99240000 2.49296000e-01
-15.96240000 2.54890000e-01
-15.93240000 2.61176000e-01
-15.90240000 2.68143000e-01
-15.87240000 2.75824000e-01
-15.84240000 2.84278000e-01
-15.81240000 2.93583000e-01
-15.78240000 3.03848000e-01
-15.75240000 3.15211000e-01
-15.72240000 3.27845000e-01
-15.69240000 3.41967000e-01
-15.66240000 3.57848000e-01
-15.63240000 3.75831000e-01
-15.60240000 3.96352000e-01
-15.57240000 4.19974000e-01
-15.54240000 4.47426000e-01
-15.51240000 4.79678000e-01
-15.48240000 5.18030000e-01
-15.45240000 5.64264000e-01
-15.42240000 6.20870000e-01
-15.39240000 6.91416000e-01
-15.33800000 8.73974000e-01
-15.30800000 1.02203000e+00
-15.27800000 1.22580000e+00
-15.24800000 1.51750000e+00
-15.21800000 1.95565000e+00
-15.18800000 2.65425000e+00
-15.15800000 3.85333000e+00
-15.12800000 6.09454000e+00
-15.09800000 1.05609000e+01
-15.06800000 1.82298000e+01
-15.03800000 2.13671000e+01
-15.00800000 1.41054000e+01
-14.97800000 7.98570000e+00
-14.94800000 4.86945000e+00
-14.91800000 3.28578000e+00
-14.88800000 2.42317000e+00
-14.85800000 1.92989000e+00
-14.82800000 1.65305000e+00
-14.79800000 1.53303000e+00
-14.76800000 1.56722000e+00
-14.73800000 1.82051000e+00
-14.70800000 2.36658000e+00
-14.67800000 2.58005000e+00
-14.64800000 1.99488000e+00
-14.61800000 1.45353000e+00
-14.58800000 1.14762000e+00
-14.55800000 9.89358000e-01
-14.52800000 9.05610000e-01
-14.49800000 8.61644000e-01
-14.46800000 8.41636000e-01
-14.43800000 8.38056000e-01
-14.40800000 8.47318000e-01
-14.37800000 8.68060000e-01
-14.34800000 9.00621000e-01
-14.31800000 9.47251000e-01
-14.28800000 1.01188000e+00
-14.25800000 1.09305000e+00
-14.22800000 1.17807000e+00
-14.19800000 1.28202000e+00
-14.16800000 1.38873000e+00
-14.13800000 1.50730000e+00
-14.10800000 1.67319000e+00
-14.07800000 1.90558000e+00
-14.04800000 2.22973000e+00
-14.01800000 2.69220000e+00
-13.98800000 3.35341000e+00
-13.95800000 4.25162000e+00
-13.92800000 5.54955000e+00
-13.89800000 7.44445000e+00
-13.86800000 1.05100000e+01
-13.83800000 1.53282000e+01
-13.80800000 2.40597000e+01
-13.77800000 4.14320000e+01
-13.74800000 5.88889000e+01
-13.71800000 4.65205000e+01
-13.68800000 2.66346000e+01
-13.65800000 1.56899000e+01
-13.62800000 1.02439000e+01
-13.59800000 7.28423000e+00
-13.54350000 4.84413000e+00
-13.51350000 4.46027000e+00
-13.48350000 4.35659000e+00
-13.45350000 3.88223000e+00
-13.42350000 3.44660000e+00
-13.39350000 3.36727000e+00
-13.36350000 3.64614000e+00
-13.33350000 4.40073000e+00
-13.30350000 6.01765000e+00
-13.27350000 9.38634000e+00
-13.24350000 1.51175000e+01
-13.21350000 1.71547000e+01
-13.18350000 1.17474000e+01
-13.15350000 7.40285000e+00
-13.12350000 5.39971000e+00
-13.09350000 4.77711000e+00
-13.06350000 5.18799000e+00
-13.03350000 6.36798000e+00
-13.00350000 6.48954000e+00
-12.97350000 5.68936000e+00
-12.94350000 5.99266000e+00
-12.91350000 7.84539000e+00
-12.88350000 1.08444000e+01
-12.85350000 1.08017000e+01
-12.82350000 7.76567000e+00
-12.79350000 6.26656000e+00
-12.76350000 5.81210000e+00
-12.73350000 4.94652000e+00
-12.70350000 4.61895000e+00
-12.67350000 5.40553000e+00
-12.64350000 6.23051000e+00
-12.61350000 4.93519000e+00
-12.58350000 3.43158000e+00
-12.55350000 2.62782000e+00
-12.52350000 2.23480000e+00
-12.49350000 2.05255000e+00
-12.46350000 2.00367000e+00
-12.43350000 2.07769000e+00
-12.40350000 2.27140000e+00
-12.37350000 2.44530000e+00
-12.34350000 2.62668000e+00
-12.31350000 2.67684000e+00
-12.28350000 2.47772000e+00
-12.25350000 2.36663000e+00
-12.22350000 2.41687000e+00
-12.19350000 2.58735000e+00
-12.16350000 2.75737000e+00
-12.13350000 2.88469000e+00
-12.10350000 3.10369000e+00
-12.07350000 3.44795000e+00
-12.04350000 3.93644000e+00
-12.01350000 4.62004000e+00
-11.98350000 5.60579000e+00
-11.95350000 7.09624000e+00
-11.92350000 9.48336000e+00
-11.89350000 1.35283000e+01
-11.86350000 2.09680000e+01
-11.83350000 3.52157000e+01
-11.80350000 5.32053000e+01
-11.74900000 3.95290000e+01
-11.71900000 2.65725000e+01
-11.68900000 2.15574000e+01
-11.65900000 2.23570000e+01
-11.62900000 2.88322000e+01
-11.59900000 3.97903000e+01
-11.56900000 5.14598000e+01
-11.53900000 7.00459000e+01
-11.50900000 7.04677000e+01
-11.47900000 5.00959000e+01
-11.44900000 4.04528000e+01
-11.41900000 3.74392000e+01
-11.38900000 2.89364000e+01
-11.35900000 2.29513000e+01
-11.32900000 2.13645000e+01
-11.29900000 1.72840000e+01
-11.26900000 1.26903000e+01
-11.23900000 1.06056000e+01
-11.20900000 1.00930000e+01
-11.17900000 8.75484000e+00
-11.14900000 7.01729000e+00
-11.11900000 6.01060000e+00
-11.08900000 5.55883000e+00
-11.05900000 5.44989000e+00
-11.02900000 5.41687000e+00
-10.99900000 5.36927000e+00
-10.96900000 5.50096000e+00
-10.93900000 5.85240000e+00
-10.90900000 6.47653000e+00
-10.87900000 7.47010000e+00
-10.84900000 8.96399000e+00
-10.81900000 1.08140000e+01
-10.78900000 1.34628000e+01
-10.75900000 1.74588000e+01
-10.72900000 2.03007000e+01
-10.69900000 2.25250000e+01
-10.66900000 2.72535000e+01
-10.63900000 3.26680000e+01
-10.60900000 4.19542000e+01
-10.57900000 6.45834000e+01
-10.54900000 9.91775000e+01
-10.51900000 9.90848000e+01
-10.48900000 6.60910000e+01
-10.45900000 4.68412000e+01
-10.42900000 4.31400000e+01
-10.39900000 4.66872000e+01
-10.36900000 4.10111000e+01
-10.33900000 3.16205000e+01
-10.30900000 2.75791000e+01
-10.27900000 2.79134000e+01
-10.24900000 3.26339000e+01
-10.21900000 4.32596000e+01
-10.18900000 5.99651000e+01
-10.15900000 8.32097000e+01
-10.12900000 1.22279000e+02
-10.09900000 1.32803000e+02
-10.06900000 1.00050000e+02
-10.03900000 8.47482000e+01
-10.00900000 8.43585000e+01
-9.95456000 6.77030000e+01
-9.92456000 7.18748000e+01
-9.89456000 8.91982000e+01
-9.86456000 1.08274000e+02
-9.83456000 1.44412000e+02
-9.80456000 2.28328000e+02
-9.77456000 3.34739000e+02
-9.74456000 3.00097000e+02
-9.71456000 1.95226000e+02
-9.68456000 1.24901000e+02
-9.65456000 9.05731000e+01
-9.62456000 7.07782000e+01
-9.59456000 5.23900000e+01
-9.56456000 4.11569000e+01
-9.53456000 3.72745000e+01
-9.50456000 4.05952000e+01
-9.47456000 5.28831000e+01
-9.44456000 6.44390000e+01
-9.41456000 5.30532000e+01
-9.38456000 3.86080000e+01
-9.35456000 3.35399000e+01
-9.32456000 3.73402000e+01
-9.29456000 4.80494000e+01
-9.26456000 5.03445000e+01
-9.23456000 3.85714000e+01
-9.20456000 2.83530000e+01
-9.17456000 2.42053000e+01
-9.14456000 2.44966000e+01
-9.11456000 2.91356000e+01
-9.08456000 4.05939000e+01
-9.05456000 6.25275000e+01
-9.02456000 7.97126000e+01
-8.99456000 6.81319000e+01
-8.96456000 5.66195000e+01
-8.93456000 5.33981000e+01
-8.90456000 5.27418000e+01
-8.87456000 6.36162000e+01
-8.84456000 9.12970000e+01
-8.81456000 1.28870000e+02
-8.78456000 1.18516000e+02
-8.75456000 7.53808000e+01
-8.72456000 4.85104000e+01
-8.69456000 3.50044000e+01
-8.66456000 2.81027000e+01
-8.63456000 2.59732000e+01
-8.60456000 2.81462000e+01
-8.57456000 3.42627000e+01
-8.54456000 3.85419000e+01
-8.51456000 3.97837000e+01
-8.48456000 4.64785000e+01
-8.45456000 6.67091000e+01
-8.42456000 1.00785000e+02
-8.39456000 1.04115000e+02
-8.36456000 7.34227000e+01
-8.33456000 5.59184000e+01
-8.30456000 5.11669000e+01
-8.27456000 5.05799000e+01
-8.24456000 4.69070000e+01
-8.21456000 4.56901000e+01
-8.16008000 5.50279000e+01
-8.13008000 5.50634000e+01
-8.10008000 5.76447000e+01
-8.07008000 7.59017000e+01
-8.04008000 1.06745000e+02
-8.01008000 1.18959000e+02
-7.98008000 1.06394000e+02
-7.95008000 8.75838000e+01
-7.92008000 5.99845000e+01
-7.89008000 3.86150000e+01
-7.86008000 2.69132000e+01
-7.83008000 1.99039000e+01
-7.80008000 1.50653000e+01
-7.77008000 1.19795000e+01
-7.74008000 9.85574000e+00
-7.71008000 8.40777000e+00
-7.68008000 7.37229000e+00
-7.65008000 6.70485000e+00
-7.62008000 6.21723000e+00
-7.59008000 5.76203000e+00
-7.56008000 5.47120000e+00
-7.53008000 5.39934000e+00
-7.50008000 5.57794000e+00
-7.47008000 6.11671000e+00
-7.44008000 7.24358000e+00
-7.41008000 9.50617000e+00
-7.38008000 1.30092000e+01
-7.35008000 1.67046000e+01
-7.32008000 1.56218000e+01
-7.29008000 1.13647000e+01
-7.26008000 9.18403000e+00
-7.23008000 8.71208000e+00
-7.20008000 9.63978000e+00
-7.17008000 1.08168000e+01
-7.14008000 1.04825000e+01
-7.11008000 1.10978000e+01
-7.08008000 1.32724000e+01
-7.05008000 1.61957000e+01
-7.02008000 2.12604000e+01
-6.99008000 2.62295000e+01
-6.96008000 3.10316000e+01
-6.93008000 4.13072000e+01
-6.90008000 4.43980000e+01
-6.87008000 3.30563000e+01
-6.84008000 2.29102000e+01
-6.81008000 1.82771000e+01
-6.78008000 1.77794000e+01
-6.75008000 2.16671000e+01
-6.72008000 3.20630000e+01
-6.69008000 4.30434000e+01
-6.66008000 3.50978000e+01
-6.63008000 2.21293000e+01
-6.60008000 1.51834000e+01
-6.57008000 1.22250000e+01
-6.54008000 1.15566000e+01
-6.51008000 1.21946000e+01
-6.48008000 1.26884000e+01
-6.45008000 1.23419000e+01
-6.42008000 1.23057000e+01
-6.36561000 1.52941000e+01
-6.33561000 2.13711000e+01
-6.30561000 3.37244000e+01
-6.27561000 4.64036000e+01
-6.24561000 3.89418000e+01
-6.21561000 2.47298000e+01
-6.18561000 1.59089000e+01
-6.15561000 1.08388000e+01
-6.12561000 8.10032000e+00
-6.09561000 6.76770000e+00
-6.06561000 6.37331000e+00
-6.03561000 6.63062000e+00
-6.00561000 6.64723000e+00
-5.97561000 5.95267000e+00
-5.94561000 5.67621000e+00
-5.91561000 6.24229000e+00
-5.88561000 7.45892000e+00
-5.85561000 9.10567000e+00
-5.82561000 1.16429000e+01
-5.79561000 1.29770000e+01
-5.76561000 1.14230000e+01
-5.73561000 1.11291000e+01
-5.70561000 1.37063000e+01
-5.67561000 2.05887000e+01
-5.64561000 3.10496000e+01
-5.61561000 3.27926000e+01
-5.58561000 2.43423000e+01
-5.55561000 1.64323000e+01
-5.52561000 1.12534000e+01
-5.49561000 8.25723000e+00
-5.46561000 7.06921000e+00
-5.43561000 7.25127000e+00
-5.40561000 8.55393000e+00
-5.37561000 9.66977000e+00
-5.34561000 9.23812000e+00
-5.31561000 8.25414000e+00
-5.28561000 8.29909000e+00
-5.25561000 1.06277000e+01
-5.22561000 1.52364000e+01
-5.19561000 1.59979000e+01
-5.16561000 1.11471000e+01
-5.13561000 7.68582000e+00
-5.10561000 6.40997000e+00
-5.07561000 6.55076000e+00
-5.04561000 6.95906000e+00
-5.01561000 6.20207000e+00
-4.98561000 5.51511000e+00
-4.95561000 5.76877000e+00
-4.92561000 6.86708000e+00
-4.89561000 7.11824000e+00
-4.86561000 6.64318000e+00
-4.83561000 7.10031000e+00
-4.80561000 9.15313000e+00
-4.77561000 1.38961000e+01
-4.74561000 2.25191000e+01
-4.71561000 2.89053000e+01
-4.68561000 2.36407000e+01
-4.65561000 1.53401000e+01
-4.62561000 1.01075000e+01
-4.57114000 6.98274000e+00
-4.54114000 6.96012000e+00
-4.51114000 6.61637000e+00
-4.48114000 6.47612000e+00
-4.45114000 7.51956000e+00
-4.42114000 1.04625000e+01
-4.39114000 1.61579000e+01
-4.36114000 2.04714000e+01
-4.33114000 1.60611000e+01
-4.30114000 1.09824000e+01
-4.27114000 8.78150000e+00
-4.24114000 8.69123000e+00
-4.21114000 1.04485000e+01
-4.18114000 1.46464000e+01
-4.15114000 2.23885000e+01
-4.12114000 3.10623000e+01
-4.09114000 2.82423000e+01
-4.06114000 2.18149000e+01
-4.03114000 2.09082000e+01
-4.00114000 1.91599000e+01
-3.97114000 1.44959000e+01
-3.94114000 1.07668000e+01
-3.91114000 9.51310000e+00
-3.88114000 8.63109000e+00
-3.85114000 6.73081000e+00
-3.82114000 5.47307000e+00
-3.79114000 4.99677000e+00
-3.76114000 4.80712000e+00
-3.73114000 4.82927000e+00
-3.70114000 4.96038000e+00
-3.67114000 5.39353000e+00
-3.64114000 6.35646000e+00
-3.61114000 7.53269000e+00
-3.58114000 9.07857000e+00
-3.55114000 9.55016000e+00
-3.52114000 1.03143000e+01
-3.49114000 1.37420000e+01
-3.46114000 1.70208000e+01
-3.43114000 1.43818000e+01
-3.40114000 1.10591000e+01
-3.37114000 1.03893000e+01
-3.34114000 1.15920000e+01
-3.31114000 1.25665000e+01
-3.28114000 1.43889000e+01
-3.25114000 1.96078000e+01
-3.22114000 2.56888000e+01
-3.19114000 2.40227000e+01
-3.16114000 1.63315000e+01
-3.13114000 1.17143000e+01
-3.10114000 9.91411000e+00
-3.07114000 9.05841000e+00
-3.04114000 7.81410000e+00
-3.01114000 7.36549000e+00
-2.98114000 7.69702000e+00
-2.95114000 8.82664000e+00
-2.92114000 1.07754000e+01
-2.89114000 1.23138000e+01
-2.86114000 1.46096000e+01
-2.83114000 1.93717000e+01
-2.77667000 1.53744000e+01
-2.74667000 1.19483000e+01
-2.71667000 1.15662000e+01
-2.68667000 1.03644000e+01
-2.65667000 7.77220000e+00
-2.62667000 6.01601000e+00
-2.59667000 4.76864000e+00
-2.56667000 3.76933000e+00
-2.53667000 3.10554000e+00
-2.50667000 2.76961000e+00
-2.47667000 2.39833000e+00
-2.44667000 2.09537000e+00
-2.41667000 1.99271000e+00
-2.38667000 2.08819000e+00
-2.35667000 2.40292000e+00
-2.32667000 2.98592000e+00
-2.29667000 3.84078000e+00
-2.26667000 5.29785000e+00
-2.23667000 7.43764000e+00
-2.20667000 7.96158000e+00
-2.17667000 6.32182000e+00
-2.14667000 4.33377000e+00
-2.11667000 2.97000000e+00
-2.08667000 2.23552000e+00
-2.05667000 1.81552000e+00
-2.02667000 1.50124000e+00
-1.99667000 1.29423000e+00
-1.96667000 1.19859000e+00
-1.93667000 1.19538000e+00
-1.90667000 1.27084000e+00
-1.87667000 1.32019000e+00
-1.84667000 1.31011000e+00
-1.81667000 1.34632000e+00
-1.78667000 1.43277000e+00
-1.75667000 1.54893000e+00
-1.72667000 1.82924000e+00
-1.69667000 2.14248000e+00
-1.66667000 2.15622000e+00
-1.63667000 1.90882000e+00
-1.60667000 1.86299000e+00
-1.57667000 2.24624000e+00
-1.54667000 3.08471000e+00
-1.51667000 3.51075000e+00
-1.48667000 2.92015000e+00
-1.45667000 2.27458000e+00
-1.42667000 2.04749000e+00
-1.39667000 2.18652000e+00
-1.36667000 2.44884000e+00
-1.33667000 2.67435000e+00
-1.30667000 3.29775000e+00
-1.27667000 4.00977000e+00
-1.24667000 3.48569000e+00
-1.21667000 2.46797000e+00
-1.18667000 1.89291000e+00
-1.15667000 1.60036000e+00
-1.12667000 1.50074000e+00
-1.09667000 1.58268000e+00
-1.06667000 1.60858000e+00
-1.03667000 1.56159000e+00
-0.98220100 1.75105000e+00
-0.95220100 2.17683000e+00
-0.92220100 2.62121000e+00
-0.89220100 2.33384000e+00
-0.86220100 1.92943000e+00
-0.83220100 1.83413000e+00
-0.80220100 1.96226000e+00
-0.77220100 2.11707000e+00
-0.74220100 2.25494000e+00
-0.71220100 2.72196000e+00
-0.68220100 3.71562000e+00
-0.65220100 5.30832000e+00
-0.62220100 7.03606000e+00
-0.59220100 7.83354000e+00
-0.56220100 6.97686000e+00
-0.53220100 6.28693000e+00
-0.50220100 5.87983000e+00
-0.47220100 4.98757000e+00
-0.44220100 4.02983000e+00
-0.41220100 2.99570000e+00
-0.38220100 2.14106000e+00
-0.35220100 1.66203000e+00
-0.32220100 1.45049000e+00
-0.29220100 1.39511000e+00
-0.26220100 1.44361000e+00
-0.23220100 1.58120000e+00
-0.20220100 1.68578000e+00
-0.17220100 1.65890000e+00
-0.14220100 1.63466000e+00
-0.11220100 1.60260000e+00
-0.08220100 1.64611000e+00
-0.05220100 1.61062000e+00
-0.02220100 1.49394000e+00
0.00779905 1.49595000e+00
0.03779900 1.61171000e+00
0.06779900 1.81329000e+00
0.09779900 2.09643000e+00
0.12779900 2.52112000e+00
0.15779900 3.38439000e+00
0.18779900 4.41022000e+00
0.21779900 4.12838000e+00
0.24779900 2.91062000e+00
0.27779900 1.99968000e+00
0.30779900 1.55727000e+00
0.33779900 1.28116000e+00
0.36779900 1.05684000e+00
0.39779900 9.12451000e-01
0.42779900 8.33356000e-01
0.45779900 8.25760000e-01
0.48779900 8.83801000e-01
0.51779900 9.76185000e-01
0.54779900 1.12612000e+00
0.57779900 1.29248000e+00
0.60779900 1.28954000e+00
0.63779900 1.08866000e+00
0.66779900 9.15935000e-01
0.69779900 8.71120000e-01
0.72779900 9.23713000e-01
0.75779900 1.05832000e+00
