# E(MeV)  S_GAMTGAMT(K=0) for Gd201_DDPCX
-17.13240000 2.53134000e-03
-17.10240000 2.69863000e-03
-17.07240000 2.97708000e-03
-17.04240000 3.08478000e-03
-17.01240000 2.83474000e-03
-16.98240000 2.63124000e-03
-16.95240000 2.53176000e-03
-16.92240000 2.48485000e-03
-16.89240000 2.46253000e-03
-16.86240000 2.45255000e-03
-16.83240000 2.44927000e-03
-16.80240000 2.44992000e-03
-16.77240000 2.45302000e-03
-16.74240000 2.45773000e-03
-16.71240000 2.46355000e-03
-16.68240000 2.47016000e-03
-16.65240000 2.47735000e-03
-16.62240000 2.48500000e-03
-16.59240000 2.49301000e-03
-16.56240000 2.50130000e-03
-16.53240000 2.50984000e-03
-16.50240000 2.51858000e-03
-16.47240000 2.52751000e-03
-16.44240000 2.53661000e-03
-16.41240000 2.54585000e-03
-16.38240000 2.55524000e-03
-16.35240000 2.56476000e-03
-16.32240000 2.57441000e-03
-16.29240000 2.58418000e-03
-16.26240000 2.59408000e-03
-16.23240000 2.60410000e-03
-16.20240000 2.61425000e-03
-16.17240000 2.62452000e-03
-16.14240000 2.63492000e-03
-16.11240000 2.64546000e-03
-16.08240000 2.65614000e-03
-16.05240000 2.66696000e-03
-16.02240000 2.67793000e-03
-15.99240000 2.68906000e-03
-15.96240000 2.70037000e-03
-15.93240000 2.71186000e-03
-15.90240000 2.72354000e-03
-15.87240000 2.73545000e-03
-15.84240000 2.74760000e-03
-15.81240000 2.76000000e-03
-15.78240000 2.77271000e-03
-15.75240000 2.78575000e-03
-15.72240000 2.79917000e-03
-15.69240000 2.81304000e-03
-15.66240000 2.82743000e-03
-15.63240000 2.84243000e-03
-15.60240000 2.85819000e-03
-15.57240000 2.87487000e-03
-15.54240000 2.89271000e-03
-15.51240000 2.91204000e-03
-15.48240000 2.93333000e-03
-15.45240000 2.95727000e-03
-15.42240000 2.98493000e-03
-15.39240000 3.01796000e-03
-15.33800000 3.10197000e-03
-15.30800000 3.17299000e-03
-15.27800000 3.27955000e-03
-15.24800000 3.45530000e-03
-15.21800000 3.77675000e-03
-15.18800000 4.40133000e-03
-15.15800000 5.33650000e-03
-15.12800000 5.38705000e-03
-15.09800000 4.50230000e-03
-15.06800000 3.91629000e-03
-15.03800000 3.65110000e-03
-15.00800000 3.55948000e-03
-14.97800000 3.58861000e-03
-14.94800000 3.70862000e-03
-14.91800000 3.71433000e-03
-14.88800000 3.57794000e-03
-14.85800000 3.50315000e-03
-14.82800000 3.49899000e-03
-14.79800000 3.54858000e-03
-14.76800000 3.66096000e-03
-14.73800000 3.88187000e-03
-14.70800000 4.32063000e-03
-14.67800000 5.05120000e-03
-14.64800000 5.30687000e-03
-14.61800000 4.65821000e-03
-14.58800000 4.15980000e-03
-14.55800000 3.94605000e-03
-14.52800000 3.89765000e-03
-14.49800000 3.97509000e-03
-14.46800000 4.20507000e-03
-14.43800000 4.51086000e-03
-14.40800000 4.45813000e-03
-14.37800000 4.26854000e-03
-14.34800000 4.22949000e-03
-14.31800000 4.33520000e-03
-14.28800000 4.64188000e-03
-14.25800000 4.96817000e-03
-14.22800000 4.86410000e-03
-14.19800000 4.75882000e-03
-14.16800000 4.93147000e-03
-14.13800000 5.44640000e-03
-14.10800000 6.25550000e-03
-14.07800000 6.58054000e-03
-14.04800000 6.70822000e-03
-14.01800000 7.66620000e-03
-13.98800000 9.34845000e-03
-13.95800000 9.63920000e-03
-13.92800000 9.19065000e-03
-13.89800000 1.02720000e-02
-13.86800000 1.38146000e-02
-13.83800000 1.97932000e-02
-13.80800000 2.05268000e-02
-13.77800000 1.49737000e-02
-13.74800000 1.16915000e-02
-13.71800000 1.14422000e-02
-13.68800000 1.32815000e-02
-13.65800000 1.35953000e-02
-13.62800000 1.15277000e-02
-13.59800000 8.95309000e-03
-13.54350000 6.17576000e-03
-13.51350000 5.55259000e-03
-13.48350000 5.19607000e-03
-13.45350000 4.98922000e-03
-13.42350000 4.87452000e-03
-13.39350000 4.82505000e-03
-13.36350000 4.82152000e-03
-13.33350000 4.84453000e-03
-13.30350000 4.91335000e-03
-13.27350000 5.05294000e-03
-13.24350000 5.29849000e-03
-13.21350000 5.69793000e-03
-13.18350000 6.25165000e-03
-13.15350000 7.18864000e-03
-13.12350000 9.11862000e-03
-13.09350000 1.24824000e-02
-13.06350000 1.46874000e-02
-13.03350000 1.32341000e-02
-13.00350000 1.04293000e-02
-12.97350000 8.67905000e-03
-12.94350000 7.43032000e-03
-12.91350000 6.47952000e-03
-12.88350000 5.98272000e-03
-12.85350000 5.78937000e-03
-12.82350000 5.81735000e-03
-12.79350000 6.07517000e-03
-12.76350000 6.41131000e-03
-12.73350000 6.35165000e-03
-12.70350000 6.26852000e-03
-12.67350000 6.47673000e-03
-12.64350000 7.03508000e-03
-12.61350000 8.05225000e-03
-12.58350000 9.42669000e-03
-12.55350000 1.15756000e-02
-12.52350000 1.58320000e-02
-12.49350000 2.17231000e-02
-12.46350000 2.37524000e-02
-12.43350000 1.97447000e-02
-12.40350000 1.41969000e-02
-12.37350000 1.04054000e-02
-12.34350000 8.41567000e-03
-12.31350000 7.39094000e-03
-12.28350000 6.85795000e-03
-12.25350000 6.61389000e-03
-12.22350000 6.59398000e-03
-12.19350000 6.83321000e-03
-12.16350000 7.47275000e-03
-12.13350000 8.49660000e-03
-12.10350000 9.30547000e-03
-12.07350000 9.83381000e-03
-12.04350000 8.81473000e-03
-12.01350000 7.52689000e-03
-11.98350000 6.88399000e-03
-11.95350000 6.66811000e-03
-11.92350000 6.74069000e-03
-11.89350000 7.12404000e-03
-11.86350000 7.81949000e-03
-11.83350000 8.35264000e-03
-11.80350000 8.53221000e-03
-11.74900000 7.69176000e-03
-11.71900000 7.67217000e-03
-11.68900000 8.14164000e-03
-11.65900000 9.19388000e-03
-11.62900000 1.12123000e-02
-11.59900000 1.51044000e-02
-11.56900000 1.86801000e-02
-11.53900000 1.58589000e-02
-11.50900000 1.19435000e-02
-11.47900000 1.00412000e-02
-11.44900000 9.18859000e-03
-11.41900000 8.50014000e-03
-11.38900000 8.11000000e-03
-11.35900000 8.11152000e-03
-11.32900000 8.49553000e-03
-11.29900000 9.19203000e-03
-11.26900000 1.01473000e-02
-11.23900000 1.22351000e-02
-11.20900000 1.55843000e-02
-11.17900000 1.56276000e-02
-11.14900000 1.23082000e-02
-11.11900000 1.01684000e-02
-11.08900000 9.25543000e-03
-11.05900000 8.77401000e-03
-11.02900000 8.45309000e-03
-10.99900000 8.40706000e-03
-10.96900000 8.63678000e-03
-10.93900000 9.06787000e-03
-10.90900000 9.35672000e-03
-10.87900000 9.76241000e-03
-10.84900000 1.04641000e-02
-10.81900000 1.12719000e-02
-10.78900000 1.30031000e-02
-10.75900000 1.61427000e-02
-10.72900000 1.82057000e-02
-10.69900000 1.57665000e-02
-10.66900000 1.29990000e-02
-10.63900000 1.17146000e-02
-10.60900000 1.16466000e-02
-10.57900000 1.25767000e-02
-10.54900000 1.36984000e-02
-10.51900000 1.35878000e-02
-10.48900000 1.23144000e-02
-10.45900000 1.15105000e-02
-10.42900000 1.14226000e-02
-10.39900000 1.16639000e-02
-10.36900000 1.18655000e-02
-10.33900000 1.22752000e-02
-10.30900000 1.27059000e-02
-10.27900000 1.31393000e-02
-10.24900000 1.38425000e-02
-10.21900000 1.46570000e-02
-10.18900000 1.54653000e-02
-10.15900000 1.67763000e-02
-10.12900000 1.88579000e-02
-10.09900000 2.20757000e-02
-10.06900000 2.72463000e-02
-10.03900000 3.61629000e-02
-10.00900000 5.27598000e-02
-9.95456000 1.08371000e-01
-9.92456000 1.10022000e-01
-9.89456000 1.09820000e-01
-9.86456000 1.39455000e-01
-9.83456000 1.51610000e-01
-9.80456000 1.10918000e-01
-9.77456000 7.35930000e-02
-9.74456000 5.08856000e-02
-9.71456000 3.94495000e-02
-9.68456000 3.44928000e-02
-9.65456000 3.40662000e-02
-9.62456000 3.70875000e-02
-9.59456000 3.47655000e-02
-9.56456000 2.77452000e-02
-9.53456000 2.32813000e-02
-9.50456000 2.10081000e-02
-9.47456000 1.99266000e-02
-9.44456000 1.95445000e-02
-9.41456000 1.96588000e-02
-9.38456000 2.02269000e-02
-9.35456000 2.13765000e-02
-9.32456000 2.33919000e-02
-9.29456000 2.62778000e-02
-9.26456000 2.94521000e-02
-9.23456000 3.25499000e-02
-9.20456000 3.81309000e-02
-9.17456000 4.21653000e-02
-9.14456000 4.13274000e-02
-9.11456000 4.37180000e-02
-9.08456000 4.90802000e-02
-9.05456000 5.22888000e-02
-9.02456000 5.81336000e-02
-8.99456000 7.25365000e-02
-8.96456000 1.01695000e-01
-8.93456000 1.60204000e-01
-8.90456000 2.67212000e-01
-8.87456000 3.55378000e-01
-8.84456000 3.03857000e-01
-8.81456000 2.26716000e-01
-8.78456000 1.59528000e-01
-8.75456000 1.07737000e-01
-8.72456000 7.88954000e-02
-8.69456000 6.40387000e-02
-8.66456000 5.53935000e-02
-8.63456000 5.11107000e-02
-8.60456000 5.13024000e-02
-8.57456000 5.38015000e-02
-8.54456000 5.32396000e-02
-8.51456000 4.89116000e-02
-8.48456000 4.71353000e-02
-8.45456000 4.87793000e-02
-8.42456000 5.40487000e-02
-8.39456000 6.10527000e-02
-8.36456000 6.74807000e-02
-8.33456000 7.38468000e-02
-8.30456000 7.79143000e-02
-8.27456000 8.56473000e-02
-8.24456000 9.64479000e-02
-8.21456000 1.11800000e-01
-8.16008000 1.30788000e-01
-8.13008000 1.51512000e-01
-8.10008000 1.94605000e-01
-8.07008000 2.61988000e-01
-8.04008000 3.84077000e-01
-8.01008000 5.84061000e-01
-7.98008000 6.66135000e-01
-7.95008000 5.10893000e-01
-7.92008000 3.30714000e-01
-7.89008000 2.35162000e-01
-7.86008000 1.92374000e-01
-7.83008000 1.77910000e-01
-7.80008000 1.81680000e-01
-7.77008000 2.01297000e-01
-7.74008000 2.36102000e-01
-7.71008000 2.90271000e-01
-7.68008000 3.89155000e-01
-7.65008000 5.51552000e-01
-7.62008000 7.44536000e-01
-7.59008000 8.93420000e-01
-7.56008000 1.10800000e+00
-7.53008000 1.47903000e+00
-7.50008000 1.73842000e+00
-7.47008000 1.61863000e+00
-7.44008000 1.54722000e+00
-7.41008000 1.84623000e+00
-7.38008000 2.66600000e+00
-7.35008000 3.60407000e+00
-7.32008000 3.03980000e+00
-7.29008000 1.86867000e+00
-7.26008000 1.17380000e+00
-7.23008000 8.17186000e-01
-7.20008000 6.04473000e-01
-7.17008000 4.62609000e-01
-7.14008000 3.63241000e-01
-7.11008000 2.99837000e-01
-7.08008000 2.61337000e-01
-7.05008000 2.41391000e-01
-7.02008000 2.31313000e-01
-6.99008000 2.40077000e-01
-6.96008000 2.65848000e-01
-6.93008000 2.79572000e-01
-6.90008000 2.95335000e-01
-6.87008000 3.30797000e-01
-6.84008000 4.11195000e-01
-6.81008000 5.79761000e-01
-6.78008000 8.77148000e-01
-6.75008000 1.41792000e+00
-6.72008000 1.99876000e+00
-6.69008000 1.61830000e+00
-6.66008000 9.54590000e-01
-6.63008000 5.87003000e-01
-6.60008000 4.10668000e-01
-6.57008000 3.31444000e-01
-6.54008000 3.13115000e-01
-6.51008000 3.29831000e-01
-6.48008000 3.37186000e-01
-6.45008000 3.10223000e-01
-6.42008000 2.66430000e-01
-6.36561000 2.80090000e-01
-6.33561000 3.05182000e-01
-6.30561000 3.14548000e-01
-6.27561000 3.50272000e-01
-6.24561000 4.29654000e-01
-6.21561000 5.53790000e-01
-6.18561000 7.83772000e-01
-6.15561000 1.25745000e+00
-6.12561000 2.18088000e+00
-6.09561000 3.21250000e+00
-6.06561000 2.86401000e+00
-6.03561000 1.93647000e+00
-6.00561000 1.23272000e+00
-5.97561000 7.57888000e-01
-5.94561000 4.92646000e-01
-5.91561000 3.45479000e-01
-5.88561000 2.57745000e-01
-5.85561000 2.01557000e-01
-5.82561000 1.63514000e-01
-5.79561000 1.36537000e-01
-5.76561000 1.17019000e-01
-5.73561000 1.02811000e-01
-5.70561000 9.20594000e-02
-5.67561000 8.35870000e-02
-5.64561000 7.71780000e-02
-5.61561000 7.32279000e-02
-5.58561000 7.30188000e-02
-5.55561000 7.62814000e-02
-5.52561000 7.69130000e-02
-5.49561000 7.12924000e-02
-5.46561000 6.36888000e-02
-5.43561000 5.77031000e-02
-5.40561000 5.34479000e-02
-5.37561000 5.05788000e-02
-5.34561000 5.00194000e-02
-5.31561000 5.19366000e-02
-5.28561000 5.65835000e-02
-5.25561000 6.28095000e-02
-5.22561000 6.30780000e-02
-5.19561000 5.91340000e-02
-5.16561000 5.60022000e-02
-5.13561000 5.58474000e-02
-5.10561000 6.12954000e-02
-5.07561000 7.53883000e-02
-5.04561000 9.88660000e-02
-5.01561000 1.11374000e-01
-4.98561000 1.02197000e-01
-4.95561000 8.72144000e-02
-4.92561000 7.52620000e-02
-4.89561000 7.49714000e-02
-4.86561000 8.58898000e-02
-4.83561000 1.06789000e-01
-4.80561000 1.41251000e-01
-4.77561000 1.66752000e-01
-4.74561000 1.45209000e-01
-4.71561000 1.07776000e-01
-4.68561000 8.57981000e-02
-4.65561000 7.93031000e-02
-4.62561000 8.29558000e-02
-4.57114000 1.15915000e-01
-4.54114000 1.65135000e-01
-4.51114000 2.26679000e-01
-4.48114000 2.13524000e-01
-4.45114000 1.61075000e-01
-4.42114000 1.36794000e-01
-4.39114000 1.37091000e-01
-4.36114000 1.40540000e-01
-4.33114000 1.57723000e-01
-4.30114000 2.10401000e-01
-4.27114000 3.16246000e-01
-4.24114000 4.42725000e-01
-4.21114000 4.12693000e-01
-4.18114000 2.89157000e-01
-4.15114000 1.98607000e-01
-4.12114000 1.53943000e-01
-4.09114000 1.36754000e-01
-4.06114000 1.37582000e-01
-4.03114000 1.49425000e-01
-4.00114000 1.83726000e-01
-3.97114000 2.62195000e-01
-3.94114000 3.81714000e-01
-3.91114000 4.09179000e-01
-3.88114000 3.33256000e-01
-3.85114000 2.68344000e-01
-3.82114000 2.60347000e-01
-3.79114000 3.19121000e-01
-3.76114000 4.75978000e-01
-3.73114000 7.40121000e-01
-3.70114000 7.88345000e-01
-3.67114000 5.41944000e-01
-3.64114000 3.76590000e-01
-3.61114000 2.97678000e-01
-3.58114000 2.66193000e-01
-3.55114000 2.85166000e-01
-3.52114000 3.68520000e-01
-3.49114000 5.61787000e-01
-3.46114000 8.96383000e-01
-3.43114000 1.01729000e+00
-3.40114000 7.23844000e-01
-3.37114000 5.12168000e-01
-3.34114000 4.20842000e-01
-3.31114000 3.14787000e-01
-3.28114000 2.33256000e-01
-3.25114000 1.99315000e-01
-3.22114000 1.99649000e-01
-3.19114000 2.24901000e-01
-3.16114000 2.65092000e-01
-3.13114000 3.33380000e-01
-3.10114000 3.34711000e-01
-3.07114000 2.42462000e-01
-3.04114000 1.76488000e-01
-3.01114000 1.44692000e-01
-2.98114000 1.34341000e-01
-2.95114000 1.42556000e-01
-2.92114000 1.73397000e-01
-2.89114000 2.19780000e-01
-2.86114000 2.22698000e-01
-2.83114000 2.02870000e-01
-2.77667000 2.76291000e-01
-2.74667000 3.89089000e-01
-2.71667000 4.43510000e-01
-2.68667000 4.25580000e-01
-2.65667000 4.21802000e-01
-2.62667000 3.79913000e-01
-2.59667000 3.54990000e-01
-2.56667000 3.77444000e-01
-2.53667000 4.75532000e-01
-2.50667000 6.65758000e-01
-2.47667000 8.01038000e-01
-2.44667000 7.02365000e-01
-2.41667000 5.59662000e-01
-2.38667000 4.22647000e-01
-2.35667000 3.38675000e-01
-2.32667000 3.26800000e-01
-2.29667000 3.73158000e-01
-2.26667000 3.92915000e-01
-2.23667000 3.52909000e-01
-2.20667000 3.16590000e-01
-2.17667000 3.34014000e-01
-2.14667000 4.31875000e-01
-2.11667000 6.01470000e-01
-2.08667000 7.05229000e-01
-2.05667000 5.93860000e-01
-2.02667000 4.46333000e-01
-1.99667000 4.07255000e-01
-1.96667000 4.35485000e-01
-1.93667000 4.58432000e-01
-1.90667000 4.85614000e-01
-1.87667000 4.08766000e-01
-1.84667000 3.10368000e-01
-1.81667000 2.65688000e-01
-1.78667000 2.60440000e-01
-1.75667000 2.85778000e-01
-1.72667000 3.46365000e-01
-1.69667000 4.65247000e-01
-1.66667000 6.98874000e-01
-1.63667000 1.07322000e+00
-1.60667000 1.26262000e+00
-1.57667000 1.11760000e+00
-1.54667000 1.11152000e+00
-1.51667000 1.44245000e+00
-1.48667000 1.88024000e+00
-1.45667000 1.71840000e+00
-1.42667000 1.24489000e+00
-1.39667000 9.48296000e-01
-1.36667000 9.06834000e-01
-1.33667000 9.81386000e-01
-1.30667000 1.03920000e+00
-1.27667000 9.57274000e-01
-1.24667000 7.32612000e-01
-1.21667000 5.88750000e-01
-1.18667000 5.33637000e-01
-1.15667000 5.67479000e-01
-1.12667000 6.55620000e-01
-1.09667000 7.84570000e-01
-1.06667000 1.05152000e+00
-1.03667000 1.21821000e+00
-0.98220100 1.20104000e+00
-0.95220100 1.36379000e+00
-0.92220100 1.26833000e+00
-0.89220100 1.08864000e+00
-0.86220100 1.05413000e+00
-0.83220100 1.19752000e+00
-0.80220100 1.29213000e+00
-0.77220100 1.32234000e+00
-0.74220100 1.11582000e+00
-0.71220100 8.20085000e-01
-0.68220100 6.82980000e-01
-0.65220100 7.08280000e-01
-0.62220100 8.56657000e-01
-0.59220100 1.02945000e+00
-0.56220100 8.76696000e-01
-0.53220100 6.23035000e-01
-0.50220100 4.36024000e-01
-0.47220100 3.24161000e-01
-0.44220100 2.69642000e-01
-0.41220100 2.49251000e-01
-0.38220100 2.53956000e-01
-0.35220100 2.75995000e-01
-0.32220100 3.13418000e-01
-0.29220100 3.40180000e-01
-0.26220100 3.60108000e-01
-0.23220100 4.36489000e-01
-0.20220100 4.64196000e-01
-0.17220100 4.27034000e-01
-0.14220100 4.07432000e-01
-0.11220100 3.38250000e-01
-0.08220100 2.75617000e-01
-0.05220100 2.43253000e-01
-0.02220100 2.47450000e-01
0.00779905 2.91915000e-01
0.03779900 3.62592000e-01
0.06779900 3.91923000e-01
0.09779900 4.34087000e-01
0.12779900 4.71394000e-01
0.15779900 4.46483000e-01
0.18779900 4.73113000e-01
0.21779900 5.34946000e-01
0.24779900 5.69675000e-01
0.27779900 6.17622000e-01
0.30779900 5.95732000e-01
0.33779900 5.22288000e-01
0.36779900 4.84545000e-01
0.39779900 4.60285000e-01
0.42779900 4.81249000e-01
0.45779900 5.30519000e-01
0.48779900 4.68865000e-01
0.51779900 3.86258000e-01
0.54779900 3.48581000e-01
0.57779900 3.27495000e-01
0.60779900 3.28112000e-01
0.63779900 3.68518000e-01
0.66779900 4.44275000e-01
0.69779900 5.29597000e-01
0.72779900 5.69211000e-01
0.75779900 5.30474000e-01
