# E(MeV)  S_GAMTGAMT(Total=K0+2*K1) for Gd201_DDPCX
-17.13240000 7.54176000e-03
-17.10240000 7.57797000e-03
-17.07240000 7.79884000e-03
-17.04240000 7.88316000e-03
-17.01240000 7.62646000e-03
-16.98240000 7.42516000e-03
-16.95240000 7.33296000e-03
-16.92240000 7.29647000e-03
-16.89240000 7.28661000e-03
-16.86240000 7.29049000e-03
-16.83240000 7.30209000e-03
-16.80240000 7.31840000e-03
-16.77240000 7.33776000e-03
-16.74240000 7.35923000e-03
-16.71240000 7.38223000e-03
-16.68240000 7.40642000e-03
-16.65240000 7.43151000e-03
-16.62240000 7.45742000e-03
-16.59240000 7.48401000e-03
-16.56240000 7.51120000e-03
-16.53240000 7.53902000e-03
-16.50240000 7.56740000e-03
-16.47240000 7.59641000e-03
-16.44240000 7.62609000e-03
-16.41240000 7.65653000e-03
-16.38240000 7.68788000e-03
-16.35240000 7.72038000e-03
-16.32240000 7.75443000e-03
-16.29240000 7.79072000e-03
-16.26240000 7.83046000e-03
-16.23240000 7.87598000e-03
-16.20240000 7.93219000e-03
-16.17240000 8.00988000e-03
-16.14240000 8.13336000e-03
-16.11240000 8.33328000e-03
-16.08240000 8.48216000e-03
-16.05240000 8.37040000e-03
-16.02240000 8.24859000e-03
-15.99240000 8.20146000e-03
-15.96240000 8.19543000e-03
-15.93240000 8.20892000e-03
-15.90240000 8.23250000e-03
-15.87240000 8.26193000e-03
-15.84240000 8.29526000e-03
-15.81240000 8.33148000e-03
-15.78240000 8.37021000e-03
-15.75240000 8.41123000e-03
-15.72240000 8.45459000e-03
-15.69240000 8.50048000e-03
-15.66240000 8.54923000e-03
-15.63240000 8.60131000e-03
-15.60240000 8.65739000e-03
-15.57240000 8.71841000e-03
-15.54240000 8.78563000e-03
-15.51240000 8.86090000e-03
-15.48240000 8.94685000e-03
-15.45240000 9.04733000e-03
-15.42240000 9.16841000e-03
-15.39240000 9.31964000e-03
-15.33800000 9.73261000e-03
-15.30800000 1.01076900e-02
-15.27800000 1.07034700e-02
-15.24800000 1.17196400e-02
-15.21800000 1.33898100e-02
-15.18800000 1.60428300e-02
-15.15800000 1.94519000e-02
-15.12800000 1.95001700e-02
-15.09800000 1.85054000e-02
-15.06800000 1.92543900e-02
-15.03800000 1.75247600e-02
-15.00800000 1.45291600e-02
-14.97800000 1.28420900e-02
-14.94800000 1.21924600e-02
-14.91800000 1.20505500e-02
-14.88800000 1.23432400e-02
-14.85800000 1.30671500e-02
-14.82800000 1.27715900e-02
-14.79800000 1.17887600e-02
-14.76800000 1.12723600e-02
-14.73800000 1.11920500e-02
-14.70800000 1.14933300e-02
-14.67800000 1.21738000e-02
-14.64800000 1.24350300e-02
-14.61800000 1.18363700e-02
-14.58800000 1.14333200e-02
-14.55800000 1.13726700e-02
-14.52800000 1.15652300e-02
-14.49800000 1.20376500e-02
-14.46800000 1.29537700e-02
-14.43800000 1.43814800e-02
-14.40800000 1.55699300e-02
-14.37800000 1.69925200e-02
-14.34800000 1.93181900e-02
-14.31800000 2.02746000e-02
-14.28800000 2.08834400e-02
-14.25800000 2.10888300e-02
-14.22800000 2.02139600e-02
-14.19800000 1.76117000e-02
-14.16800000 1.55632100e-02
-14.13800000 1.49556200e-02
-14.10800000 1.53032200e-02
-14.07800000 1.55959200e-02
-14.04800000 1.61270800e-02
-14.01800000 1.78897200e-02
-13.98800000 1.98919100e-02
-13.95800000 2.01590200e-02
-13.92800000 2.00582900e-02
-13.89800000 2.18053000e-02
-13.86800000 2.55154800e-02
-13.83800000 3.04654400e-02
-13.80800000 3.04073000e-02
-13.77800000 2.41574600e-02
-13.74800000 2.04235400e-02
-13.71800000 1.99706600e-02
-13.68800000 2.17485000e-02
-13.65800000 2.20884400e-02
-13.62800000 2.01154600e-02
-13.59800000 1.77050300e-02
-13.54350000 1.54788000e-02
-13.51350000 1.54058900e-02
-13.48350000 1.59580300e-02
-13.45350000 1.73701200e-02
-13.42350000 2.02807400e-02
-13.39350000 2.51504500e-02
-13.36350000 2.98845200e-02
-13.33350000 2.96779300e-02
-13.30350000 2.43112700e-02
-13.27350000 2.06403400e-02
-13.24350000 1.94827700e-02
-13.21350000 2.03645300e-02
-13.18350000 2.25689500e-02
-13.15350000 2.36386600e-02
-13.12350000 2.35097400e-02
-13.09350000 2.53297000e-02
-13.06350000 2.71486800e-02
-13.03350000 2.61946800e-02
-13.00350000 2.46614200e-02
-12.97350000 2.47500300e-02
-12.94350000 2.60860000e-02
-12.91350000 2.76839200e-02
-12.88350000 3.04365200e-02
-12.85350000 3.06681700e-02
-12.82350000 2.80783500e-02
-12.79350000 2.69171700e-02
-12.76350000 2.62193300e-02
-12.73350000 2.50745100e-02
-12.70350000 2.29458000e-02
-12.67350000 2.21377300e-02
-12.64350000 2.25570800e-02
-12.61350000 2.34858900e-02
-12.58350000 2.40367100e-02
-12.55350000 2.63014000e-02
-12.52350000 3.21236600e-02
-12.49350000 3.96307800e-02
-12.46350000 4.27207000e-02
-12.43350000 3.89935600e-02
-12.40350000 3.07181400e-02
-12.37350000 2.45181800e-02
-12.34350000 2.12514700e-02
-12.31350000 1.94989400e-02
-12.28350000 1.85741700e-02
-12.25350000 1.81883300e-02
-12.22350000 1.81815000e-02
-12.19350000 1.85755700e-02
-12.16350000 1.96106300e-02
-12.13350000 2.13559600e-02
-12.10350000 2.31960300e-02
-12.07350000 2.45463300e-02
-12.04350000 2.38052300e-02
-12.01350000 2.30493700e-02
-11.98350000 2.25736500e-02
-11.95350000 2.24885700e-02
-11.92350000 2.34708900e-02
-11.89350000 2.61492200e-02
-11.86350000 3.14940900e-02
-11.83350000 3.98140400e-02
-11.80350000 4.65372100e-02
-11.74900000 4.43643600e-02
-11.71900000 5.27179700e-02
-11.68900000 6.76294400e-02
-11.65900000 6.51842800e-02
-11.62900000 5.28863000e-02
-11.59900000 5.10218000e-02
-11.56900000 5.33123000e-02
-11.53900000 4.55021000e-02
-11.50900000 3.61259000e-02
-11.47900000 3.01830000e-02
-11.44900000 2.71568100e-02
-11.41900000 2.57151000e-02
-11.38900000 2.51092000e-02
-11.35900000 2.45771400e-02
-11.32900000 2.46910700e-02
-11.29900000 2.61106700e-02
-11.26900000 2.90034000e-02
-11.23900000 3.21195600e-02
-11.20900000 3.38043800e-02
-11.17900000 3.28370000e-02
-11.14900000 2.97866200e-02
-11.11900000 2.76874000e-02
-11.08900000 2.64457100e-02
-11.05900000 2.64225900e-02
-11.02900000 2.65926500e-02
-10.99900000 2.53030600e-02
-10.96900000 2.43236800e-02
-10.93900000 2.42942900e-02
-10.90900000 2.46789600e-02
-10.87900000 2.55952700e-02
-10.84900000 2.66164600e-02
-10.81900000 2.74545400e-02
-10.78900000 2.96422600e-02
-10.75900000 3.36137200e-02
-10.72900000 3.62338400e-02
-10.69900000 3.42511200e-02
-10.66900000 3.18415200e-02
-10.63900000 3.13881800e-02
-10.60900000 3.21390000e-02
-10.57900000 3.42455000e-02
-10.54900000 3.52608000e-02
-10.51900000 3.40706000e-02
-10.48900000 3.20118200e-02
-10.45900000 3.08423800e-02
-10.42900000 3.02811000e-02
-10.39900000 3.00494400e-02
-10.36900000 3.00091800e-02
-10.33900000 3.04384200e-02
-10.30900000 3.11716800e-02
-10.27900000 3.21884800e-02
-10.24900000 3.38627000e-02
-10.21900000 3.61696000e-02
-10.18900000 3.82835000e-02
-10.15900000 3.98693000e-02
-10.12900000 4.24625000e-02
-10.09900000 4.71549000e-02
-10.06900000 5.50799000e-02
-10.03900000 6.80231000e-02
-10.00900000 8.80638000e-02
-9.95456000 1.53396000e-01
-9.92456000 1.68506400e-01
-9.89456000 1.89753000e-01
-9.86456000 2.45055600e-01
-9.83456000 2.99579800e-01
-9.80456000 2.91751000e-01
-9.77456000 2.43047400e-01
-9.74456000 1.91807400e-01
-9.71456000 1.41784700e-01
-9.68456000 1.09964400e-01
-9.65456000 9.66182000e-02
-9.62456000 9.68989000e-02
-9.59456000 9.43833000e-02
-9.56456000 7.93876000e-02
-9.53456000 6.58551000e-02
-9.50456000 5.79901000e-02
-9.47456000 5.40700000e-02
-9.44456000 5.25415000e-02
-9.41456000 5.25836000e-02
-9.38456000 5.41105000e-02
-9.35456000 5.75511000e-02
-9.32456000 6.31969000e-02
-9.29456000 7.11082000e-02
-9.26456000 8.06759000e-02
-9.23456000 8.75729000e-02
-9.20456000 9.32111000e-02
-9.17456000 9.72223000e-02
-9.14456000 9.95716000e-02
-9.11456000 1.10515400e-01
-9.08456000 1.33367000e-01
-9.05456000 1.67988400e-01
-9.02456000 2.06742600e-01
-8.99456000 2.56759900e-01
-8.96456000 3.30455000e-01
-8.93456000 3.58834200e-01
-8.90456000 4.11720400e-01
-8.87456000 4.67277600e-01
-8.84456000 4.02725800e-01
-8.81456000 3.24490600e-01
-8.78456000 2.65642600e-01
-8.75456000 2.24013400e-01
-8.72456000 2.04774400e-01
-8.69456000 2.09053300e-01
-8.66456000 2.39087900e-01
-8.63456000 2.79762700e-01
-8.60456000 2.83452400e-01
-8.57456000 2.64471500e-01
-8.54456000 2.58633600e-01
-8.51456000 2.59721600e-01
-8.48456000 2.62797300e-01
-8.45456000 3.08123300e-01
-8.42456000 3.98132700e-01
-8.39456000 5.37672700e-01
-8.36456000 5.86512700e-01
-8.33456000 4.88764800e-01
-8.30456000 3.89298300e-01
-8.27456000 3.24089300e-01
-8.24456000 2.99687900e-01
-8.21456000 2.85291000e-01
-8.16008000 2.65583400e-01
-8.13008000 2.79167800e-01
-8.10008000 3.28687400e-01
-8.07008000 4.13804800e-01
-8.04008000 5.63384000e-01
-8.01008000 8.20145000e-01
-7.98008000 1.02052900e+00
-7.95008000 1.00698700e+00
-7.92008000 7.60960000e-01
-7.89008000 5.11950000e-01
-7.86008000 3.81476200e-01
-7.83008000 3.27101800e-01
-7.80008000 3.16490000e-01
-7.77008000 3.38593600e-01
-7.74008000 3.84481800e-01
-7.71008000 4.37042600e-01
-7.68008000 5.27574600e-01
-7.65008000 6.90863800e-01
-7.62008000 8.79210600e-01
-7.59008000 1.02377800e+00
-7.56008000 1.24531120e+00
-7.53008000 1.63609220e+00
-7.50008000 1.93151180e+00
-7.47008000 1.87898400e+00
-7.44008000 1.90887000e+00
-7.41008000 2.26925200e+00
-7.38008000 3.06076400e+00
-7.35008000 3.94929200e+00
-7.32008000 3.35555600e+00
-7.29008000 2.17747600e+00
-7.26008000 1.46937600e+00
-7.23008000 1.10248200e+00
-7.20008000 8.96805000e-01
-7.17008000 7.78965000e-01
-7.14008000 7.31817000e-01
-7.11008000 7.59511000e-01
-7.08008000 8.61155000e-01
-7.05008000 1.08712900e+00
-7.02008000 1.50117500e+00
-6.99008000 1.85283700e+00
-6.96008000 1.92976000e+00
-6.93008000 2.14800400e+00
-6.90008000 2.91895500e+00
-6.87008000 4.44807700e+00
-6.84008000 5.40073500e+00
-6.81008000 4.10350100e+00
-6.78008000 2.94446800e+00
-6.75008000 2.73881400e+00
-6.72008000 2.95432800e+00
-6.69008000 2.40393600e+00
-6.66008000 1.65024600e+00
-6.63008000 1.22703500e+00
-6.60008000 1.00619200e+00
-6.57008000 8.58382000e-01
-6.54008000 8.04583000e-01
-6.51008000 8.24041000e-01
-6.48008000 8.60552000e-01
-6.45008000 8.97109000e-01
-6.42008000 9.48300000e-01
-6.36561000 1.30540800e+00
-6.33561000 1.67223400e+00
-6.30561000 2.17047800e+00
-6.27561000 3.00419200e+00
-6.24561000 4.49511400e+00
-6.21561000 5.15279000e+00
-6.18561000 4.13507200e+00
-6.15561000 3.71143000e+00
-6.12561000 4.49218000e+00
-6.09561000 5.98026000e+00
-6.06561000 6.63077000e+00
-6.03561000 7.33819000e+00
-6.00561000 7.86296000e+00
-5.97561000 7.47900800e+00
-5.94561000 6.17042600e+00
-5.91561000 4.24389900e+00
-5.88561000 2.88412500e+00
-5.85561000 2.18389900e+00
-5.82561000 1.70276200e+00
-5.79561000 1.30580100e+00
-5.76561000 1.07092100e+00
-5.73561000 9.01783000e-01
-5.70561000 7.70135400e-01
-5.67561000 6.98959000e-01
-5.64561000 6.79306000e-01
-5.61561000 7.03467900e-01
-5.58561000 7.50740800e-01
-5.55561000 8.24487400e-01
-5.52561000 9.70419000e-01
-5.49561000 1.20464840e+00
-5.46561000 1.46436480e+00
-5.43561000 1.78851310e+00
-5.40561000 2.48404790e+00
-5.37561000 3.56907880e+00
-5.34561000 4.31611940e+00
-5.31561000 3.84377660e+00
-5.28561000 2.87394350e+00
-5.25561000 2.54220950e+00
-5.22561000 2.93889800e+00
-5.19561000 4.11631400e+00
-5.16561000 5.84956220e+00
-5.13561000 6.17284740e+00
-5.10561000 5.38549540e+00
-5.07561000 5.05722830e+00
-5.04561000 4.18170600e+00
-5.01561000 3.03235400e+00
-4.98561000 2.41065700e+00
-4.95561000 1.98987240e+00
-4.92561000 1.46891400e+00
-4.89561000 1.10149140e+00
-4.86561000 9.22725800e-01
-4.83561000 8.17923000e-01
-4.80561000 7.17389000e-01
-4.77561000 6.37780000e-01
-4.74561000 5.54529000e-01
-4.71561000 4.86250000e-01
-4.68561000 4.53818100e-01
-4.65561000 4.59851100e-01
-4.62561000 5.13839800e-01
-4.57114000 7.07975000e-01
-4.54114000 8.33605000e-01
-4.51114000 1.02488700e+00
-4.48114000 1.32069200e+00
-4.45114000 1.45997700e+00
-4.42114000 1.15206800e+00
-4.39114000 8.60429000e-01
-4.36114000 7.10550000e-01
-4.33114000 6.53413000e-01
-4.30114000 6.84993000e-01
-4.27114000 8.22608000e-01
-4.24114000 1.03285700e+00
-4.21114000 1.16115100e+00
-4.18114000 1.33297900e+00
-4.15114000 1.77018700e+00
-4.12114000 2.57522300e+00
-4.09114000 3.36877400e+00
-4.06114000 3.75074200e+00
-4.03114000 3.35314500e+00
-4.00114000 2.34724600e+00
-3.97114000 1.86560700e+00
-3.94114000 1.88610000e+00
-3.91114000 2.08763700e+00
-3.88114000 2.13297600e+00
-3.85114000 1.88484400e+00
-3.82114000 1.38831500e+00
-3.79114000 1.09671900e+00
-3.76114000 1.08802400e+00
-3.73114000 1.29878900e+00
-3.70114000 1.36433300e+00
-3.67114000 1.18189600e+00
-3.64114000 9.69210000e-01
-3.61114000 7.78384000e-01
-3.58114000 6.84009000e-01
-3.55114000 7.14056000e-01
-3.52114000 8.40080000e-01
-3.49114000 1.00790700e+00
-3.46114000 1.27954900e+00
-3.43114000 1.34996400e+00
-3.40114000 1.03450600e+00
-3.37114000 8.13228000e-01
-3.34114000 6.81358000e-01
-3.31114000 5.38737000e-01
-3.28114000 4.44116000e-01
-3.25114000 4.06609000e-01
-3.22114000 4.06863000e-01
-3.19114000 4.43253000e-01
-3.16114000 5.09762000e-01
-3.13114000 6.24366000e-01
-3.10114000 7.21251000e-01
-3.07114000 7.68534000e-01
-3.04114000 7.25898000e-01
-3.01114000 6.25532000e-01
-2.98114000 5.80991000e-01
-2.95114000 5.51086000e-01
-2.92114000 5.47187000e-01
-2.89114000 6.10936000e-01
-2.86114000 6.95564000e-01
-2.83114000 7.76022000e-01
-2.77667000 7.42623000e-01
-2.74667000 7.84727000e-01
-2.71667000 8.25078000e-01
-2.68667000 7.99744000e-01
-2.65667000 8.06696000e-01
-2.62667000 8.06901000e-01
-2.59667000 8.54002000e-01
-2.56667000 1.00878400e+00
-2.53667000 1.28396800e+00
-2.50667000 1.56531400e+00
-2.47667000 1.64167400e+00
-2.44667000 1.47735700e+00
-2.41667000 1.36582000e+00
-2.38667000 1.39373100e+00
-2.35667000 1.40159500e+00
-2.32667000 1.31174600e+00
-2.29667000 1.34999800e+00
-2.26667000 1.58841500e+00
-2.23667000 2.04427300e+00
-2.20667000 2.55467000e+00
-2.17667000 2.36281400e+00
-2.14667000 1.93868900e+00
-2.11667000 1.86275400e+00
-2.08667000 1.85962900e+00
-2.05667000 1.63728600e+00
-2.02667000 1.31230900e+00
-1.99667000 1.10399500e+00
-1.96667000 1.05453700e+00
-1.93667000 1.07957400e+00
-1.90667000 1.13221600e+00
-1.87667000 1.11212800e+00
-1.84667000 1.03988200e+00
-1.81667000 1.04105600e+00
-1.78667000 1.13862600e+00
-1.75667000 1.13723400e+00
-1.72667000 1.13770500e+00
-1.69667000 1.31048300e+00
-1.66667000 1.74746400e+00
-1.63667000 2.54174400e+00
-1.60667000 3.37300000e+00
-1.57667000 3.61374000e+00
-1.54667000 3.72778000e+00
-1.51667000 4.21921000e+00
-1.48667000 5.31586000e+00
-1.45667000 5.63200000e+00
-1.42667000 4.56887000e+00
-1.39667000 3.48415600e+00
-1.36667000 3.14159400e+00
-1.33667000 3.44466600e+00
-1.30667000 3.88884000e+00
-1.27667000 3.87653400e+00
-1.24667000 3.46137200e+00
-1.21667000 3.27283000e+00
-1.18667000 3.61805700e+00
-1.15667000 4.83313900e+00
-1.12667000 7.40108000e+00
-1.09667000 9.73887000e+00
-1.06667000 8.67228000e+00
-1.03667000 6.34235000e+00
-0.98220100 4.47988000e+00
-0.95220100 4.23671000e+00
-0.92220100 3.78639000e+00
-0.89220100 3.52620000e+00
-0.86220100 3.62369000e+00
-0.83220100 4.01062000e+00
-0.80220100 4.83087000e+00
-0.77220100 6.35614000e+00
-0.74220100 6.83144000e+00
-0.71220100 5.41690500e+00
-0.68220100 4.64832000e+00
-0.65220100 5.09052000e+00
-0.62220100 5.80423700e+00
-0.59220100 5.10653000e+00
-0.56220100 3.81465600e+00
-0.53220100 3.02157500e+00
-0.50220100 2.50780400e+00
-0.47220100 2.17348700e+00
-0.44220100 2.18768400e+00
-0.41220100 2.62481100e+00
-0.38220100 3.43343600e+00
-0.35220100 4.21003500e+00
-0.32220100 4.82409800e+00
-0.29220100 5.75250000e+00
-0.26220100 6.35212800e+00
-0.23220100 5.24394900e+00
-0.20220100 3.64631600e+00
-0.17220100 2.59467400e+00
-0.14220100 2.04832400e+00
-0.11220100 1.82714400e+00
-0.08220100 1.86667900e+00
-0.05220100 1.83156700e+00
-0.02220100 1.50503000e+00
0.00779905 1.26229100e+00
0.03779900 1.14041800e+00
0.06779900 1.05067100e+00
0.09779900 1.03966900e+00
0.12779900 1.07101000e+00
0.15779900 1.08243300e+00
0.18779900 1.20295500e+00
0.21779900 1.41554800e+00
0.24779900 1.69741500e+00
0.27779900 2.09613400e+00
0.30779900 2.22274000e+00
0.33779900 2.02770400e+00
0.36779900 1.77117300e+00
0.39779900 1.63497300e+00
0.42779900 1.69124300e+00
0.45779900 1.89578900e+00
0.48779900 2.12185500e+00
0.51779900 2.31224400e+00
0.54779900 2.40880100e+00
0.57779900 2.51969500e+00
0.60779900 2.58633200e+00
0.63779900 2.60805800e+00
0.66779900 2.41401300e+00
0.69779900 2.38774700e+00
0.72779900 2.45609100e+00
0.75779900 2.34300000e+00
