# E(MeV)  S_NSDRNSDR(Total=K0+2*K1) for Hg211_DDPCX
-6.46334000 -2.33238600e-01
-6.43334000 -2.26343300e-01
-6.40334000 -2.19563800e-01
-6.37334000 -2.12895000e-01
-6.34334000 -2.06332000e-01
-6.31334000 -1.99869600e-01
-6.28334000 -1.93503500e-01
-6.25334000 -1.87229200e-01
-6.22334000 -1.81042000e-01
-6.19334000 -1.74937900e-01
-6.16334000 -1.68912400e-01
-6.13334000 -1.62961600e-01
-6.10334000 -1.57081200e-01
-6.07334000 -1.51267100e-01
-6.04334000 -1.45515200e-01
-6.01334000 -1.39821400e-01
-5.98334000 -1.34181600e-01
-5.95334000 -1.28591100e-01
-5.92334000 -1.23045800e-01
-5.89334000 -1.17540500e-01
-5.86334000 -1.12070100e-01
-5.83334000 -1.06628900e-01
-5.80334000 -1.01210600e-01
-5.77334000 -9.58070000e-02
-5.73578000 -8.90472000e-02
-5.70578000 -8.36361000e-02
-5.67578000 -7.81918000e-02
-5.64578000 -7.26812000e-02
-5.61578000 -6.70447000e-02
-5.58578000 -6.11655800e-02
-5.55578000 -5.47901200e-02
-5.52578000 -4.73705500e-02
-5.49578000 -3.83793500e-02
-5.46578000 -3.11207800e-02
-5.43578000 -2.87573000e-02
-5.40578000 -2.58992800e-02
-5.37578000 -2.14190400e-02
-5.34578000 -1.59315200e-02
-5.31578000 -9.72381000e-03
-5.28578000 -2.80026000e-03
-5.25578000 5.04136000e-03
-5.22578000 1.42414780e-02
-5.19578000 2.56590200e-02
-5.16578000 4.10226000e-02
-5.13578000 6.40551000e-02
-5.10578000 1.03236200e-01
-5.07578000 1.75913900e-01
-5.04578000 2.81573600e-01
-5.00821000 2.65115200e-01
-4.97821000 1.73697000e-01
-4.94821000 1.23256500e-01
-4.91821000 1.01214300e-01
-4.88821000 9.25675000e-02
-4.85821000 9.04654000e-02
-4.82821000 9.18865000e-02
-4.79821000 9.54111000e-02
-4.76821000 1.00326700e-01
-4.73821000 1.06260100e-01
-4.70821000 1.13013200e-01
-4.67821000 1.20486200e-01
-4.64821000 1.28640100e-01
-4.61821000 1.37476400e-01
-4.58821000 1.47027200e-01
-4.55821000 1.57351400e-01
-4.52821000 1.68532200e-01
-4.49821000 1.80681400e-01
-4.46821000 1.93938600e-01
-4.43821000 2.08481800e-01
-4.40821000 2.24534800e-01
-4.37821000 2.42374600e-01
-4.34821000 2.62354600e-01
-4.31821000 2.84925400e-01
-4.28065000 3.17740000e-01
-4.25065000 3.48546200e-01
-4.22065000 3.84584400e-01
-4.19065000 4.27310000e-01
-4.16065000 4.78732000e-01
-4.13065000 5.41675000e-01
-4.10065000 6.20214200e-01
-4.07065000 7.20399200e-01
-4.04065000 8.51507200e-01
-4.01065000 1.02832500e+00
-3.98065000 1.27550400e+00
-3.95065000 1.63640580e+00
-3.92065000 2.19230680e+00
-3.89065000 3.10720100e+00
-3.86065000 4.73886920e+00
-3.83065000 7.90362840e+00
-3.80065000 1.41099586e+01
-3.77065000 2.17523384e+01
-3.74065000 1.89641560e+01
-3.71065000 1.10319920e+01
-3.68065000 6.35353600e+00
-3.65065000 4.02524200e+00
-3.62065000 2.80458200e+00
-3.59065000 2.12187400e+00
-3.55309000 1.66377400e+00
-3.52309000 1.49839800e+00
-3.49309000 1.49160700e+00
-3.46309000 1.70226700e+00
-3.43309000 2.26999800e+00
-3.40309000 2.96401500e+00
-3.37309000 2.55271100e+00
-3.34309000 1.70551700e+00
-3.31309000 1.21103800e+00
-3.28309000 9.56923000e-01
-3.25309000 8.17827000e-01
-3.22309000 7.36249000e-01
-3.19309000 6.86502000e-01
-3.16309000 6.56413000e-01
-3.13309000 6.39720000e-01
-3.10309000 6.31232000e-01
-3.07309000 6.28323000e-01
-3.04309000 6.32304000e-01
-3.01309000 6.41816000e-01
-2.98309000 6.56816000e-01
-2.95309000 6.78910000e-01
-2.92309000 7.09407000e-01
-2.89309000 7.50153000e-01
-2.86309000 8.08735000e-01
-2.82553000 9.28279000e-01
-2.79553000 1.08759800e+00
-2.76553000 1.33032100e+00
-2.73553000 1.49732600e+00
-2.70553000 1.47638400e+00
-2.67553000 1.48782600e+00
-2.64553000 1.57692900e+00
-2.61553000 1.75026100e+00
-2.58553000 2.09311100e+00
-2.55553000 2.43003800e+00
-2.52553000 2.64745900e+00
-2.49553000 3.18316600e+00
-2.46553000 4.50032500e+00
-2.43553000 6.11545500e+00
-2.40553000 5.90873000e+00
-2.37553000 5.58310000e+00
-2.34553000 6.93296000e+00
-2.31553000 8.75954000e+00
-2.28553000 7.15416000e+00
-2.25553000 4.65133000e+00
-2.22553000 3.28061400e+00
-2.19553000 2.61940400e+00
-2.16553000 2.29804200e+00
-2.13553000 2.15003500e+00
-2.09797000 2.10048400e+00
-2.06797000 2.13060700e+00
-2.03797000 2.20731500e+00
-2.00797000 2.32542200e+00
-1.97797000 2.48485100e+00
-1.94797000 2.68952200e+00
-1.91797000 2.94731200e+00
-1.88797000 3.27079800e+00
-1.85797000 3.67909100e+00
-1.82797000 4.20096400e+00
-1.79797000 4.88041700e+00
-1.76797000 5.78698500e+00
-1.73797000 7.03476100e+00
-1.70797000 8.82087100e+00
-1.67797000 1.15070000e+01
-1.64797000 1.58055800e+01
-1.61797000 2.32358800e+01
-1.58797000 3.72440400e+01
-1.55797000 6.48800600e+01
-1.52797000 1.06340300e+02
-1.49797000 1.09877910e+02
-1.46797000 7.47004000e+01
-1.43797000 4.99800000e+01
-1.40797000 3.83044000e+01
-1.37041000 2.78360200e+01
-1.34041000 2.34774700e+01
-1.31041000 2.24505600e+01
-1.28041000 2.46391800e+01
-1.25041000 3.14340800e+01
-1.22041000 3.51847700e+01
-1.19041000 3.09841200e+01
-1.16041000 2.31282800e+01
-1.13041000 1.87420700e+01
-1.10041000 1.80459000e+01
-1.07041000 1.91128600e+01
-1.04041000 2.16761500e+01
-1.01041000 2.62466000e+01
-0.98041200 3.30890000e+01
-0.95041200 4.44976000e+01
-0.92041200 5.87033000e+01
-0.89041200 7.69761000e+01
-0.86041200 1.16549100e+02
-0.83041200 1.84627400e+02
-0.80041200 1.96464500e+02
-0.77041200 1.32756600e+02
-0.74041200 8.57040000e+01
-0.71041200 6.47631000e+01
-0.68041200 5.80494000e+01
-0.64285100 4.36273000e+01
-0.61285100 3.34118300e+01
-0.58285100 2.64785900e+01
-0.55285100 2.25658700e+01
-0.52285100 2.23069000e+01
-0.49285100 2.28630700e+01
-0.46285100 2.16068300e+01
-0.43285100 2.14487100e+01
-0.40285100 2.32825100e+01
-0.37285100 2.05619000e+01
-0.34285100 1.57432000e+01
-0.31285100 1.29297300e+01
-0.28285100 1.18825400e+01
-0.25285100 1.22940900e+01
-0.22285100 1.43545500e+01
-0.19285100 1.89679400e+01
-0.16285100 2.84804200e+01
-0.13285100 4.62198000e+01
-0.10285100 6.68885000e+01
-0.07285120 6.63229000e+01
-0.04285120 4.36813800e+01
-0.01285120 2.77975000e+01
0.01714880 2.06127400e+01
0.04714880 1.87877600e+01
0.08470940 2.28101300e+01
0.11470900 2.88014900e+01
0.14470900 2.90619700e+01
0.17470900 3.09651900e+01
0.20470900 3.87412500e+01
0.23470900 3.74862900e+01
0.26470900 3.00713000e+01
0.29470900 2.26314500e+01
0.32470900 1.56094000e+01
0.35470900 1.17994500e+01
0.38470900 1.01108200e+01
0.41470900 9.65308000e+00
0.44470900 1.04169500e+01
0.47470900 1.28149800e+01
0.50470900 1.68525600e+01
0.53470900 2.08444400e+01
0.56470900 2.76503800e+01
0.59470900 3.75880100e+01
0.62470900 4.25102000e+01
0.65470900 3.52986000e+01
0.68470900 2.43396000e+01
0.71470900 1.73281700e+01
0.74470900 1.37465900e+01
0.77470900 1.21760400e+01
