# E(MeV)  S_NSDRNSDR(K=1) for Ho185_DDPCX
-9.08701000 -1.21779000e-01
-9.05701000 -3.91817000e-02
-9.02701000 2.13755000e-02
-8.99701000 6.98377000e-02
-8.96701000 1.11816000e-01
-8.93701000 1.50842000e-01
-8.90701000 1.89442000e-01
-8.87701000 2.29711000e-01
-8.84701000 2.73680000e-01
-8.81701000 3.23625000e-01
-8.78701000 3.82402000e-01
-8.75701000 4.53935000e-01
-8.72701000 5.44026000e-01
-8.69701000 6.61900000e-01
-8.66701000 8.23398000e-01
-8.63701000 1.05782000e+00
-8.60701000 1.41698000e+00
-8.57701000 1.93271000e+00
-8.54701000 2.57289000e+00
-8.51701000 3.66240000e+00
-8.48701000 5.43345000e+00
-8.45701000 7.39714000e+00
-8.42701000 1.10369000e+01
-8.39701000 1.81594000e+01
-8.36701000 2.14088000e+01
-8.33701000 1.42308000e+01
-8.30701000 7.99385000e+00
-8.27701000 4.80405000e+00
-8.24701000 3.19005000e+00
-8.21701000 2.32644000e+00
-8.18701000 1.86193000e+00
-8.15701000 1.65995000e+00
-8.09708000 2.11078000e+00
-8.06708000 3.01074000e+00
-8.03708000 3.48447000e+00
-8.00708000 2.47347000e+00
-7.97708000 1.53079000e+00
-7.94708000 1.02738000e+00
-7.91708000 7.57440000e-01
-7.88708000 5.98829000e-01
-7.85708000 4.97310000e-01
-7.82708000 4.27827000e-01
-7.79708000 3.77802000e-01
-7.76708000 3.40393000e-01
-7.73708000 3.11614000e-01
-7.70708000 2.88998000e-01
-7.67708000 2.70946000e-01
-7.64708000 2.56376000e-01
-7.61708000 2.44531000e-01
-7.58708000 2.34868000e-01
-7.55708000 2.26985000e-01
-7.52708000 2.20580000e-01
-7.49708000 2.15422000e-01
-7.46708000 2.11334000e-01
-7.43708000 2.08175000e-01
-7.40708000 2.05835000e-01
-7.37708000 2.04227000e-01
-7.34708000 2.03283000e-01
-7.31708000 2.02948000e-01
-7.28708000 2.03180000e-01
-7.25708000 2.03948000e-01
-7.22708000 2.05227000e-01
-7.19708000 2.07004000e-01
-7.16708000 2.09268000e-01
-7.10716000 2.15252000e-01
-7.07716000 2.18993000e-01
-7.04716000 2.23251000e-01
-7.01716000 2.28050000e-01
-6.98716000 2.33421000e-01
-6.95716000 2.39403000e-01
-6.92716000 2.46043000e-01
-6.89716000 2.53401000e-01
-6.86716000 2.61548000e-01
-6.83716000 2.70571000e-01
-6.80716000 2.80576000e-01
-6.77716000 2.91694000e-01
-6.74716000 3.04083000e-01
-6.71716000 3.17942000e-01
-6.68716000 3.33521000e-01
-6.65716000 3.51139000e-01
-6.62716000 3.71209000e-01
-6.59716000 3.94280000e-01
-6.56716000 4.21100000e-01
-6.53716000 4.52724000e-01
-6.50716000 4.90701000e-01
-6.47716000 5.37424000e-01
-6.44716000 5.96850000e-01
-6.41716000 6.76060000e-01
-6.38716000 7.88960000e-01
-6.35716000 9.65019000e-01
-6.32716000 1.26018000e+00
-6.29716000 1.66295000e+00
-6.26716000 1.83749000e+00
-6.23716000 1.95752000e+00
-6.20716000 2.43240000e+00
-6.17716000 3.01210000e+00
-6.11723000 3.19999000e+00
-6.08723000 3.80381000e+00
-6.05723000 5.16933000e+00
-6.02723000 7.44517000e+00
-5.99723000 1.05027000e+01
-5.96723000 1.61179000e+01
-5.93723000 2.39222000e+01
-5.90723000 2.21975000e+01
-5.87723000 1.34221000e+01
-5.84723000 7.91856000e+00
-5.81723000 5.20358000e+00
-5.78723000 3.83815000e+00
-5.75723000 3.15098000e+00
-5.72723000 2.87222000e+00
-5.69723000 2.92888000e+00
-5.66723000 3.38635000e+00
-5.63723000 4.41412000e+00
-5.60723000 6.23028000e+00
-5.57723000 7.98126000e+00
-5.54723000 8.71640000e+00
-5.51723000 9.36240000e+00
-5.48723000 7.24879000e+00
-5.45723000 4.81788000e+00
-5.42723000 3.59295000e+00
-5.39723000 2.93173000e+00
-5.36723000 2.51510000e+00
-5.33723000 2.34223000e+00
-5.30723000 2.35503000e+00
-5.27723000 2.54032000e+00
-5.24723000 2.94576000e+00
-5.21723000 3.52873000e+00
-5.18723000 3.96720000e+00
-5.12730000 5.63347000e+00
-5.09730000 6.72229000e+00
-5.06730000 8.10556000e+00
-5.03730000 9.26441000e+00
-5.00730000 1.08129000e+01
-4.97730000 1.46424000e+01
-4.94730000 2.30170000e+01
-4.91730000 3.76314000e+01
-4.88730000 5.05474000e+01
-4.85730000 4.50657000e+01
-4.82730000 2.83600000e+01
-4.79730000 1.83114000e+01
-4.76730000 1.40987000e+01
-4.73730000 1.33746000e+01
-4.70730000 1.54285000e+01
-4.67730000 1.81883000e+01
-4.64730000 1.83571000e+01
-4.61730000 2.03066000e+01
-4.58730000 2.69820000e+01
-4.55730000 4.02372000e+01
-4.52730000 4.87700000e+01
-4.49730000 4.51120000e+01
-4.46730000 5.12383000e+01
-4.43730000 7.31910000e+01
-4.40730000 8.42254000e+01
-4.37730000 5.85758000e+01
-4.34730000 3.49932000e+01
-4.31730000 2.18677000e+01
-4.28730000 1.44181000e+01
-4.25730000 1.02501000e+01
-4.22730000 7.89090000e+00
-4.19730000 6.62768000e+00
-4.13737000 4.96923000e+00
-4.10737000 4.10279000e+00
-4.07737000 3.64935000e+00
-4.04737000 3.37468000e+00
-4.01737000 2.94159000e+00
-3.98737000 2.59182000e+00
-3.95737000 2.43764000e+00
-3.92737000 2.48355000e+00
-3.89737000 2.75802000e+00
-3.86737000 2.98147000e+00
-3.83737000 2.79889000e+00
-3.80737000 2.61239000e+00
-3.77737000 2.69488000e+00
-3.74737000 3.01605000e+00
-3.71737000 3.27532000e+00
-3.68737000 3.44038000e+00
-3.65737000 4.16061000e+00
-3.62737000 5.86555000e+00
-3.59737000 7.73320000e+00
-3.56737000 7.17228000e+00
-3.53737000 6.34763000e+00
-3.50737000 7.11754000e+00
-3.47737000 1.01032000e+01
-3.44737000 1.44866000e+01
-3.41737000 1.39164000e+01
-3.38737000 1.01294000e+01
-3.35737000 8.54381000e+00
-3.32737000 9.52092000e+00
-3.29737000 1.35818000e+01
-3.26737000 2.15906000e+01
-3.23737000 2.71782000e+01
-3.20737000 2.10058000e+01
-3.14744000 8.23394000e+00
-3.11744000 6.41922000e+00
-3.08744000 6.09586000e+00
-3.05744000 5.79301000e+00
-3.02744000 4.26285000e+00
-2.99744000 3.01355000e+00
-2.96744000 2.32744000e+00
-2.93744000 1.95938000e+00
-2.90744000 1.77572000e+00
-2.87744000 1.73253000e+00
-2.84744000 1.84794000e+00
-2.81744000 2.21509000e+00
-2.78744000 2.97689000e+00
-2.75744000 3.72068000e+00
-2.72744000 3.34641000e+00
-2.69744000 2.96452000e+00
-2.66744000 3.36945000e+00
-2.63744000 4.73221000e+00
-2.60744000 6.02741000e+00
-2.57744000 4.89248000e+00
-2.54744000 3.42896000e+00
-2.51744000 2.76932000e+00
-2.48744000 2.66954000e+00
-2.45744000 3.17511000e+00
-2.42744000 4.13412000e+00
-2.39744000 4.52029000e+00
-2.36744000 3.99635000e+00
-2.33744000 3.05458000e+00
-2.30744000 2.37029000e+00
-2.27744000 1.91768000e+00
-2.24744000 1.75240000e+00
-2.21744000 1.80353000e+00
-2.15751000 2.64658000e+00
-2.12751000 3.85721000e+00
-2.09751000 6.16498000e+00
-2.06751000 8.58320000e+00
-2.03751000 7.92440000e+00
-2.00751000 6.48476000e+00
-1.97751000 4.77166000e+00
-1.94751000 3.50332000e+00
-1.91751000 3.05566000e+00
-1.88751000 3.24107000e+00
-1.85751000 4.05695000e+00
-1.82751000 5.53603000e+00
-1.79751000 7.19995000e+00
-1.76751000 9.58716000e+00
-1.73751000 1.23617000e+01
-1.70751000 1.01281000e+01
-1.67751000 6.47319000e+00
-1.64751000 4.47484000e+00
-1.61751000 3.63172000e+00
-1.58751000 3.15033000e+00
-1.55751000 2.96586000e+00
-1.52751000 3.27430000e+00
-1.49751000 3.63333000e+00
-1.46751000 3.60123000e+00
-1.43751000 3.94919000e+00
-1.40751000 5.32470000e+00
-1.37751000 8.13622000e+00
-1.34751000 9.97765000e+00
-1.31751000 7.87870000e+00
-1.28751000 6.14801000e+00
-1.25751000 6.23524000e+00
-1.22751000 8.32396000e+00
-1.16759000 1.80014000e+01
-1.13759000 1.53513000e+01
-1.10759000 1.07914000e+01
-1.07759000 7.29720000e+00
-1.04759000 4.90817000e+00
-1.01759000 3.73354000e+00
-0.98758600 3.20121000e+00
-0.95758600 2.53951000e+00
-0.92758600 1.97770000e+00
-0.89758600 1.68717000e+00
-0.86758600 1.50635000e+00
-0.83758600 1.39260000e+00
-0.80758600 1.33177000e+00
-0.77758600 1.37937000e+00
-0.74758600 1.61193000e+00
-0.71758600 2.17207000e+00
-0.68758600 3.34512000e+00
-0.65758600 4.84709000e+00
-0.62758600 4.40855000e+00
-0.59758600 3.02095000e+00
-0.56758600 2.34669000e+00
-0.53758600 1.91690000e+00
-0.50758600 1.53763000e+00
-0.47758600 1.39265000e+00
-0.44758600 1.31669000e+00
-0.41758600 1.27478000e+00
-0.38758600 1.34978000e+00
-0.35758600 1.38089000e+00
-0.32758600 1.22667000e+00
-0.29758600 1.01217000e+00
-0.26758600 9.09937000e-01
-0.23758600 9.23568000e-01
-0.17765800 1.31792000e+00
-0.14765800 1.65373000e+00
-0.11765800 2.20305000e+00
-0.08765820 2.88330000e+00
-0.05765820 2.62417000e+00
-0.02765820 1.97576000e+00
0.00234179 1.70919000e+00
0.03234180 1.76950000e+00
0.06234180 2.18795000e+00
0.09234180 3.19328000e+00
0.12234200 4.98944000e+00
0.15234200 6.13563000e+00
0.18234200 5.64191000e+00
0.21234200 4.41087000e+00
0.24234200 3.43081000e+00
0.27234200 3.23970000e+00
0.30234200 3.23666000e+00
0.33234200 2.98802000e+00
0.36234200 2.90258000e+00
0.39234200 2.89684000e+00
0.42234200 3.02214000e+00
0.45234200 3.58157000e+00
0.48234200 4.75231000e+00
0.51234200 6.53913000e+00
0.54234200 8.94973000e+00
0.57234200 8.09459000e+00
0.60234200 5.15347000e+00
0.63234200 3.42444000e+00
0.66234200 2.73813000e+00
0.69234200 2.67834000e+00
0.72234200 3.03407000e+00
0.75234200 3.62375000e+00
