# E(MeV)  S_NSDRNSDR(Total=K0+2*K1) for Ho185_DDPCX
-9.08701000 -1.83875500e-01
-9.05701000 -7.43140000e-03
-9.02701000 1.23530100e-01
-8.99701000 2.29551900e-01
-8.96701000 3.22319600e-01
-8.93701000 4.09266000e-01
-8.90701000 4.95779000e-01
-8.87701000 5.86397000e-01
-8.84701000 6.85587000e-01
-8.81701000 7.98417000e-01
-8.78701000 9.31301000e-01
-8.75701000 1.09309600e+00
-8.72701000 1.29693500e+00
-8.69701000 1.56369400e+00
-8.66701000 1.92911200e+00
-8.63701000 2.45901600e+00
-8.60701000 3.27084000e+00
-8.57701000 4.45680900e+00
-8.54701000 6.01531900e+00
-8.51701000 8.71696000e+00
-8.48701000 1.30131000e+01
-8.45701000 1.73736700e+01
-8.42701000 2.51743300e+01
-8.39701000 3.95388000e+01
-8.36701000 4.49520400e+01
-8.33701000 2.97282100e+01
-8.30701000 1.68074550e+01
-8.27701000 1.01954650e+01
-8.24701000 6.83675700e+00
-8.21701000 5.03054600e+00
-8.18701000 4.05106700e+00
-8.15701000 3.61354800e+00
-8.09708000 4.47636400e+00
-8.06708000 6.26515900e+00
-8.03708000 7.20493100e+00
-8.00708000 5.17777000e+00
-7.97708000 3.28916100e+00
-7.94708000 2.28057600e+00
-7.91708000 1.74011200e+00
-7.88708000 1.42326600e+00
-7.85708000 1.22140400e+00
-7.82708000 1.08429600e+00
-7.79708000 9.86697000e-01
-7.76708000 9.14856000e-01
-7.73708000 8.60752000e-01
-7.70708000 8.19416000e-01
-7.67708000 7.87622000e-01
-7.64708000 7.63191000e-01
-7.61708000 7.44598000e-01
-7.58708000 7.30752000e-01
-7.55708000 7.20849000e-01
-7.52708000 7.14291000e-01
-7.49708000 7.10625000e-01
-7.46708000 7.09511000e-01
-7.43708000 7.10685000e-01
-7.40708000 7.13947000e-01
-7.37708000 7.19151000e-01
-7.34708000 7.26191000e-01
-7.31708000 7.34994000e-01
-7.28708000 7.45518000e-01
-7.25708000 7.57750000e-01
-7.22708000 7.71695000e-01
-7.19708000 7.87393000e-01
-7.16708000 8.04898000e-01
-7.10716000 8.45647000e-01
-7.07716000 8.69190000e-01
-7.04716000 8.95051000e-01
-7.01716000 9.23449000e-01
-6.98716000 9.54645000e-01
-6.95716000 9.88961000e-01
-6.92716000 1.02678700e+00
-6.89716000 1.06860400e+00
-6.86716000 1.11500500e+00
-6.83716000 1.16672500e+00
-6.80716000 1.22469300e+00
-6.77716000 1.29009100e+00
-6.74716000 1.36443900e+00
-6.71716000 1.44973500e+00
-6.68716000 1.54864600e+00
-6.65716000 1.66481200e+00
-6.62716000 1.80330800e+00
-6.59716000 1.97143000e+00
-6.56716000 2.17998000e+00
-6.53716000 2.44558800e+00
-6.50716000 2.79496200e+00
-6.47716000 3.27328800e+00
-6.44716000 3.96184000e+00
-6.41716000 5.01760000e+00
-6.38716000 6.76918000e+00
-6.35716000 9.95431800e+00
-6.32716000 1.61608600e+01
-6.29716000 2.64989000e+01
-6.26716000 3.04747800e+01
-6.23716000 2.17695400e+01
-6.20716000 1.53973000e+01
-6.17716000 1.29158800e+01
-6.11723000 1.08423600e+01
-6.08723000 1.20439000e+01
-6.05723000 1.55344100e+01
-6.02723000 2.12832700e+01
-5.99723000 2.78953600e+01
-5.96723000 3.92018800e+01
-5.93723000 5.34641900e+01
-5.90723000 4.87206000e+01
-5.87723000 3.06032500e+01
-5.84723000 1.94981900e+01
-5.81723000 1.43075900e+01
-5.78723000 1.22003300e+01
-5.75723000 1.20857300e+01
-5.72723000 1.37946400e+01
-5.69723000 1.59370600e+01
-5.66723000 1.63713600e+01
-5.63723000 1.84726000e+01
-5.60723000 2.45727600e+01
-5.57723000 3.28726200e+01
-5.54723000 3.59183000e+01
-5.51723000 3.45829000e+01
-5.48723000 2.90566800e+01
-5.45723000 2.57074600e+01
-5.42723000 2.89728000e+01
-5.39723000 3.92897600e+01
-5.36723000 4.85491000e+01
-5.33723000 4.04816600e+01
-5.30723000 3.14201600e+01
-5.27723000 2.96234400e+01
-5.24723000 3.43802200e+01
-5.21723000 4.68375600e+01
-5.18723000 6.50224000e+01
-5.12730000 7.43961400e+01
-5.09730000 9.71522800e+01
-5.06730000 1.52344120e+02
-5.03730000 2.14185820e+02
-5.00730000 1.81074800e+02
-4.97730000 1.21011700e+02
-4.94730000 9.94067000e+01
-4.91730000 1.09341500e+02
-4.88730000 1.24821200e+02
-4.85730000 1.07868000e+02
-4.82730000 7.08024000e+01
-4.79730000 4.84433000e+01
-4.76730000 3.87168000e+01
-4.73730000 3.68075000e+01
-4.70730000 4.14009000e+01
-4.67730000 4.81162000e+01
-4.64730000 4.99637000e+01
-4.61730000 5.66987000e+01
-4.58730000 7.00824000e+01
-4.55730000 9.35567000e+01
-4.52730000 1.09552100e+02
-4.49730000 1.03651700e+02
-4.46730000 1.18724400e+02
-4.43730000 1.62142500e+02
-4.40730000 1.82061100e+02
-4.37730000 1.31047700e+02
-4.34730000 8.65346000e+01
-4.31730000 6.21168000e+01
-4.28730000 4.60273000e+01
-4.25730000 3.75312000e+01
-4.22730000 3.34840000e+01
-4.19730000 3.27031600e+01
-4.13737000 4.13818600e+01
-4.10737000 5.38317800e+01
-4.07737000 8.01270000e+01
-4.04737000 1.33750360e+02
-4.01737000 2.16306180e+02
-3.98737000 2.23942640e+02
-3.95737000 1.45602280e+02
-3.92737000 9.53087000e+01
-3.89737000 7.92999400e+01
-3.86737000 8.82465400e+01
-3.83737000 1.13959780e+02
-3.80737000 1.11199780e+02
-3.77737000 7.94333600e+01
-3.74737000 5.35960000e+01
-3.71737000 3.71040400e+01
-3.68737000 2.79738600e+01
-3.65737000 2.40378200e+01
-3.62737000 2.42224000e+01
-3.59737000 2.59783000e+01
-3.56737000 2.35871400e+01
-3.53737000 2.07663300e+01
-3.50737000 2.13822500e+01
-3.47737000 2.68301300e+01
-3.44737000 3.54215200e+01
-3.41737000 3.44605200e+01
-3.38737000 2.75308600e+01
-3.35737000 2.57505800e+01
-3.32737000 3.04943400e+01
-3.29737000 4.43164000e+01
-3.26737000 7.17625000e+01
-3.23737000 9.72058000e+01
-3.20737000 7.98499000e+01
-3.14744000 3.16009800e+01
-3.11744000 2.50231400e+01
-3.08744000 2.42839200e+01
-3.05744000 2.22698200e+01
-3.02744000 1.59937600e+01
-2.99744000 1.13580400e+01
-2.96744000 8.84191000e+00
-2.93744000 7.52070000e+00
-2.90744000 6.96340000e+00
-2.87744000 7.01717000e+00
-2.84744000 7.36388000e+00
-2.81744000 7.94424000e+00
-2.78744000 8.92594000e+00
-2.75744000 1.00026000e+01
-2.72744000 9.09129000e+00
-2.69744000 8.39369000e+00
-2.66744000 9.24983000e+00
-2.63744000 1.16297000e+01
-2.60744000 1.39180500e+01
-2.57744000 1.15177400e+01
-2.54744000 8.58179000e+00
-2.51744000 7.36528000e+00
-2.48744000 7.42595000e+00
-2.45744000 8.99026000e+00
-2.42744000 1.20414800e+01
-2.39744000 1.45167800e+01
-2.36744000 1.36643900e+01
-2.33744000 1.07350300e+01
-2.30744000 9.15776000e+00
-2.27744000 7.85710000e+00
-2.24744000 6.60805000e+00
-2.21744000 6.28523000e+00
-2.15751000 8.31145000e+00
-2.12751000 1.03293700e+01
-2.09751000 1.45532800e+01
-2.06751000 1.92840300e+01
-2.03751000 1.80899400e+01
-2.00751000 1.55760400e+01
-1.97751000 1.28933800e+01
-1.94751000 1.17282000e+01
-1.91751000 1.29334900e+01
-1.88751000 1.54269800e+01
-1.85751000 1.61250100e+01
-1.82751000 1.73425200e+01
-1.79751000 2.03344800e+01
-1.76751000 2.61449800e+01
-1.73751000 3.44594600e+01
-1.70751000 3.55203000e+01
-1.67751000 3.65863800e+01
-1.64751000 4.26735800e+01
-1.61751000 4.08439400e+01
-1.58751000 2.75168600e+01
-1.55751000 1.88612200e+01
-1.52751000 1.54289800e+01
-1.49751000 1.35578800e+01
-1.46751000 1.18037600e+01
-1.43751000 1.14141800e+01
-1.40751000 1.35442000e+01
-1.37751000 1.89082400e+01
-1.34751000 2.24961400e+01
-1.31751000 1.79999100e+01
-1.28751000 1.42327600e+01
-1.25751000 1.42935300e+01
-1.22751000 1.85504200e+01
-1.16759000 3.90444900e+01
-1.13759000 3.51926100e+01
-1.10759000 2.66959200e+01
-1.07759000 1.84524200e+01
-1.04759000 1.27912700e+01
-1.01759000 1.04221000e+01
-0.98758600 1.01340000e+01
-0.95758600 9.55649000e+00
-0.92758600 7.65085000e+00
-0.89758600 5.97802000e+00
-0.86758600 4.95351000e+00
-0.83758600 4.34841000e+00
-0.80758600 4.05305000e+00
-0.77758600 4.11995000e+00
-0.74758600 4.68282000e+00
-0.71758600 6.06296000e+00
-0.68758600 8.95207000e+00
-0.65758600 1.30742900e+01
-0.62758600 1.43032100e+01
-0.59758600 1.32343400e+01
-0.56758600 1.03105100e+01
-0.53758600 7.66301000e+00
-0.50758600 6.30689000e+00
-0.47758600 6.41120000e+00
-0.44758600 7.26893000e+00
-0.41758600 6.84319000e+00
-0.38758600 5.61318000e+00
-0.35758600 4.84560000e+00
-0.32758600 4.18968000e+00
-0.29758600 3.67549000e+00
-0.26758600 3.54328400e+00
-0.23758600 3.79376600e+00
-0.17765800 5.91455000e+00
-0.14765800 8.49322000e+00
-0.11765800 1.30051600e+01
-0.08765820 1.64893000e+01
-0.05765820 1.33627300e+01
-0.02765820 9.80796000e+00
0.00234179 7.83578000e+00
0.03234180 6.58115000e+00
0.06234180 6.59738000e+00
0.09234180 8.20750000e+00
0.12234200 1.17156800e+01
0.15234200 1.42548500e+01
0.18234200 1.39174900e+01
0.21234200 1.19042000e+01
0.24234200 9.52399000e+00
0.27234200 8.93308000e+00
0.30234200 9.32172000e+00
0.33234200 9.78850000e+00
0.36234200 9.60413000e+00
0.39234200 8.39907000e+00
0.42234200 7.69453000e+00
0.45234200 8.29718000e+00
0.48234200 1.03635210e+01
0.51234200 1.37789990e+01
0.54234200 1.85014110e+01
0.57234200 1.67271820e+01
0.60234200 1.08055480e+01
0.63234200 7.32860900e+00
0.66234200 5.95704900e+00
0.69234200 5.84617900e+00
0.72234200 6.56958900e+00
0.75234200 7.79333500e+00
