# E(MeV)  S_NSDRNSDR(K=0) for Hs335_DDPCX
-11.56800000 2.98255000e-01
-11.53800000 3.02112000e-01
-11.50800000 3.06082000e-01
-11.47800000 3.10170000e-01
-11.44800000 3.14384000e-01
-11.41800000 3.18729000e-01
-11.38800000 3.23213000e-01
-11.35800000 3.27844000e-01
-11.32800000 3.32630000e-01
-11.29800000 3.37581000e-01
-11.26800000 3.42706000e-01
-11.23800000 3.48016000e-01
-11.20800000 3.53525000e-01
-11.17800000 3.59245000e-01
-11.14800000 3.65192000e-01
-11.11800000 3.71384000e-01
-11.08800000 3.77839000e-01
-11.05800000 3.84581000e-01
-11.02800000 3.91637000e-01
-10.99800000 3.99037000e-01
-10.96800000 4.06822000e-01
-10.93800000 4.15037000e-01
-10.90800000 4.23744000e-01
-10.87800000 4.33019000e-01
-10.84800000 4.42969000e-01
-10.81800000 4.53739000e-01
-10.78800000 4.65540000e-01
-10.75800000 4.78689000e-01
-10.72800000 4.93692000e-01
-10.69800000 5.11397000e-01
-10.66800000 5.33327000e-01
-10.63800000 5.62425000e-01
-10.60800000 6.04861000e-01
-10.57800000 6.74531000e-01
-10.54800000 8.01585000e-01
-10.51800000 1.00866000e+00
-10.48800000 1.09420000e+00
-10.45800000 9.25492000e-01
-10.42800000 7.91188000e-01
-10.39800000 7.32091000e-01
-10.36800000 7.11594000e-01
-10.32990000 7.11308000e-01
-10.29990000 7.21617000e-01
-10.26990000 7.37545000e-01
-10.23990000 7.57584000e-01
-10.20990000 7.81003000e-01
-10.17990000 8.07482000e-01
-10.14990000 8.36928000e-01
-10.11990000 8.69401000e-01
-10.08990000 9.05063000e-01
-10.05990000 9.44166000e-01
-10.02990000 9.87040000e-01
-9.99995000 1.03410000e+00
-9.96995000 1.08584000e+00
-9.93995000 1.14286000e+00
-9.90995000 1.20588000e+00
-9.87995000 1.27577000e+00
-9.84995000 1.35354000e+00
-9.81995000 1.44047000e+00
-9.78995000 1.53806000e+00
-9.75995000 1.64821000e+00
-9.72995000 1.77331000e+00
-9.69995000 1.91647000e+00
-9.66995000 2.08188000e+00
-9.63995000 2.27448000e+00
-9.60995000 2.49706000e+00
-9.57995000 2.75896000e+00
-9.54995000 3.07931000e+00
-9.51995000 3.46539000e+00
-9.48995000 3.88737000e+00
-9.45995000 4.38363000e+00
-9.42995000 5.01918000e+00
-9.39995000 5.83522000e+00
-9.36995000 6.89183000e+00
-9.33995000 8.28550000e+00
-9.30995000 1.01708000e+01
-9.27995000 1.28033000e+01
-9.24995000 1.66254000e+01
-9.21995000 2.24505000e+01
-9.18995000 3.18835000e+01
-9.15995000 4.83473000e+01
-9.12995000 7.96190000e+01
-9.09192000 1.66399000e+02
-9.06192000 2.60559000e+02
-9.03192000 2.31241000e+02
-9.00192000 1.34203000e+02
-8.97192000 7.62503000e+01
-8.94192000 4.76600000e+01
-8.91192000 3.25422000e+01
-8.88192000 2.35279000e+01
-8.85192000 1.74343000e+01
-8.82192000 1.32661000e+01
-8.79192000 1.04714000e+01
-8.76192000 8.52746000e+00
-8.73192000 7.12287000e+00
-8.70192000 6.08012000e+00
-8.67192000 5.29405000e+00
-8.64192000 4.70170000e+00
-8.61192000 4.26890000e+00
-8.58192000 3.98760000e+00
-8.55192000 3.88600000e+00
-8.52192000 4.06294000e+00
-8.49192000 4.75085000e+00
-8.46192000 6.04365000e+00
-8.43192000 6.16526000e+00
-8.40192000 4.54981000e+00
-8.37192000 3.33947000e+00
-8.34192000 2.68514000e+00
-8.31192000 2.31219000e+00
-8.28192000 2.08030000e+00
-8.25192000 1.93055000e+00
-8.22192000 1.83756000e+00
-8.19192000 1.76275000e+00
-8.16192000 1.67418000e+00
-8.13192000 1.60908000e+00
-8.10192000 1.57783000e+00
-8.07192000 1.57342000e+00
-8.04192000 1.56514000e+00
-8.01192000 1.55748000e+00
-7.98192000 1.58255000e+00
-7.95192000 1.64643000e+00
-7.92192000 1.77634000e+00
-7.89192000 2.03034000e+00
-7.85390000 2.74024000e+00
-7.82390000 3.78664000e+00
-7.79390000 4.29757000e+00
-7.76390000 3.47801000e+00
-7.73390000 2.85106000e+00
-7.70390000 2.71791000e+00
-7.67390000 2.96506000e+00
-7.64390000 3.62125000e+00
-7.61390000 4.78042000e+00
-7.58390000 6.94742000e+00
-7.55390000 1.12738000e+01
-7.52390000 1.55689000e+01
-7.49390000 1.25110000e+01
-7.46390000 7.77439000e+00
-7.43390000 5.05125000e+00
-7.40390000 3.59929000e+00
-7.37390000 2.83946000e+00
-7.34390000 2.44451000e+00
-7.31390000 2.24295000e+00
-7.28390000 2.10314000e+00
-7.25390000 2.01836000e+00
-7.22390000 2.00245000e+00
-7.19390000 2.06377000e+00
-7.16390000 2.21942000e+00
-7.13390000 2.51248000e+00
-7.10390000 3.03652000e+00
-7.07390000 3.92001000e+00
-7.04390000 5.05183000e+00
-7.01390000 6.58157000e+00
-6.98390000 9.97159000e+00
-6.95390000 1.55484000e+01
-6.92390000 1.61093000e+01
-6.89390000 1.04564000e+01
-6.86390000 6.50016000e+00
-6.83390000 4.51953000e+00
-6.80390000 3.51551000e+00
-6.77390000 2.99278000e+00
-6.74390000 2.71400000e+00
-6.71390000 2.58110000e+00
-6.68390000 2.56149000e+00
-6.65390000 2.64008000e+00
-6.61588000 2.88891000e+00
-6.58588000 3.22794000e+00
-6.55588000 3.73525000e+00
-6.52588000 4.54629000e+00
-6.49588000 5.92086000e+00
-6.46588000 8.39740000e+00
-6.43588000 1.32152000e+01
-6.40588000 2.26617000e+01
-6.37588000 3.42775000e+01
-6.34588000 3.00591000e+01
-6.31588000 1.80841000e+01
-6.28588000 1.10786000e+01
-6.25588000 7.65529000e+00
-6.22588000 5.94166000e+00
-6.19588000 5.12366000e+00
-6.16588000 4.88804000e+00
-6.13588000 5.21184000e+00
-6.10588000 6.35819000e+00
-6.07588000 8.97814000e+00
-6.04588000 1.28757000e+01
-6.01588000 1.25037000e+01
-5.98588000 8.47068000e+00
-5.95588000 5.89980000e+00
-5.92588000 4.65537000e+00
-5.89588000 4.04076000e+00
-5.86588000 3.76413000e+00
-5.83588000 3.69681000e+00
-5.80588000 3.77775000e+00
-5.77588000 3.99514000e+00
-5.74588000 4.37649000e+00
-5.71588000 4.98533000e+00
-5.68588000 5.95405000e+00
-5.65588000 7.56015000e+00
-5.62588000 1.04130000e+01
-5.59588000 1.58495000e+01
-5.56588000 2.60232000e+01
-5.53588000 3.82158000e+01
-5.50588000 3.45384000e+01
-5.47588000 2.27892000e+01
-5.44588000 1.60352000e+01
-5.41588000 1.32584000e+01
-5.37785000 1.39120000e+01
-5.34785000 1.82027000e+01
-5.31785000 2.78145000e+01
-5.28785000 3.80636000e+01
-5.25785000 3.15247000e+01
-5.22785000 2.06101000e+01
-5.19785000 1.53401000e+01
-5.16785000 1.32083000e+01
-5.13785000 1.10067000e+01
-5.10785000 9.31931000e+00
-5.07785000 8.53957000e+00
-5.04785000 8.62264000e+00
-5.01785000 9.14557000e+00
-4.98785000 9.85513000e+00
-4.95785000 1.16616000e+01
-4.92785000 1.54780000e+01
-4.89785000 1.88785000e+01
-4.86785000 1.66554000e+01
-4.83785000 1.41843000e+01
-4.80785000 1.40288000e+01
-4.77785000 1.59047000e+01
-4.74785000 2.01881000e+01
-4.71785000 2.73458000e+01
-4.68785000 3.67212000e+01
-4.65785000 4.99608000e+01
-4.62785000 5.90069000e+01
-4.59785000 5.44793000e+01
-4.56785000 5.11360000e+01
-4.53785000 5.65090000e+01
-4.50785000 7.64449000e+01
-4.47785000 1.20005000e+02
-4.44785000 1.57474000e+02
-4.41785000 1.31284000e+02
-4.38785000 9.41002000e+01
-4.35785000 6.29696000e+01
-4.32785000 4.40737000e+01
-4.29785000 3.51752000e+01
-4.26785000 3.24346000e+01
-4.23785000 3.40611000e+01
-4.20785000 3.97261000e+01
-4.17785000 5.25956000e+01
-4.13983000 8.25056000e+01
-4.10983000 9.14153000e+01
-4.07983000 8.02479000e+01
-4.04983000 8.57107000e+01
-4.01983000 1.11923000e+02
-3.98983000 1.27069000e+02
-3.95983000 1.14771000e+02
-3.92983000 1.10164000e+02
-3.89983000 1.35971000e+02
-3.86983000 1.58653000e+02
-3.83983000 1.32522000e+02
-3.80983000 1.18557000e+02
-3.77983000 1.44335000e+02
-3.74983000 1.88208000e+02
-3.71983000 1.62061000e+02
-3.68983000 1.05901000e+02
-3.65983000 7.57940000e+01
-3.62983000 6.53009000e+01
-3.59983000 6.73749000e+01
-3.56983000 7.93153000e+01
-3.53983000 9.62157000e+01
-3.50983000 1.19432000e+02
-3.47983000 1.69155000e+02
-3.44983000 2.36728000e+02
-3.41983000 2.53117000e+02
-3.38983000 2.60580000e+02
-3.35983000 2.87629000e+02
-3.32983000 2.19163000e+02
-3.29983000 1.30928000e+02
-3.26983000 8.16958000e+01
-3.23983000 5.62773000e+01
-3.20983000 4.22353000e+01
-3.17983000 3.38753000e+01
-3.14983000 2.86055000e+01
-3.11983000 2.52209000e+01
-3.08983000 2.30691000e+01
-3.05983000 2.17784000e+01
-3.02983000 2.11192000e+01
-2.99983000 2.09998000e+01
-2.96983000 2.14044000e+01
-2.93983000 2.23609000e+01
-2.90180000 2.44730000e+01
-2.87180000 2.70916000e+01
-2.84180000 3.09268000e+01
-2.81180000 3.66087000e+01
-2.78180000 4.48103000e+01
-2.75180000 5.75374000e+01
-2.72180000 7.84208000e+01
-2.69180000 1.15107000e+02
-2.66180000 1.52870000e+02
-2.63180000 1.50790000e+02
-2.60180000 1.57825000e+02
-2.57180000 2.11146000e+02
-2.54180000 3.17902000e+02
-2.51180000 3.68527000e+02
-2.48180000 2.86991000e+02
-2.45180000 2.37494000e+02
-2.42180000 2.54780000e+02
-2.39180000 3.20125000e+02
-2.36180000 4.58483000e+02
-2.33180000 5.92892000e+02
-2.30180000 5.23491000e+02
-2.27180000 4.86191000e+02
-2.24180000 6.26906000e+02
-2.21180000 8.39092000e+02
-2.18180000 7.00395000e+02
-2.15180000 4.34180000e+02
-2.12180000 2.90248000e+02
-2.09180000 2.27413000e+02
-2.06180000 1.70354000e+02
-2.03180000 1.19036000e+02
-2.00180000 8.77438000e+01
-1.97180000 6.81277000e+01
-1.94180000 5.62172000e+01
-1.91180000 4.98275000e+01
-1.88180000 4.80406000e+01
-1.85180000 4.84668000e+01
-1.82180000 4.35047000e+01
-1.79180000 3.77093000e+01
-1.76180000 3.54105000e+01
-1.73180000 3.60263000e+01
-1.70180000 3.91127000e+01
-1.66378000 4.90150000e+01
-1.63378000 6.60500000e+01
-1.60378000 9.57587000e+01
-1.57378000 1.36488000e+02
-1.54378000 1.76623000e+02
-1.51378000 1.80957000e+02
-1.48378000 1.91514000e+02
-1.45378000 1.87925000e+02
-1.42378000 1.52905000e+02
-1.39378000 1.28975000e+02
-1.36378000 1.08027000e+02
-1.33378000 8.25340000e+01
-1.30378000 7.08672000e+01
-1.27378000 7.58407000e+01
-1.24378000 1.01927000e+02
-1.21378000 1.41819000e+02
-1.18378000 1.42682000e+02
-1.15378000 1.01676000e+02
-1.12378000 7.82471000e+01
-1.09378000 7.85881000e+01
-1.06378000 7.73060000e+01
-1.03378000 5.51900000e+01
-1.00378000 3.73743000e+01
-0.97377800 2.77101000e+01
-0.94377800 2.21424000e+01
-0.91377800 1.92752000e+01
-0.88377800 1.84984000e+01
-0.85377800 1.93614000e+01
-0.82377800 2.01608000e+01
-0.79377800 2.16284000e+01
-0.76377800 2.66393000e+01
-0.73377800 3.34246000e+01
-0.70377800 3.47468000e+01
-0.67377800 2.98266000e+01
-0.64377800 2.79987000e+01
-0.61377800 3.09739000e+01
-0.58377800 4.05541000e+01
-0.55377800 5.29549000e+01
-0.52377800 4.66328000e+01
-0.49377800 3.27672000e+01
-0.46377800 2.39327000e+01
-0.42575400 1.89218000e+01
-0.39575400 1.85267000e+01
-0.36575400 2.10855000e+01
-0.33575400 2.79986000e+01
-0.30575400 4.28349000e+01
-0.27575400 6.65032000e+01
-0.24575400 7.75979000e+01
-0.21575400 6.43357000e+01
-0.18575400 4.73576000e+01
-0.15575400 3.28323000e+01
-0.12575400 2.49562000e+01
-0.09575420 2.07238000e+01
-0.06575420 1.92584000e+01
-0.03575420 2.04603000e+01
-0.00575418 2.11952000e+01
0.02424580 2.15050000e+01
0.05424580 2.55884000e+01
0.08424580 3.34004000e+01
0.11424600 3.49017000e+01
0.14424600 2.77738000e+01
0.17424600 2.44455000e+01
0.20424600 2.35996000e+01
0.23424600 2.24144000e+01
0.26424600 2.11056000e+01
0.29424600 1.73203000e+01
0.32424600 1.39958000e+01
0.35424600 1.28157000e+01
0.38424600 1.19496000e+01
0.41424600 1.01741000e+01
0.44424600 8.50139000e+00
0.47424600 7.92447000e+00
0.50424600 8.48989000e+00
0.53424600 1.03409000e+01
0.56424600 1.32811000e+01
0.59424600 1.72660000e+01
0.62424600 2.14664000e+01
0.65424600 2.29397000e+01
0.68424600 1.92868000e+01
0.71424600 1.53907000e+01
0.74424600 1.52599000e+01
0.77424600 1.78918000e+01
