# E(MeV)  S_GAMTGAMT(Total=K0+2*K1) for In153_DDPCX
-18.04340000 6.41301000e-03
-18.01340000 6.43834000e-03
-17.98340000 6.46384000e-03
-17.95340000 6.48955000e-03
-17.92340000 6.51541000e-03
-17.89340000 6.54150000e-03
-17.86340000 6.56777000e-03
-17.83340000 6.59427000e-03
-17.80340000 6.62099000e-03
-17.77340000 6.64793000e-03
-17.74340000 6.67515000e-03
-17.71340000 6.70265000e-03
-17.68340000 6.73047000e-03
-17.65340000 6.75868000e-03
-17.62340000 6.78735000e-03
-17.59340000 6.81665000e-03
-17.56340000 6.84684000e-03
-17.53340000 6.87834000e-03
-17.50340000 6.91207000e-03
-17.47340000 6.94993000e-03
-17.44340000 6.99624000e-03
-17.41340000 7.06011000e-03
-17.38340000 7.14478000e-03
-17.35340000 7.18380000e-03
-17.32340000 7.15988000e-03
-17.29340000 7.15132000e-03
-17.26340000 7.16312000e-03
-17.23340000 7.18577000e-03
-17.20340000 7.21531000e-03
-17.17340000 7.25195000e-03
-17.14340000 7.29894000e-03
-17.11340000 7.34848000e-03
-17.08340000 7.36758000e-03
-17.05340000 7.37698000e-03
-17.02340000 7.39617000e-03
-16.99340000 7.42180000e-03
-16.96340000 7.45063000e-03
-16.93340000 7.48113000e-03
-16.90340000 7.51267000e-03
-16.87340000 7.54494000e-03
-16.84340000 7.57773000e-03
-16.81340000 7.61098000e-03
-16.78340000 7.64463000e-03
-16.75340000 7.67865000e-03
-16.72340000 7.71301000e-03
-16.69340000 7.74772000e-03
-16.66340000 7.78275000e-03
-16.63340000 7.81813000e-03
-16.60340000 7.85381000e-03
-16.57340000 7.88981000e-03
-16.54340000 7.92615000e-03
-16.51340000 7.96281000e-03
-16.48340000 7.99981000e-03
-16.45340000 8.03715000e-03
-16.42340000 8.07485000e-03
-16.39340000 8.11290000e-03
-16.36340000 8.15126000e-03
-16.33340000 8.18998000e-03
-16.30340000 8.22903000e-03
-16.27340000 8.26848000e-03
-16.24340000 8.30830000e-03
-16.21340000 8.34851000e-03
-16.15790000 8.42403000e-03
-16.12790000 8.46540000e-03
-16.09790000 8.50716000e-03
-16.06790000 8.54938000e-03
-16.03790000 8.59204000e-03
-16.00790000 8.63516000e-03
-15.97790000 8.67877000e-03
-15.94790000 8.72289000e-03
-15.91790000 8.76754000e-03
-15.88790000 8.81276000e-03
-15.85790000 8.85861000e-03
-15.82790000 8.90511000e-03
-15.79790000 8.95236000e-03
-15.76790000 9.00045000e-03
-15.73790000 9.04953000e-03
-15.70790000 9.09978000e-03
-15.67790000 9.15149000e-03
-15.64790000 9.20515000e-03
-15.61790000 9.26149000e-03
-15.58790000 9.32178000e-03
-15.55790000 9.38837000e-03
-15.52790000 9.46592000e-03
-15.49790000 9.56417000e-03
-15.46790000 9.70125000e-03
-15.43790000 9.88794000e-03
-15.40790000 1.01422300e-02
-15.37790000 1.04712700e-02
-15.34790000 1.04486900e-02
-15.31790000 1.01868200e-02
-15.28790000 1.00462000e-02
-15.25790000 1.00036100e-02
-15.22790000 1.00079600e-02
-15.19790000 1.00352000e-02
-15.16790000 1.00748600e-02
-15.13790000 1.01221600e-02
-15.10790000 1.01751000e-02
-15.07790000 1.02335300e-02
-15.04790000 1.02989800e-02
-15.01790000 1.03687400e-02
-14.98790000 1.04245600e-02
-14.95790000 1.04739200e-02
-14.92790000 1.05296900e-02
-14.89790000 1.05906100e-02
-14.86790000 1.06548600e-02
-14.83790000 1.07218200e-02
-14.80790000 1.07914300e-02
-14.77790000 1.08641400e-02
-14.74790000 1.09410300e-02
-14.71790000 1.10241600e-02
-14.68790000 1.11179100e-02
-14.65790000 1.12313900e-02
-14.62790000 1.13832200e-02
-14.59790000 1.16074600e-02
-14.56790000 1.18505300e-02
-14.53790000 1.18388400e-02
-14.50790000 1.17379900e-02
-14.47790000 1.17170900e-02
-14.44790000 1.17499300e-02
-14.41790000 1.18096200e-02
-14.38790000 1.18845000e-02
-14.35790000 1.19701900e-02
-14.32790000 1.20661000e-02
-14.27230000 1.22823200e-02
-14.24230000 1.24401900e-02
-14.21230000 1.26647700e-02
-14.18230000 1.29920800e-02
-14.15230000 1.32259400e-02
-14.12230000 1.31379600e-02
-14.09230000 1.30690800e-02
-14.06230000 1.31037300e-02
-14.03230000 1.32008800e-02
-14.00230000 1.33392100e-02
-13.97230000 1.35148500e-02
-13.94230000 1.37351400e-02
-13.91230000 1.40191000e-02
-13.88230000 1.44052300e-02
-13.85230000 1.49715700e-02
-13.82230000 1.58864000e-02
-13.79230000 1.75324600e-02
-13.76230000 2.06775200e-02
-13.73230000 2.51599400e-02
-13.70230000 2.51681600e-02
-13.67230000 2.15122400e-02
-13.64230000 1.95404000e-02
-13.61230000 1.84208200e-02
-13.58230000 1.72886300e-02
-13.55230000 1.66573600e-02
-13.52230000 1.65473200e-02
-13.49230000 1.67985600e-02
-13.46230000 1.69129700e-02
-13.43230000 1.67163000e-02
-13.40230000 1.66984900e-02
-13.37230000 1.69051500e-02
-13.34230000 1.72534300e-02
-13.31230000 1.77371400e-02
-13.28230000 1.84950200e-02
-13.25230000 1.97001400e-02
-13.22230000 2.17771900e-02
-13.19230000 2.56969100e-02
-13.16230000 3.28550600e-02
-13.13230000 3.93305200e-02
-13.10230000 3.61750500e-02
-13.07230000 3.34209800e-02
-13.04230000 3.64118000e-02
-13.01230000 3.86358000e-02
-12.98230000 3.26384000e-02
-12.95230000 2.70124300e-02
-12.92230000 2.36465200e-02
-12.89230000 2.18977500e-02
-12.86230000 2.11112000e-02
-12.83230000 2.09028100e-02
-12.80230000 2.11812100e-02
-12.77230000 2.20946700e-02
-12.74230000 2.37596600e-02
-12.71230000 2.48915500e-02
-12.68230000 2.48658000e-02
-12.65230000 2.44258600e-02
-12.62230000 2.37913800e-02
-12.59230000 2.27136900e-02
-12.56230000 2.20998900e-02
-12.53230000 2.19663400e-02
-12.50230000 2.21254500e-02
-12.47230000 2.25139100e-02
-12.44230000 2.31737100e-02
-12.38670000 2.55297900e-02
-12.35670000 2.77517400e-02
-12.32670000 3.09348900e-02
-12.29670000 3.37814400e-02
-12.26670000 3.18086000e-02
-12.23670000 2.92028700e-02
-12.20670000 2.84655000e-02
-12.17670000 2.89816400e-02
-12.14670000 3.03213200e-02
-12.11670000 3.29913800e-02
-12.08670000 3.52779800e-02
-12.05670000 3.63879000e-02
-12.02670000 3.85702000e-02
-11.99670000 3.76625000e-02
-11.96670000 3.56133000e-02
-11.93670000 3.55919000e-02
-11.90670000 3.75531000e-02
-11.87670000 4.18594000e-02
-11.84670000 5.02389000e-02
-11.81670000 6.64294000e-02
-11.78670000 9.00790000e-02
-11.75670000 1.00736000e-01
-11.72670000 9.27573000e-02
-11.69670000 8.12312000e-02
-11.66670000 6.77405000e-02
-11.63670000 5.58206000e-02
-11.60670000 4.93940000e-02
-11.57670000 4.61461000e-02
-11.54670000 4.50938000e-02
-11.51670000 4.53844000e-02
-11.48670000 4.77984000e-02
-11.45670000 5.36460000e-02
-11.42670000 6.45784000e-02
-11.39670000 7.47925000e-02
-11.36670000 7.34564000e-02
-11.33670000 7.10491000e-02
-11.30670000 6.93052000e-02
-11.27670000 6.89068000e-02
-11.24670000 7.37528000e-02
-11.21670000 7.18667000e-02
-11.18670000 6.52283000e-02
-11.15670000 6.30507000e-02
-11.12670000 6.43880000e-02
-11.09670000 6.74418000e-02
-11.06670000 7.36087000e-02
-11.03670000 8.49213000e-02
-11.00670000 1.03944800e-01
-10.97670000 1.28857700e-01
-10.94670000 1.41775500e-01
-10.91670000 1.42925900e-01
-10.88670000 1.53640500e-01
-10.85670000 1.85921000e-01
-10.82670000 2.31953400e-01
-10.79670000 2.78905000e-01
-10.76670000 3.32710800e-01
-10.73670000 4.52812000e-01
-10.70670000 5.45928000e-01
-10.67670000 4.57196000e-01
-10.64670000 3.54726000e-01
-10.61670000 3.33720800e-01
-10.58670000 3.28989200e-01
-10.55670000 3.41439400e-01
-10.50110000 3.32783400e-01
-10.47110000 2.80779400e-01
-10.44110000 2.78062400e-01
-10.41110000 3.36720000e-01
-10.38110000 4.85270000e-01
-10.35110000 7.17643000e-01
-10.32110000 7.59636000e-01
-10.29110000 5.84181000e-01
-10.26110000 4.78249000e-01
-10.23110000 4.32637000e-01
-10.20110000 3.76497500e-01
-10.17110000 3.30011400e-01
-10.14110000 3.12673300e-01
-10.11110000 3.14175500e-01
-10.08110000 2.99968900e-01
-10.05110000 2.56201300e-01
-10.02110000 2.31318400e-01
-9.99114000 2.33283100e-01
-9.96114000 2.49160500e-01
-9.93114000 2.70667700e-01
-9.90114000 3.17781100e-01
-9.87114000 4.11295000e-01
-9.84114000 5.08369000e-01
-9.81114000 4.90195000e-01
-9.78114000 4.82978000e-01
-9.75114000 5.80509000e-01
-9.72114000 7.95931000e-01
-9.69114000 9.86806000e-01
-9.66114000 9.39320000e-01
-9.63114000 7.50098000e-01
-9.60114000 6.72208000e-01
-9.57114000 7.35048000e-01
-9.54114000 9.53048000e-01
-9.51114000 1.33462200e+00
-9.48114000 1.57313600e+00
-9.45114000 1.47324600e+00
-9.42114000 1.46420200e+00
-9.39114000 1.75769400e+00
-9.36114000 2.01471000e+00
-9.33114000 2.03024400e+00
-9.30114000 2.30120600e+00
-9.27114000 2.64564000e+00
-9.24114000 2.74739200e+00
-9.21114000 2.48528600e+00
-9.18114000 1.91860000e+00
-9.15114000 1.63477800e+00
-9.12114000 1.65412500e+00
-9.09114000 1.92628200e+00
-9.06114000 2.49438800e+00
-9.03114000 3.54089600e+00
-9.00114000 5.53161000e+00
-8.97114000 8.40675000e+00
-8.94114000 9.47077000e+00
-8.91114000 8.76285000e+00
-8.88114000 8.38032000e+00
-8.85114000 9.56576000e+00
-8.82114000 1.04846400e+01
-8.79114000 1.10453200e+01
-8.76114000 1.28580500e+01
-8.73114000 1.29833600e+01
-8.70114000 1.17988400e+01
-8.67114000 8.40473000e+00
-8.61558000 4.75114600e+00
-8.58558000 4.87138000e+00
-8.55558000 6.22565200e+00
-8.52558000 7.77446800e+00
-8.49558000 6.60271000e+00
-8.46558000 4.53183800e+00
-8.43558000 3.38563300e+00
-8.40558000 3.06046200e+00
-8.37558000 3.48884500e+00
-8.34558000 4.30234500e+00
-8.31558000 4.26238900e+00
-8.28558000 4.03702100e+00
-8.25558000 4.09512600e+00
-8.22558000 3.13260600e+00
-8.19558000 1.98169700e+00
-8.16558000 1.32864360e+00
-8.13558000 9.84462400e-01
-8.10558000 7.99745200e-01
-8.07558000 7.14838000e-01
-8.04558000 6.92304200e-01
-8.01558000 6.26954700e-01
-7.98558000 5.26065200e-01
-7.95558000 4.56892700e-01
-7.92558000 4.23097400e-01
-7.89558000 4.15708500e-01
-7.86558000 4.14008400e-01
-7.83558000 4.31213500e-01
-7.80558000 4.69548700e-01
-7.77558000 4.73360200e-01
-7.74558000 4.77504200e-01
-7.71558000 5.10084500e-01
-7.68558000 5.52291400e-01
-7.65558000 6.46286900e-01
-7.62558000 8.48492700e-01
-7.59558000 1.28304830e+00
-7.56558000 2.11685460e+00
-7.53558000 2.81226220e+00
-7.50558000 2.14809060e+00
-7.47558000 1.31984210e+00
-7.44558000 8.91529500e-01
-7.41558000 6.95800500e-01
-7.38558000 6.13903600e-01
-7.35558000 6.04210300e-01
-7.32558000 6.55483900e-01
-7.29558000 7.74770200e-01
-7.26558000 9.87995500e-01
-7.23558000 1.37825350e+00
-7.20558000 2.15598860e+00
-7.17558000 3.72902810e+00
-7.14558000 6.09211900e+00
-7.11558000 6.12978890e+00
-7.08558000 3.76250400e+00
-7.05558000 2.16363750e+00
-7.02558000 1.36260290e+00
-6.99558000 9.49269000e-01
-6.96558000 7.06575300e-01
-6.93558000 5.53581300e-01
-6.90558000 4.67218000e-01
-6.87558000 4.05639700e-01
-6.84558000 3.54276400e-01
-6.81558000 3.09263500e-01
-6.78558000 2.72990900e-01
-6.73001000 2.23709500e-01
-6.70001000 2.15756700e-01
-6.67001000 2.07779000e-01
-6.64001000 1.89813600e-01
-6.61001000 1.75472100e-01
-6.58001000 1.77514500e-01
-6.55001000 1.92356300e-01
-6.52001000 1.85691700e-01
-6.49001000 1.57041900e-01
-6.46001000 1.36171400e-01
-6.43001000 1.27974900e-01
-6.40001000 1.28527400e-01
-6.37001000 1.27233400e-01
-6.34001000 1.21058800e-01
-6.31001000 1.15216800e-01
-6.28001000 1.09954300e-01
-6.25001000 1.09083300e-01
-6.22001000 1.15675500e-01
-6.19001000 1.26991900e-01
-6.16001000 1.25414200e-01
-6.13001000 1.17104000e-01
-6.10001000 1.17989500e-01
-6.07001000 1.30363500e-01
-6.04001000 1.54730600e-01
-6.01001000 2.00715300e-01
-5.98001000 2.65969400e-01
-5.95001000 2.75659600e-01
-5.92001000 2.10792600e-01
-5.89001000 1.55441800e-01
-5.86001000 1.27512300e-01
-5.83001000 1.17586600e-01
-5.80001000 1.21330000e-01
-5.77001000 1.36903200e-01
-5.74001000 1.38609100e-01
-5.71001000 1.18062400e-01
-5.68001000 1.00662700e-01
-5.65001000 9.26708000e-02
-5.62001000 9.16691000e-02
-5.59001000 9.38830000e-02
-5.56001000 9.54424000e-02
-5.53001000 9.31905000e-02
-5.50001000 8.89478000e-02
-5.47001000 8.78415000e-02
-5.44001000 8.89682000e-02
-5.41001000 9.15958000e-02
-5.38001000 9.43425000e-02
-5.35001000 9.72102000e-02
-5.32001000 1.02261500e-01
-5.29001000 1.12328300e-01
-5.26001000 1.25778800e-01
-5.23001000 1.47942700e-01
-5.20001000 1.87936600e-01
-5.17001000 2.39515700e-01
-5.14001000 2.88486300e-01
-5.11001000 2.74707600e-01
-5.08001000 2.39595800e-01
-5.05001000 2.15800800e-01
-5.02001000 2.25390600e-01
-4.99001000 2.87152600e-01
-4.96001000 4.23192200e-01
-4.93001000 5.64464600e-01
-4.90001000 4.78300600e-01
-4.84444000 2.36967800e-01
-4.81444000 1.90530000e-01
-4.78444000 1.74776000e-01
-4.75444000 1.82139800e-01
-4.72444000 1.97826000e-01
-4.69444000 2.17571400e-01
-4.66444000 2.39615800e-01
-4.63444000 2.44584000e-01
-4.60444000 2.43520400e-01
-4.57444000 2.04658600e-01
-4.54444000 1.62922600e-01
-4.51444000 1.44100100e-01
-4.48444000 1.42774100e-01
-4.45444000 1.51876700e-01
-4.42444000 1.52238500e-01
-4.39444000 1.43131600e-01
-4.36444000 1.36411200e-01
-4.33444000 1.37064400e-01
-4.30444000 1.39749300e-01
-4.27444000 1.46682500e-01
-4.24444000 1.65093900e-01
-4.21444000 1.95609200e-01
-4.18444000 2.06437000e-01
-4.15444000 1.94681400e-01
-4.12444000 1.87453200e-01
-4.09444000 1.74877900e-01
-4.06444000 1.64421100e-01
-4.03444000 1.65127800e-01
-4.00444000 1.71897000e-01
-3.97444000 1.82169800e-01
-3.94444000 2.03560200e-01
-3.91444000 2.31238500e-01
-3.88444000 2.55854800e-01
-3.85444000 2.96515100e-01
-3.82444000 3.33747000e-01
-3.79444000 3.52471000e-01
-3.76444000 3.96185800e-01
-3.73444000 4.15164600e-01
-3.70444000 4.34503000e-01
-3.67444000 4.64519000e-01
-3.64444000 5.01371000e-01
-3.61444000 6.01737000e-01
-3.58444000 8.20557000e-01
-3.55444000 1.23165900e+00
-3.52444000 1.61545400e+00
-3.49444000 1.48666700e+00
-3.46444000 1.32912200e+00
-3.43444000 1.19022400e+00
-3.40444000 1.10120900e+00
-3.37444000 1.16822200e+00
-3.34444000 1.26876300e+00
-3.31444000 1.36701800e+00
-3.28444000 1.28285800e+00
-3.25444000 1.21965900e+00
-3.22444000 1.36366400e+00
-3.19444000 1.34724900e+00
-3.16444000 1.09492500e+00
-3.13444000 9.61219000e-01
-3.10444000 9.74516000e-01
-3.07444000 1.07701500e+00
-3.04444000 1.22392600e+00
-3.01444000 1.29319600e+00
-2.95887000 1.57689500e+00
-2.92887000 2.02856200e+00
-2.89887000 2.85849800e+00
-2.86887000 3.92125000e+00
-2.83887000 3.96629000e+00
-2.80887000 3.45993000e+00
-2.77887000 3.60209300e+00
-2.74887000 4.47595600e+00
-2.71887000 5.78657000e+00
-2.68887000 6.24036000e+00
-2.65887000 5.81403000e+00
-2.62887000 4.89210000e+00
-2.59887000 3.98412000e+00
-2.56887000 3.78032000e+00
-2.53887000 4.12701800e+00
-2.50887000 4.20361400e+00
-2.47887000 4.25154800e+00
-2.44887000 4.80699600e+00
-2.41887000 5.24704000e+00
-2.38887000 5.50791800e+00
-2.35887000 5.46775000e+00
-2.32887000 4.74724000e+00
-2.29887000 4.09430000e+00
-2.26887000 3.54476600e+00
-2.23887000 2.95602400e+00
-2.20887000 2.63744200e+00
-2.17887000 2.47887200e+00
-2.14887000 2.50994400e+00
-2.11887000 2.89349500e+00
-2.08887000 3.50894800e+00
-2.05887000 4.37481900e+00
-2.02887000 5.94892200e+00
-1.99887000 6.96857900e+00
-1.96887000 5.66179000e+00
-1.93887000 4.02431000e+00
-1.90887000 3.03880800e+00
-1.87887000 2.56633600e+00
-1.84887000 2.63719500e+00
-1.81887000 2.73046800e+00
-1.78887000 2.38062800e+00
-1.75887000 2.23999200e+00
-1.72887000 2.56832800e+00
-1.69887000 3.25170500e+00
-1.66887000 3.87088700e+00
-1.63887000 4.97494500e+00
-1.60887000 6.43158800e+00
-1.57887000 7.10800600e+00
-1.54887000 7.00424400e+00
-1.51887000 5.74559400e+00
-1.48887000 4.70158600e+00
-1.45887000 4.47229700e+00
-1.42887000 4.27773400e+00
-1.39887000 4.08116800e+00
-1.36887000 4.49761700e+00
-1.33887000 5.15773300e+00
-1.30887000 4.38563800e+00
-1.27887000 3.38206300e+00
-1.24887000 2.77456300e+00
-1.21887000 2.53206500e+00
-1.18887000 2.47578800e+00
-1.15887000 2.59501600e+00
-1.12887000 3.00161700e+00
-1.07330000 3.00911900e+00
-1.04330000 3.02992800e+00
-1.01330000 3.27228000e+00
-0.98329900 3.41016000e+00
-0.95329900 3.18792200e+00
-0.92329900 2.91239800e+00
-0.89329900 2.92363500e+00
-0.86329900 2.75416000e+00
-0.83329900 2.48113900e+00
-0.80329900 2.62609500e+00
-0.77329900 3.19403500e+00
-0.74329900 4.28024700e+00
-0.71329900 5.31970000e+00
-0.68329900 5.60923000e+00
-0.65329900 6.09992000e+00
-0.62329900 6.40508000e+00
-0.59329900 6.87988000e+00
-0.56329900 6.92510000e+00
-0.53329900 5.94469000e+00
-0.50329900 5.23105000e+00
-0.47329900 4.59724000e+00
-0.44329900 4.82492200e+00
-0.41329900 6.04052100e+00
-0.38329900 6.92317800e+00
-0.35329900 5.96433500e+00
-0.32329900 5.48733800e+00
-0.29329900 5.98810300e+00
-0.26329900 6.31493500e+00
-0.23329900 5.84921700e+00
-0.20329900 5.65030200e+00
-0.17329900 5.48710100e+00
-0.14329900 4.94909000e+00
-0.11329900 4.43900000e+00
-0.08329910 4.69250000e+00
-0.05329910 5.46398000e+00
-0.02329910 6.14314000e+00
0.00670085 6.93797000e+00
0.03670090 7.46137000e+00
0.06670090 6.69525000e+00
0.09670090 5.50878000e+00
0.12670100 4.98675000e+00
0.15670100 5.47257000e+00
0.18670100 7.03317000e+00
0.21670100 1.00319200e+01
0.24670100 1.35580500e+01
0.27670100 1.45990400e+01
0.30670100 1.39710200e+01
0.33670100 1.39682400e+01
0.36670100 1.41999600e+01
0.39670100 1.38255800e+01
0.42670100 1.37054900e+01
0.45670100 1.50952100e+01
0.48670100 1.65404600e+01
0.51670100 1.64917900e+01
0.54670100 1.61963000e+01
0.57670100 1.39152400e+01
0.60670100 1.15268400e+01
0.63670100 1.10312400e+01
0.66670100 1.20793700e+01
0.69670100 1.20144400e+01
0.72670100 9.13435000e+00
0.75670100 7.02584000e+00
