# E(MeV)  S_NSDRNSDR(K=1) for In153_DDPCX
-18.04340000 3.03196000e-01
-18.01340000 3.40158000e-01
-17.98340000 3.86781000e-01
-17.95340000 4.46856000e-01
-17.92340000 5.26235000e-01
-17.89340000 6.34313000e-01
-17.86340000 7.86900000e-01
-17.83340000 1.01214000e+00
-17.80340000 1.36355000e+00
-17.77340000 1.95097000e+00
-17.74340000 3.01763000e+00
-17.71340000 5.11398000e+00
-17.68340000 9.07750000e+00
-17.65340000 1.26523000e+01
-17.62340000 9.67150000e+00
-17.59340000 5.55776000e+00
-17.56340000 3.35833000e+00
-17.53340000 2.30064000e+00
-17.50340000 1.80366000e+00
-17.47340000 1.63483000e+00
-17.44340000 1.74795000e+00
-17.41340000 2.25221000e+00
-17.38340000 3.45066000e+00
-17.35340000 5.22751000e+00
-17.32340000 4.97675000e+00
-17.29340000 3.06251000e+00
-17.26340000 1.82635000e+00
-17.23340000 1.19735000e+00
-17.20340000 8.59586000e-01
-17.17340000 6.61415000e-01
-17.14340000 5.35801000e-01
-17.11340000 4.51130000e-01
-17.08340000 3.91240000e-01
-17.05340000 3.47246000e-01
-17.02340000 3.13945000e-01
-16.99340000 2.88126000e-01
-16.96340000 2.67720000e-01
-16.93340000 2.51340000e-01
-16.90340000 2.38026000e-01
-16.87340000 2.27098000e-01
-16.84340000 2.18058000e-01
-16.81340000 2.10538000e-01
-16.78340000 2.04259000e-01
-16.75340000 1.99004000e-01
-16.72340000 1.94606000e-01
-16.69340000 1.90932000e-01
-16.66340000 1.87877000e-01
-16.63340000 1.85354000e-01
-16.60340000 1.83295000e-01
-16.57340000 1.81640000e-01
-16.54340000 1.80344000e-01
-16.51340000 1.79366000e-01
-16.48340000 1.78673000e-01
-16.45340000 1.78239000e-01
-16.42340000 1.78039000e-01
-16.39340000 1.78053000e-01
-16.36340000 1.78266000e-01
-16.33340000 1.78662000e-01
-16.30340000 1.79231000e-01
-16.27340000 1.79961000e-01
-16.24340000 1.80844000e-01
-16.21340000 1.81873000e-01
-16.15790000 1.84146000e-01
-16.12790000 1.85564000e-01
-16.09790000 1.87110000e-01
-16.06790000 1.88783000e-01
-16.03790000 1.90581000e-01
-16.00790000 1.92504000e-01
-15.97790000 1.94551000e-01
-15.94790000 1.96724000e-01
-15.91790000 1.99023000e-01
-15.88790000 2.01451000e-01
-15.85790000 2.04011000e-01
-15.82790000 2.06706000e-01
-15.79790000 2.09539000e-01
-15.76790000 2.12518000e-01
-15.73790000 2.15647000e-01
-15.70790000 2.18935000e-01
-15.67790000 2.22390000e-01
-15.64790000 2.26022000e-01
-15.61790000 2.29844000e-01
-15.58790000 2.33871000e-01
-15.55790000 2.38120000e-01
-15.52790000 2.42614000e-01
-15.49790000 2.47379000e-01
-15.46790000 2.52450000e-01
-15.43790000 2.57872000e-01
-15.40790000 2.63704000e-01
-15.37790000 2.70029000e-01
-15.34790000 2.76962000e-01
-15.31790000 2.84681000e-01
-15.28790000 2.93464000e-01
-15.25790000 3.03786000e-01
-15.22790000 3.16516000e-01
-15.19790000 3.33347000e-01
-15.16790000 3.57529000e-01
-15.13790000 3.95903000e-01
-15.10790000 4.61832000e-01
-15.07790000 5.33239000e-01
-15.04790000 5.13951000e-01
-15.01790000 4.69792000e-01
-14.98790000 4.59728000e-01
-14.95790000 4.78693000e-01
-14.92790000 5.26724000e-01
-14.89790000 6.00558000e-01
-14.86790000 6.48887000e-01
-14.83790000 6.97990000e-01
-14.80790000 8.32488000e-01
-14.77790000 1.11837000e+00
-14.74790000 1.45972000e+00
-14.71790000 1.35077000e+00
-14.68790000 1.07925000e+00
-14.65790000 9.85716000e-01
-14.62790000 1.05788000e+00
-14.59790000 1.31644000e+00
-14.56790000 1.81279000e+00
-14.53790000 2.36511000e+00
-14.50790000 2.53273000e+00
-14.47790000 1.92794000e+00
-14.44790000 1.39913000e+00
-14.41790000 1.15439000e+00
-14.38790000 1.07118000e+00
-14.35790000 1.08453000e+00
-14.32790000 1.18198000e+00
-14.27230000 1.72570000e+00
-14.24230000 2.47319000e+00
-14.21230000 3.86751000e+00
-14.18230000 5.07469000e+00
-14.15230000 4.01080000e+00
-14.12230000 2.61335000e+00
-14.09230000 1.87887000e+00
-14.06230000 1.53193000e+00
-14.03230000 1.37028000e+00
-14.00230000 1.30645000e+00
-13.97230000 1.30621000e+00
-13.94230000 1.36337000e+00
-13.91230000 1.49103000e+00
-13.88230000 1.66263000e+00
-13.85230000 1.74883000e+00
-13.82230000 1.87258000e+00
-13.79230000 2.20346000e+00
-13.76230000 2.82673000e+00
-13.73230000 3.30459000e+00
-13.70230000 3.02493000e+00
-13.67230000 2.83860000e+00
-13.64230000 3.08099000e+00
-13.61230000 3.83437000e+00
-13.58230000 5.02057000e+00
-13.55230000 5.27975000e+00
-13.52230000 4.82782000e+00
-13.49230000 5.08867000e+00
-13.46230000 5.68283000e+00
-13.43230000 5.46569000e+00
-13.40230000 5.33992000e+00
-13.37230000 5.93252000e+00
-13.34230000 7.06304000e+00
-13.31230000 8.21674000e+00
-13.28230000 9.01905000e+00
-13.25230000 1.08711000e+01
-13.22230000 1.45124000e+01
-13.19230000 1.86116000e+01
-13.16230000 2.10366000e+01
-13.13230000 2.16788000e+01
-13.10230000 2.45076000e+01
-13.07230000 3.21091000e+01
-13.04230000 4.86215000e+01
-13.01230000 6.61292000e+01
-12.98230000 6.56464000e+01
-12.95230000 6.72714000e+01
-12.92230000 8.35953000e+01
-12.89230000 9.91708000e+01
-12.86230000 7.89285000e+01
-12.83230000 6.02976000e+01
-12.80230000 6.07387000e+01
-12.77230000 8.07637000e+01
-12.74230000 1.14317000e+02
-12.71230000 1.29188000e+02
-12.68230000 1.23172000e+02
-12.65230000 8.96894000e+01
-12.62230000 5.74015000e+01
-12.59230000 4.22345000e+01
-12.56230000 3.97970000e+01
-12.53230000 4.57051000e+01
-12.50230000 4.35725000e+01
-12.47230000 3.16791000e+01
-12.44230000 2.49277000e+01
-12.38670000 2.83096000e+01
-12.35670000 4.07767000e+01
-12.32670000 5.93050000e+01
-12.29670000 6.30789000e+01
-12.26670000 5.12745000e+01
-12.23670000 3.27211000e+01
-12.20670000 2.05269000e+01
-12.17670000 1.42463000e+01
-12.14670000 1.09877000e+01
-12.11670000 9.36954000e+00
-12.08670000 8.93937000e+00
-12.05670000 9.80768000e+00
-12.02670000 1.20351000e+01
-11.99670000 1.42936000e+01
-11.96670000 1.33322000e+01
-11.93670000 9.64399000e+00
-11.90670000 7.13918000e+00
-11.87670000 5.89857000e+00
-11.84670000 5.42979000e+00
-11.81670000 5.26622000e+00
-11.78670000 5.05433000e+00
-11.75670000 5.05959000e+00
-11.72670000 5.39923000e+00
-11.69670000 6.13937000e+00
-11.66670000 7.49891000e+00
-11.63670000 1.00175000e+01
-11.60670000 1.48887000e+01
-11.57670000 2.33165000e+01
-11.54670000 2.90969000e+01
-11.51670000 2.73927000e+01
-11.48670000 2.75897000e+01
-11.45670000 2.59085000e+01
-11.42670000 2.47839000e+01
-11.39670000 3.06729000e+01
-11.36670000 3.73302000e+01
-11.33670000 3.20074000e+01
-11.30670000 2.40853000e+01
-11.27670000 2.17236000e+01
-11.24670000 2.58365000e+01
-11.21670000 3.10328000e+01
-11.18670000 2.61398000e+01
-11.15670000 2.06973000e+01
-11.12670000 2.03047000e+01
-11.09670000 2.36632000e+01
-11.06670000 3.13298000e+01
-11.03670000 3.55457000e+01
-11.00670000 2.94627000e+01
-10.97670000 2.71558000e+01
-10.94670000 3.32563000e+01
-10.91670000 4.83777000e+01
-10.88670000 6.60826000e+01
-10.85670000 6.87626000e+01
-10.82670000 4.67021000e+01
-10.79670000 2.91614000e+01
-10.76670000 2.08161000e+01
-10.73670000 1.77372000e+01
-10.70670000 1.82078000e+01
-10.67670000 1.98356000e+01
-10.64670000 1.84063000e+01
-10.61670000 1.79756000e+01
-10.58670000 2.16340000e+01
-10.55670000 2.79025000e+01
-10.50110000 2.95561000e+01
-10.47110000 3.70852000e+01
-10.44110000 4.68616000e+01
-10.41110000 4.67828000e+01
-10.38110000 4.51629000e+01
-10.35110000 4.76797000e+01
-10.32110000 4.93611000e+01
-10.29110000 5.09701000e+01
-10.26110000 4.69881000e+01
-10.23110000 3.40839000e+01
-10.20110000 2.61165000e+01
-10.17110000 2.50406000e+01
-10.14110000 3.09576000e+01
-10.11110000 4.39040000e+01
-10.08110000 4.82351000e+01
-10.05110000 3.85055000e+01
-10.02110000 3.45015000e+01
-9.99114000 3.20654000e+01
-9.96114000 2.93453000e+01
-9.93114000 3.41757000e+01
-9.90114000 5.02151000e+01
-9.87114000 6.78214000e+01
-9.84114000 5.75065000e+01
-9.81114000 4.30257000e+01
-9.78114000 3.75795000e+01
-9.75114000 2.82186000e+01
-9.72114000 1.86484000e+01
-9.69114000 1.36778000e+01
-9.66114000 1.20339000e+01
-9.63114000 1.22925000e+01
-9.60114000 1.11040000e+01
-9.57114000 8.45932000e+00
-9.54114000 6.95037000e+00
-9.51114000 6.67874000e+00
-9.48114000 7.56501000e+00
-9.45114000 9.63314000e+00
-9.42114000 9.99155000e+00
-9.39114000 7.38777000e+00
-9.36114000 5.48010000e+00
-9.33114000 4.64413000e+00
-9.30114000 4.47533000e+00
-9.27114000 4.86415000e+00
-9.24114000 6.01972000e+00
-9.21114000 8.59725000e+00
-9.18114000 1.33343000e+01
-9.15114000 1.66249000e+01
-9.12114000 1.39216000e+01
-9.09114000 9.63412000e+00
-9.06114000 7.03491000e+00
-9.03114000 6.21738000e+00
-9.00114000 6.84901000e+00
-8.97114000 9.05271000e+00
-8.94114000 1.17456000e+01
-8.91114000 1.06032000e+01
-8.88114000 8.27584000e+00
-8.85114000 7.82993000e+00
-8.82114000 8.80421000e+00
-8.79114000 1.18129000e+01
-8.76114000 1.60708000e+01
-8.73114000 1.52606000e+01
-8.70114000 1.28842000e+01
-8.67114000 1.04625000e+01
-8.61558000 5.66299000e+00
-8.58558000 4.91407000e+00
-8.55558000 4.35378000e+00
-8.52558000 3.69318000e+00
-8.49558000 3.39225000e+00
-8.46558000 3.45084000e+00
-8.43558000 3.83361000e+00
-8.40558000 4.56098000e+00
-8.37558000 5.87284000e+00
-8.34558000 8.10541000e+00
-8.31558000 1.20472000e+01
-8.28558000 1.53841000e+01
-8.25558000 1.42186000e+01
-8.22558000 1.46631000e+01
-8.19558000 1.93151000e+01
-8.16558000 2.37993000e+01
-8.13558000 2.14662000e+01
-8.10558000 1.90071000e+01
-8.07558000 2.15845000e+01
-8.04558000 2.48223000e+01
-8.01558000 1.87643000e+01
-7.98558000 1.22201000e+01
-7.95558000 9.22359000e+00
-7.92558000 8.72958000e+00
-7.89558000 1.05422000e+01
-7.86558000 1.50480000e+01
-7.83558000 1.77754000e+01
-7.80558000 1.39442000e+01
-7.77558000 1.13038000e+01
-7.74558000 1.20952000e+01
-7.71558000 1.28290000e+01
-7.68558000 9.78432000e+00
-7.65558000 6.97369000e+00
-7.62558000 5.27533000e+00
-7.59558000 4.37007000e+00
-7.56558000 4.22376000e+00
-7.53558000 4.83710000e+00
-7.50558000 6.23278000e+00
-7.47558000 7.62645000e+00
-7.44558000 9.29777000e+00
-7.41558000 1.04254000e+01
-7.38558000 1.01623000e+01
-7.35558000 1.01096000e+01
-7.32558000 1.27334000e+01
-7.29558000 1.49684000e+01
-7.26558000 1.09363000e+01
-7.23558000 6.63862000e+00
-7.20558000 4.29990000e+00
-7.17558000 3.03104000e+00
-7.14558000 2.29622000e+00
-7.11558000 1.84363000e+00
-7.08558000 1.57176000e+00
-7.05558000 1.40174000e+00
-7.02558000 1.26131000e+00
-6.99558000 1.17024000e+00
-6.96558000 1.13869000e+00
-6.93558000 1.16889000e+00
-6.90558000 1.22003000e+00
-6.87558000 1.31727000e+00
-6.84558000 1.58562000e+00
-6.81558000 1.91288000e+00
-6.78558000 1.76652000e+00
-6.73001000 1.39085000e+00
-6.70001000 1.42949000e+00
-6.67001000 1.39540000e+00
-6.64001000 1.20716000e+00
-6.61001000 1.11912000e+00
-6.58001000 1.19311000e+00
-6.55001000 1.40569000e+00
-6.52001000 1.73960000e+00
-6.49001000 2.15914000e+00
-6.46001000 2.08521000e+00
-6.43001000 1.87103000e+00
-6.40001000 2.01085000e+00
-6.37001000 2.69301000e+00
-6.34001000 4.20310000e+00
-6.31001000 6.03980000e+00
-6.28001000 5.44744000e+00
-6.25001000 3.50824000e+00
-6.22001000 2.46021000e+00
-6.19001000 2.12003000e+00
-6.16001000 1.77627000e+00
-6.13001000 1.34365000e+00
-6.10001000 1.11543000e+00
-6.07001000 1.05816000e+00
-6.04001000 1.16083000e+00
-6.01001000 1.28513000e+00
-5.98001000 1.09516000e+00
-5.95001000 8.98712000e-01
-5.92001000 8.39580000e-01
-5.89001000 7.58417000e-01
-5.86001000 6.34840000e-01
-5.83001000 5.45056000e-01
-5.80001000 5.05056000e-01
-5.77001000 5.06013000e-01
-5.74001000 5.35048000e-01
-5.71001000 5.23704000e-01
-5.68001000 4.77880000e-01
-5.65001000 4.55524000e-01
-5.62001000 4.54589000e-01
-5.59001000 4.68028000e-01
-5.56001000 4.93801000e-01
-5.53001000 5.35455000e-01
-5.50001000 5.91948000e-01
-5.47001000 6.85013000e-01
-5.44001000 8.48986000e-01
-5.41001000 1.11786000e+00
-5.38001000 1.43993000e+00
-5.35001000 1.79318000e+00
-5.32001000 2.36710000e+00
-5.29001000 3.56211000e+00
-5.26001000 5.45006000e+00
-5.23001000 5.60561000e+00
-5.20001000 4.35239000e+00
-5.17001000 4.02397000e+00
-5.14001000 3.41629000e+00
-5.11001000 2.23771000e+00
-5.08001000 1.49339000e+00
-5.05001000 1.12058000e+00
-5.02001000 9.43705000e-01
-4.99001000 8.75876000e-01
-4.96001000 8.80890000e-01
-4.93001000 9.88562000e-01
-4.90001000 1.27616000e+00
-4.84444000 2.83074000e+00
-4.81444000 3.46492000e+00
-4.78444000 2.65669000e+00
-4.75444000 1.70142000e+00
-4.72444000 1.15526000e+00
-4.69444000 8.31440000e-01
-4.66444000 6.41316000e-01
-4.63444000 5.35569000e-01
-4.60444000 4.79746000e-01
-4.57444000 4.60906000e-01
-4.54444000 4.77830000e-01
-4.51444000 5.18189000e-01
-4.48444000 5.83574000e-01
-4.45444000 6.37005000e-01
-4.42444000 5.59589000e-01
-4.39444000 4.91861000e-01
-4.36444000 5.07103000e-01
-4.33444000 5.70338000e-01
-4.30444000 5.56420000e-01
-4.27444000 4.53624000e-01
-4.24444000 3.83761000e-01
-4.21444000 3.56130000e-01
-4.18444000 3.53000000e-01
-4.15444000 3.62063000e-01
-4.12444000 3.84953000e-01
-4.09444000 4.19981000e-01
-4.06444000 4.70898000e-01
-4.03444000 5.71246000e-01
-4.00444000 7.69043000e-01
-3.97444000 1.12476000e+00
-3.94444000 1.55700000e+00
-3.91444000 2.01683000e+00
-3.88444000 2.00390000e+00
-3.85444000 1.44291000e+00
-3.82444000 1.07631000e+00
-3.79444000 8.89268000e-01
-3.76444000 8.26217000e-01
-3.73444000 9.34041000e-01
-3.70444000 1.27640000e+00
-3.67444000 1.72578000e+00
-3.64444000 1.69749000e+00
-3.61444000 1.59021000e+00
-3.58444000 1.50471000e+00
-3.55444000 1.16839000e+00
-3.52444000 9.76434000e-01
-3.49444000 8.42095000e-01
-3.46444000 6.43971000e-01
-3.43444000 5.00924000e-01
-3.40444000 4.23667000e-01
-3.37444000 3.89020000e-01
-3.34444000 3.82876000e-01
-3.31444000 4.00777000e-01
-3.28444000 4.38909000e-01
-3.25444000 5.09499000e-01
-3.22444000 6.06939000e-01
-3.19444000 7.59693000e-01
-3.16444000 1.06667000e+00
-3.13444000 1.41512000e+00
-3.10444000 1.38209000e+00
-3.07444000 1.14376000e+00
-3.04444000 1.15764000e+00
-3.01444000 1.26502000e+00
-2.95887000 9.71053000e-01
-2.92887000 9.20027000e-01
-2.89887000 1.00935000e+00
-2.86887000 1.29563000e+00
-2.83887000 1.49091000e+00
-2.80887000 1.23773000e+00
-2.77887000 8.96016000e-01
-2.74887000 6.41008000e-01
-2.71887000 4.77314000e-01
-2.68887000 3.85691000e-01
-2.65887000 3.41884000e-01
-2.62887000 3.26799000e-01
-2.59887000 3.23078000e-01
-2.56887000 3.05217000e-01
-2.53887000 2.75740000e-01
-2.50887000 2.63089000e-01
-2.47887000 2.67746000e-01
-2.44887000 2.75300000e-01
-2.41887000 2.71458000e-01
-2.38887000 2.61822000e-01
-2.35887000 2.50369000e-01
-2.32887000 2.50576000e-01
-2.29887000 2.67226000e-01
-2.26887000 3.05298000e-01
-2.23887000 3.45958000e-01
-2.20887000 3.73855000e-01
-2.17887000 4.52112000e-01
-2.14887000 5.79745000e-01
-2.11887000 5.84825000e-01
-2.08887000 4.88697000e-01
-2.05887000 4.57865000e-01
-2.02887000 4.90699000e-01
-1.99887000 4.79797000e-01
-1.96887000 3.76369000e-01
-1.93887000 2.96702000e-01
-1.90887000 2.56819000e-01
-1.87887000 2.40146000e-01
-1.84887000 2.31488000e-01
-1.81887000 2.24474000e-01
-1.78887000 2.24507000e-01
-1.75887000 2.30375000e-01
-1.72887000 2.46747000e-01
-1.69887000 2.85935000e-01
-1.66887000 3.65616000e-01
-1.63887000 4.59625000e-01
-1.60887000 4.51890000e-01
-1.57887000 3.86415000e-01
-1.54887000 3.14323000e-01
-1.51887000 2.74814000e-01
-1.48887000 2.62406000e-01
-1.45887000 2.72277000e-01
-1.42887000 2.99056000e-01
-1.39887000 3.18478000e-01
-1.36887000 3.28309000e-01
-1.33887000 3.55246000e-01
-1.30887000 3.55840000e-01
-1.27887000 3.27961000e-01
-1.24887000 3.33369000e-01
-1.21887000 3.48097000e-01
-1.18887000 3.19812000e-01
-1.15887000 2.96000000e-01
-1.12887000 2.80236000e-01
-1.07330000 2.75176000e-01
-1.04330000 3.06116000e-01
-1.01330000 3.71428000e-01
-0.98329900 4.45956000e-01
-0.95329900 4.33438000e-01
-0.92329900 3.97336000e-01
-0.89329900 3.86029000e-01
-0.86329900 3.88530000e-01
-0.83329900 4.02100000e-01
-0.80329900 4.45968000e-01
-0.77329900 5.59411000e-01
-0.74329900 7.64603000e-01
-0.71329900 9.61577000e-01
-0.68329900 8.90742000e-01
-0.65329900 6.76420000e-01
-0.62329900 5.58241000e-01
-0.59329900 5.25992000e-01
-0.56329900 5.46768000e-01
-0.53329900 5.69007000e-01
-0.50329900 5.60260000e-01
-0.47329900 5.76099000e-01
-0.44329900 5.72461000e-01
-0.41329900 5.35664000e-01
-0.38329900 5.17982000e-01
-0.35329900 5.65801000e-01
-0.32329900 5.59405000e-01
-0.29329900 4.68433000e-01
-0.26329900 4.06384000e-01
-0.23329900 3.85594000e-01
-0.20329900 4.12665000e-01
-0.17329900 4.65074000e-01
-0.14329900 4.80021000e-01
-0.11329900 4.96322000e-01
-0.08329910 5.23652000e-01
-0.05329910 5.65719000e-01
-0.02329910 6.19241000e-01
0.00670085 5.98320000e-01
0.03670090 5.33785000e-01
0.06670090 4.78574000e-01
0.09670090 4.43117000e-01
0.12670100 3.99227000e-01
0.15670100 3.47111000e-01
0.18670100 3.13703000e-01
0.21670100 3.04957000e-01
0.24670100 3.09497000e-01
0.27670100 3.18879000e-01
0.30670100 3.35028000e-01
0.33670100 3.72826000e-01
0.36670100 4.47535000e-01
0.39670100 5.30759000e-01
0.42670100 5.25471000e-01
0.45670100 4.59754000e-01
0.48670100 4.29988000e-01
0.51670100 4.62930000e-01
0.54670100 5.59082000e-01
0.57670100 7.14854000e-01
0.60670100 7.96531000e-01
0.63670100 7.72537000e-01
0.66670100 7.60146000e-01
0.69670100 7.63138000e-01
0.72670100 8.08365000e-01
0.75670100 8.28811000e-01
