# E(MeV)  S_NSDRNSDR(Total=K0+2*K1) for In153_DDPCX
-18.04340000 9.59273000e-01
-18.01340000 1.06830100e+00
-17.98340000 1.20258000e+00
-17.95340000 1.37114100e+00
-17.92340000 1.58760900e+00
-17.89340000 1.87335900e+00
-17.86340000 2.26355800e+00
-17.83340000 2.81945400e+00
-17.80340000 3.65519700e+00
-17.77340000 5.00095000e+00
-17.74340000 7.35909000e+00
-17.71340000 1.18556500e+01
-17.68340000 2.02068900e+01
-17.65340000 2.79725800e+01
-17.62340000 2.29506000e+01
-17.59340000 1.62461200e+01
-17.56340000 1.45085800e+01
-17.53340000 1.74542800e+01
-17.50340000 2.65636200e+01
-17.47340000 4.20347600e+01
-17.44340000 4.41349000e+01
-17.41340000 2.95066200e+01
-17.38340000 2.08161200e+01
-17.35340000 1.87879100e+01
-17.32340000 1.53855000e+01
-17.29340000 9.91738000e+00
-17.26340000 6.44423000e+00
-17.23340000 4.53589000e+00
-17.20340000 3.41607200e+00
-17.17340000 2.70374000e+00
-17.14340000 2.22025200e+00
-17.11340000 1.87548800e+00
-17.08340000 1.62017400e+00
-17.05340000 1.42543100e+00
-17.02340000 1.27334700e+00
-16.99340000 1.15228300e+00
-16.96340000 1.05438700e+00
-16.93340000 9.74186000e-01
-16.90340000 9.07757000e-01
-16.87340000 8.52235000e-01
-16.84340000 8.05470000e-01
-16.81340000 7.65834000e-01
-16.78340000 7.32067000e-01
-16.75340000 7.03180000e-01
-16.72340000 6.78393000e-01
-16.69340000 6.57081000e-01
-16.66340000 6.38741000e-01
-16.63340000 6.22957000e-01
-16.60340000 6.09394000e-01
-16.57340000 5.97767000e-01
-16.54340000 5.87845000e-01
-16.51340000 5.79431000e-01
-16.48340000 5.72359000e-01
-16.45340000 5.66494000e-01
-16.42340000 5.61713000e-01
-16.39340000 5.57916000e-01
-16.36340000 5.55020000e-01
-16.33340000 5.52948000e-01
-16.30340000 5.51641000e-01
-16.27340000 5.51042000e-01
-16.24340000 5.51106000e-01
-16.21340000 5.51795000e-01
-16.15790000 5.54617000e-01
-16.12790000 5.56930000e-01
-16.09790000 5.59769000e-01
-16.06790000 5.63121000e-01
-16.03790000 5.66974000e-01
-16.00790000 5.71324000e-01
-15.97790000 5.76164000e-01
-15.94790000 5.81499000e-01
-15.91790000 5.87328000e-01
-15.88790000 5.93661000e-01
-15.85790000 6.00511000e-01
-15.82790000 6.07891000e-01
-15.79790000 6.15819000e-01
-15.76790000 6.24327000e-01
-15.73790000 6.33443000e-01
-15.70790000 6.43207000e-01
-15.67790000 6.53668000e-01
-15.64790000 6.64884000e-01
-15.61790000 6.76930000e-01
-15.58790000 6.89897000e-01
-15.55790000 7.03898000e-01
-15.52790000 7.19081000e-01
-15.49790000 7.35635000e-01
-15.46790000 7.53810000e-01
-15.43790000 7.73947000e-01
-15.40790000 7.96517000e-01
-15.37790000 8.22203000e-01
-15.34790000 8.52013000e-01
-15.31790000 8.87536000e-01
-15.28790000 9.31370000e-01
-15.25790000 9.88069000e-01
-15.22790000 1.06618500e+00
-15.19790000 1.18306400e+00
-15.16790000 1.37610300e+00
-15.13790000 1.72797700e+00
-15.10790000 2.35607400e+00
-15.07790000 2.87188800e+00
-15.04790000 2.46472200e+00
-15.01790000 1.97689400e+00
-14.98790000 1.79967800e+00
-14.95790000 1.85754300e+00
-14.92790000 2.13604800e+00
-14.89790000 2.50552600e+00
-14.86790000 2.54484400e+00
-14.83790000 2.55195000e+00
-14.80790000 2.73076600e+00
-14.77790000 3.23442600e+00
-14.74790000 3.94489000e+00
-14.71790000 3.84147000e+00
-14.68790000 3.50494000e+00
-14.65790000 3.65441200e+00
-14.62790000 4.35419000e+00
-14.59790000 5.84100000e+00
-14.56790000 8.66258000e+00
-14.53790000 1.34103300e+01
-14.50790000 1.98585600e+01
-14.47790000 2.08215800e+01
-14.44790000 1.38886600e+01
-14.41790000 8.60894000e+00
-14.38790000 6.00539000e+00
-14.35790000 4.78297000e+00
-14.32790000 4.28436000e+00
-14.27230000 4.72541000e+00
-14.24230000 6.03483000e+00
-14.21230000 8.69675600e+00
-14.18230000 1.10226320e+01
-14.15230000 8.83236500e+00
-14.12230000 5.99338200e+00
-14.09230000 4.49385300e+00
-14.06230000 3.77967900e+00
-14.03230000 3.44416200e+00
-14.00230000 3.31085300e+00
-13.97230000 3.31024900e+00
-13.94230000 3.42925500e+00
-13.91230000 3.69359700e+00
-13.88230000 4.04986300e+00
-13.85230000 4.23923200e+00
-13.82230000 4.50758400e+00
-13.79230000 5.19417900e+00
-13.76230000 6.46974900e+00
-13.73230000 7.45902800e+00
-13.70230000 6.93826800e+00
-13.67230000 6.60980800e+00
-13.64230000 7.14528100e+00
-13.61230000 8.71037000e+00
-13.58230000 1.11502600e+01
-13.55230000 1.17474000e+01
-13.52230000 1.09366500e+01
-13.49230000 1.15703300e+01
-13.46230000 1.28967600e+01
-13.43230000 1.26392700e+01
-13.40230000 1.26269800e+01
-13.37230000 1.41586400e+01
-13.34230000 1.69295600e+01
-13.31230000 1.99227200e+01
-13.28230000 2.20600300e+01
-13.25230000 2.59331400e+01
-13.22230000 3.37183600e+01
-13.19230000 4.30492200e+01
-13.16230000 4.99677400e+01
-13.13230000 5.50836000e+01
-13.10230000 6.82713000e+01
-13.07230000 9.44880000e+01
-13.04230000 1.27535300e+02
-13.01230000 1.52524100e+02
-12.98230000 1.45474200e+02
-12.95230000 1.46632900e+02
-12.92230000 1.79733600e+02
-12.89230000 2.13675800e+02
-12.86230000 1.79264500e+02
-12.83230000 1.53975700e+02
-12.80230000 1.67363800e+02
-12.77230000 2.03258900e+02
-12.74230000 2.62272100e+02
-12.71230000 2.87864100e+02
-12.68230000 2.78183000e+02
-12.65230000 2.19030800e+02
-12.62230000 1.72916200e+02
-12.59230000 1.75860000e+02
-12.56230000 1.77768800e+02
-12.53230000 1.55125600e+02
-12.50230000 1.25561700e+02
-12.47230000 8.96284000e+01
-12.44230000 7.08781000e+01
-12.38670000 7.80537000e+01
-12.35670000 1.09205100e+02
-12.32670000 1.58646600e+02
-12.29670000 1.75496000e+02
-12.26670000 1.49996100e+02
-12.23670000 1.20371900e+02
-12.20670000 1.23734000e+02
-12.17670000 1.43770600e+02
-12.14670000 1.15339300e+02
-12.11670000 7.29606800e+01
-12.08670000 4.99439400e+01
-12.05670000 4.04604600e+01
-12.02670000 3.88356000e+01
-11.99670000 3.97866000e+01
-11.96670000 3.56391100e+01
-11.93670000 2.68190600e+01
-11.90670000 2.08602500e+01
-11.87670000 1.77715600e+01
-11.84670000 1.64882600e+01
-11.81670000 1.60432000e+01
-11.78670000 1.57325100e+01
-11.75670000 1.61320700e+01
-11.72670000 1.75848200e+01
-11.69670000 2.04514300e+01
-11.66670000 2.56571200e+01
-11.63670000 3.53768000e+01
-11.60670000 5.44554000e+01
-11.57670000 8.85082000e+01
-11.54670000 1.12881600e+02
-11.51670000 9.67391000e+01
-11.48670000 8.44832000e+01
-11.45670000 7.67484000e+01
-11.42670000 6.90454000e+01
-11.39670000 7.47445000e+01
-11.36670000 8.46862000e+01
-11.33670000 7.24869200e+01
-11.30670000 5.61829900e+01
-11.27670000 5.19340600e+01
-11.24670000 6.18126000e+01
-11.21670000 7.59142000e+01
-11.18670000 7.35672000e+01
-11.15670000 7.16012000e+01
-11.12670000 6.92124000e+01
-11.09670000 7.19700000e+01
-11.06670000 8.83820000e+01
-11.03670000 9.66832000e+01
-11.00670000 8.61511000e+01
-10.97670000 9.18456000e+01
-10.94670000 1.19661700e+02
-10.91670000 1.44701300e+02
-10.88670000 1.61654700e+02
-10.85670000 1.55835900e+02
-10.82670000 1.06343500e+02
-10.79670000 6.88320000e+01
-10.76670000 5.14600000e+01
-10.73670000 4.61873000e+01
-10.70670000 5.01019000e+01
-10.67670000 5.79907000e+01
-10.64670000 5.70802000e+01
-10.61670000 5.92873000e+01
-10.58670000 7.68193000e+01
-10.55670000 9.73551000e+01
-10.50110000 7.88836000e+01
-10.47110000 8.70309000e+01
-10.44110000 1.03455750e+02
-10.41110000 1.02263360e+02
-10.38110000 9.88655500e+01
-10.35110000 1.02772990e+02
-10.32110000 1.04972190e+02
-10.29110000 1.07748610e+02
-10.26110000 9.99144200e+01
-10.23110000 7.47526500e+01
-10.20110000 6.00810300e+01
-10.17110000 6.01291000e+01
-10.14110000 7.56984000e+01
-10.11110000 1.06502600e+02
-10.08110000 1.22959000e+02
-10.05110000 1.19339400e+02
-10.02110000 1.29900600e+02
-9.99114000 1.33024100e+02
-9.96114000 1.29959700e+02
-9.93114000 1.18585000e+02
-9.90114000 1.29862600e+02
-9.87114000 1.54224800e+02
-9.84114000 1.28353200e+02
-9.81114000 9.62345000e+01
-9.78114000 8.29680200e+01
-9.75114000 6.27643900e+01
-9.72114000 4.28910600e+01
-9.69114000 3.25486100e+01
-9.66114000 2.88537200e+01
-9.63114000 2.93764200e+01
-9.60114000 2.77505900e+01
-9.57114000 2.44071000e+01
-9.54114000 2.39071400e+01
-9.51114000 2.24182800e+01
-9.48114000 2.17059900e+01
-9.45114000 2.47344300e+01
-9.42114000 2.56582900e+01
-9.39114000 2.20798600e+01
-9.36114000 2.15510000e+01
-9.33114000 2.18927600e+01
-9.30114000 1.86045900e+01
-9.27114000 1.63601400e+01
-9.24114000 1.70560100e+01
-9.21114000 2.16883800e+01
-9.18114000 3.15632700e+01
-9.15114000 3.96551800e+01
-9.12114000 3.61040200e+01
-9.09114000 2.65131300e+01
-9.06114000 1.93785100e+01
-9.03114000 1.68694600e+01
-9.00114000 1.80983400e+01
-8.97114000 2.30600400e+01
-8.94114000 2.91176000e+01
-8.91114000 2.77562500e+01
-8.88114000 2.51864100e+01
-8.85114000 2.85921600e+01
-8.82114000 3.93671200e+01
-8.79114000 6.09493000e+01
-8.76114000 7.68389000e+01
-8.73114000 6.06184000e+01
-8.70114000 4.30244000e+01
-8.67114000 3.17285000e+01
-8.61558000 1.71470800e+01
-8.58558000 1.44680000e+01
-8.55558000 1.27968000e+01
-8.52558000 1.12576100e+01
-8.49558000 1.05194600e+01
-8.46558000 1.04798800e+01
-8.43558000 1.11803300e+01
-8.40558000 1.23427900e+01
-8.37558000 1.47117400e+01
-8.34558000 1.92454100e+01
-8.31558000 2.73136500e+01
-8.28558000 3.39973600e+01
-8.25558000 3.18602200e+01
-8.22558000 3.33044500e+01
-8.19558000 4.34222600e+01
-8.16558000 5.34317100e+01
-8.13558000 5.06240000e+01
-8.10558000 4.90323000e+01
-8.07558000 5.97406000e+01
-8.04558000 7.61059000e+01
-8.01558000 8.26224000e+01
-7.98558000 8.23248000e+01
-7.95558000 5.94219800e+01
-7.92558000 4.05563600e+01
-7.89558000 3.47511000e+01
-7.86558000 3.89775900e+01
-7.83558000 4.18727400e+01
-7.80558000 3.28234200e+01
-7.77558000 2.67715100e+01
-7.74558000 2.75993000e+01
-7.71558000 2.83998300e+01
-7.68558000 2.19270000e+01
-7.65558000 1.61679100e+01
-7.62558000 1.26864000e+01
-7.59558000 1.05826300e+01
-7.56558000 1.00492100e+01
-7.53558000 1.12103200e+01
-7.50558000 1.41314700e+01
-7.47558000 1.71868100e+01
-7.44558000 2.05051800e+01
-7.41558000 2.26362500e+01
-7.38558000 2.22911600e+01
-7.35558000 2.24394600e+01
-7.32558000 2.75081000e+01
-7.29558000 3.14903100e+01
-7.26558000 2.30489300e+01
-7.23558000 1.42859100e+01
-7.20558000 9.59720000e+00
-7.17558000 7.05411700e+00
-7.14558000 5.41044100e+00
-7.11558000 4.34549800e+00
-7.08558000 3.70851700e+00
-7.05558000 3.31300900e+00
-7.02558000 2.99707600e+00
-6.99558000 2.79305300e+00
-6.96558000 2.71933100e+00
-6.93558000 2.78254500e+00
-6.90558000 2.90943000e+00
-6.87558000 3.17059300e+00
-6.84558000 3.83770700e+00
-6.81558000 4.56720800e+00
-6.78558000 4.16738800e+00
-6.73001000 3.26086900e+00
-6.70001000 3.30579900e+00
-6.67001000 3.24984500e+00
-6.64001000 2.87775400e+00
-6.61001000 2.64091000e+00
-6.58001000 2.73319100e+00
-6.55001000 3.12838200e+00
-6.52001000 3.78158800e+00
-6.49001000 4.61304700e+00
-6.46001000 4.46083500e+00
-6.43001000 4.03537600e+00
-6.40001000 4.32700200e+00
-6.37001000 5.70503700e+00
-6.34001000 8.74475200e+00
-6.31001000 1.24689160e+01
-6.28001000 1.13679530e+01
-6.25001000 7.50165000e+00
-6.22001000 5.34109300e+00
-6.19001000 4.63342200e+00
-6.16001000 3.96903800e+00
-6.13001000 3.17001900e+00
-6.10001000 2.77923000e+00
-6.07001000 2.76008600e+00
-6.04001000 3.21096900e+00
-6.01001000 3.94926000e+00
-5.98001000 4.01312000e+00
-5.95001000 3.34940400e+00
-5.92001000 2.71568000e+00
-5.89001000 2.23631500e+00
-5.86001000 1.78938100e+00
-5.83001000 1.49691700e+00
-5.80001000 1.35487600e+00
-5.77001000 1.30983300e+00
-5.74001000 1.33205200e+00
-5.71001000 1.28556100e+00
-5.68001000 1.17770200e+00
-5.65001000 1.12133700e+00
-5.62001000 1.11075100e+00
-5.59001000 1.13094100e+00
-5.56001000 1.17728200e+00
-5.53001000 1.25653000e+00
-5.50001000 1.36639000e+00
-5.47001000 1.55019800e+00
-5.44001000 1.87655300e+00
-5.41001000 2.41343500e+00
-5.38001000 3.05747800e+00
-5.35001000 3.76475500e+00
-5.32001000 4.91443800e+00
-5.29001000 7.30770600e+00
-5.26001000 1.10888460e+01
-5.23001000 1.14082660e+01
-5.20001000 8.91537000e+00
-5.17001000 8.28156100e+00
-5.14001000 7.10320700e+00
-5.11001000 4.78241700e+00
-5.08001000 3.32795300e+00
-5.05001000 2.65720500e+00
-5.02001000 2.44921100e+00
-4.99001000 2.60613300e+00
-4.96001000 3.04248000e+00
-4.93001000 3.20836400e+00
-4.90001000 3.34392200e+00
-4.84444000 6.04967000e+00
-4.81444000 7.24434400e+00
-4.78444000 5.59652200e+00
-4.75444000 3.67935900e+00
-4.72444000 2.57015300e+00
-4.69444000 1.89380500e+00
-4.66444000 1.49775100e+00
-4.63444000 1.28303300e+00
-4.60444000 1.17874100e+00
-4.57444000 1.16349900e+00
-4.54444000 1.24535800e+00
-4.51444000 1.39620200e+00
-4.48444000 1.60035600e+00
-4.45444000 1.83239400e+00
-4.42444000 1.70062300e+00
-4.39444000 1.40393000e+00
-4.36444000 1.31196900e+00
-4.33444000 1.37606200e+00
-4.30444000 1.31609200e+00
-4.27444000 1.09303400e+00
-4.24444000 9.43896000e-01
-4.21444000 8.84286000e-01
-4.18444000 8.76376000e-01
-4.15444000 8.94478000e-01
-4.12444000 9.40233000e-01
-4.09444000 1.01333600e+00
-4.06444000 1.12409700e+00
-4.03444000 1.34061400e+00
-4.00444000 1.74749600e+00
-3.97444000 2.45614800e+00
-3.94444000 3.32568400e+00
-3.91444000 4.26686700e+00
-3.88444000 4.28780400e+00
-3.85444000 3.25435000e+00
-3.82444000 2.61999300e+00
-3.79444000 2.26142300e+00
-3.76444000 2.09976400e+00
-3.73444000 2.31324100e+00
-3.70444000 3.09801400e+00
-3.67444000 4.24773200e+00
-3.64444000 4.49668000e+00
-3.61444000 4.15534800e+00
-3.58444000 3.69560800e+00
-3.55444000 2.90491900e+00
-3.52444000 2.51930100e+00
-3.49444000 2.20091100e+00
-3.46444000 1.73369900e+00
-3.43444000 1.46071100e+00
-3.40444000 1.43241200e+00
-3.37444000 1.56807200e+00
-3.34444000 1.51060500e+00
-3.31444000 1.32019500e+00
-3.28444000 1.26606400e+00
-3.25444000 1.36659200e+00
-3.22444000 1.57153900e+00
-3.19444000 1.85796600e+00
-3.16444000 2.41049000e+00
-3.13444000 3.06973000e+00
-3.10444000 2.99245000e+00
-3.07444000 2.52172000e+00
-3.04444000 2.55372600e+00
-3.01444000 2.76870700e+00
-2.95887000 2.20534400e+00
-2.92887000 2.14320200e+00
-2.89887000 2.37225500e+00
-2.86887000 3.03961400e+00
-2.83887000 3.61985300e+00
-2.80887000 3.23860700e+00
-2.77887000 2.39338700e+00
-2.74887000 1.71668000e+00
-2.71887000 1.30974700e+00
-2.68887000 1.11031500e+00
-2.65887000 1.05882400e+00
-2.62887000 1.12122500e+00
-2.59887000 1.24943600e+00
-2.56887000 1.45429800e+00
-2.53887000 1.70253000e+00
-2.50887000 1.61331800e+00
-2.47887000 1.27998300e+00
-2.44887000 1.04266900e+00
-2.41887000 9.03450000e-01
-2.38887000 8.21617000e-01
-2.35887000 7.54786000e-01
-2.32887000 7.18032000e-01
-2.29887000 7.28087000e-01
-2.26887000 7.91007000e-01
-2.23887000 8.65112000e-01
-2.20887000 9.16313000e-01
-2.17887000 1.07283900e+00
-2.14887000 1.33675600e+00
-2.11887000 1.36260700e+00
-2.08887000 1.16673500e+00
-2.05887000 1.08631400e+00
-2.02887000 1.13962000e+00
-1.99887000 1.10881800e+00
-1.96887000 8.96219000e-01
-1.93887000 7.33886000e-01
-1.90887000 6.52924000e-01
-1.87887000 6.19113000e-01
-1.84887000 6.00755000e-01
-1.81887000 5.85808000e-01
-1.78887000 5.85725000e-01
-1.75887000 5.97532000e-01
-1.72887000 6.30469000e-01
-1.69887000 7.09654000e-01
-1.66887000 8.70571000e-01
-1.63887000 1.06086200e+00
-1.60887000 1.04807600e+00
-1.57887000 9.21148000e-01
-1.54887000 7.83472000e-01
-1.51887000 7.13426000e-01
-1.48887000 6.98945000e-01
-1.45887000 7.27786000e-01
-1.42887000 7.82506000e-01
-1.39887000 8.22467000e-01
-1.36887000 8.51025000e-01
-1.33887000 9.24602000e-01
-1.30887000 9.60946000e-01
-1.27887000 9.56112000e-01
-1.24887000 1.02654400e+00
-1.21887000 1.14653300e+00
-1.18887000 1.28597300e+00
-1.15887000 1.61346000e+00
-1.12887000 1.85375200e+00
-1.07330000 1.24569300e+00
-1.04330000 1.07247200e+00
-1.01330000 1.08635400e+00
-0.98329900 1.17079400e+00
-0.95329900 1.10420400e+00
-0.92329900 1.00783800e+00
-0.89329900 9.73298000e-01
-0.86329900 9.76761000e-01
-0.83329900 1.01312700e+00
-0.80329900 1.11101700e+00
-0.77329900 1.34006200e+00
-0.74329900 1.74946000e+00
-0.71329900 2.13423200e+00
-0.68329900 1.98341800e+00
-0.65329900 1.53976000e+00
-0.62329900 1.29322600e+00
-0.59329900 1.22558900e+00
-0.56329900 1.26832500e+00
-0.53329900 1.31886100e+00
-0.50329900 1.31231700e+00
-0.47329900 1.35465700e+00
-0.44329900 1.36138400e+00
-0.41329900 1.29110500e+00
-0.38329900 1.25455600e+00
-0.35329900 1.34365800e+00
-0.32329900 1.31394500e+00
-0.29329900 1.11984400e+00
-0.26329900 9.92385000e-01
-0.23329900 9.54547000e-01
-0.20329900 1.01774300e+00
-0.17329900 1.14003600e+00
-0.14329900 1.20684100e+00
-0.11329900 1.30236700e+00
-0.08329910 1.38512200e+00
-0.05329910 1.43074500e+00
-0.02329910 1.51384500e+00
0.00670085 1.45158900e+00
0.03670090 1.30477700e+00
0.06670090 1.19653700e+00
0.09670090 1.14981700e+00
0.12670100 1.09433800e+00
0.15670100 1.04267700e+00
0.18670100 1.04459500e+00
0.21670100 1.00848900e+00
0.24670100 9.31382000e-01
0.27670100 8.95183000e-01
0.30670100 9.02977000e-01
0.33670100 9.71601000e-01
0.36670100 1.12656400e+00
0.39670100 1.31252100e+00
0.42670100 1.34233000e+00
0.45670100 1.26805100e+00
0.48670100 1.24350900e+00
0.51670100 1.35404000e+00
0.54670100 1.62183700e+00
0.57670100 2.04335500e+00
0.60670100 2.28197600e+00
0.63670100 2.26338500e+00
0.66670100 2.12126300e+00
0.69670100 2.01863500e+00
0.72670100 2.07901700e+00
0.75670100 2.11531800e+00
