# E(MeV)  S_GAMTGAMT(K=0) for Ir240_DDPCX
-17.10510000 1.60179000e-03
-17.07510000 1.49189000e-03
-17.04510000 1.32899000e-03
-17.01510000 1.08013000e-03
-16.98510000 6.81411000e-04
-16.95510000 2.78402000e-07
-16.92510000 -1.25877000e-03
-16.89510000 -3.76129000e-03
-16.86510000 -8.42700000e-03
-16.83510000 -1.20780000e-02
-16.80510000 -8.19535000e-03
-16.77510000 -3.59438000e-03
-16.74510000 -1.14243000e-03
-16.71510000 1.01753000e-04
-16.68510000 7.84692000e-04
-16.65510000 1.19258000e-03
-16.62510000 1.45415000e-03
-16.59510000 1.63178000e-03
-16.56510000 1.75801000e-03
-16.53510000 1.85080000e-03
-16.50510000 1.92026000e-03
-16.47510000 1.97163000e-03
-16.44510000 2.00579000e-03
-16.41510000 2.01956000e-03
-16.38510000 2.02343000e-03
-16.35510000 2.06640000e-03
-16.32510000 2.12339000e-03
-16.29510000 2.16431000e-03
-16.26510000 2.19401000e-03
-16.23510000 2.21773000e-03
-16.20510000 2.23797000e-03
-16.17510000 2.25599000e-03
-16.14510000 2.27244000e-03
-16.11510000 2.28773000e-03
-16.08510000 2.30211000e-03
-16.05510000 2.31578000e-03
-16.02510000 2.32887000e-03
-15.99510000 2.34149000e-03
-15.96510000 2.35373000e-03
-15.93510000 2.36564000e-03
-15.90510000 2.37730000e-03
-15.87510000 2.38876000e-03
-15.84510000 2.40006000e-03
-15.81510000 2.41126000e-03
-15.78510000 2.42242000e-03
-15.75510000 2.43359000e-03
-15.72510000 2.44486000e-03
-15.69510000 2.45633000e-03
-15.66510000 2.46819000e-03
-15.63510000 2.48071000e-03
-15.60510000 2.49438000e-03
-15.57510000 2.51012000e-03
-15.54510000 2.52983000e-03
-15.51510000 2.55776000e-03
-15.48510000 2.60344000e-03
-15.45510000 2.67992000e-03
-15.42510000 2.74121000e-03
-15.39510000 2.69483000e-03
-15.36510000 2.63844000e-03
-15.31330000 2.60377000e-03
-15.28330000 2.59816000e-03
-15.25330000 2.59327000e-03
-15.22330000 2.58939000e-03
-15.19330000 2.60084000e-03
-15.16330000 2.61908000e-03
-15.13330000 2.63359000e-03
-15.10330000 2.64552000e-03
-15.07330000 2.65633000e-03
-15.04330000 2.66668000e-03
-15.01330000 2.67684000e-03
-14.98330000 2.68694000e-03
-14.95330000 2.69703000e-03
-14.92330000 2.70714000e-03
-14.89330000 2.71730000e-03
-14.86330000 2.72750000e-03
-14.83330000 2.73775000e-03
-14.80330000 2.74807000e-03
-14.77330000 2.75845000e-03
-14.74330000 2.76889000e-03
-14.71330000 2.77940000e-03
-14.68330000 2.78999000e-03
-14.65330000 2.80066000e-03
-14.62330000 2.81140000e-03
-14.59330000 2.82224000e-03
-14.56330000 2.83318000e-03
-14.53330000 2.84423000e-03
-14.50330000 2.85540000e-03
-14.47330000 2.86674000e-03
-14.44330000 2.87827000e-03
-14.41330000 2.89007000e-03
-14.38330000 2.90232000e-03
-14.35330000 2.91532000e-03
-14.32330000 2.92984000e-03
-14.29330000 2.94689000e-03
-14.26330000 2.96314000e-03
-14.23330000 2.97138000e-03
-14.20330000 2.97903000e-03
-14.17330000 2.98941000e-03
-14.14330000 3.00159000e-03
-14.11330000 3.01501000e-03
-14.08330000 3.02959000e-03
-14.05330000 3.04553000e-03
-14.02330000 3.06340000e-03
-13.99330000 3.08422000e-03
-13.96330000 3.10999000e-03
-13.93330000 3.14478000e-03
-13.90330000 3.19750000e-03
-13.87330000 3.28849000e-03
-13.84330000 3.45428000e-03
-13.81330000 3.64635000e-03
-13.78330000 3.57907000e-03
-13.75330000 3.40332000e-03
-13.72330000 3.30733000e-03
-13.69330000 3.26620000e-03
-13.66330000 3.25088000e-03
-13.63330000 3.24810000e-03
-13.60330000 3.25206000e-03
-13.57330000 3.26008000e-03
-13.52160000 3.28052000e-03
-13.49160000 3.29640000e-03
-13.46160000 3.31529000e-03
-13.43160000 3.32998000e-03
-13.40160000 3.33910000e-03
-13.37160000 3.35050000e-03
-13.34160000 3.36448000e-03
-13.31160000 3.38004000e-03
-13.28160000 3.39672000e-03
-13.25160000 3.41434000e-03
-13.22160000 3.43288000e-03
-13.19160000 3.45241000e-03
-13.16160000 3.47305000e-03
-13.13160000 3.49500000e-03
-13.10160000 3.51852000e-03
-13.07160000 3.54398000e-03
-13.04160000 3.57194000e-03
-13.01160000 3.60315000e-03
-12.98160000 3.63874000e-03
-12.95160000 3.68046000e-03
-12.92160000 3.73104000e-03
-12.89160000 3.79506000e-03
-12.86160000 3.88053000e-03
-12.83160000 4.00249000e-03
-12.80160000 4.19132000e-03
-12.77160000 4.51325000e-03
-12.74160000 5.11640000e-03
-12.71160000 6.25355000e-03
-12.68160000 7.61166000e-03
-12.65160000 7.12045000e-03
-12.62160000 5.74783000e-03
-12.59160000 4.96011000e-03
-12.56160000 4.59374000e-03
-12.53160000 4.43196000e-03
-12.50160000 4.37879000e-03
-12.47160000 4.39856000e-03
-12.44160000 4.48733000e-03
-12.41160000 4.66955000e-03
-12.38160000 5.01730000e-03
-12.35160000 5.70217000e-03
-12.32160000 6.96747000e-03
-12.29160000 8.00073000e-03
-12.26160000 7.07174000e-03
-12.23160000 5.96106000e-03
-12.20160000 5.45759000e-03
-12.17160000 5.34385000e-03
-12.14160000 5.50838000e-03
-12.11160000 6.00750000e-03
-12.08160000 7.07264000e-03
-12.05160000 8.74768000e-03
-12.02160000 9.69247000e-03
-11.99160000 9.53611000e-03
-11.96160000 8.53576000e-03
-11.93160000 7.53921000e-03
-11.90160000 7.54428000e-03
-11.87160000 8.60562000e-03
-11.84160000 9.73284000e-03
-11.81160000 9.43243000e-03
-11.78160000 8.11320000e-03
-11.72990000 6.25271000e-03
-11.69990000 5.88436000e-03
-11.66990000 5.78982000e-03
-11.63990000 5.85535000e-03
-11.60990000 5.95259000e-03
-11.57990000 6.13738000e-03
-11.54990000 6.52799000e-03
-11.51990000 7.23701000e-03
-11.48990000 8.52534000e-03
-11.45990000 1.10102000e-02
-11.42990000 1.59061000e-02
-11.39990000 2.27965000e-02
-11.36990000 2.21191000e-02
-11.33990000 1.52601000e-02
-11.30990000 1.09059000e-02
-11.27990000 8.81240000e-03
-11.24990000 7.83447000e-03
-11.21990000 7.45576000e-03
-11.18990000 7.52206000e-03
-11.15990000 8.11190000e-03
-11.12990000 9.29836000e-03
-11.09990000 9.79340000e-03
-11.06990000 8.93177000e-03
-11.03990000 8.45016000e-03
-11.00990000 8.65384000e-03
-10.97990000 9.51063000e-03
-10.94990000 1.12894000e-02
-10.91990000 1.43051000e-02
-10.88990000 1.80460000e-02
-10.85990000 2.47410000e-02
-10.82990000 3.50831000e-02
-10.79990000 3.45887000e-02
-10.76990000 2.57299000e-02
-10.73990000 1.97042000e-02
-10.70990000 1.61742000e-02
-10.67990000 1.51689000e-02
-10.64990000 1.61473000e-02
-10.61990000 1.57642000e-02
-10.58990000 1.37507000e-02
-10.55990000 1.21027000e-02
-10.52990000 1.19152000e-02
-10.49990000 1.36167000e-02
-10.46990000 1.62681000e-02
-10.43990000 1.52169000e-02
-10.40990000 1.23012000e-02
-10.37990000 1.09422000e-02
-10.34990000 1.11022000e-02
-10.31990000 1.27136000e-02
-10.28990000 1.46889000e-02
-10.25990000 1.41826000e-02
-10.22990000 1.39824000e-02
-10.19990000 1.65563000e-02
-10.16990000 2.17158000e-02
-10.13990000 2.22947000e-02
-10.10990000 1.66707000e-02
-10.07990000 1.26393000e-02
-10.04990000 1.06628000e-02
-10.01990000 9.74381000e-03
-9.98987000 9.29248000e-03
-9.93814000 9.44417000e-03
-9.90814000 1.04048000e-02
-9.87814000 1.14439000e-02
-9.84814000 1.07911000e-02
-9.81814000 9.86198000e-03
-9.78814000 9.31877000e-03
-9.75814000 8.94771000e-03
-9.72814000 8.83001000e-03
-9.69814000 8.89511000e-03
-9.66814000 9.08512000e-03
-9.63814000 9.38228000e-03
-9.60814000 9.79428000e-03
-9.57814000 1.03511000e-02
-9.54814000 1.11139000e-02
-9.51814000 1.22008000e-02
-9.48814000 1.38161000e-02
-9.45814000 1.60797000e-02
-9.42814000 1.89218000e-02
-9.39814000 2.36569000e-02
-9.36814000 3.26681000e-02
-9.33814000 4.62997000e-02
-9.30814000 5.49313000e-02
-9.27814000 5.01495000e-02
-9.24814000 5.04998000e-02
-9.21814000 6.51304000e-02
-9.18814000 9.79941000e-02
-9.15814000 1.31768000e-01
-9.12814000 1.30212000e-01
-9.09814000 8.95352000e-02
-9.06814000 5.67763000e-02
-9.03814000 4.07550000e-02
-9.00814000 3.41108000e-02
-8.97814000 3.32329000e-02
-8.94814000 3.79558000e-02
-8.91814000 5.15096000e-02
-8.88814000 7.74756000e-02
-8.85814000 8.97837000e-02
-8.82814000 6.39994000e-02
-8.79814000 4.11417000e-02
-8.76814000 2.90696000e-02
-8.73814000 2.29417000e-02
-8.70814000 1.99239000e-02
-8.67814000 1.88912000e-02
-8.64814000 1.94326000e-02
-8.61814000 1.95224000e-02
-8.58814000 1.75257000e-02
-8.55814000 1.59561000e-02
-8.52814000 1.53950000e-02
-8.49814000 1.56929000e-02
-8.46814000 1.66272000e-02
-8.43814000 1.77202000e-02
-8.40814000 1.87334000e-02
-8.37814000 1.82491000e-02
-8.34814000 1.72422000e-02
-8.31814000 1.63394000e-02
-8.28814000 1.61278000e-02
-8.25814000 1.66005000e-02
-8.22814000 1.78289000e-02
-8.19814000 2.01730000e-02
-8.14640000 2.75362000e-02
-8.11640000 3.04070000e-02
-8.08640000 2.76019000e-02
-8.05640000 2.50491000e-02
-8.02640000 2.43240000e-02
-7.99640000 2.48803000e-02
-7.96640000 2.67846000e-02
-7.93640000 3.02074000e-02
-7.90640000 3.51786000e-02
-7.87640000 4.30515000e-02
-7.84640000 5.76168000e-02
-7.81640000 8.53242000e-02
-7.78640000 1.21481000e-01
-7.75640000 1.16767000e-01
-7.72640000 8.79402000e-02
-7.69640000 7.42443000e-02
-7.66640000 7.18079000e-02
-7.63640000 7.74198000e-02
-7.60640000 9.21621000e-02
-7.57640000 1.18028000e-01
-7.54640000 1.62139000e-01
-7.51640000 2.33940000e-01
-7.48640000 3.40163000e-01
-7.45640000 5.42511000e-01
-7.42640000 8.30917000e-01
-7.39640000 8.45494000e-01
-7.36640000 5.60347000e-01
-7.33640000 3.79338000e-01
-7.30640000 3.28445000e-01
-7.27640000 3.64866000e-01
-7.24640000 3.48390000e-01
-7.21640000 2.34708000e-01
-7.18640000 1.52721000e-01
-7.15640000 1.07101000e-01
-7.12640000 8.01209000e-02
-7.09640000 6.38413000e-02
-7.06640000 5.37815000e-02
-7.03640000 4.65331000e-02
-7.00640000 4.11141000e-02
-6.97640000 3.72683000e-02
-6.94640000 3.46181000e-02
-6.91640000 3.30424000e-02
-6.88640000 3.18636000e-02
-6.85640000 3.08691000e-02
-6.82640000 3.06955000e-02
-6.79640000 3.16335000e-02
-6.76640000 3.42716000e-02
-6.73640000 3.99991000e-02
-6.70640000 4.98448000e-02
-6.67640000 5.61878000e-02
-6.64640000 5.30011000e-02
-6.61640000 5.31993000e-02
-6.58640000 6.20194000e-02
-6.55640000 6.79685000e-02
-6.52640000 5.83854000e-02
-6.49640000 4.78955000e-02
-6.46640000 4.22345000e-02
-6.43640000 3.91224000e-02
-6.40640000 3.83916000e-02
-6.35467000 4.04664000e-02
-6.32467000 4.36264000e-02
-6.29467000 4.84558000e-02
-6.26467000 5.53148000e-02
-6.23467000 6.84119000e-02
-6.20467000 9.22098000e-02
-6.17467000 1.13174000e-01
-6.14467000 1.01916000e-01
-6.11467000 8.72711000e-02
-6.08467000 8.43805000e-02
-6.05467000 9.05570000e-02
-6.02467000 1.04431000e-01
-5.99467000 1.27447000e-01
-5.96467000 1.63285000e-01
-5.93467000 2.10453000e-01
-5.90467000 2.81357000e-01
-5.87467000 4.13124000e-01
-5.84467000 6.70015000e-01
-5.81467000 1.16845000e+00
-5.78467000 1.74337000e+00
-5.75467000 1.56797000e+00
-5.72467000 1.04015000e+00
-5.69467000 6.27872000e-01
-5.66467000 3.88622000e-01
-5.63467000 2.60996000e-01
-5.60467000 1.88546000e-01
-5.57467000 1.44834000e-01
-5.54467000 1.17061000e-01
-5.51467000 9.86341000e-02
-5.48467000 8.60803000e-02
-5.45467000 7.74717000e-02
-5.42467000 7.16673000e-02
-5.39467000 6.80692000e-02
-5.36467000 6.65580000e-02
-5.33467000 6.63146000e-02
-5.30467000 6.67756000e-02
-5.27467000 6.83359000e-02
-5.24467000 7.22697000e-02
-5.21467000 7.30909000e-02
-5.18467000 7.09528000e-02
-5.15467000 7.17253000e-02
-5.12467000 7.39122000e-02
-5.09467000 7.73084000e-02
-5.06467000 8.21375000e-02
-5.03467000 8.88101000e-02
-5.00467000 9.86588000e-02
-4.97467000 1.12932000e-01
-4.94467000 1.33735000e-01
-4.91467000 1.63560000e-01
-4.88467000 2.04276000e-01
-4.85467000 2.68465000e-01
-4.82467000 3.82311000e-01
-4.79467000 5.99078000e-01
-4.76467000 1.02978000e+00
-4.73467000 1.69915000e+00
-4.70467000 1.78693000e+00
-4.67467000 1.16170000e+00
-4.64467000 7.10972000e-01
-4.61467000 4.71376000e-01
-4.56293000 3.02076000e-01
-4.53293000 2.63514000e-01
-4.50293000 2.37511000e-01
-4.47293000 2.29855000e-01
-4.44293000 2.41248000e-01
-4.41293000 2.70581000e-01
-4.38293000 3.23612000e-01
-4.35293000 4.22496000e-01
-4.32293000 6.09678000e-01
-4.29293000 9.43095000e-01
-4.26293000 1.15593000e+00
-4.23293000 9.05629000e-01
-4.20293000 6.80205000e-01
-4.17293000 6.13459000e-01
-4.14293000 6.53000000e-01
-4.11293000 7.91364000e-01
-4.08293000 1.05319000e+00
-4.05293000 1.43974000e+00
-4.02293000 2.11398000e+00
-3.99293000 3.53607000e+00
-3.96293000 6.17463000e+00
-3.93293000 7.93293000e+00
-3.90293000 5.59333000e+00
-3.87293000 3.14505000e+00
-3.84293000 1.86366000e+00
-3.81293000 1.21987000e+00
-3.78293000 8.90850000e-01
-3.75293000 7.36958000e-01
-3.72293000 6.32394000e-01
-3.69293000 4.84060000e-01
-3.66293000 3.67262000e-01
-3.63293000 2.96295000e-01
-3.60293000 2.54807000e-01
-3.57293000 2.37232000e-01
-3.54293000 2.43953000e-01
-3.51293000 2.48836000e-01
-3.48293000 2.14167000e-01
-3.45293000 1.69078000e-01
-3.42293000 1.35366000e-01
-3.39293000 1.14331000e-01
-3.36293000 1.00475000e-01
-3.33293000 9.06630000e-02
-3.30293000 8.35300000e-02
-3.27293000 7.84904000e-02
-3.24293000 7.52561000e-02
-3.21293000 7.22544000e-02
-3.18293000 6.87146000e-02
-3.15293000 6.68885000e-02
-3.12293000 6.77598000e-02
-3.09293000 7.07090000e-02
-3.06293000 7.06710000e-02
-3.03293000 6.84569000e-02
-3.00293000 6.84524000e-02
-2.97293000 7.38785000e-02
-2.94293000 8.64669000e-02
-2.91293000 1.03455000e-01
-2.88293000 1.11226000e-01
-2.85293000 1.14663000e-01
-2.82293000 1.37035000e-01
-2.77120000 2.11237000e-01
-2.74120000 1.74859000e-01
-2.71120000 1.27930000e-01
-2.68120000 9.91585000e-02
-2.65120000 8.44357000e-02
-2.62120000 8.31854000e-02
-2.59120000 9.40198000e-02
-2.56120000 1.08828000e-01
-2.53120000 1.08296000e-01
-2.50120000 8.98783000e-02
-2.47120000 7.65467000e-02
-2.44120000 7.17500000e-02
-2.41120000 7.48464000e-02
-2.38120000 8.70280000e-02
-2.35120000 1.14515000e-01
-2.32120000 1.67785000e-01
-2.29120000 2.26543000e-01
-2.26120000 2.19546000e-01
-2.23120000 1.64177000e-01
-2.20120000 1.31915000e-01
-2.17120000 1.25814000e-01
-2.14120000 1.24236000e-01
-2.11120000 1.26833000e-01
-2.08120000 1.23438000e-01
-2.05120000 1.06853000e-01
-2.02120000 9.28618000e-02
-1.99120000 9.01683000e-02
-1.96120000 9.96137000e-02
-1.93120000 1.15416000e-01
-1.90120000 1.15824000e-01
-1.87120000 1.13074000e-01
-1.84120000 1.24185000e-01
-1.81120000 1.54625000e-01
-1.78120000 2.15117000e-01
-1.75120000 3.36325000e-01
-1.72120000 5.33766000e-01
-1.69120000 6.15822000e-01
-1.66120000 4.28169000e-01
-1.63120000 2.63066000e-01
-1.60120000 1.80017000e-01
-1.57120000 1.39876000e-01
-1.54120000 1.22446000e-01
-1.51120000 1.19986000e-01
-1.48120000 1.31889000e-01
-1.45120000 1.65159000e-01
-1.42120000 2.32856000e-01
-1.39120000 2.85757000e-01
-1.36120000 2.28070000e-01
-1.33120000 1.62279000e-01
-1.30120000 1.31717000e-01
-1.27120000 1.23970000e-01
-1.24120000 1.32086000e-01
-1.21120000 1.52259000e-01
-1.18120000 1.69422000e-01
-1.15120000 1.86360000e-01
-1.12120000 2.23184000e-01
-1.09120000 2.68135000e-01
-1.06120000 2.98044000e-01
-1.03120000 3.78722000e-01
-0.97946500 6.70953000e-01
-0.94946500 6.55981000e-01
-0.91946500 5.37832000e-01
-0.88946500 4.93872000e-01
-0.85946500 5.33395000e-01
-0.82946500 5.59872000e-01
-0.79946500 5.12422000e-01
-0.76946500 4.74918000e-01
-0.73946500 4.73513000e-01
-0.70946500 5.33032000e-01
-0.67946500 7.05352000e-01
-0.64946500 1.04172000e+00
-0.61946500 1.45872000e+00
-0.58946500 1.62939000e+00
-0.55946500 1.51972000e+00
-0.52946500 1.05605000e+00
-0.49946500 6.65615000e-01
-0.46946500 4.77382000e-01
-0.43946500 4.17503000e-01
-0.40946500 4.41753000e-01
-0.37946500 4.45702000e-01
-0.34946500 3.52925000e-01
-0.31946500 2.76803000e-01
-0.28946500 2.23241000e-01
-0.25946500 1.87356000e-01
-0.22946500 1.68561000e-01
-0.19946500 1.62044000e-01
-0.16946500 1.67002000e-01
-0.13946500 1.85047000e-01
-0.10946500 2.02415000e-01
-0.07946480 2.05099000e-01
-0.04946480 2.18872000e-01
-0.01946480 2.40089000e-01
0.01053520 2.52708000e-01
0.04053520 2.83602000e-01
0.07053520 3.34445000e-01
0.10053500 3.77900000e-01
0.13053500 3.98935000e-01
0.16053500 4.18355000e-01
0.19053500 4.29213000e-01
0.22053500 4.06222000e-01
0.25053500 3.86435000e-01
0.28053500 4.09106000e-01
0.31053500 4.92674000e-01
0.34053500 6.28854000e-01
0.37053500 7.19731000e-01
0.40053500 8.10549000e-01
0.43053500 9.14938000e-01
0.46053500 8.50797000e-01
0.49053500 7.46951000e-01
0.52053500 7.64819000e-01
0.55053500 9.54254000e-01
0.58053500 1.38062000e+00
0.61053500 2.11890000e+00
0.64053500 2.68668000e+00
0.67053500 2.84918000e+00
0.70053500 3.01135000e+00
0.73053500 2.67527000e+00
0.76053500 2.36243000e+00
