# E(MeV)  S_NSDRNSDR(K=0) for Ir240_DDPCX
-17.10510000 5.27845000e-02
-17.07510000 5.76623000e-02
-17.04510000 6.14388000e-02
-17.01510000 6.44861000e-02
-16.98510000 6.70290000e-02
-16.95510000 6.92101000e-02
-16.92510000 7.11237000e-02
-16.89510000 7.28347000e-02
-16.86510000 7.43888000e-02
-16.83510000 7.58193000e-02
-16.80510000 7.71507000e-02
-16.77510000 7.84017000e-02
-16.74510000 7.95868000e-02
-16.71510000 8.07172000e-02
-16.68510000 8.18019000e-02
-16.65510000 8.28480000e-02
-16.62510000 8.38613000e-02
-16.59510000 8.48468000e-02
-16.56510000 8.58083000e-02
-16.53510000 8.67492000e-02
-16.50510000 8.76722000e-02
-16.47510000 8.85797000e-02
-16.44510000 8.94734000e-02
-16.41510000 9.03552000e-02
-16.38510000 9.12262000e-02
-16.35510000 9.20875000e-02
-16.32510000 9.29399000e-02
-16.29510000 9.37837000e-02
-16.26510000 9.46191000e-02
-16.23510000 9.54460000e-02
-16.20510000 9.62636000e-02
-16.17510000 9.70706000e-02
-16.14510000 9.78651000e-02
-16.11510000 9.86437000e-02
-16.08510000 9.94017000e-02
-16.05510000 1.00132000e-01
-16.02510000 1.00823000e-01
-15.99510000 1.01457000e-01
-15.96510000 1.02008000e-01
-15.93510000 1.02428000e-01
-15.90510000 1.02638000e-01
-15.87510000 1.02489000e-01
-15.84510000 1.01689000e-01
-15.81510000 9.96103000e-02
-15.78510000 9.48301000e-02
-15.75510000 8.43486000e-02
-15.72510000 6.72102000e-02
-15.69510000 6.55059000e-02
-15.66510000 8.43912000e-02
-15.63510000 9.83003000e-02
-15.60510000 1.05851000e-01
-15.57510000 1.10309000e-01
-15.54510000 1.13334000e-01
-15.51510000 1.15656000e-01
-15.48510000 1.17618000e-01
-15.45510000 1.19395000e-01
-15.42510000 1.21090000e-01
-15.39510000 1.22770000e-01
-15.36510000 1.24487000e-01
-15.31330000 1.27676000e-01
-15.28330000 1.29754000e-01
-15.25330000 1.32098000e-01
-15.22330000 1.34826000e-01
-15.19330000 1.38123000e-01
-15.16330000 1.42286000e-01
-15.13330000 1.47826000e-01
-15.10330000 1.55679000e-01
-15.07330000 1.67679000e-01
-15.04330000 1.87725000e-01
-15.01330000 2.24657000e-01
-14.98330000 2.97301000e-01
-14.95330000 4.14385000e-01
-14.92330000 4.40744000e-01
-14.89330000 3.28500000e-01
-14.86330000 2.44929000e-01
-14.83330000 2.03306000e-01
-14.80330000 1.82384000e-01
-14.77330000 1.71180000e-01
-14.74330000 1.64883000e-01
-14.71330000 1.61276000e-01
-14.68330000 1.59252000e-01
-14.65330000 1.58219000e-01
-14.62330000 1.57838000e-01
-14.59330000 1.57908000e-01
-14.56330000 1.58300000e-01
-14.53330000 1.58931000e-01
-14.50330000 1.59745000e-01
-14.47330000 1.60705000e-01
-14.44330000 1.61784000e-01
-14.41330000 1.62961000e-01
-14.38330000 1.64223000e-01
-14.35330000 1.65560000e-01
-14.32330000 1.66964000e-01
-14.29330000 1.68431000e-01
-14.26330000 1.69955000e-01
-14.23330000 1.71535000e-01
-14.20330000 1.73168000e-01
-14.17330000 1.74853000e-01
-14.14330000 1.76591000e-01
-14.11330000 1.78381000e-01
-14.08330000 1.80224000e-01
-14.05330000 1.82120000e-01
-14.02330000 1.84073000e-01
-13.99330000 1.86083000e-01
-13.96330000 1.88154000e-01
-13.93330000 1.90288000e-01
-13.90330000 1.92490000e-01
-13.87330000 1.94765000e-01
-13.84330000 1.97118000e-01
-13.81330000 1.99557000e-01
-13.78330000 2.02092000e-01
-13.75330000 2.04733000e-01
-13.72330000 2.07496000e-01
-13.69330000 2.10402000e-01
-13.66330000 2.13478000e-01
-13.63330000 2.16763000e-01
-13.60330000 2.20315000e-01
-13.57330000 2.24220000e-01
-13.52160000 2.32241000e-01
-13.49160000 2.38148000e-01
-13.46160000 2.45759000e-01
-13.43160000 2.56522000e-01
-13.40160000 2.73644000e-01
-13.37160000 3.03362000e-01
-13.34160000 3.43905000e-01
-13.31160000 3.54444000e-01
-13.28160000 3.52542000e-01
-13.25160000 3.73119000e-01
-13.22160000 3.70837000e-01
-13.19160000 3.51484000e-01
-13.16160000 3.56740000e-01
-13.13160000 3.70902000e-01
-13.10160000 3.68686000e-01
-13.07160000 3.50992000e-01
-13.04160000 3.31442000e-01
-13.01160000 3.23486000e-01
-12.98160000 3.23476000e-01
-12.95160000 3.28266000e-01
-12.92160000 3.36940000e-01
-12.89160000 3.50179000e-01
-12.86160000 3.70657000e-01
-12.83160000 4.05064000e-01
-12.80160000 4.67707000e-01
-12.77160000 5.62730000e-01
-12.74160000 5.84151000e-01
-12.71160000 5.10024000e-01
-12.68160000 4.61572000e-01
-12.65160000 4.45015000e-01
-12.62160000 4.45305000e-01
-12.59160000 4.55230000e-01
-12.56160000 4.72231000e-01
-12.53160000 4.96018000e-01
-12.50160000 5.27810000e-01
-12.47160000 5.70468000e-01
-12.44160000 6.29436000e-01
-12.41160000 7.15114000e-01
-12.38160000 8.48595000e-01
-12.35160000 1.07591000e+00
-12.32160000 1.49841000e+00
-12.29160000 2.24687000e+00
-12.26160000 2.83413000e+00
-12.23160000 2.46523000e+00
-12.20160000 2.20314000e+00
-12.17160000 2.54334000e+00
-12.14160000 3.66914000e+00
-12.11160000 5.12322000e+00
-12.08160000 4.44845000e+00
-12.05160000 2.82814000e+00
-12.02160000 1.89119000e+00
-11.99160000 1.43241000e+00
-11.96160000 1.20091000e+00
-11.93160000 1.08185000e+00
-11.90160000 1.02470000e+00
-11.87160000 1.00613000e+00
-11.84160000 1.01512000e+00
-11.81160000 1.04696000e+00
-11.78160000 1.10078000e+00
-11.72990000 1.25354000e+00
-11.69990000 1.38907000e+00
-11.66990000 1.57631000e+00
-11.63990000 1.83820000e+00
-11.60990000 2.21610000e+00
-11.57990000 2.80104000e+00
-11.54990000 3.77257000e+00
-11.51990000 5.51517000e+00
-11.48990000 8.86005000e+00
-11.45990000 1.51206000e+01
-11.42990000 2.08303000e+01
-11.39990000 1.62230000e+01
-11.36990000 9.79309000e+00
-11.33990000 6.40244000e+00
-11.30990000 4.82492000e+00
-11.27990000 4.13380000e+00
-11.24990000 3.95303000e+00
-11.21990000 4.15204000e+00
-11.18990000 4.73779000e+00
-11.15990000 5.87118000e+00
-11.12990000 7.95957000e+00
-11.09990000 1.18803000e+01
-11.06990000 1.88959000e+01
-11.03990000 2.94116000e+01
-11.00990000 4.30405000e+01
-10.97990000 4.05364000e+01
-10.94990000 2.46729000e+01
-10.91990000 1.45961000e+01
-10.88990000 9.68872000e+00
-10.85990000 7.37529000e+00
-10.82990000 6.55997000e+00
-10.79990000 7.05670000e+00
-10.76990000 8.82073000e+00
-10.73990000 9.12475000e+00
-10.70990000 6.74222000e+00
-10.67990000 5.01431000e+00
-10.64990000 4.19655000e+00
-10.61990000 4.04204000e+00
-10.58990000 4.61326000e+00
-10.55990000 6.20119000e+00
-10.52990000 7.93120000e+00
-10.49990000 6.63925000e+00
-10.46990000 4.52725000e+00
-10.43990000 3.35672000e+00
-10.40990000 2.78367000e+00
-10.37990000 2.49793000e+00
-10.34990000 2.35696000e+00
-10.31990000 2.30431000e+00
-10.28990000 2.31512000e+00
-10.25990000 2.37839000e+00
-10.22990000 2.49318000e+00
-10.19990000 2.66766000e+00
-10.16990000 2.92041000e+00
-10.13990000 3.28799000e+00
-10.10990000 3.84583000e+00
-10.07990000 4.71510000e+00
-10.04990000 6.19410000e+00
-10.01990000 8.81927000e+00
-9.98987000 1.15410000e+01
-9.93814000 1.15666000e+01
-9.90814000 1.43768000e+01
-9.87814000 2.12045000e+01
-9.84814000 2.69419000e+01
-9.81814000 2.19833000e+01
-9.78814000 1.67201000e+01
-9.75814000 1.56868000e+01
-9.72814000 1.85749000e+01
-9.69814000 2.68922000e+01
-9.66814000 4.37716000e+01
-9.63814000 5.84939000e+01
-9.60814000 4.50561000e+01
-9.57814000 2.77253000e+01
-9.54814000 1.87782000e+01
-9.51814000 1.47990000e+01
-9.48814000 1.33515000e+01
-9.45814000 1.35543000e+01
-9.42814000 1.52980000e+01
-9.39814000 1.91078000e+01
-9.36814000 2.64519000e+01
-9.33814000 4.06299000e+01
-9.30814000 6.86357000e+01
-9.27814000 1.07291000e+02
-9.24814000 1.01495000e+02
-9.21814000 6.41161000e+01
-9.18814000 4.27285000e+01
-9.15814000 3.61806000e+01
-9.12814000 3.61095000e+01
-9.09814000 3.18516000e+01
-9.06814000 2.88669000e+01
-9.03814000 3.18602000e+01
-9.00814000 4.13174000e+01
-8.97814000 5.65301000e+01
-8.94814000 5.22857000e+01
-8.91814000 3.36299000e+01
-8.88814000 2.20692000e+01
-8.85814000 1.64684000e+01
-8.82814000 1.38136000e+01
-8.79814000 1.26202000e+01
-8.76814000 1.23604000e+01
-8.73814000 1.26751000e+01
-8.70814000 1.35950000e+01
-8.67814000 1.58107000e+01
-8.64814000 2.01258000e+01
-8.61814000 2.61431000e+01
-8.58814000 2.98156000e+01
-8.55814000 3.56155000e+01
-8.52814000 5.08142000e+01
-8.49814000 7.33633000e+01
-8.46814000 8.21709000e+01
-8.43814000 7.64401000e+01
-8.40814000 5.88021000e+01
-8.37814000 4.84206000e+01
-8.34814000 4.96252000e+01
-8.31814000 6.24520000e+01
-8.28814000 9.25782000e+01
-8.25814000 1.44614000e+02
-8.22814000 1.73319000e+02
-8.19814000 1.42387000e+02
-8.14640000 1.49642000e+02
-8.11640000 2.19676000e+02
-8.08640000 3.06984000e+02
-8.05640000 2.58592000e+02
-8.02640000 1.57444000e+02
-7.99640000 9.94778000e+01
-7.96640000 6.63699000e+01
-7.93640000 4.68247000e+01
-7.90640000 3.56739000e+01
-7.87640000 2.88822000e+01
-7.84640000 2.45549000e+01
-7.81640000 2.20236000e+01
-7.78640000 2.09178000e+01
-7.75640000 2.11849000e+01
-7.72640000 2.31800000e+01
-7.69640000 2.70204000e+01
-7.66640000 2.92778000e+01
-7.63640000 2.96776000e+01
-7.60640000 3.23081000e+01
-7.57640000 3.83959000e+01
-7.54640000 5.04721000e+01
-7.51640000 7.27253000e+01
-7.48640000 1.03330000e+02
-7.45640000 1.26304000e+02
-7.42640000 1.70470000e+02
-7.39640000 2.78230000e+02
-7.36640000 4.24252000e+02
-7.33640000 3.85541000e+02
-7.30640000 2.41373000e+02
-7.27640000 1.57137000e+02
-7.24640000 1.12148000e+02
-7.21640000 8.61088000e+01
-7.18640000 7.26613000e+01
-7.15640000 6.42521000e+01
-7.12640000 6.25847000e+01
-7.09640000 5.28163000e+01
-7.06640000 3.84363000e+01
-7.03640000 2.99399000e+01
-7.00640000 2.64142000e+01
-6.97640000 2.72698000e+01
-6.94640000 3.34960000e+01
-6.91640000 4.35472000e+01
-6.88640000 4.13770000e+01
-6.85640000 2.96955000e+01
-6.82640000 2.29721000e+01
-6.79640000 2.10300000e+01
-6.76640000 2.25073000e+01
-6.73640000 2.77376000e+01
-6.70640000 3.91498000e+01
-6.67640000 5.29548000e+01
-6.64640000 5.56172000e+01
-6.61640000 6.30631000e+01
-6.58640000 8.62162000e+01
-6.55640000 1.03063000e+02
-6.52640000 7.64268000e+01
-6.49640000 4.53121000e+01
-6.46640000 2.86220000e+01
-6.43640000 2.05135000e+01
-6.40640000 1.65372000e+01
-6.35467000 1.13312000e+01
-6.32467000 9.37261000e+00
-6.29467000 8.28857000e+00
-6.26467000 7.49841000e+00
-6.23467000 6.83100000e+00
-6.20467000 6.20637000e+00
-6.17467000 5.77306000e+00
-6.14467000 5.59898000e+00
-6.11467000 5.65500000e+00
-6.08467000 5.76990000e+00
-6.05467000 5.82223000e+00
-6.02467000 6.01413000e+00
-5.99467000 6.38733000e+00
-5.96467000 6.99884000e+00
-5.93467000 7.97724000e+00
-5.90467000 9.39842000e+00
-5.87467000 1.15794000e+01
-5.84467000 1.51004000e+01
-5.81467000 2.12204000e+01
-5.78467000 3.23541000e+01
-5.75467000 5.31834000e+01
-5.72467000 8.25346000e+01
-5.69467000 9.20836000e+01
-5.66467000 8.38466000e+01
-5.63467000 8.73516000e+01
-5.60467000 7.97180000e+01
-5.57467000 5.19278000e+01
-5.54467000 3.18914000e+01
-5.51467000 2.19653000e+01
-5.48467000 1.76573000e+01
-5.45467000 1.66439000e+01
-5.42467000 1.75745000e+01
-5.39467000 1.63985000e+01
-5.36467000 1.27679000e+01
-5.33467000 9.75157000e+00
-5.30467000 8.21277000e+00
-5.27467000 7.81270000e+00
-5.24467000 8.25980000e+00
-5.21467000 9.80369000e+00
-5.18467000 1.35474000e+01
-5.15467000 2.07852000e+01
-5.12467000 2.62473000e+01
-5.09467000 2.29789000e+01
-5.06467000 2.06896000e+01
-5.03467000 1.70024000e+01
-5.00467000 1.21009000e+01
-4.97467000 9.52934000e+00
-4.94467000 7.69330000e+00
-4.91467000 6.35812000e+00
-4.88467000 5.93165000e+00
-4.85467000 5.47562000e+00
-4.82467000 4.77378000e+00
-4.79467000 4.49318000e+00
-4.76467000 4.63340000e+00
-4.73467000 5.33257000e+00
-4.70467000 6.20979000e+00
-4.67467000 6.56761000e+00
-4.64467000 7.52541000e+00
-4.61467000 9.32567000e+00
-4.56293000 1.50925000e+01
-4.53293000 1.75767000e+01
-4.50293000 1.48485000e+01
-4.47293000 1.33146000e+01
-4.44293000 1.49884000e+01
-4.41293000 2.14282000e+01
-4.38293000 3.28085000e+01
-4.35293000 4.06397000e+01
-4.32293000 3.08533000e+01
-4.29293000 1.79936000e+01
-4.26293000 1.09350000e+01
-4.23293000 7.34351000e+00
-4.20293000 5.43044000e+00
-4.17293000 4.38744000e+00
-4.14293000 3.63790000e+00
-4.11293000 2.98191000e+00
-4.08293000 2.51778000e+00
-4.05293000 2.19449000e+00
-4.02293000 1.95373000e+00
-3.99293000 1.79721000e+00
-3.96293000 1.71399000e+00
-3.93293000 1.69889000e+00
-3.90293000 1.77109000e+00
-3.87293000 1.70682000e+00
-3.84293000 1.47518000e+00
-3.81293000 1.31983000e+00
-3.78293000 1.25244000e+00
-3.75293000 1.25542000e+00
-3.72293000 1.34628000e+00
-3.69293000 1.56138000e+00
-3.66293000 1.78425000e+00
-3.63293000 1.76447000e+00
-3.60293000 1.69646000e+00
-3.57293000 1.50104000e+00
-3.54293000 1.29091000e+00
-3.51293000 1.20482000e+00
-3.48293000 1.22326000e+00
-3.45293000 1.34240000e+00
-3.42293000 1.55058000e+00
-3.39293000 1.71865000e+00
-3.36293000 1.78749000e+00
-3.33293000 2.01895000e+00
-3.30293000 2.66498000e+00
-3.27293000 4.01781000e+00
-3.24293000 5.45370000e+00
-3.21293000 4.78403000e+00
-3.18293000 3.52582000e+00
-3.15293000 2.74418000e+00
-3.12293000 2.25730000e+00
-3.09293000 2.08984000e+00
-3.06293000 2.25527000e+00
-3.03293000 2.82753000e+00
-3.00293000 3.76649000e+00
-2.97293000 4.51899000e+00
-2.94293000 4.94030000e+00
-2.91293000 6.04504000e+00
-2.88293000 6.35484000e+00
-2.85293000 5.24801000e+00
-2.82293000 4.81222000e+00
-2.77120000 6.03454000e+00
-2.74120000 8.40706000e+00
-2.71120000 1.06715000e+01
-2.68120000 1.15037000e+01
-2.65120000 1.00241000e+01
-2.62120000 6.45836000e+00
-2.59120000 4.07421000e+00
-2.56120000 2.81694000e+00
-2.53120000 2.14935000e+00
-2.50120000 1.75220000e+00
-2.47120000 1.44279000e+00
-2.44120000 1.23023000e+00
-2.41120000 1.08996000e+00
-2.38120000 1.00170000e+00
-2.35120000 9.54461000e-01
-2.32120000 9.30662000e-01
-2.29120000 9.22501000e-01
-2.26120000 9.17931000e-01
-2.23120000 9.24138000e-01
-2.20120000 9.69327000e-01
-2.17120000 1.07753000e+00
-2.14120000 1.27480000e+00
-2.11120000 1.52005000e+00
-2.08120000 1.89042000e+00
-2.05120000 2.60618000e+00
-2.02120000 3.77820000e+00
-1.99120000 5.31098000e+00
-1.96120000 6.02102000e+00
-1.93120000 4.55412000e+00
-1.90120000 3.09786000e+00
-1.87120000 2.21792000e+00
-1.84120000 1.81072000e+00
-1.81120000 1.69636000e+00
-1.78120000 1.58457000e+00
-1.75120000 1.38158000e+00
-1.72120000 1.19773000e+00
-1.69120000 1.14101000e+00
-1.66120000 1.20058000e+00
-1.63120000 1.36157000e+00
-1.60120000 1.65107000e+00
-1.57120000 2.20299000e+00
-1.54120000 3.22019000e+00
-1.51120000 4.26257000e+00
-1.48120000 3.93418000e+00
-1.45120000 3.25407000e+00
-1.42120000 3.46144000e+00
-1.39120000 4.42515000e+00
-1.36120000 4.83513000e+00
-1.33120000 3.73690000e+00
-1.30120000 2.60089000e+00
-1.27120000 1.90876000e+00
-1.24120000 1.55506000e+00
-1.21120000 1.31613000e+00
-1.18120000 1.21945000e+00
-1.15120000 1.31291000e+00
-1.12120000 1.51442000e+00
-1.09120000 1.52391000e+00
-1.06120000 1.19346000e+00
-1.03120000 9.13396000e-01
-0.97946500 6.90733000e-01
-0.94946500 6.25412000e-01
-0.91946500 5.94158000e-01
-0.88946500 5.89029000e-01
-0.85946500 5.99676000e-01
-0.82946500 6.19940000e-01
-0.79946500 6.67740000e-01
-0.76946500 7.72012000e-01
-0.73946500 9.79456000e-01
-0.70946500 1.31063000e+00
-0.67946500 1.51615000e+00
-0.64946500 1.64578000e+00
-0.61946500 2.04610000e+00
-0.58946500 2.23337000e+00
-0.55946500 2.11453000e+00
-0.52946500 2.24974000e+00
-0.49946500 2.17760000e+00
-0.46946500 1.70836000e+00
-0.43946500 1.40669000e+00
-0.40946500 1.38458000e+00
-0.37946500 1.49844000e+00
-0.34946500 1.78662000e+00
-0.31946500 2.50844000e+00
-0.28946500 3.73074000e+00
-0.25946500 4.51973000e+00
-0.22946500 3.85525000e+00
-0.19946500 2.66210000e+00
-0.16946500 1.87908000e+00
-0.13946500 1.49015000e+00
-0.10946500 1.17229000e+00
-0.07946480 9.79605000e-01
-0.04946480 9.16289000e-01
-0.01946480 8.73714000e-01
0.01053520 7.84605000e-01
0.04053520 7.34095000e-01
0.07053520 7.24276000e-01
0.10053500 7.71557000e-01
0.13053500 8.85836000e-01
0.16053500 1.01298000e+00
0.19053500 1.18593000e+00
0.22053500 1.21450000e+00
0.25053500 1.17765000e+00
0.28053500 1.08580000e+00
0.31053500 8.91736000e-01
0.34053500 7.44691000e-01
0.37053500 6.83762000e-01
0.40053500 7.00157000e-01
0.43053500 8.00927000e-01
0.46053500 9.39394000e-01
0.49053500 9.83871000e-01
0.52053500 1.03241000e+00
0.55053500 1.08952000e+00
0.58053500 9.98025000e-01
0.61053500 9.10083000e-01
0.64053500 9.47809000e-01
0.67053500 1.07888000e+00
0.70053500 1.19191000e+00
0.73053500 1.31879000e+00
0.76053500 1.61343000e+00
