# E(MeV)  S_GAMTGAMT(K=1) for Ir240_DDPCX
-17.10510000 -7.48813000e-05
-17.07510000 6.84672000e-04
-17.04510000 1.12136000e-03
-17.01510000 1.39436000e-03
-16.98510000 1.57552000e-03
-16.95510000 1.70224000e-03
-16.92510000 1.79502000e-03
-16.89510000 1.86561000e-03
-16.86510000 1.92112000e-03
-16.83510000 1.96602000e-03
-16.80510000 2.00324000e-03
-16.77510000 2.03478000e-03
-16.74510000 2.06202000e-03
-16.71510000 2.08593000e-03
-16.68510000 2.10724000e-03
-16.65510000 2.12648000e-03
-16.62510000 2.14405000e-03
-16.59510000 2.16023000e-03
-16.56510000 2.17527000e-03
-16.53510000 2.18932000e-03
-16.50510000 2.20251000e-03
-16.47510000 2.21488000e-03
-16.44510000 2.22643000e-03
-16.41510000 2.23703000e-03
-16.38510000 2.24632000e-03
-16.35510000 2.25345000e-03
-16.32510000 2.25633000e-03
-16.29510000 2.25142000e-03
-16.26510000 2.24504000e-03
-16.23510000 2.26495000e-03
-16.20510000 2.29318000e-03
-16.17510000 2.31325000e-03
-16.14510000 2.32793000e-03
-16.11510000 2.33986000e-03
-16.08510000 2.35002000e-03
-16.05510000 2.35840000e-03
-16.02510000 2.36411000e-03
-15.99510000 2.36769000e-03
-15.96510000 2.37830000e-03
-15.93510000 2.39451000e-03
-15.90510000 2.40828000e-03
-15.87510000 2.41992000e-03
-15.84510000 2.43052000e-03
-15.81510000 2.44062000e-03
-15.78510000 2.45045000e-03
-15.75510000 2.46014000e-03
-15.72510000 2.46975000e-03
-15.69510000 2.47930000e-03
-15.66510000 2.48883000e-03
-15.63510000 2.49835000e-03
-15.60510000 2.50786000e-03
-15.57510000 2.51739000e-03
-15.54510000 2.52694000e-03
-15.51510000 2.53652000e-03
-15.48510000 2.54612000e-03
-15.45510000 2.55577000e-03
-15.42510000 2.56546000e-03
-15.39510000 2.57520000e-03
-15.36510000 2.58499000e-03
-15.31330000 2.60204000e-03
-15.28330000 2.61204000e-03
-15.25330000 2.62212000e-03
-15.22330000 2.63230000e-03
-15.19330000 2.64259000e-03
-15.16330000 2.65301000e-03
-15.13330000 2.66357000e-03
-15.10330000 2.67431000e-03
-15.07330000 2.68524000e-03
-15.04330000 2.69641000e-03
-15.01330000 2.70786000e-03
-14.98330000 2.71964000e-03
-14.95330000 2.73185000e-03
-14.92330000 2.74461000e-03
-14.89330000 2.75807000e-03
-14.86330000 2.77251000e-03
-14.83330000 2.78836000e-03
-14.80330000 2.80637000e-03
-14.77330000 2.82801000e-03
-14.74330000 2.85640000e-03
-14.71330000 2.89812000e-03
-14.68330000 2.95969000e-03
-14.65330000 3.00428000e-03
-14.62330000 2.99769000e-03
-14.59330000 3.00395000e-03
-14.56330000 3.04077000e-03
-14.53330000 3.11093000e-03
-14.50330000 3.23179000e-03
-14.47330000 3.44984000e-03
-14.44330000 3.87382000e-03
-14.41330000 4.66810000e-03
-14.38330000 5.37180000e-03
-14.35330000 4.77580000e-03
-14.32330000 3.96878000e-03
-14.29330000 3.53728000e-03
-14.26330000 3.32524000e-03
-14.23330000 3.21529000e-03
-14.20330000 3.15516000e-03
-14.17330000 3.12145000e-03
-14.14330000 3.10284000e-03
-14.11330000 3.09346000e-03
-14.08330000 3.09004000e-03
-14.05330000 3.09063000e-03
-14.02330000 3.09408000e-03
-13.99330000 3.09961000e-03
-13.96330000 3.10674000e-03
-13.93330000 3.11514000e-03
-13.90330000 3.12461000e-03
-13.87330000 3.13500000e-03
-13.84330000 3.14626000e-03
-13.81330000 3.15839000e-03
-13.78330000 3.17142000e-03
-13.75330000 3.18552000e-03
-13.72330000 3.20092000e-03
-13.69330000 3.21808000e-03
-13.66330000 3.23782000e-03
-13.63330000 3.26161000e-03
-13.60330000 3.29185000e-03
-13.57330000 3.33037000e-03
-13.52160000 3.44459000e-03
-13.49160000 3.58924000e-03
-13.46160000 3.84894000e-03
-13.43160000 4.05763000e-03
-13.40160000 3.86882000e-03
-13.37160000 3.64060000e-03
-13.34160000 3.52647000e-03
-13.31160000 3.47693000e-03
-13.28160000 3.45779000e-03
-13.25160000 3.45401000e-03
-13.22160000 3.45898000e-03
-13.19160000 3.46971000e-03
-13.16160000 3.48492000e-03
-13.13160000 3.50444000e-03
-13.10160000 3.52897000e-03
-13.07160000 3.56046000e-03
-13.04160000 3.60308000e-03
-13.01160000 3.66577000e-03
-12.98160000 3.76868000e-03
-12.95160000 3.95680000e-03
-12.92160000 4.28358000e-03
-12.89160000 4.50277000e-03
-12.86160000 4.26494000e-03
-12.83160000 4.02405000e-03
-12.80160000 3.90878000e-03
-12.77160000 3.87508000e-03
-12.74160000 3.88804000e-03
-12.71160000 3.92741000e-03
-12.68160000 4.01730000e-03
-12.65160000 4.14937000e-03
-12.62160000 4.23311000e-03
-12.59160000 4.26260000e-03
-12.56160000 4.20556000e-03
-12.53160000 4.19285000e-03
-12.50160000 4.26414000e-03
-12.47160000 4.42661000e-03
-12.44160000 4.72935000e-03
-12.41160000 5.30403000e-03
-12.38160000 6.44004000e-03
-12.35160000 8.14928000e-03
-12.32160000 8.21634000e-03
-12.29160000 6.56044000e-03
-12.26160000 5.45229000e-03
-12.23160000 4.92063000e-03
-12.20160000 4.67447000e-03
-12.17160000 4.57633000e-03
-12.14160000 4.57801000e-03
-12.11160000 4.68419000e-03
-12.08160000 4.95353000e-03
-12.05160000 5.43418000e-03
-12.02160000 5.65667000e-03
-11.99160000 5.28748000e-03
-11.96160000 5.03089000e-03
-11.93160000 5.03453000e-03
-11.90160000 5.28934000e-03
-11.87160000 5.85130000e-03
-11.84160000 6.47973000e-03
-11.81160000 6.58405000e-03
-11.78160000 6.36658000e-03
-11.72990000 5.84460000e-03
-11.69990000 5.99995000e-03
-11.66990000 6.10904000e-03
-11.63990000 6.12548000e-03
-11.60990000 6.15674000e-03
-11.57990000 6.00262000e-03
-11.54990000 6.11696000e-03
-11.51990000 6.39665000e-03
-11.48990000 6.81338000e-03
-11.45990000 7.40904000e-03
-11.42990000 7.07159000e-03
-11.39990000 6.44799000e-03
-11.36990000 6.12603000e-03
-11.33990000 6.07626000e-03
-11.30990000 6.25586000e-03
-11.27990000 6.64964000e-03
-11.24990000 7.48415000e-03
-11.21990000 9.14338000e-03
-11.18990000 1.14032000e-02
-11.15990000 1.19187000e-02
-11.12990000 1.14994000e-02
-11.09990000 1.21840000e-02
-11.06990000 1.38953000e-02
-11.03990000 1.39731000e-02
-11.00990000 1.15495000e-02
-10.97990000 1.00714000e-02
-10.94990000 1.00262000e-02
-10.91990000 1.13425000e-02
-10.88990000 1.42532000e-02
-10.85990000 1.76406000e-02
-10.82990000 2.18558000e-02
-10.79990000 2.45117000e-02
-10.76990000 1.92271000e-02
-10.73990000 1.42018000e-02
-10.70990000 1.13231000e-02
-10.67990000 9.31593000e-03
-10.64990000 8.20986000e-03
-10.61990000 7.71475000e-03
-10.58990000 7.64157000e-03
-10.55990000 8.01359000e-03
-10.52990000 9.04729000e-03
-10.49990000 1.05847000e-02
-10.46990000 1.09927000e-02
-10.43990000 1.00783000e-02
-10.40990000 9.41977000e-03
-10.37990000 9.42720000e-03
-10.34990000 8.90809000e-03
-10.31990000 8.34448000e-03
-10.28990000 8.15387000e-03
-10.25990000 8.32848000e-03
-10.22990000 8.45454000e-03
-10.19990000 8.11262000e-03
-10.16990000 7.70572000e-03
-10.13990000 7.59799000e-03
-10.10990000 7.69056000e-03
-10.07990000 7.98676000e-03
-10.04990000 8.57869000e-03
-10.01990000 9.28531000e-03
-9.98987000 9.40382000e-03
-9.93814000 8.97974000e-03
-9.90814000 9.43252000e-03
-9.87814000 1.04318000e-02
-9.84814000 1.13825000e-02
-9.81814000 1.29061000e-02
-9.78814000 1.60796000e-02
-9.75814000 1.84085000e-02
-9.72814000 1.76260000e-02
-9.69814000 1.81229000e-02
-9.66814000 1.98753000e-02
-9.63814000 2.27767000e-02
-9.60814000 2.27481000e-02
-9.57814000 2.07280000e-02
-9.54814000 1.90620000e-02
-9.51814000 1.80979000e-02
-9.48814000 1.71715000e-02
-9.45814000 1.80122000e-02
-9.42814000 2.17920000e-02
-9.39814000 3.00249000e-02
-9.36814000 4.15295000e-02
-9.33814000 4.51351000e-02
-9.30814000 4.38022000e-02
-9.27814000 3.83524000e-02
-9.24814000 3.07433000e-02
-9.21814000 2.88274000e-02
-9.18814000 3.37026000e-02
-9.15814000 4.11818000e-02
-9.12814000 3.93255000e-02
-9.09814000 3.40340000e-02
-9.06814000 3.57763000e-02
-9.03814000 4.74025000e-02
-9.00814000 7.02988000e-02
-8.97814000 8.21685000e-02
-8.94814000 6.02610000e-02
-8.91814000 3.80657000e-02
-8.88814000 2.62409000e-02
-8.85814000 2.03041000e-02
-8.82814000 1.70800000e-02
-8.79814000 1.52590000e-02
-8.76814000 1.42875000e-02
-8.73814000 1.37732000e-02
-8.70814000 1.37543000e-02
-8.67814000 1.43334000e-02
-8.64814000 1.55719000e-02
-8.61814000 1.79991000e-02
-8.58814000 2.29206000e-02
-8.55814000 3.18296000e-02
-8.52814000 4.05390000e-02
-8.49814000 3.47721000e-02
-8.46814000 2.50046000e-02
-8.43814000 1.96560000e-02
-8.40814000 1.68859000e-02
-8.37814000 1.53528000e-02
-8.34814000 1.47017000e-02
-8.31814000 1.49567000e-02
-8.28814000 1.63269000e-02
-8.25814000 1.94113000e-02
-8.22814000 2.42932000e-02
-8.19814000 2.50295000e-02
-8.14640000 1.87761000e-02
-8.11640000 1.72681000e-02
-8.08640000 1.65749000e-02
-8.05640000 1.64912000e-02
-8.02640000 1.70453000e-02
-7.99640000 1.83916000e-02
-7.96640000 2.04619000e-02
-7.93640000 2.28676000e-02
-7.90640000 2.59326000e-02
-7.87640000 3.15284000e-02
-7.84640000 4.19456000e-02
-7.81640000 6.12793000e-02
-7.78640000 9.54007000e-02
-7.75640000 1.32340000e-01
-7.72640000 1.43498000e-01
-7.69640000 1.18169000e-01
-7.66640000 8.00972000e-02
-7.63640000 5.33993000e-02
-7.60640000 3.92456000e-02
-7.57640000 3.20501000e-02
-7.54640000 2.80131000e-02
-7.51640000 2.62850000e-02
-7.48640000 2.66857000e-02
-7.45640000 2.85065000e-02
-7.42640000 3.26939000e-02
-7.39640000 3.77579000e-02
-7.36640000 3.35690000e-02
-7.33640000 2.64496000e-02
-7.30640000 2.25152000e-02
-7.27640000 2.09214000e-02
-7.24640000 2.08639000e-02
-7.21640000 2.14097000e-02
-7.18640000 2.22568000e-02
-7.15640000 2.28728000e-02
-7.12640000 2.12501000e-02
-7.09640000 1.99571000e-02
-7.06640000 1.99092000e-02
-7.03640000 2.09359000e-02
-7.00640000 2.32391000e-02
-6.97640000 2.63217000e-02
-6.94640000 2.75605000e-02
-6.91640000 2.73212000e-02
-6.88640000 2.86358000e-02
-6.85640000 3.32512000e-02
-6.82640000 4.34153000e-02
-6.79640000 6.38977000e-02
-6.76640000 9.11528000e-02
-6.73640000 8.64652000e-02
-6.70640000 6.15308000e-02
-6.67640000 4.65237000e-02
-6.64640000 3.90338000e-02
-6.61640000 3.43325000e-02
-6.58640000 3.23491000e-02
-6.55640000 3.29447000e-02
-6.52640000 3.51402000e-02
-6.49640000 3.77887000e-02
-6.46640000 4.22216000e-02
-6.43640000 4.86691000e-02
-6.40640000 5.49162000e-02
-6.35467000 5.98148000e-02
-6.32467000 6.92832000e-02
-6.29467000 9.33409000e-02
-6.26467000 1.41102000e-01
-6.23467000 1.82686000e-01
-6.20467000 1.49282000e-01
-6.17467000 1.03738000e-01
-6.14467000 7.56574000e-02
-6.11467000 6.26215000e-02
-6.08467000 5.91822000e-02
-6.05467000 6.02714000e-02
-6.02467000 6.34685000e-02
-5.99467000 7.08254000e-02
-5.96467000 7.20404000e-02
-5.93467000 6.79107000e-02
-5.90467000 6.98651000e-02
-5.87467000 6.83565000e-02
-5.84467000 6.09341000e-02
-5.81467000 5.80379000e-02
-5.78467000 5.89024000e-02
-5.75467000 6.08395000e-02
-5.72467000 6.55052000e-02
-5.69467000 7.11536000e-02
-5.66467000 7.30550000e-02
-5.63467000 7.28434000e-02
-5.60467000 7.52415000e-02
-5.57467000 8.00259000e-02
-5.54467000 8.71959000e-02
-5.51467000 9.76721000e-02
-5.48467000 1.12084000e-01
-5.45467000 1.31847000e-01
-5.42467000 1.60087000e-01
-5.39467000 2.01859000e-01
-5.36467000 2.67336000e-01
-5.33467000 3.74483000e-01
-5.30467000 5.57609000e-01
-5.27467000 8.86379000e-01
-5.24467000 1.50517000e+00
-5.21467000 2.26114000e+00
-5.18467000 2.10605000e+00
-5.15467000 1.34191000e+00
-5.12467000 8.02536000e-01
-5.09467000 5.21364000e-01
-5.06467000 3.74102000e-01
-5.03467000 2.93343000e-01
-5.00467000 2.50988000e-01
-4.97467000 2.34577000e-01
-4.94467000 2.41322000e-01
-4.91467000 2.78327000e-01
-4.88467000 3.56801000e-01
-4.85467000 4.18911000e-01
-4.82467000 3.87944000e-01
-4.79467000 3.79677000e-01
-4.76467000 4.44419000e-01
-4.73467000 6.10342000e-01
-4.70467000 9.63976000e-01
-4.67467000 1.63432000e+00
-4.64467000 2.17916000e+00
-4.61467000 1.65401000e+00
-4.56293000 6.98708000e-01
-4.53293000 4.81864000e-01
-4.50293000 3.73113000e-01
-4.47293000 3.18634000e-01
-4.44293000 2.96414000e-01
-4.41293000 2.98036000e-01
-4.38293000 3.21293000e-01
-4.35293000 3.71582000e-01
-4.32293000 4.71246000e-01
-4.29293000 6.58527000e-01
-4.26293000 9.62335000e-01
-4.23293000 1.28009000e+00
-4.20293000 1.14379000e+00
-4.17293000 8.32546000e-01
-4.14293000 6.91339000e-01
-4.11293000 6.87174000e-01
-4.08293000 7.86929000e-01
-4.05293000 1.01002000e+00
-4.02293000 1.44284000e+00
-3.99293000 2.07794000e+00
-3.96293000 2.32868000e+00
-3.93293000 2.29135000e+00
-3.90293000 2.75578000e+00
-3.87293000 4.09127000e+00
-3.84293000 6.53656000e+00
-3.81293000 9.71021000e+00
-3.78293000 1.03156000e+01
-3.75293000 7.29167000e+00
-3.72293000 4.38057000e+00
-3.69293000 2.69704000e+00
-3.66293000 1.77979000e+00
-3.63293000 1.29629000e+00
-3.60293000 1.04158000e+00
-3.57293000 8.52907000e-01
-3.54293000 7.14932000e-01
-3.51293000 6.19205000e-01
-3.48293000 5.25723000e-01
-3.45293000 4.47836000e-01
-3.42293000 3.83064000e-01
-3.39293000 3.20584000e-01
-3.36293000 2.66292000e-01
-3.33293000 2.19437000e-01
-3.30293000 1.87079000e-01
-3.27293000 1.65030000e-01
-3.24293000 1.49586000e-01
-3.21293000 1.38505000e-01
-3.18293000 1.28391000e-01
-3.15293000 1.19158000e-01
-3.12293000 1.12404000e-01
-3.09293000 1.05962000e-01
-3.06293000 1.01120000e-01
-3.03293000 9.85233000e-02
-3.00293000 9.75330000e-02
-2.97293000 9.83652000e-02
-2.94293000 1.01803000e-01
-2.91293000 1.08967000e-01
-2.88293000 1.12814000e-01
-2.85293000 1.06561000e-01
-2.82293000 1.02576000e-01
-2.77120000 1.16165000e-01
-2.74120000 1.18873000e-01
-2.71120000 1.08514000e-01
-2.68120000 9.85125000e-02
-2.65120000 9.59393000e-02
-2.62120000 9.93963000e-02
-2.59120000 1.14654000e-01
-2.56120000 1.46493000e-01
-2.53120000 1.60260000e-01
-2.50120000 1.36080000e-01
-2.47120000 1.13305000e-01
-2.44120000 1.07577000e-01
-2.41120000 1.11808000e-01
-2.38120000 1.24539000e-01
-2.35120000 1.29552000e-01
-2.32120000 1.19114000e-01
-2.29120000 1.15455000e-01
-2.26120000 1.27381000e-01
-2.23120000 1.44915000e-01
-2.20120000 1.64015000e-01
-2.17120000 2.02181000e-01
-2.14120000 2.50337000e-01
-2.11120000 2.48810000e-01
-2.08120000 2.19086000e-01
-2.05120000 2.27788000e-01
-2.02120000 2.79042000e-01
-1.99120000 3.37980000e-01
-1.96120000 3.54529000e-01
-1.93120000 3.16025000e-01
-1.90120000 2.84560000e-01
-1.87120000 2.68409000e-01
-1.84120000 2.21109000e-01
-1.81120000 1.71134000e-01
-1.78120000 1.52261000e-01
-1.75120000 1.56024000e-01
-1.72120000 1.62573000e-01
-1.69120000 1.42940000e-01
-1.66120000 1.19303000e-01
-1.63120000 1.04861000e-01
-1.60120000 1.02942000e-01
-1.57120000 1.02267000e-01
-1.54120000 9.71357000e-02
-1.51120000 8.97917000e-02
-1.48120000 8.02373000e-02
-1.45120000 7.60762000e-02
-1.42120000 7.59301000e-02
-1.39120000 7.66375000e-02
-1.36120000 8.07244000e-02
-1.33120000 8.71765000e-02
-1.30120000 9.41746000e-02
-1.27120000 9.82380000e-02
-1.24120000 1.07623000e-01
-1.21120000 1.30641000e-01
-1.18120000 1.76905000e-01
-1.15120000 2.52241000e-01
-1.12120000 2.87191000e-01
-1.09120000 2.39850000e-01
-1.06120000 2.12580000e-01
-1.03120000 2.26700000e-01
-0.97946500 3.27004000e-01
-0.94946500 4.25495000e-01
-0.91946500 4.05364000e-01
-0.88946500 3.42370000e-01
-0.85946500 3.04386000e-01
-0.82946500 2.78798000e-01
-0.79946500 2.73208000e-01
-0.76946500 2.89008000e-01
-0.73946500 3.50271000e-01
-0.70946500 4.67182000e-01
-0.67946500 6.54139000e-01
-0.64946500 8.63761000e-01
-0.61946500 1.03241000e+00
-0.58946500 8.71278000e-01
-0.55946500 6.56872000e-01
-0.52946500 5.70520000e-01
-0.49946500 5.96553000e-01
-0.46946500 7.03341000e-01
-0.43946500 7.12330000e-01
-0.40946500 6.13136000e-01
-0.37946500 4.69559000e-01
-0.34946500 3.59766000e-01
-0.31946500 2.92872000e-01
-0.28946500 2.67912000e-01
-0.25946500 2.51660000e-01
-0.22946500 2.45932000e-01
-0.19946500 2.55765000e-01
-0.16946500 2.82514000e-01
-0.13946500 3.15399000e-01
-0.10946500 3.46851000e-01
-0.07946480 3.69278000e-01
-0.04946480 4.30998000e-01
-0.01946480 5.28301000e-01
0.01053520 6.03833000e-01
0.04053520 6.74044000e-01
0.07053520 7.09255000e-01
0.10053500 5.84735000e-01
0.13053500 4.52623000e-01
0.16053500 4.10437000e-01
0.19053500 4.37606000e-01
0.22053500 5.13068000e-01
0.25053500 6.05436000e-01
0.28053500 6.90359000e-01
0.31053500 6.53747000e-01
0.34053500 6.09535000e-01
0.37053500 6.52688000e-01
0.40053500 7.56945000e-01
0.43053500 9.24468000e-01
0.46053500 1.18985000e+00
0.49053500 1.46904000e+00
0.52053500 1.43661000e+00
0.55053500 1.21726000e+00
0.58053500 1.20232000e+00
0.61053500 1.51810000e+00
0.64053500 2.22777000e+00
0.67053500 3.01268000e+00
0.70053500 2.84446000e+00
0.73053500 2.36820000e+00
0.76053500 2.30139000e+00
