# E(MeV)  S_GAMTGAMT(K=0) for Lr300_DDPCX
-9.49055000 2.71709000e-03
-9.46055000 2.75718000e-03
-9.43055000 2.78941000e-03
-9.40055000 2.81654000e-03
-9.37055000 2.84021000e-03
-9.34055000 2.86144000e-03
-9.31055000 2.88091000e-03
-9.28055000 2.89906000e-03
-9.25055000 2.91621000e-03
-9.22055000 2.93258000e-03
-9.19055000 2.94834000e-03
-9.16055000 2.96360000e-03
-9.13055000 2.97846000e-03
-9.10055000 2.99300000e-03
-9.07055000 3.00726000e-03
-9.04055000 3.02131000e-03
-9.01055000 3.03516000e-03
-8.98055000 3.04886000e-03
-8.95055000 3.06243000e-03
-8.92055000 3.07588000e-03
-8.89055000 3.08924000e-03
-8.86055000 3.10252000e-03
-8.83055000 3.11573000e-03
-8.80055000 3.12888000e-03
-8.77055000 3.14197000e-03
-8.74055000 3.15501000e-03
-8.71055000 3.16801000e-03
-8.68055000 3.18096000e-03
-8.65055000 3.19387000e-03
-8.62055000 3.20671000e-03
-8.59055000 3.21950000e-03
-8.56055000 3.23219000e-03
-8.53055000 3.24478000e-03
-8.50055000 3.25720000e-03
-8.46027000 3.27350000e-03
-8.43027000 3.28517000e-03
-8.40027000 3.29618000e-03
-8.37027000 3.30602000e-03
-8.34027000 3.31374000e-03
-8.31027000 3.31717000e-03
-8.28027000 3.31146000e-03
-8.25027000 3.28876000e-03
-8.22027000 3.26599000e-03
-8.19027000 3.30190000e-03
-8.16027000 3.35171000e-03
-8.13027000 3.38354000e-03
-8.10027000 3.40318000e-03
-8.07027000 3.41517000e-03
-8.04027000 3.42019000e-03
-8.01027000 3.41543000e-03
-7.98027000 3.39270000e-03
-7.95027000 3.33233000e-03
-7.92027000 3.20249000e-03
-7.89027000 3.07595000e-03
-7.86027000 3.19403000e-03
-7.83027000 3.36901000e-03
-7.80027000 3.47231000e-03
-7.77027000 3.53197000e-03
-7.74027000 3.57140000e-03
-7.71027000 3.60112000e-03
-7.68027000 3.62583000e-03
-7.65027000 3.64783000e-03
-7.62027000 3.66831000e-03
-7.59027000 3.68801000e-03
-7.56027000 3.70739000e-03
-7.53027000 3.72681000e-03
-7.50027000 3.74665000e-03
-7.47027000 3.76732000e-03
-7.42999000 3.79762000e-03
-7.39999000 3.82375000e-03
-7.36999000 3.85597000e-03
-7.33999000 3.90068000e-03
-7.30999000 3.97143000e-03
-7.27999000 4.07598000e-03
-7.24999000 4.12056000e-03
-7.21999000 4.06380000e-03
-7.18999000 4.02869000e-03
-7.15999000 4.02864000e-03
-7.12999000 4.05065000e-03
-7.09999000 4.09125000e-03
-7.06999000 4.15604000e-03
-7.03999000 4.26291000e-03
-7.00999000 4.45287000e-03
-6.97999000 4.80067000e-03
-6.94999000 5.34293000e-03
-6.91999000 5.48407000e-03
-6.88999000 4.97376000e-03
-6.85999000 4.59102000e-03
-6.82999000 4.40610000e-03
-6.79999000 4.31931000e-03
-6.76999000 4.27867000e-03
-6.73999000 4.26138000e-03
-6.70999000 4.25695000e-03
-6.67999000 4.26012000e-03
-6.64999000 4.26812000e-03
-6.61999000 4.27932000e-03
-6.58999000 4.29279000e-03
-6.55999000 4.30792000e-03
-6.52999000 4.32432000e-03
-6.49999000 4.34174000e-03
-6.46999000 4.36001000e-03
-6.43999000 4.37901000e-03
-6.39971000 4.40554000e-03
-6.36971000 4.42598000e-03
-6.33971000 4.44700000e-03
-6.30971000 4.46857000e-03
-6.27971000 4.49070000e-03
-6.24971000 4.51340000e-03
-6.21971000 4.53672000e-03
-6.18971000 4.56067000e-03
-6.15971000 4.58533000e-03
-6.12971000 4.61076000e-03
-6.09971000 4.63705000e-03
-6.06971000 4.66432000e-03
-6.03971000 4.69270000e-03
-6.00971000 4.72239000e-03
-5.97971000 4.75363000e-03
-5.94971000 4.78672000e-03
-5.91971000 4.82208000e-03
-5.88971000 4.86025000e-03
-5.85971000 4.90199000e-03
-5.82971000 4.94834000e-03
-5.79971000 5.00078000e-03
-5.76971000 5.06149000e-03
-5.73971000 5.13375000e-03
-5.70971000 5.22270000e-03
-5.67971000 5.33668000e-03
-5.64971000 5.49003000e-03
-5.61971000 5.70877000e-03
-5.58971000 6.04353000e-03
-5.55971000 6.60085000e-03
-5.52971000 7.62101000e-03
-5.49971000 9.62990000e-03
-5.46971000 1.30786000e-02
-5.43971000 1.45661000e-02
-5.40971000 1.13598000e-02
-5.36942000 8.03656000e-03
-5.33942000 6.95231000e-03
-5.30942000 6.39927000e-03
-5.27942000 6.10043000e-03
-5.24942000 5.93234000e-03
-5.21942000 5.83366000e-03
-5.18942000 5.78156000e-03
-5.15942000 5.76465000e-03
-5.12942000 5.76716000e-03
-5.09942000 5.76617000e-03
-5.06942000 5.77509000e-03
-5.03942000 5.80566000e-03
-5.00942000 5.86075000e-03
-4.97942000 5.95213000e-03
-4.94942000 6.11176000e-03
-4.91942000 6.39861000e-03
-4.88942000 6.73124000e-03
-4.85942000 6.64706000e-03
-4.82942000 6.39959000e-03
-4.79942000 6.29394000e-03
-4.76942000 6.29555000e-03
-4.73942000 6.37087000e-03
-4.70942000 6.52738000e-03
-4.67942000 6.82097000e-03
-4.64942000 7.36931000e-03
-4.61942000 8.07287000e-03
-4.58942000 8.00828000e-03
-4.55942000 7.45406000e-03
-4.52942000 7.17935000e-03
-4.49942000 7.17061000e-03
-4.46942000 7.37845000e-03
-4.43942000 7.86258000e-03
-4.40942000 8.68288000e-03
-4.37942000 9.13005000e-03
-4.33914000 8.28275000e-03
-4.30914000 7.89818000e-03
-4.27914000 7.82043000e-03
-4.24914000 7.92207000e-03
-4.21914000 8.14613000e-03
-4.18914000 8.42223000e-03
-4.15914000 8.73739000e-03
-4.12914000 9.24567000e-03
-4.09914000 1.00720000e-02
-4.06914000 1.14474000e-02
-4.03914000 1.38579000e-02
-4.00914000 1.76415000e-02
-3.97914000 2.08146000e-02
-3.94914000 2.45466000e-02
-3.91914000 3.44482000e-02
-3.88914000 4.93191000e-02
-3.85914000 4.68664000e-02
-3.82914000 3.15487000e-02
-3.79914000 2.24099000e-02
-3.76914000 1.88049000e-02
-3.73914000 1.84360000e-02
-3.70914000 1.89900000e-02
-3.67914000 1.68395000e-02
-3.64914000 1.43305000e-02
-3.61914000 1.31942000e-02
-3.58914000 1.32102000e-02
-3.55914000 1.43447000e-02
-3.52914000 1.70926000e-02
-3.49914000 2.16886000e-02
-3.46914000 2.77924000e-02
-3.43914000 3.15814000e-02
-3.40914000 2.62317000e-02
-3.37914000 1.93431000e-02
-3.34914000 1.52616000e-02
-3.30886000 1.29109000e-02
-3.27886000 1.23096000e-02
-3.24886000 1.23217000e-02
-3.21886000 1.27930000e-02
-3.18886000 1.30381000e-02
-3.15886000 1.30752000e-02
-3.12886000 1.36573000e-02
-3.09886000 1.50118000e-02
-3.06886000 1.74100000e-02
-3.03886000 2.15774000e-02
-3.00886000 2.91212000e-02
-2.97886000 4.24750000e-02
-2.94886000 5.25179000e-02
-2.91886000 4.47639000e-02
-2.88886000 3.12779000e-02
-2.85886000 2.35092000e-02
-2.82886000 2.01925000e-02
-2.79886000 1.94101000e-02
-2.76886000 2.00610000e-02
-2.73886000 2.09756000e-02
-2.70886000 2.32827000e-02
-2.67886000 2.89737000e-02
-2.64886000 4.11618000e-02
-2.61886000 6.27925000e-02
-2.58886000 7.36594000e-02
-2.55886000 5.51583000e-02
-2.52886000 3.99889000e-02
-2.49886000 3.35653000e-02
-2.46886000 2.97940000e-02
-2.43886000 2.96678000e-02
-2.40886000 3.12803000e-02
-2.37886000 3.00803000e-02
-2.34886000 3.13058000e-02
-2.31886000 3.61876000e-02
-2.27858000 4.39236000e-02
-2.24858000 5.54522000e-02
-2.21858000 5.52432000e-02
-2.18858000 4.09035000e-02
-2.15858000 3.08391000e-02
-2.12858000 2.49654000e-02
-2.09858000 2.14401000e-02
-2.06858000 1.97296000e-02
-2.03858000 1.92038000e-02
-2.00858000 1.96731000e-02
-1.97858000 2.14029000e-02
-1.94858000 2.40530000e-02
-1.91858000 2.56694000e-02
-1.88858000 2.79733000e-02
-1.85858000 3.02212000e-02
-1.82858000 3.12445000e-02
-1.79858000 3.17553000e-02
-1.76858000 2.97603000e-02
-1.73858000 2.94783000e-02
-1.70858000 2.99123000e-02
-1.67858000 3.00446000e-02
-1.64858000 3.26397000e-02
-1.61858000 3.90931000e-02
-1.58858000 5.21145000e-02
-1.55858000 7.72196000e-02
-1.52858000 1.16686000e-01
-1.49858000 1.45744000e-01
-1.46858000 1.17204000e-01
-1.43858000 7.87520000e-02
-1.40858000 6.08777000e-02
-1.37858000 5.85366000e-02
-1.34858000 6.71619000e-02
-1.31858000 6.86890000e-02
-1.28858000 5.51201000e-02
-1.24829000 4.59744000e-02
-1.21829000 4.79207000e-02
-1.18829000 4.65374000e-02
-1.15829000 4.04682000e-02
-1.12829000 3.85792000e-02
-1.09829000 4.14206000e-02
-1.06829000 4.31763000e-02
-1.03829000 4.05320000e-02
-1.00829000 4.06647000e-02
-0.97829500 4.20100000e-02
-0.94829500 4.07673000e-02
-0.91829500 4.15218000e-02
-0.88829500 4.48420000e-02
-0.85829500 4.75495000e-02
-0.82829500 4.94937000e-02
-0.79829500 5.47321000e-02
-0.76829500 6.71828000e-02
-0.73829500 9.25726000e-02
-0.70829500 1.34761000e-01
-0.67829500 1.59362000e-01
-0.64829500 1.47761000e-01
-0.61829500 1.41259000e-01
-0.58829500 1.52026000e-01
-0.55829500 1.30559000e-01
-0.52829500 9.72613000e-02
-0.49829500 8.01967000e-02
-0.46829500 7.45530000e-02
-0.43829500 7.58840000e-02
-0.40829500 8.37090000e-02
-0.37829500 1.00346000e-01
-0.34829500 1.25365000e-01
-0.31829500 1.50166000e-01
-0.28829500 1.74037000e-01
-0.25829500 1.74213000e-01
-0.21801200 1.71764000e-01
-0.18801200 1.99414000e-01
-0.15801200 2.69360000e-01
-0.12801200 3.83772000e-01
-0.09801230 4.24615000e-01
-0.06801230 3.82150000e-01
-0.03801230 3.95940000e-01
-0.00801227 5.00819000e-01
0.02198770 6.58297000e-01
0.05198770 8.08641000e-01
0.08198770 1.10911000e+00
0.11198800 1.62782000e+00
0.14198800 2.03556000e+00
0.17198800 2.04732000e+00
0.20198800 1.63013000e+00
0.23198800 1.02358000e+00
0.26198800 6.33866000e-01
0.29198800 4.30503000e-01
0.32198800 3.24119000e-01
0.35198800 2.69051000e-01
0.38198800 2.46873000e-01
0.41198800 2.52566000e-01
0.44198800 2.76267000e-01
0.47198800 2.98254000e-01
0.50198800 3.20523000e-01
0.53198800 3.01097000e-01
0.56198800 2.72079000e-01
0.59198800 2.80760000e-01
0.62198800 3.34603000e-01
0.65198800 4.21011000e-01
0.68198800 4.52723000e-01
0.71198800 4.42018000e-01
0.74198800 4.92670000e-01
0.77198800 6.22266000e-01
