# E(MeV)  S_NSDRNSDR(Total=K0+2*K1) for Lr300_DDPCX
-9.49055000 -1.36431500e+00
-9.46055000 -1.20836900e+00
-9.43055000 -1.12657100e+00
-9.40055000 -1.10684600e+00
-9.37055000 -1.15174900e+00
-9.34055000 -1.27832100e+00
-9.31055000 -1.52515900e+00
-9.28055000 -1.97246600e+00
-9.25055000 -2.79243300e+00
-9.22055000 -4.37589200e+00
-9.19055000 -7.58549700e+00
-9.16055000 -1.32455790e+01
-9.13055000 -1.59746790e+01
-9.10055000 -1.06274680e+01
-9.07055000 -5.85433000e+00
-9.04055000 -3.39036710e+00
-9.01055000 -2.12176070e+00
-8.98055000 -1.41148620e+00
-8.95055000 -9.79935300e-01
-8.92055000 -6.99728900e-01
-8.89055000 -5.08201300e-01
-8.86055000 -3.72207000e-01
-8.83055000 -2.73130600e-01
-8.80055000 -2.00059100e-01
-8.77055000 -1.46447000e-01
-8.74055000 -1.08442930e-01
-8.71055000 -8.40431400e-02
-8.68055000 -7.27428716e-02
-8.65055000 -7.55671800e-02
-8.62055000 -9.55436400e-02
-8.59055000 -1.38916750e-01
-8.56055000 -2.17919940e-01
-8.53055000 -3.57260370e-01
-8.50055000 -6.10055950e-01
-8.46027000 -1.35866623e+00
-8.43027000 -2.54860279e+00
-8.40027000 -3.82274900e+00
-8.37027000 -3.13257900e+00
-8.34027000 -1.86240970e+00
-8.31027000 -1.22211530e+00
-8.28027000 -1.02092040e+00
-8.25027000 -1.10114800e+00
-8.22027000 -1.46191000e+00
-8.19027000 -2.26212900e+00
-8.16027000 -3.93173400e+00
-8.13027000 -7.11511300e+00
-8.10027000 -9.82882900e+00
-8.07027000 -7.35875400e+00
-8.04027000 -4.22266100e+00
-8.01027000 -2.63849700e+00
-7.98027000 -2.00089000e+00
-7.95027000 -1.89111000e+00
-7.92027000 -2.13961200e+00
-7.89027000 -2.83652200e+00
-7.86027000 -4.36076180e+00
-7.83027000 -7.55205820e+00
-7.80027000 -1.38969272e+01
-7.77027000 -2.11125580e+01
-7.74027000 -1.73942020e+01
-7.71027000 -9.47332600e+00
-7.68027000 -4.87764200e+00
-7.65027000 -2.50555200e+00
-7.62027000 -1.15301600e+00
-7.59027000 -2.59320000e-01
-7.56027000 4.47222000e-01
-7.53027000 1.13950700e+00
-7.50027000 1.99663200e+00
-7.47027000 3.31891800e+00
-7.42999000 6.96053600e+00
-7.39999000 1.14609020e+01
-7.36999000 1.19600320e+01
-7.33999000 7.79209800e+00
-7.30999000 4.92958600e+00
-7.27999000 3.60950000e+00
-7.24999000 3.11030600e+00
-7.21999000 3.02536000e+00
-7.18999000 2.89748200e+00
-7.15999000 2.77113800e+00
-7.12999000 2.89091600e+00
-7.09999000 3.31739100e+00
-7.06999000 4.09479900e+00
-7.03999000 4.65947500e+00
-7.00999000 4.61331000e+00
-6.97999000 4.86720400e+00
-6.94999000 5.67497500e+00
-6.91999000 7.14907100e+00
-6.88999000 9.66705700e+00
-6.85999000 1.41362740e+01
-6.82999000 2.26661110e+01
-6.79999000 3.97354320e+01
-6.76999000 6.69796240e+01
-6.73999000 7.16254370e+01
-6.70999000 4.48136830e+01
-6.67999000 2.52846190e+01
-6.64999000 1.54371130e+01
-6.61999000 1.03355010e+01
-6.58999000 7.46355400e+00
-6.55999000 5.71838100e+00
-6.52999000 4.59036100e+00
-6.49999000 3.82480300e+00
-6.46999000 3.28484300e+00
-6.43999000 2.89224200e+00
-6.39971000 2.51707600e+00
-6.36971000 2.31471300e+00
-6.33971000 2.15866800e+00
-6.30971000 2.03762700e+00
-6.27971000 1.94386900e+00
-6.24971000 1.87218800e+00
-6.21971000 1.81933800e+00
-6.18971000 1.78392800e+00
-6.15971000 1.76692400e+00
-6.12971000 1.77340400e+00
-6.09971000 1.81728600e+00
-6.06971000 1.93191700e+00
-6.03971000 2.16343600e+00
-6.00971000 2.34449600e+00
-5.97971000 2.14354900e+00
-5.94971000 1.91326400e+00
-5.91971000 1.79721900e+00
-5.88971000 1.74676800e+00
-5.85971000 1.72893300e+00
-5.82971000 1.72922800e+00
-5.79971000 1.74133300e+00
-5.76971000 1.76246200e+00
-5.73971000 1.79158200e+00
-5.70971000 1.82873800e+00
-5.67971000 1.87493200e+00
-5.64971000 1.93237800e+00
-5.61971000 2.00431300e+00
-5.58971000 2.09170700e+00
-5.55971000 2.20137400e+00
-5.52971000 2.34073400e+00
-5.49971000 2.51027400e+00
-5.46971000 2.76265600e+00
-5.43971000 3.15321400e+00
-5.40971000 3.72046000e+00
-5.36942000 4.91753200e+00
-5.33942000 6.63142000e+00
-5.30942000 9.31155000e+00
-5.27942000 9.74215000e+00
-5.24942000 7.27796000e+00
-5.21942000 5.67745000e+00
-5.18942000 5.19184000e+00
-5.15942000 5.39641000e+00
-5.12942000 5.69466000e+00
-5.09942000 5.57146000e+00
-5.06942000 5.69908000e+00
-5.03942000 6.32659000e+00
-5.00942000 7.55858000e+00
-4.97942000 9.73987000e+00
-4.94942000 1.35099600e+01
-4.91942000 1.98562600e+01
-4.88942000 3.05442600e+01
-4.85942000 4.15082200e+01
-4.82942000 3.63586300e+01
-4.79942000 2.81625300e+01
-4.76942000 2.84344800e+01
-4.73942000 3.85737830e+01
-4.70942000 5.46172140e+01
-4.67942000 5.05510920e+01
-4.64942000 3.30827910e+01
-4.61942000 2.34393300e+01
-4.58942000 2.04817500e+01
-4.55942000 2.11441000e+01
-4.52942000 2.01319900e+01
-4.49942000 1.48833100e+01
-4.46942000 1.08364100e+01
-4.43942000 8.69319000e+00
-4.40942000 7.76127000e+00
-4.37942000 7.58476000e+00
-4.33914000 7.67526000e+00
-4.30914000 7.82809000e+00
-4.27914000 7.78695000e+00
-4.24914000 8.11078000e+00
-4.21914000 9.37340000e+00
-4.18914000 1.02355000e+01
-4.15914000 9.51207000e+00
-4.12914000 9.05716000e+00
-4.09914000 9.39657000e+00
-4.06914000 1.06150500e+01
-4.03914000 1.23205500e+01
-4.00914000 1.56029200e+01
-3.97914000 2.23364500e+01
-3.94914000 3.12115100e+01
-3.91914000 2.90945600e+01
-3.88914000 2.10513000e+01
-3.85914000 1.74204400e+01
-3.82914000 1.81808400e+01
-3.79914000 2.17635800e+01
-3.76914000 2.14077400e+01
-3.73914000 1.74346700e+01
-3.70914000 1.58101100e+01
-3.67914000 1.64072700e+01
-3.64914000 1.65884400e+01
-3.61914000 1.63127200e+01
-3.58914000 1.76250900e+01
-3.55914000 2.11789800e+01
-3.52914000 2.82528100e+01
-3.49914000 4.04934100e+01
-3.46914000 5.66232800e+01
-3.43914000 7.17384400e+01
-3.40914000 6.55329700e+01
-3.37914000 4.98713000e+01
-3.34914000 4.48517800e+01
-3.30886000 5.46841000e+01
-3.27886000 7.71354000e+01
-3.24886000 1.16845300e+02
-3.21886000 1.57396200e+02
-3.18886000 1.41155600e+02
-3.15886000 9.55821000e+01
-3.12886000 7.35399000e+01
-3.09886000 7.30046000e+01
-3.06886000 8.33753000e+01
-3.03886000 8.35492000e+01
-3.00886000 8.70434000e+01
-2.97886000 1.12575000e+02
-2.94886000 1.42494300e+02
-2.91886000 1.35699700e+02
-2.88886000 1.09122200e+02
-2.85886000 9.40958000e+01
-2.82886000 1.01555700e+02
-2.79886000 1.35718000e+02
-2.76886000 2.14254400e+02
-2.73886000 3.44585200e+02
-2.70886000 3.82617600e+02
-2.67886000 2.95010800e+02
-2.64886000 2.27921600e+02
-2.61886000 1.54926200e+02
-2.58886000 1.03630700e+02
-2.55886000 7.74164000e+01
-2.52886000 6.59671000e+01
-2.49886000 6.42725000e+01
-2.46886000 7.21077000e+01
-2.43886000 8.55142000e+01
-2.40886000 9.20791000e+01
-2.37886000 1.05864000e+02
-2.34886000 1.43708400e+02
-2.31886000 1.94871400e+02
-2.27858000 1.86239200e+02
-2.24858000 1.63217900e+02
-2.21858000 1.32588200e+02
-2.18858000 9.73730000e+01
-2.15858000 7.57947000e+01
-2.12858000 6.58232000e+01
-2.09858000 6.50807000e+01
-2.06858000 7.28425000e+01
-2.03858000 9.19728000e+01
-2.00858000 1.26527600e+02
-1.97858000 1.72301400e+02
-1.94858000 2.14600600e+02
-1.91858000 2.34416800e+02
-1.88858000 2.55142400e+02
-1.85858000 2.70443000e+02
-1.82858000 3.01323400e+02
-1.79858000 3.21224800e+02
-1.76858000 2.71771600e+02
-1.73858000 2.22497600e+02
-1.70858000 2.21533400e+02
-1.67858000 2.57834400e+02
-1.64858000 2.48533200e+02
-1.61858000 1.98532100e+02
-1.58858000 1.74221900e+02
-1.55858000 1.86382100e+02
-1.52858000 2.36973900e+02
-1.49858000 3.33920000e+02
-1.46858000 4.86692000e+02
-1.43858000 6.81865000e+02
-1.40858000 8.27116000e+02
-1.37858000 9.50461000e+02
-1.34858000 8.15549000e+02
-1.31858000 5.43575000e+02
-1.28858000 3.58365700e+02
-1.24829000 2.68069400e+02
-1.21829000 2.37155500e+02
-1.18829000 2.09025200e+02
-1.15829000 2.15039700e+02
-1.12829000 2.51945100e+02
-1.09829000 2.92059100e+02
-1.06829000 3.42172000e+02
-1.03829000 4.06041000e+02
-1.00829000 4.23031000e+02
-0.97829500 4.72744700e+02
-0.94829500 6.28635500e+02
-0.91829500 8.39773000e+02
-0.88829500 8.97315000e+02
-0.85829500 6.84588100e+02
-0.82829500 4.36857900e+02
-0.79829500 3.15368200e+02
-0.76829500 2.52348500e+02
-0.73829500 1.97857600e+02
-0.70829500 1.67241600e+02
-0.67829500 1.60127700e+02
-0.64829500 1.83462100e+02
-0.61829500 2.36273600e+02
-0.58829500 2.61623000e+02
-0.55829500 2.62809000e+02
-0.52829500 2.93602800e+02
-0.49829500 2.87818000e+02
-0.46829500 2.28229400e+02
-0.43829500 2.08744000e+02
-0.40829500 2.23015200e+02
-0.37829500 2.68799600e+02
-0.34829500 3.60163000e+02
-0.31829500 3.56793400e+02
-0.28829500 2.54893400e+02
-0.25829500 1.97383700e+02
-0.21801200 2.01891800e+02
-0.18801200 2.38679200e+02
-0.15801200 2.69097400e+02
-0.12801200 2.53505600e+02
-0.09801230 2.26226200e+02
-0.06801230 1.95636500e+02
-0.03801230 1.97269500e+02
-0.00801227 2.31581000e+02
0.02198770 2.97625800e+02
0.05198770 3.58292000e+02
0.08198770 4.36759100e+02
0.11198800 5.33236600e+02
0.14198800 4.74460000e+02
0.17198800 3.25087700e+02
0.20198800 2.44187300e+02
0.23198800 2.18697500e+02
0.26198800 2.35582900e+02
0.29198800 3.05310000e+02
0.32198800 4.52879600e+02
0.35198800 6.03961000e+02
0.38198800 5.70906800e+02
0.41198800 4.34228200e+02
0.44198800 2.93015800e+02
0.47198800 2.10263400e+02
0.50198800 1.61103200e+02
0.53198800 1.29227900e+02
0.56198800 1.03987500e+02
0.59198800 9.08746000e+01
0.62198800 8.69225000e+01
0.65198800 8.95879000e+01
0.68198800 1.01599400e+02
0.71198800 1.23073200e+02
0.74198800 1.61334300e+02
0.77198800 2.23656300e+02
