# E(MeV)  S_NSDRNSDR(K=0) for Lr300_DDPCX
-9.49055000 -9.75449000e-01
-9.46055000 -7.90619000e-01
-9.43055000 -6.55955000e-01
-9.40055000 -5.52680000e-01
-9.37055000 -4.70525000e-01
-9.34055000 -4.03527000e-01
-9.31055000 -3.47897000e-01
-9.28055000 -3.01064000e-01
-9.25055000 -2.61193000e-01
-9.22055000 -2.26932000e-01
-9.19055000 -1.97257000e-01
-9.16055000 -1.71379000e-01
-9.13055000 -1.48679000e-01
-9.10055000 -1.28668000e-01
-9.07055000 -1.10950000e-01
-9.04055000 -9.52071000e-02
-9.01055000 -8.11807000e-02
-8.98055000 -6.86582000e-02
-8.95055000 -5.74653000e-02
-8.92055000 -4.74589000e-02
-8.89055000 -3.85213000e-02
-8.86055000 -3.05570000e-02
-8.83055000 -2.34886000e-02
-8.80055000 -1.72551000e-02
-8.77055000 -1.18102000e-02
-8.74055000 -7.12073000e-03
-8.71055000 -3.16634000e-03
-8.68055000 6.09284000e-05
-8.65055000 2.55642000e-03
-8.62055000 4.30216000e-03
-8.59055000 5.26565000e-03
-8.56055000 5.39806000e-03
-8.53055000 4.63163000e-03
-8.50055000 2.87605000e-03
-8.46027000 -1.24823000e-03
-8.43027000 -5.84279000e-03
-8.40027000 -1.19690000e-02
-8.37027000 -1.98990000e-02
-8.34027000 -2.99837000e-02
-8.31027000 -4.26793000e-02
-8.28027000 -5.85844000e-02
-8.25027000 -7.84940000e-02
-8.22027000 -1.03480000e-01
-8.19027000 -1.35009000e-01
-8.16027000 -1.75134000e-01
-8.13027000 -2.26793000e-01
-8.10027000 -2.94309000e-01
-8.07027000 -3.84274000e-01
-8.04027000 -5.07181000e-01
-8.01027000 -6.80613000e-01
-7.98027000 -9.34774000e-01
-7.95027000 -1.31185000e+00
-7.92027000 -1.85735000e+00
-7.89027000 -2.75191000e+00
-7.86027000 -4.40414000e+00
-7.83027000 -7.66996000e+00
-7.80027000 -1.40619000e+01
-7.77027000 -2.13613000e+01
-7.74027000 -1.77350000e+01
-7.71027000 -9.88358000e+00
-7.68027000 -5.34246000e+00
-7.65027000 -3.01727000e+00
-7.62027000 -1.70779000e+00
-7.59027000 -8.55504000e-01
-7.56027000 -1.90248000e-01
-7.53027000 4.59593000e-01
-7.50027000 1.27179000e+00
-7.47027000 2.54496000e+00
-7.42999000 6.10901000e+00
-7.39999000 1.05359000e+01
-7.36999000 1.09444000e+01
-7.33999000 6.69893000e+00
-7.30999000 3.77287000e+00
-7.27999000 2.35742000e+00
-7.24999000 1.71471000e+00
-7.21999000 1.44713000e+00
-7.18999000 1.16484000e+00
-7.15999000 8.51544000e-01
-7.12999000 6.51056000e-01
-7.09999000 5.31591000e-01
-7.06999000 4.56099000e-01
-7.03999000 4.05635000e-01
-7.00999000 3.70550000e-01
-6.97999000 3.45524000e-01
-6.94999000 3.27395000e-01
-6.91999000 3.14171000e-01
-6.88999000 3.04537000e-01
-6.85999000 2.97594000e-01
-6.82999000 2.92711000e-01
-6.79999000 2.89432000e-01
-6.76999000 2.87424000e-01
-6.73999000 2.86437000e-01
-6.70999000 2.86283000e-01
-6.67999000 2.86819000e-01
-6.64999000 2.87933000e-01
-6.61999000 2.89541000e-01
-6.58999000 2.91574000e-01
-6.55999000 2.93981000e-01
-6.52999000 2.96721000e-01
-6.49999000 2.99763000e-01
-6.46999000 3.03083000e-01
-6.43999000 3.06662000e-01
-6.39971000 3.11856000e-01
-6.36971000 3.16003000e-01
-6.33971000 3.20384000e-01
-6.30971000 3.25001000e-01
-6.27971000 3.29857000e-01
-6.24971000 3.34960000e-01
-6.21971000 3.40320000e-01
-6.18971000 3.45954000e-01
-6.15971000 3.51878000e-01
-6.12971000 3.58118000e-01
-6.09971000 3.64702000e-01
-6.06971000 3.71665000e-01
-6.03971000 3.79050000e-01
-6.00971000 3.86912000e-01
-5.97971000 3.95315000e-01
-5.94971000 4.04340000e-01
-5.91971000 4.14089000e-01
-5.88971000 4.24688000e-01
-5.85971000 4.36301000e-01
-5.82971000 4.49140000e-01
-5.79971000 4.63485000e-01
-5.76971000 4.79714000e-01
-5.73971000 4.98358000e-01
-5.70971000 5.20192000e-01
-5.67971000 5.46418000e-01
-5.64971000 5.78972000e-01
-5.61971000 6.20147000e-01
-5.58971000 6.68747000e-01
-5.55971000 7.28358000e-01
-5.52971000 8.13460000e-01
-5.49971000 9.41562000e-01
-5.46971000 1.14420000e+00
-5.43971000 1.46256000e+00
-5.40971000 1.92881000e+00
-5.36942000 2.93459000e+00
-5.33942000 4.46330000e+00
-5.30942000 7.00569000e+00
-5.27942000 7.36293000e+00
-5.24942000 4.77464000e+00
-5.21942000 2.92089000e+00
-5.18942000 1.99622000e+00
-5.15942000 1.52867000e+00
-5.12942000 1.28054000e+00
-5.09942000 1.15030000e+00
-5.06942000 1.09626000e+00
-5.03942000 1.10849000e+00
-5.00942000 1.20608000e+00
-4.97942000 1.45393000e+00
-4.94942000 1.94770000e+00
-4.91942000 2.34134000e+00
-4.88942000 1.93106000e+00
-4.85942000 1.46042000e+00
-4.82942000 1.24103000e+00
-4.79942000 1.12393000e+00
-4.76942000 1.02548000e+00
-4.73942000 9.70983000e-01
-4.70942000 9.51214000e-01
-4.67942000 9.54492000e-01
-4.64942000 9.78391000e-01
-4.61942000 1.02793000e+00
-4.58942000 1.10137000e+00
-4.55942000 1.18656000e+00
-4.52942000 1.28305000e+00
-4.49942000 1.30655000e+00
-4.46942000 1.30653000e+00
-4.43942000 1.39985000e+00
-4.40942000 1.64103000e+00
-4.37942000 2.03738000e+00
-4.33914000 2.27198000e+00
-4.30914000 2.36681000e+00
-4.27914000 2.17879000e+00
-4.24914000 1.80544000e+00
-4.21914000 1.61116000e+00
-4.18914000 1.56334000e+00
-4.15914000 1.60607000e+00
-4.12914000 1.64580000e+00
-4.09914000 1.60755000e+00
-4.06914000 1.58657000e+00
-4.03914000 1.60633000e+00
-4.00914000 1.65262000e+00
-3.97914000 1.71805000e+00
-3.94914000 1.80131000e+00
-3.91914000 1.90536000e+00
-3.88914000 2.03796000e+00
-3.85914000 2.21158000e+00
-3.82914000 2.42614000e+00
-3.79914000 2.68622000e+00
-3.76914000 3.07922000e+00
-3.73914000 3.73737000e+00
-3.70914000 4.88249000e+00
-3.67914000 6.51843000e+00
-3.64914000 6.71210000e+00
-3.61914000 5.66174000e+00
-3.58914000 5.32003000e+00
-3.55914000 5.86654000e+00
-3.52914000 7.40741000e+00
-3.49914000 9.28561000e+00
-3.46914000 8.89548000e+00
-3.43914000 7.70524000e+00
-3.40914000 7.41357000e+00
-3.37914000 8.02010000e+00
-3.34914000 9.61018000e+00
-3.30886000 1.44859000e+01
-3.27886000 2.18552000e+01
-3.24886000 2.84569000e+01
-3.21886000 2.44030000e+01
-3.18886000 1.91516000e+01
-3.15886000 1.78927000e+01
-3.12886000 2.00569000e+01
-3.09886000 2.59258000e+01
-3.06886000 3.41717000e+01
-3.03886000 3.97076000e+01
-3.00886000 5.08738000e+01
-2.97886000 7.63992000e+01
-2.94886000 9.69101000e+01
-2.91886000 7.88603000e+01
-2.88886000 6.12676000e+01
-2.85886000 5.98464000e+01
-2.82886000 7.35635000e+01
-2.79886000 1.08573000e+02
-2.76886000 1.83557000e+02
-2.73886000 3.04596000e+02
-2.70886000 3.24253000e+02
-2.67886000 2.04113000e+02
-2.64886000 1.15872000e+02
-2.61886000 7.11590000e+01
-2.58886000 4.80455000e+01
-2.55886000 3.52814000e+01
-2.52886000 2.77989000e+01
-2.49886000 2.28977000e+01
-2.46886000 1.98453000e+01
-2.43886000 1.85714000e+01
-2.40886000 1.87633000e+01
-2.37886000 1.80396000e+01
-2.34886000 1.58130000e+01
-2.31886000 1.43586000e+01
-2.27858000 1.37072000e+01
-2.24858000 1.39445000e+01
-2.21858000 1.47030000e+01
-2.18858000 1.60524000e+01
-2.15858000 1.81745000e+01
-2.12858000 2.14264000e+01
-2.09858000 2.65157000e+01
-2.06858000 3.48963000e+01
-2.03858000 4.95710000e+01
-2.00858000 7.55756000e+01
-1.97858000 1.18779000e+02
-1.94858000 1.60672000e+02
-1.91858000 1.69928000e+02
-1.88858000 1.65784000e+02
-1.85858000 1.52381000e+02
-1.82858000 1.77625000e+02
-1.79858000 2.11452000e+02
-1.76858000 1.70783000e+02
-1.73858000 1.10860000e+02
-1.70858000 8.15354000e+01
-1.67858000 7.50346000e+01
-1.64858000 7.66440000e+01
-1.61858000 6.83033000e+01
-1.58858000 5.99631000e+01
-1.55858000 6.26123000e+01
-1.52858000 7.88715000e+01
-1.49858000 1.16422000e+02
-1.46858000 1.84170000e+02
-1.43858000 2.59013000e+02
-1.40858000 2.41756000e+02
-1.37858000 1.86815000e+02
-1.34858000 1.68253000e+02
-1.31858000 1.28325000e+02
-1.28858000 8.42777000e+01
-1.24829000 5.60514000e+01
-1.21829000 4.95043000e+01
-1.18829000 5.14452000e+01
-1.15829000 6.12799000e+01
-1.12829000 7.36255000e+01
-1.09829000 9.51255000e+01
-1.06829000 1.41216000e+02
-1.03829000 1.69069000e+02
-1.00829000 1.30217000e+02
-0.97829500 9.58547000e+01
-0.94829500 9.24735000e+01
-0.91829500 1.14099000e+02
-0.88829500 1.19793000e+02
-0.85829500 9.19981000e+01
-0.82829500 7.89739000e+01
-0.79829500 8.81642000e+01
-0.76829500 9.52309000e+01
-0.73829500 8.05084000e+01
-0.70829500 7.09248000e+01
-0.67829500 7.25347000e+01
-0.64829500 9.37233000e+01
-0.61829500 1.30611000e+02
-0.58829500 1.24036000e+02
-0.55829500 8.43172000e+01
-0.52829500 6.02968000e+01
-0.49829500 5.13660000e+01
-0.46829500 5.28374000e+01
-0.43829500 6.47810000e+01
-0.40829500 9.31162000e+01
-0.37829500 1.52033000e+02
-0.34829500 2.34870000e+02
-0.31829500 2.23785000e+02
-0.28829500 1.40348000e+02
-0.25829500 8.81685000e+01
-0.21801200 6.13144000e+01
-0.18801200 5.99312000e+01
-0.15801200 7.35064000e+01
-0.12801200 1.01831000e+02
-0.09801230 1.10855000e+02
-0.06801230 9.26145000e+01
-0.03801230 8.72221000e+01
-0.00801227 1.02262000e+02
0.02198770 1.32676000e+02
0.05198770 1.16176000e+02
0.08198770 7.20611000e+01
0.11198800 4.55926000e+01
0.14198800 3.26480000e+01
0.17198800 2.66917000e+01
0.20198800 2.50233000e+01
0.23198800 2.73765000e+01
0.26198800 3.37069000e+01
0.29198800 3.64240000e+01
0.32198800 3.38316000e+01
0.35198800 3.68930000e+01
0.38198800 4.17128000e+01
0.41198800 4.43882000e+01
0.44198800 3.89618000e+01
0.47198800 2.83930000e+01
0.50198800 2.40188000e+01
0.53198800 2.31123000e+01
0.56198800 2.09223000e+01
0.59198800 2.07184000e+01
0.62198800 2.08679000e+01
0.65198800 1.98653000e+01
0.68198800 2.18934000e+01
0.71198800 2.38410000e+01
0.74198800 2.33503000e+01
0.77198800 2.50957000e+01
