# E(MeV)  S_GAMTGAMT(K=0) for Lr329_DDPCX
-14.80870000 2.86168000e-03
-14.77870000 2.73220000e-03
-14.74870000 2.62396000e-03
-14.71870000 2.50460000e-03
-14.68870000 2.33887000e-03
-14.65870000 2.07566000e-03
-14.62870000 1.61475000e-03
-14.59870000 7.32539000e-04
-14.56870000 -1.03716000e-03
-14.53870000 -3.80689000e-03
-14.50870000 -4.11144000e-03
-14.47870000 -1.34528000e-03
-14.44870000 6.16329000e-04
-14.41870000 1.61143000e-03
-14.38870000 2.13651000e-03
-14.35870000 2.44091000e-03
-14.32870000 2.63404000e-03
-14.29870000 2.76669000e-03
-14.26870000 2.86443000e-03
-14.23870000 2.94121000e-03
-14.20870000 3.00523000e-03
-14.17870000 3.06174000e-03
-14.14870000 3.11438000e-03
-14.11870000 3.16609000e-03
-14.08870000 3.21953000e-03
-14.05870000 3.27763000e-03
-14.02870000 3.34402000e-03
-13.99870000 3.42385000e-03
-13.96870000 3.52506000e-03
-13.93870000 3.66085000e-03
-13.90870000 3.85480000e-03
-13.87870000 4.15232000e-03
-13.84870000 4.64820000e-03
-13.81870000 5.55516000e-03
-13.78870000 7.34251000e-03
-13.75870000 1.04824000e-02
-13.72870000 1.21296000e-02
-13.69870000 9.33770000e-03
-13.66870000 6.86060000e-03
-13.63870000 5.72255000e-03
-13.60870000 5.04942000e-03
-13.57870000 4.48433000e-03
-13.54870000 4.13803000e-03
-13.51870000 3.94157000e-03
-13.48870000 3.82562000e-03
-13.45870000 3.75488000e-03
-13.42870000 3.71165000e-03
-13.39870000 3.68639000e-03
-13.36870000 3.67366000e-03
-13.33870000 3.67023000e-03
-13.30870000 3.67416000e-03
-13.27870000 3.68432000e-03
-13.24660000 3.70150000e-03
-13.21660000 3.72342000e-03
-13.18660000 3.75154000e-03
-13.15660000 3.78715000e-03
-13.12660000 3.83286000e-03
-13.09660000 3.89410000e-03
-13.06660000 3.98164000e-03
-13.03660000 4.10224000e-03
-13.00660000 4.19595000e-03
-12.97660000 4.24747000e-03
-12.94660000 4.34584000e-03
-12.91660000 4.51423000e-03
-12.88660000 4.77270000e-03
-12.85660000 5.17236000e-03
-12.82660000 5.82428000e-03
-12.79660000 6.97439000e-03
-12.76660000 9.18391000e-03
-12.73660000 1.34666000e-02
-12.70660000 1.85558000e-02
-12.67660000 1.66344000e-02
-12.64660000 1.17032000e-02
-12.61660000 8.76839000e-03
-12.58660000 7.35785000e-03
-12.55660000 6.88308000e-03
-12.52660000 7.10236000e-03
-12.49660000 8.17351000e-03
-12.46660000 1.07099000e-02
-12.43660000 1.46018000e-02
-12.40660000 1.44236000e-02
-12.37660000 1.03611000e-02
-12.34660000 7.67366000e-03
-12.31660000 6.33399000e-03
-12.28660000 5.65063000e-03
-12.25660000 5.28179000e-03
-12.22660000 5.06164000e-03
-12.19660000 4.93635000e-03
-12.16660000 4.88577000e-03
-12.13660000 4.89660000e-03
-12.10660000 4.97020000e-03
-12.07660000 5.12655000e-03
-12.04660000 5.41837000e-03
-12.01660000 5.97103000e-03
-11.98660000 7.06169000e-03
-11.95660000 8.92458000e-03
-11.92660000 9.76550000e-03
-11.89660000 8.20042000e-03
-11.86660000 6.94825000e-03
-11.83660000 6.48267000e-03
-11.80660000 6.51459000e-03
-11.77660000 6.96606000e-03
-11.74660000 7.99953000e-03
-11.71660000 1.01093000e-02
-11.68450000 1.43138000e-02
-11.65450000 1.72393000e-02
-11.62450000 1.53870000e-02
-11.59450000 1.49403000e-02
-11.56450000 1.75252000e-02
-11.53450000 1.70826000e-02
-11.50450000 1.26671000e-02
-11.47450000 9.81839000e-03
-11.44450000 8.33408000e-03
-11.41450000 7.42577000e-03
-11.38450000 7.02177000e-03
-11.35450000 7.01429000e-03
-11.32450000 7.41248000e-03
-11.29450000 8.41755000e-03
-11.26450000 1.00870000e-02
-11.23450000 1.07263000e-02
-11.20450000 1.02696000e-02
-11.17450000 1.08725000e-02
-11.14450000 1.31413000e-02
-11.11450000 1.83750000e-02
-11.08450000 2.53496000e-02
-11.05450000 2.32436000e-02
-11.02450000 1.61221000e-02
-10.99450000 1.20688000e-02
-10.96450000 1.04660000e-02
-10.93450000 1.03951000e-02
-10.90450000 1.18462000e-02
-10.87450000 1.50106000e-02
-10.84450000 1.64520000e-02
-10.81450000 1.37760000e-02
-10.78450000 1.19695000e-02
-10.75450000 1.22453000e-02
-10.72450000 1.45606000e-02
-10.69450000 1.81727000e-02
-10.66450000 2.30378000e-02
-10.63450000 2.33607000e-02
-10.60450000 1.73925000e-02
-10.57450000 1.31647000e-02
-10.54450000 1.10442000e-02
-10.51450000 1.04897000e-02
-10.48450000 1.09610000e-02
-10.45450000 1.21140000e-02
-10.42450000 1.46871000e-02
-10.39450000 1.72594000e-02
-10.36450000 1.49579000e-02
-10.33450000 1.15525000e-02
-10.30450000 9.85152000e-03
-10.27450000 9.28429000e-03
-10.24450000 9.39118000e-03
-10.21450000 1.00673000e-02
-10.18450000 1.06152000e-02
-10.15450000 1.09638000e-02
-10.12240000 1.28786000e-02
-10.09240000 1.56554000e-02
-10.06240000 1.51957000e-02
-10.03240000 1.35352000e-02
-10.00240000 1.38694000e-02
-9.97241000 1.58812000e-02
-9.94241000 1.60185000e-02
-9.91241000 1.47250000e-02
-9.88241000 1.54471000e-02
-9.85241000 1.57872000e-02
-9.82241000 1.50073000e-02
-9.79241000 1.50453000e-02
-9.76241000 1.39980000e-02
-9.73241000 1.24665000e-02
-9.70241000 1.25467000e-02
-9.67241000 1.31091000e-02
-9.64241000 1.23907000e-02
-9.61241000 1.10276000e-02
-9.58241000 1.03948000e-02
-9.55241000 1.05879000e-02
-9.52241000 1.13094000e-02
-9.49241000 1.25587000e-02
-9.46241000 1.44381000e-02
-9.43241000 1.75999000e-02
-9.40241000 2.35142000e-02
-9.37241000 3.13956000e-02
-9.34241000 3.06049000e-02
-9.31241000 2.75915000e-02
-9.28241000 2.91747000e-02
-9.25241000 2.69561000e-02
-9.22241000 2.12996000e-02
-9.19241000 1.88822000e-02
-9.16241000 1.71851000e-02
-9.13241000 1.52419000e-02
-9.10241000 1.38020000e-02
-9.07241000 1.30928000e-02
-9.04241000 1.35380000e-02
-9.01241000 1.43614000e-02
-8.98241000 1.57605000e-02
-8.95241000 1.92138000e-02
-8.92241000 2.38602000e-02
-8.89241000 2.67165000e-02
-8.86241000 3.07949000e-02
-8.83241000 3.59615000e-02
-8.80241000 3.54213000e-02
-8.77241000 2.74508000e-02
-8.74241000 2.20708000e-02
-8.71241000 1.96153000e-02
-8.68241000 1.80023000e-02
-8.65241000 1.84910000e-02
-8.62241000 2.18565000e-02
-8.59241000 3.00489000e-02
-8.56031000 4.77294000e-02
-8.53031000 6.07327000e-02
-8.50031000 4.67385000e-02
-8.47031000 3.03634000e-02
-8.44031000 2.14814000e-02
-8.41031000 1.69165000e-02
-8.38031000 1.47856000e-02
-8.35031000 1.34297000e-02
-8.32031000 1.20885000e-02
-8.29031000 1.11314000e-02
-8.26031000 1.06145000e-02
-8.23031000 1.02945000e-02
-8.20031000 1.01676000e-02
-8.17031000 1.03676000e-02
-8.14031000 1.06484000e-02
-8.11031000 1.07526000e-02
-8.08031000 1.10749000e-02
-8.05031000 1.17800000e-02
-8.02031000 1.31501000e-02
-7.99031000 1.57429000e-02
-7.96031000 2.07908000e-02
-7.93031000 3.04345000e-02
-7.90031000 4.15746000e-02
-7.87031000 3.81621000e-02
-7.84031000 2.83484000e-02
-7.81031000 2.25831000e-02
-7.78031000 2.08065000e-02
-7.75031000 2.23812000e-02
-7.72031000 2.60970000e-02
-7.69031000 3.05449000e-02
-7.66031000 3.62487000e-02
-7.63031000 3.57148000e-02
-7.60031000 3.21306000e-02
-7.57031000 2.59160000e-02
-7.54031000 2.00908000e-02
-7.51031000 1.60856000e-02
-7.48031000 1.39547000e-02
-7.45031000 1.29627000e-02
-7.42031000 1.26668000e-02
-7.39031000 1.29519000e-02
-7.36031000 1.39466000e-02
-7.33031000 1.60469000e-02
-7.30031000 1.99834000e-02
-7.27031000 2.38440000e-02
-7.24031000 2.21946000e-02
-7.21031000 1.97213000e-02
-7.18031000 1.96273000e-02
-7.15031000 2.29080000e-02
-7.12031000 2.91583000e-02
-7.09031000 3.32177000e-02
-7.06031000 3.10290000e-02
-7.03031000 2.46374000e-02
-6.99821000 1.90478000e-02
-6.96821000 1.67219000e-02
-6.93821000 1.61921000e-02
-6.90821000 1.67834000e-02
-6.87821000 1.73688000e-02
-6.84821000 1.79470000e-02
-6.81821000 1.98852000e-02
-6.78821000 2.30799000e-02
-6.75821000 2.67279000e-02
-6.72821000 3.07481000e-02
-6.69821000 3.14486000e-02
-6.66821000 3.43259000e-02
-6.63821000 4.19558000e-02
-6.60821000 4.98014000e-02
-6.57821000 5.02972000e-02
-6.54821000 5.06925000e-02
-6.51821000 6.09174000e-02
-6.48821000 8.45633000e-02
-6.45821000 1.17608000e-01
-6.42821000 1.15676000e-01
-6.39821000 8.07953000e-02
-6.36821000 5.66073000e-02
-6.33821000 4.61831000e-02
-6.30821000 4.01303000e-02
-6.27821000 3.40288000e-02
-6.24821000 3.05433000e-02
-6.21821000 2.92381000e-02
-6.18821000 2.80864000e-02
-6.15821000 2.73255000e-02
-6.12821000 2.81965000e-02
-6.09821000 3.07517000e-02
-6.06821000 3.26679000e-02
-6.03821000 3.45288000e-02
-6.00821000 3.49079000e-02
-5.97821000 3.71619000e-02
-5.94821000 4.70973000e-02
-5.91821000 6.72748000e-02
-5.88821000 8.70728000e-02
-5.85821000 7.58040000e-02
-5.82821000 5.12101000e-02
-5.79821000 3.72766000e-02
-5.76821000 3.07931000e-02
-5.73821000 2.75805000e-02
-5.70821000 2.61842000e-02
-5.67821000 2.66095000e-02
-5.64821000 2.85988000e-02
-5.61821000 3.17151000e-02
-5.58821000 3.70896000e-02
-5.55821000 4.80697000e-02
-5.52821000 7.01524000e-02
-5.49821000 1.04108000e-01
-5.46821000 1.18062000e-01
-5.43612000 8.67462000e-02
-5.40612000 5.97322000e-02
-5.37612000 4.48109000e-02
-5.34612000 3.63502000e-02
-5.31612000 3.16459000e-02
-5.28612000 2.96486000e-02
-5.25612000 2.99285000e-02
-5.22612000 3.14811000e-02
-5.19612000 3.19628000e-02
-5.16612000 3.33576000e-02
-5.13612000 3.77441000e-02
-5.10612000 4.34800000e-02
-5.07612000 4.34390000e-02
-5.04612000 4.23340000e-02
-5.01612000 4.51207000e-02
-4.98612000 5.17505000e-02
-4.95612000 6.14528000e-02
-4.92612000 7.79540000e-02
-4.89612000 1.03239000e-01
-4.86612000 1.33910000e-01
-4.83612000 1.92055000e-01
-4.80612000 2.94503000e-01
-4.77612000 4.06956000e-01
-4.74612000 4.45110000e-01
-4.71612000 3.40373000e-01
-4.68612000 2.39236000e-01
-4.65612000 1.82691000e-01
-4.62612000 1.72293000e-01
-4.59612000 1.80316000e-01
-4.56612000 1.46353000e-01
-4.53612000 1.05644000e-01
-4.50612000 8.06579000e-02
-4.47612000 6.73820000e-02
-4.44612000 5.88354000e-02
-4.41612000 5.31389000e-02
-4.38612000 4.98442000e-02
-4.35612000 4.94223000e-02
-4.32612000 5.17666000e-02
-4.29612000 5.46232000e-02
-4.26612000 5.54738000e-02
-4.23612000 5.61767000e-02
-4.20612000 5.88723000e-02
-4.17612000 6.43920000e-02
-4.14612000 7.28128000e-02
-4.11612000 8.41651000e-02
-4.08612000 9.59923000e-02
-4.05612000 1.10538000e-01
-4.02612000 1.33891000e-01
-3.99612000 1.61674000e-01
-3.96612000 2.02087000e-01
-3.93612000 2.69850000e-01
-3.90612000 3.77645000e-01
-3.87402000 6.15495000e-01
-3.84402000 1.06030000e+00
-3.81402000 1.52384000e+00
-3.78402000 1.27637000e+00
-3.75402000 8.51830000e-01
-3.72402000 5.78819000e-01
-3.69402000 3.75399000e-01
-3.66402000 2.56403000e-01
-3.63402000 1.89043000e-01
-3.60402000 1.45753000e-01
-3.57402000 1.16975000e-01
-3.54402000 9.76963000e-02
-3.51402000 8.46904000e-02
-3.48402000 7.59423000e-02
-3.45402000 6.95847000e-02
-3.42402000 6.61084000e-02
-3.39402000 6.67033000e-02
-3.36402000 6.99948000e-02
-3.33402000 6.73007000e-02
-3.30402000 6.25126000e-02
-3.27402000 6.25632000e-02
-3.24402000 6.86054000e-02
-3.21402000 7.73185000e-02
-3.18402000 7.78240000e-02
-3.15402000 7.88988000e-02
-3.12402000 8.21479000e-02
-3.09402000 7.85865000e-02
-3.06402000 7.53545000e-02
-3.03402000 7.78525000e-02
-3.00402000 7.96261000e-02
-2.97402000 7.90157000e-02
-2.94402000 8.15246000e-02
-2.91402000 8.57139000e-02
-2.88402000 9.36501000e-02
-2.85402000 1.06999000e-01
-2.82402000 1.25431000e-01
-2.79402000 1.52036000e-01
-2.76402000 1.91616000e-01
-2.73402000 2.40404000e-01
-2.70402000 3.08412000e-01
-2.67402000 4.37009000e-01
-2.64402000 6.93275000e-01
-2.61402000 1.17704000e+00
-2.58402000 1.67976000e+00
-2.55402000 1.57188000e+00
-2.52402000 1.38699000e+00
-2.49402000 1.18855000e+00
-2.46402000 8.21432000e-01
-2.43402000 5.39030000e-01
-2.40402000 3.61631000e-01
-2.37402000 2.62756000e-01
-2.34402000 2.08389000e-01
-2.31192000 1.76326000e-01
-2.28192000 1.62379000e-01
-2.25192000 1.54647000e-01
-2.22192000 1.45414000e-01
-2.19192000 1.34592000e-01
-2.16192000 1.30843000e-01
-2.13192000 1.34278000e-01
-2.10192000 1.44220000e-01
-2.07192000 1.66477000e-01
-2.04192000 1.94175000e-01
-2.01192000 2.10125000e-01
-1.98192000 2.40245000e-01
-1.95192000 2.84801000e-01
-1.92192000 3.18951000e-01
-1.89192000 3.54737000e-01
-1.86192000 4.25137000e-01
-1.83192000 5.77729000e-01
-1.80192000 8.89799000e-01
-1.77192000 1.43357000e+00
-1.74192000 1.67685000e+00
-1.71192000 1.15939000e+00
-1.68192000 7.06975000e-01
-1.65192000 4.83365000e-01
-1.62192000 3.81930000e-01
-1.59192000 3.37694000e-01
-1.56192000 3.26716000e-01
-1.53192000 3.48403000e-01
-1.50192000 4.10012000e-01
-1.47192000 5.32530000e-01
-1.44192000 7.45745000e-01
-1.41192000 9.40125000e-01
-1.38192000 9.22819000e-01
-1.35192000 8.38042000e-01
-1.32192000 8.80494000e-01
-1.29192000 1.07642000e+00
-1.26192000 1.49311000e+00
-1.23192000 2.33126000e+00
-1.20192000 4.03121000e+00
-1.17192000 6.87840000e+00
-1.14192000 7.78698000e+00
-1.11192000 5.07857000e+00
-1.08192000 2.91138000e+00
-1.05192000 1.78666000e+00
-1.02192000 1.17401000e+00
-0.99192300 8.18590000e-01
-0.96192300 6.04698000e-01
-0.93192300 4.71590000e-01
-0.90192300 3.85103000e-01
-0.87192300 3.24834000e-01
-0.84192300 2.85913000e-01
-0.81192300 2.61660000e-01
-0.78192300 2.47720000e-01
-0.74982700 2.39573000e-01
-0.71982700 2.25489000e-01
-0.68982700 2.09930000e-01
-0.65982700 1.88882000e-01
-0.62982700 1.68247000e-01
-0.59982700 1.50629000e-01
-0.56982700 1.39637000e-01
-0.53982700 1.34645000e-01
-0.50982700 1.33311000e-01
-0.47982700 1.30365000e-01
-0.44982700 1.29136000e-01
-0.41982700 1.27486000e-01
-0.38982700 1.25525000e-01
-0.35982700 1.19175000e-01
-0.32982700 1.15036000e-01
-0.29982700 1.20118000e-01
-0.26982700 1.37571000e-01
-0.23982700 1.64698000e-01
-0.20982700 2.02611000e-01
-0.17982700 2.57314000e-01
-0.14982700 2.77993000e-01
-0.11982700 2.53411000e-01
-0.08982650 2.44184000e-01
-0.05982650 2.80947000e-01
-0.02982650 3.58104000e-01
0.00017345 4.03390000e-01
0.03017350 3.46287000e-01
0.06017350 2.92676000e-01
0.09017350 3.00356000e-01
0.12017300 3.70503000e-01
0.15017300 4.50886000e-01
0.18017300 4.39958000e-01
0.21017300 3.54360000e-01
0.24017300 3.11124000e-01
0.27017300 3.14225000e-01
0.30017300 3.14432000e-01
0.33017300 3.15855000e-01
0.36017300 3.59369000e-01
0.39017300 4.51133000e-01
0.42017300 4.54857000e-01
0.45017300 3.72374000e-01
0.48017300 2.97536000e-01
0.51017300 2.69178000e-01
0.54017300 2.90247000e-01
0.57017300 3.44952000e-01
0.60017300 3.94614000e-01
0.63017300 4.50008000e-01
0.66017300 5.49920000e-01
0.69017300 7.28104000e-01
0.72017300 8.43397000e-01
0.75017300 7.49066000e-01
0.78017300 5.94777000e-01
