# E(MeV)  S_NSDRNSDR(K=0) for Lr329_DDPCX
-14.80870000 2.04114000e-01
-14.77870000 2.05661000e-01
-14.74870000 2.07229000e-01
-14.71870000 2.08820000e-01
-14.68870000 2.10433000e-01
-14.65870000 2.12070000e-01
-14.62870000 2.13731000e-01
-14.59870000 2.15418000e-01
-14.56870000 2.17130000e-01
-14.53870000 2.18868000e-01
-14.50870000 2.20634000e-01
-14.47870000 2.22429000e-01
-14.44870000 2.24253000e-01
-14.41870000 2.26108000e-01
-14.38870000 2.27994000e-01
-14.35870000 2.29912000e-01
-14.32870000 2.31865000e-01
-14.29870000 2.33852000e-01
-14.26870000 2.35875000e-01
-14.23870000 2.37936000e-01
-14.20870000 2.40036000e-01
-14.17870000 2.42176000e-01
-14.14870000 2.44359000e-01
-14.11870000 2.46586000e-01
-14.08870000 2.48858000e-01
-14.05870000 2.51179000e-01
-14.02870000 2.53551000e-01
-13.99870000 2.55975000e-01
-13.96870000 2.58457000e-01
-13.93870000 2.60997000e-01
-13.90870000 2.63602000e-01
-13.87870000 2.66276000e-01
-13.84870000 2.69024000e-01
-13.81870000 2.71855000e-01
-13.78870000 2.74779000e-01
-13.75870000 2.77812000e-01
-13.72870000 2.80976000e-01
-13.69870000 2.84313000e-01
-13.66870000 2.87877000e-01
-13.63870000 2.91664000e-01
-13.60870000 2.95424000e-01
-13.57870000 2.99274000e-01
-13.54870000 3.03617000e-01
-13.51870000 3.08627000e-01
-13.48870000 3.14583000e-01
-13.45870000 3.22063000e-01
-13.42870000 3.32273000e-01
-13.39870000 3.47868000e-01
-13.36870000 3.74888000e-01
-13.33870000 4.23701000e-01
-13.30870000 4.76624000e-01
-13.27870000 4.53984000e-01
-13.24660000 4.04589000e-01
-13.21660000 3.83110000e-01
-13.18660000 3.78148000e-01
-13.15660000 3.81744000e-01
-13.12660000 3.81201000e-01
-13.09660000 3.76728000e-01
-13.06660000 3.75806000e-01
-13.03660000 3.77760000e-01
-13.00660000 3.81292000e-01
-12.97660000 3.85774000e-01
-12.94660000 3.90927000e-01
-12.91660000 3.96631000e-01
-12.88660000 4.02847000e-01
-12.85660000 4.09595000e-01
-12.82660000 4.16948000e-01
-12.79660000 4.25056000e-01
-12.76660000 4.34193000e-01
-12.73660000 4.44873000e-01
-12.70660000 4.58123000e-01
-12.67660000 4.76153000e-01
-12.64660000 5.03992000e-01
-12.61660000 5.51655000e-01
-12.58660000 6.16012000e-01
-12.55660000 6.19078000e-01
-12.52660000 5.72653000e-01
-12.49660000 5.46800000e-01
-12.46660000 5.39374000e-01
-12.43660000 5.41020000e-01
-12.40660000 5.47300000e-01
-12.37660000 5.56244000e-01
-12.34660000 5.66822000e-01
-12.31660000 5.78704000e-01
-12.28660000 5.91779000e-01
-12.25660000 6.05944000e-01
-12.22660000 6.21160000e-01
-12.19660000 6.37437000e-01
-12.16660000 6.54817000e-01
-12.13660000 6.73368000e-01
-12.10660000 6.93180000e-01
-12.07660000 7.14372000e-01
-12.04660000 7.37102000e-01
-12.01660000 7.61595000e-01
-11.98660000 7.88133000e-01
-11.95660000 8.16521000e-01
-11.92660000 8.46260000e-01
-11.89660000 8.78495000e-01
-11.86660000 9.13969000e-01
-11.83660000 9.53164000e-01
-11.80660000 9.96924000e-01
-11.77660000 1.04682000e+00
-11.74660000 1.10603000e+00
-11.71660000 1.18106000e+00
-11.68450000 1.28575000e+00
-11.65450000 1.36770000e+00
-11.62450000 1.40798000e+00
-11.59450000 1.46370000e+00
-11.56450000 1.53489000e+00
-11.53450000 1.62477000e+00
-11.50450000 1.73275000e+00
-11.47450000 1.85065000e+00
-11.44450000 1.98418000e+00
-11.41450000 2.14082000e+00
-11.38450000 2.32681000e+00
-11.35450000 2.54712000e+00
-11.32450000 2.80896000e+00
-11.29450000 3.12278000e+00
-11.26450000 3.50278000e+00
-11.23450000 3.96959000e+00
-11.20450000 4.55563000e+00
-11.17450000 5.30921000e+00
-11.14450000 6.28665000e+00
-11.11450000 7.51103000e+00
-11.08450000 9.13544000e+00
-11.05450000 1.14605000e+01
-11.02450000 1.49060000e+01
-10.99450000 2.02630000e+01
-10.96450000 2.91126000e+01
-10.93450000 4.49097000e+01
-10.90450000 7.53916000e+01
-10.87450000 1.34947000e+02
-10.84450000 2.07341000e+02
-10.81450000 1.79108000e+02
-10.78450000 1.03520000e+02
-10.75450000 5.92357000e+01
-10.72450000 3.71602000e+01
-10.69450000 2.55849000e+01
-10.66450000 1.91864000e+01
-10.63450000 1.52829000e+01
-10.60450000 1.27439000e+01
-10.57450000 1.11168000e+01
-10.54450000 9.37761000e+00
-10.51450000 7.97745000e+00
-10.48450000 7.13809000e+00
-10.45450000 6.69237000e+00
-10.42450000 6.47504000e+00
-10.39450000 6.39055000e+00
-10.36450000 6.51035000e+00
-10.33450000 6.87383000e+00
-10.30450000 7.51111000e+00
-10.27450000 8.45186000e+00
-10.24450000 9.77596000e+00
-10.21450000 1.17755000e+01
-10.18450000 1.48944000e+01
-10.15450000 1.99270000e+01
-10.12240000 2.93426000e+01
-10.09240000 4.59121000e+01
-10.06240000 7.77077000e+01
-10.03240000 1.30883000e+02
-10.00240000 1.79848000e+02
-9.97241000 1.44122000e+02
-9.94241000 8.44024000e+01
-9.91241000 5.13412000e+01
-9.88241000 3.29665000e+01
-9.85241000 2.21905000e+01
-9.82241000 1.59840000e+01
-9.79241000 1.22000000e+01
-9.76241000 9.64616000e+00
-9.73241000 7.86807000e+00
-9.70241000 6.62829000e+00
-9.67241000 5.74670000e+00
-9.64241000 5.11805000e+00
-9.61241000 4.70029000e+00
-9.58241000 4.49059000e+00
-9.55241000 4.53771000e+00
-9.52241000 4.97812000e+00
-9.49241000 5.80486000e+00
-9.46241000 6.36150000e+00
-9.43241000 6.75125000e+00
-9.40241000 6.01325000e+00
-9.37241000 5.02139000e+00
-9.34241000 4.64709000e+00
-9.31241000 4.68993000e+00
-9.28241000 5.32325000e+00
-9.25241000 7.01610000e+00
-9.22241000 1.07216000e+01
-9.19241000 1.65567000e+01
-9.16241000 1.70238000e+01
-9.13241000 1.12989000e+01
-9.10241000 7.16889000e+00
-9.07241000 4.93177000e+00
-9.04241000 3.77591000e+00
-9.01241000 3.16135000e+00
-8.98241000 2.78544000e+00
-8.95241000 2.58199000e+00
-8.92241000 2.43656000e+00
-8.89241000 2.23472000e+00
-8.86241000 2.10736000e+00
-8.83241000 2.11540000e+00
-8.80241000 2.26372000e+00
-8.77241000 2.33190000e+00
-8.74241000 2.11030000e+00
-8.71241000 1.92957000e+00
-8.68241000 1.86089000e+00
-8.65241000 1.84769000e+00
-8.62241000 1.87878000e+00
-8.59241000 1.92879000e+00
-8.56031000 1.95594000e+00
-8.53031000 2.02871000e+00
-8.50031000 2.17426000e+00
-8.47031000 2.41508000e+00
-8.44031000 2.80739000e+00
-8.41031000 3.46981000e+00
-8.38031000 4.65463000e+00
-8.35031000 6.89170000e+00
-8.32031000 1.12131000e+01
-8.29031000 1.64027000e+01
-8.26031000 1.42605000e+01
-8.23031000 8.82847000e+00
-8.20031000 5.67377000e+00
-8.17031000 4.12099000e+00
-8.14031000 3.33217000e+00
-8.11031000 2.92892000e+00
-8.08031000 2.71391000e+00
-8.05031000 2.54519000e+00
-8.02031000 2.44655000e+00
-7.99031000 2.43140000e+00
-7.96031000 2.48106000e+00
-7.93031000 2.56594000e+00
-7.90031000 2.66468000e+00
-7.87031000 2.82639000e+00
-7.84031000 3.08637000e+00
-7.81031000 3.48468000e+00
-7.78031000 4.10351000e+00
-7.75031000 5.11489000e+00
-7.72031000 6.89656000e+00
-7.69031000 1.03118000e+01
-7.66031000 1.69820000e+01
-7.63031000 2.54592000e+01
-7.60031000 2.30278000e+01
-7.57031000 1.44921000e+01
-7.54031000 9.43068000e+00
-7.51031000 7.02263000e+00
-7.48031000 5.90677000e+00
-7.45031000 5.47634000e+00
-7.42031000 5.52220000e+00
-7.39031000 6.04408000e+00
-7.36031000 7.02467000e+00
-7.33031000 8.49774000e+00
-7.30031000 1.04292000e+01
-7.27031000 1.18233000e+01
-7.24031000 1.15058000e+01
-7.21031000 1.07763000e+01
-7.18031000 1.14114000e+01
-7.15031000 1.38405000e+01
-7.12031000 1.92482000e+01
-7.09031000 2.85828000e+01
-7.06031000 3.55266000e+01
-7.03031000 3.87745000e+01
-6.99821000 4.95228000e+01
-6.96821000 5.36020000e+01
-6.93821000 4.72488000e+01
-6.90821000 5.25346000e+01
-6.87821000 6.99382000e+01
-6.84821000 6.64789000e+01
-6.81821000 4.37886000e+01
-6.78821000 3.02955000e+01
-6.75821000 2.53276000e+01
-6.72821000 2.46124000e+01
-6.69821000 2.70999000e+01
-6.66821000 2.60302000e+01
-6.63821000 1.96062000e+01
-6.60821000 1.52893000e+01
-6.57821000 1.36701000e+01
-6.54821000 1.40448000e+01
-6.51821000 1.66349000e+01
-6.48821000 2.26200000e+01
-6.45821000 2.99410000e+01
-6.42821000 2.80261000e+01
-6.39821000 2.24503000e+01
-6.36821000 1.95018000e+01
-6.33821000 1.90015000e+01
-6.30821000 1.87829000e+01
-6.27821000 1.95050000e+01
-6.24821000 2.22134000e+01
-6.21821000 2.70698000e+01
-6.18821000 3.50091000e+01
-6.15821000 4.92324000e+01
-6.12821000 7.11158000e+01
-6.09821000 8.21635000e+01
-6.06821000 8.64943000e+01
-6.03821000 1.15408000e+02
-6.00821000 1.86780000e+02
-5.97821000 2.71233000e+02
-5.94821000 2.28594000e+02
-5.91821000 1.35627000e+02
-5.88821000 8.26943000e+01
-5.85821000 5.69633000e+01
-5.82821000 4.36298000e+01
-5.79821000 3.68878000e+01
-5.76821000 3.47147000e+01
-5.73821000 3.66730000e+01
-5.70821000 4.33455000e+01
-5.67821000 5.32647000e+01
-5.64821000 6.41661000e+01
-5.61821000 8.57248000e+01
-5.58821000 1.05412000e+02
-5.55821000 9.95132000e+01
-5.52821000 9.86306000e+01
-5.49821000 1.26486000e+02
-5.46821000 1.97490000e+02
-5.43612000 2.89379000e+02
-5.40612000 2.45748000e+02
-5.37612000 1.60494000e+02
-5.34612000 1.13762000e+02
-5.31612000 8.54675000e+01
-5.28612000 6.98714000e+01
-5.25612000 6.31052000e+01
-5.22612000 6.50177000e+01
-5.19612000 7.96834000e+01
-5.16612000 1.16135000e+02
-5.13612000 1.89580000e+02
-5.10612000 2.59771000e+02
-5.07612000 2.05825000e+02
-5.04612000 1.27355000e+02
-5.01612000 8.65272000e+01
-4.98612000 6.94973000e+01
-4.95612000 6.70545000e+01
-4.92612000 7.83088000e+01
-4.89612000 1.06555000e+02
-4.86612000 1.46607000e+02
-4.83612000 1.90395000e+02
-4.80612000 1.63610000e+02
-4.77612000 1.00924000e+02
-4.74612000 6.39846000e+01
-4.71612000 4.53567000e+01
-4.68612000 3.54121000e+01
-4.65612000 3.02072000e+01
-4.62612000 2.78200000e+01
-4.59612000 2.74315000e+01
-4.56612000 2.90595000e+01
-4.53612000 3.29531000e+01
-4.50612000 3.56212000e+01
-4.47612000 3.26857000e+01
-4.44612000 3.09226000e+01
-4.41612000 3.21770000e+01
-4.38612000 3.55777000e+01
-4.35612000 4.01524000e+01
-4.32612000 4.74630000e+01
-4.29612000 6.05617000e+01
-4.26612000 7.33967000e+01
-4.23612000 7.53151000e+01
-4.20612000 8.24767000e+01
-4.17612000 1.04854000e+02
-4.14612000 1.42683000e+02
-4.11612000 1.96374000e+02
-4.08612000 2.75294000e+02
-4.05612000 4.03596000e+02
-4.02612000 5.22315000e+02
-3.99612000 4.68668000e+02
-3.96612000 4.19172000e+02
-3.93612000 3.69967000e+02
-3.90612000 2.82484000e+02
-3.87402000 2.59036000e+02
-3.84402000 2.95627000e+02
-3.81402000 2.98248000e+02
-3.78402000 2.96484000e+02
-3.75402000 3.76058000e+02
-3.72402000 4.95084000e+02
-3.69402000 5.21226000e+02
-3.66402000 5.88690000e+02
-3.63402000 6.92835000e+02
-3.60402000 5.33110000e+02
-3.57402000 3.14635000e+02
-3.54402000 1.93044000e+02
-3.51402000 1.30242000e+02
-3.48402000 9.49973000e+01
-3.45402000 7.37125000e+01
-3.42402000 6.06904000e+01
-3.39402000 5.20290000e+01
-3.36402000 4.51064000e+01
-3.33402000 4.02339000e+01
-3.30402000 3.74524000e+01
-3.27402000 3.68394000e+01
-3.24402000 3.88334000e+01
-3.21402000 4.45777000e+01
-3.18402000 5.67247000e+01
-3.15402000 7.89621000e+01
-3.12402000 9.56043000e+01
-3.09402000 8.90532000e+01
-3.06402000 9.31555000e+01
-3.03402000 1.23404000e+02
-3.00402000 1.85945000e+02
-2.97402000 2.58331000e+02
-2.94402000 2.44598000e+02
-2.91402000 1.92806000e+02
-2.88402000 1.45653000e+02
-2.85402000 1.01123000e+02
-2.82402000 7.34342000e+01
-2.79402000 5.92800000e+01
-2.76402000 5.45679000e+01
-2.73402000 5.70432000e+01
-2.70402000 6.85430000e+01
-2.67402000 8.33051000e+01
-2.64402000 9.13599000e+01
-2.61402000 1.07377000e+02
-2.58402000 1.02377000e+02
-2.55402000 7.68515000e+01
-2.52402000 6.11862000e+01
-2.49402000 5.33348000e+01
-2.46402000 4.91038000e+01
-2.43402000 4.84394000e+01
-2.40402000 4.17687000e+01
-2.37402000 3.40087000e+01
-2.34402000 3.24688000e+01
-2.31192000 3.83428000e+01
-2.28192000 5.14944000e+01
-2.25192000 6.92414000e+01
-2.22192000 7.77256000e+01
-2.19192000 5.91934000e+01
-2.16192000 3.99676000e+01
-2.13192000 3.09072000e+01
-2.10192000 2.88615000e+01
-2.07192000 3.01921000e+01
-2.04192000 3.16372000e+01
-2.01192000 3.11024000e+01
-1.98192000 2.62513000e+01
-1.95192000 2.03441000e+01
-1.92192000 1.65673000e+01
-1.89192000 1.38624000e+01
-1.86192000 1.25614000e+01
-1.83192000 1.12760000e+01
-1.80192000 1.01042000e+01
-1.77192000 9.60364000e+00
-1.74192000 9.58211000e+00
-1.71192000 9.97078000e+00
-1.68192000 1.11909000e+01
-1.65192000 1.37680000e+01
-1.62192000 1.77417000e+01
-1.59192000 2.30636000e+01
-1.56192000 3.11500000e+01
-1.53192000 4.03219000e+01
-1.50192000 4.80982000e+01
-1.47192000 5.22334000e+01
-1.44192000 5.23730000e+01
-1.41192000 5.32288000e+01
-1.38192000 4.21498000e+01
-1.35192000 3.28440000e+01
-1.32192000 2.89874000e+01
-1.29192000 2.57931000e+01
-1.26192000 2.51634000e+01
-1.23192000 2.46772000e+01
-1.20192000 2.49122000e+01
-1.17192000 2.81734000e+01
-1.14192000 3.63547000e+01
-1.11192000 3.78548000e+01
-1.08192000 2.88042000e+01
-1.05192000 2.03834000e+01
-1.02192000 1.44938000e+01
-0.99192300 1.12488000e+01
-0.96192300 9.70858000e+00
-0.93192300 9.21167000e+00
-0.90192300 1.00390000e+01
-0.87192300 1.23693000e+01
-0.84192300 1.33878000e+01
-0.81192300 1.14454000e+01
-0.78192300 1.03377000e+01
-0.74982700 1.03657000e+01
-0.71982700 1.13028000e+01
-0.68982700 1.36466000e+01
-0.65982700 1.74296000e+01
-0.62982700 2.35176000e+01
-0.59982700 3.07280000e+01
-0.56982700 4.07366000e+01
-0.53982700 5.45870000e+01
-0.50982700 5.73064000e+01
-0.47982700 4.14753000e+01
-0.44982700 2.56204000e+01
-0.41982700 1.70865000e+01
-0.38982700 1.30580000e+01
-0.35982700 1.08373000e+01
-0.32982700 9.63947000e+00
-0.29982700 9.44057000e+00
-0.26982700 1.07717000e+01
-0.23982700 1.41627000e+01
-0.20982700 1.66012000e+01
-0.17982700 1.57372000e+01
-0.14982700 1.58792000e+01
-0.11982700 1.45745000e+01
-0.08982650 1.31131000e+01
-0.05982650 1.29392000e+01
-0.02982650 1.21268000e+01
0.00017345 1.08054000e+01
0.03017350 1.10047000e+01
0.06017350 1.28090000e+01
0.09017350 1.64232000e+01
0.12017300 2.08375000e+01
0.15017300 2.19414000e+01
0.18017300 1.88791000e+01
0.21017300 1.53975000e+01
0.24017300 1.09519000e+01
0.27017300 8.13858000e+00
0.30017300 6.81161000e+00
0.33017300 5.92852000e+00
0.36017300 5.27320000e+00
0.39017300 4.99171000e+00
0.42017300 5.10821000e+00
0.45017300 5.60929000e+00
0.48017300 6.87529000e+00
0.51017300 9.53649000e+00
0.54017300 1.47594000e+01
0.57017300 2.17899000e+01
0.60017300 2.30564000e+01
0.63017300 1.80265000e+01
0.66017300 1.43036000e+01
0.69017300 1.15281000e+01
0.72017300 8.82542000e+00
0.75017300 7.07243000e+00
0.78017300 6.68086000e+00
