# E(MeV)  S_NSDRNSDR(K=1) for Lr329_DDPCX
-14.80870000 1.95125000e-01
-14.77870000 1.96321000e-01
-14.74870000 1.97524000e-01
-14.71870000 1.98736000e-01
-14.68870000 1.99956000e-01
-14.65870000 2.01186000e-01
-14.62870000 2.02426000e-01
-14.59870000 2.03678000e-01
-14.56870000 2.04942000e-01
-14.53870000 2.06218000e-01
-14.50870000 2.07509000e-01
-14.47870000 2.08814000e-01
-14.44870000 2.10134000e-01
-14.41870000 2.11471000e-01
-14.38870000 2.12825000e-01
-14.35870000 2.14197000e-01
-14.32870000 2.15588000e-01
-14.29870000 2.16999000e-01
-14.26870000 2.18432000e-01
-14.23870000 2.19887000e-01
-14.20870000 2.21365000e-01
-14.17870000 2.22869000e-01
-14.14870000 2.24399000e-01
-14.11870000 2.25957000e-01
-14.08870000 2.27545000e-01
-14.05870000 2.29164000e-01
-14.02870000 2.30817000e-01
-13.99870000 2.32507000e-01
-13.96870000 2.34235000e-01
-13.93870000 2.36005000e-01
-13.90870000 2.37820000e-01
-13.87870000 2.39685000e-01
-13.84870000 2.41607000e-01
-13.81870000 2.43593000e-01
-13.78870000 2.45656000e-01
-13.75870000 2.47821000e-01
-13.72870000 2.50136000e-01
-13.69870000 2.52677000e-01
-13.66870000 2.55333000e-01
-13.63870000 2.57675000e-01
-13.60870000 2.59928000e-01
-13.57870000 2.62366000e-01
-13.54870000 2.65098000e-01
-13.51870000 2.68139000e-01
-13.48870000 2.71545000e-01
-13.45870000 2.75461000e-01
-13.42870000 2.80201000e-01
-13.39870000 2.86445000e-01
-13.36870000 2.95661000e-01
-13.33870000 3.09671000e-01
-13.30870000 3.23551000e-01
-13.27870000 3.24469000e-01
-13.24660000 3.24898000e-01
-13.21660000 3.29510000e-01
-13.18660000 3.28285000e-01
-13.15660000 3.28656000e-01
-13.12660000 3.30679000e-01
-13.09660000 3.32740000e-01
-13.06660000 3.37177000e-01
-13.03660000 3.43745000e-01
-13.00660000 3.52000000e-01
-12.97660000 3.61866000e-01
-12.94660000 3.73497000e-01
-12.91660000 3.87219000e-01
-12.88660000 4.03531000e-01
-12.85660000 4.23148000e-01
-12.82660000 4.47091000e-01
-12.79660000 4.76839000e-01
-12.76660000 5.14582000e-01
-12.73660000 5.63658000e-01
-12.70660000 6.29351000e-01
-12.67660000 7.20390000e-01
-12.64660000 8.51951000e-01
-12.61660000 1.05210000e+00
-12.58660000 1.37657000e+00
-12.55660000 1.94510000e+00
-12.52660000 3.03048000e+00
-12.49660000 5.18938000e+00
-12.46660000 8.38941000e+00
-12.43660000 8.35508000e+00
-12.40660000 5.16018000e+00
-12.37660000 3.03017000e+00
-12.34660000 1.96339000e+00
-12.31660000 1.40754000e+00
-12.28660000 1.09394000e+00
-12.25660000 9.04558000e-01
-12.22660000 7.84926000e-01
-12.19660000 7.07895000e-01
-12.16660000 6.54889000e-01
-12.13660000 6.14020000e-01
-12.10660000 5.80803000e-01
-12.07660000 5.56709000e-01
-12.04660000 5.40896000e-01
-12.01660000 5.31058000e-01
-11.98660000 5.25736000e-01
-11.95660000 5.24055000e-01
-11.92660000 5.25490000e-01
-11.89660000 5.30041000e-01
-11.86660000 5.38029000e-01
-11.83660000 5.50366000e-01
-11.80660000 5.69250000e-01
-11.77660000 5.97389000e-01
-11.74660000 6.23419000e-01
-11.71660000 6.31249000e-01
-11.68450000 6.44767000e-01
-11.65450000 6.69761000e-01
-11.62450000 7.05904000e-01
-11.59450000 7.55195000e-01
-11.56450000 8.23703000e-01
-11.53450000 9.19351000e-01
-11.50450000 1.02658000e+00
-11.47450000 1.11510000e+00
-11.44450000 1.22648000e+00
-11.41450000 1.40696000e+00
-11.38450000 1.68690000e+00
-11.35450000 2.12451000e+00
-11.32450000 2.84298000e+00
-11.29450000 4.11778000e+00
-11.26450000 6.57788000e+00
-11.23450000 1.12050000e+01
-11.20450000 1.56888000e+01
-11.17450000 1.28903000e+01
-11.14450000 8.75783000e+00
-11.11450000 7.17054000e+00
-11.08450000 7.91423000e+00
-11.05450000 1.12995000e+01
-11.02450000 1.52472000e+01
-10.99450000 1.23318000e+01
-10.96450000 7.35009000e+00
-10.93450000 4.52890000e+00
-10.90450000 3.09011000e+00
-10.87450000 2.30487000e+00
-10.84450000 1.84389000e+00
-10.81450000 1.56211000e+00
-10.78450000 1.38656000e+00
-10.75450000 1.26830000e+00
-10.72450000 1.20205000e+00
-10.69450000 1.20160000e+00
-10.66450000 1.20720000e+00
-10.63450000 1.12229000e+00
-10.60450000 1.05960000e+00
-10.57450000 1.07554000e+00
-10.54450000 1.09712000e+00
-10.51450000 1.03640000e+00
-10.48450000 1.00412000e+00
-10.45450000 1.03486000e+00
-10.42450000 1.10868000e+00
-10.39450000 1.11868000e+00
-10.36450000 1.06802000e+00
-10.33450000 1.07326000e+00
-10.30450000 1.16458000e+00
-10.27450000 1.38324000e+00
-10.24450000 1.52790000e+00
-10.21450000 1.31215000e+00
-10.18450000 1.10443000e+00
-10.15450000 1.01332000e+00
-10.12240000 9.85224000e-01
-10.09240000 1.00292000e+00
-10.06240000 1.06969000e+00
-10.03240000 1.21068000e+00
-10.00240000 1.43901000e+00
-9.97241000 1.52545000e+00
-9.94241000 1.40306000e+00
-9.91241000 1.36003000e+00
-9.88241000 1.43733000e+00
-9.85241000 1.63504000e+00
-9.82241000 2.01903000e+00
-9.79241000 2.77487000e+00
-9.76241000 4.26190000e+00
-9.73241000 6.26046000e+00
-9.70241000 5.94365000e+00
-9.67241000 3.96621000e+00
-9.64241000 2.75296000e+00
-9.61241000 2.19369000e+00
-9.58241000 1.96299000e+00
-9.55241000 1.91476000e+00
-9.52241000 2.00763000e+00
-9.49241000 2.24727000e+00
-9.46241000 2.62716000e+00
-9.43241000 3.27627000e+00
-9.40241000 4.35312000e+00
-9.37241000 5.65010000e+00
-9.34241000 6.18783000e+00
-9.31241000 6.47078000e+00
-9.28241000 8.04132000e+00
-9.25241000 1.08695000e+01
-9.22241000 1.27181000e+01
-9.19241000 9.79697000e+00
-9.16241000 6.68734000e+00
-9.13241000 5.37949000e+00
-9.10241000 5.23892000e+00
-9.07241000 5.25689000e+00
-9.04241000 4.68138000e+00
-9.01241000 4.60338000e+00
-8.98241000 5.35041000e+00
-8.95241000 5.58934000e+00
-8.92241000 4.51835000e+00
-8.89241000 3.71908000e+00
-8.86241000 3.41995000e+00
-8.83241000 3.41528000e+00
-8.80241000 3.61031000e+00
-8.77241000 3.99224000e+00
-8.74241000 4.60366000e+00
-8.71241000 5.56267000e+00
-8.68241000 7.13610000e+00
-8.65241000 9.89341000e+00
-8.62241000 1.46556000e+01
-8.59241000 2.01892000e+01
-8.56031000 2.26276000e+01
-8.53031000 2.51526000e+01
-8.50031000 3.49181000e+01
-8.47031000 5.63263000e+01
-8.44031000 7.32974000e+01
-8.41031000 5.53070000e+01
-8.38031000 3.55466000e+01
-8.35031000 2.73897000e+01
-8.32031000 2.32701000e+01
-8.29031000 1.81318000e+01
-8.26031000 1.53721000e+01
-8.23031000 1.61877000e+01
-8.20031000 1.85145000e+01
-8.17031000 1.71085000e+01
-8.14031000 1.37016000e+01
-8.11031000 1.17629000e+01
-8.08031000 1.15370000e+01
-8.05031000 1.29294000e+01
-8.02031000 1.67689000e+01
-7.99031000 2.54027000e+01
-7.96031000 4.28364000e+01
-7.93031000 6.21386000e+01
-7.90031000 5.14469000e+01
-7.87031000 3.05251000e+01
-7.84031000 1.88555000e+01
-7.81031000 1.34535000e+01
-7.78031000 1.06537000e+01
-7.75031000 8.32586000e+00
-7.72031000 6.74345000e+00
-7.69031000 5.76370000e+00
-7.66031000 5.07304000e+00
-7.63031000 4.74839000e+00
-7.60031000 4.80061000e+00
-7.57031000 5.18716000e+00
-7.54031000 5.83091000e+00
-7.51031000 7.18706000e+00
-7.48031000 8.13454000e+00
-7.45031000 6.87276000e+00
-7.42031000 5.81750000e+00
-7.39031000 5.73530000e+00
-7.36031000 5.92333000e+00
-7.33031000 6.25620000e+00
-7.30031000 6.59813000e+00
-7.27031000 5.85060000e+00
-7.24031000 5.31161000e+00
-7.21031000 5.57609000e+00
-7.18031000 6.57569000e+00
-7.15031000 7.53034000e+00
-7.12031000 6.81637000e+00
-7.09031000 5.93920000e+00
-7.06031000 5.83212000e+00
-7.03031000 6.46309000e+00
-6.99821000 8.20457000e+00
-6.96821000 1.14834000e+01
-6.93821000 1.54223000e+01
-6.90821000 1.44494000e+01
-6.87821000 1.16777000e+01
-6.84821000 1.09093000e+01
-6.81821000 1.22291000e+01
-6.78821000 1.62561000e+01
-6.75821000 2.37262000e+01
-6.72821000 2.88641000e+01
-6.69821000 2.68798000e+01
-6.66821000 2.41306000e+01
-6.63821000 2.41291000e+01
-6.60821000 2.85019000e+01
-6.57821000 3.94925000e+01
-6.54821000 5.81624000e+01
-6.51821000 7.27553000e+01
-6.48821000 5.66199000e+01
-6.45821000 3.78561000e+01
-6.42821000 3.04982000e+01
-6.39821000 2.88345000e+01
-6.36821000 2.48683000e+01
-6.33821000 2.23525000e+01
-6.30821000 2.42476000e+01
-6.27821000 2.94649000e+01
-6.24821000 3.08782000e+01
-6.21821000 2.87751000e+01
-6.18821000 2.53527000e+01
-6.15821000 2.05146000e+01
-6.12821000 1.77732000e+01
-6.09821000 1.75003000e+01
-6.06821000 1.98357000e+01
-6.03821000 2.51143000e+01
-6.00821000 3.51854000e+01
-5.97821000 4.97846000e+01
-5.94821000 5.12209000e+01
-5.91821000 4.23582000e+01
-5.88821000 3.78141000e+01
-5.85821000 3.85458000e+01
-5.82821000 4.51804000e+01
-5.79821000 5.64420000e+01
-5.76821000 7.07767000e+01
-5.73821000 8.84977000e+01
-5.70821000 8.25260000e+01
-5.67821000 6.39741000e+01
-5.64821000 5.86433000e+01
-5.61821000 6.93294000e+01
-5.58821000 9.26061000e+01
-5.55821000 1.12108000e+02
-5.52821000 1.06489000e+02
-5.49821000 7.44260000e+01
-5.46821000 5.27179000e+01
-5.43612000 4.43592000e+01
-5.40612000 4.55734000e+01
-5.37612000 5.22247000e+01
-5.34612000 5.85708000e+01
-5.31612000 5.85607000e+01
-5.28612000 6.33468000e+01
-5.25612000 8.00138000e+01
-5.22612000 8.70006000e+01
-5.19612000 7.78850000e+01
-5.16612000 7.56881000e+01
-5.13612000 9.02910000e+01
-5.10612000 1.09420000e+02
-5.07612000 1.13054000e+02
-5.04612000 1.24438000e+02
-5.01612000 1.55909000e+02
-4.98612000 1.72120000e+02
-4.95612000 1.65495000e+02
-4.92612000 1.41578000e+02
-4.89612000 1.22891000e+02
-4.86612000 1.23934000e+02
-4.83612000 1.57716000e+02
-4.80612000 2.05065000e+02
-4.77612000 2.09934000e+02
-4.74612000 1.69258000e+02
-4.71612000 1.44154000e+02
-4.68612000 1.44214000e+02
-4.65612000 1.64117000e+02
-4.62612000 1.95084000e+02
-4.59612000 2.06495000e+02
-4.56612000 1.57196000e+02
-4.53612000 1.09340000e+02
-4.50612000 8.94967000e+01
-4.47612000 9.03184000e+01
-4.44612000 1.02672000e+02
-4.41612000 1.04523000e+02
-4.38612000 9.86697000e+01
-4.35612000 9.43795000e+01
-4.32612000 1.03903000e+02
-4.29612000 1.23594000e+02
-4.26612000 1.28121000e+02
-4.23612000 1.37636000e+02
-4.20612000 1.70032000e+02
-4.17612000 2.08785000e+02
-4.14612000 2.31129000e+02
-4.11612000 2.56117000e+02
-4.08612000 3.17838000e+02
-4.05612000 3.51743000e+02
-4.02612000 3.24589000e+02
-3.99612000 2.93469000e+02
-3.96612000 2.74821000e+02
-3.93612000 2.77991000e+02
-3.90612000 2.96013000e+02
-3.87402000 3.20801000e+02
-3.84402000 4.03048000e+02
-3.81402000 4.71384000e+02
-3.78402000 3.79406000e+02
-3.75402000 2.88396000e+02
-3.72402000 2.49910000e+02
-3.69402000 2.21062000e+02
-3.66402000 2.24779000e+02
-3.63402000 2.74646000e+02
-3.60402000 4.00779000e+02
-3.57402000 5.36288000e+02
-3.54402000 4.73838000e+02
-3.51402000 3.34675000e+02
-3.48402000 2.45268000e+02
-3.45402000 2.13252000e+02
-3.42402000 2.07375000e+02
-3.39402000 1.91925000e+02
-3.36402000 1.48909000e+02
-3.33402000 1.11432000e+02
-3.30402000 9.72450000e+01
-3.27402000 1.03761000e+02
-3.24402000 1.30900000e+02
-3.21402000 1.64237000e+02
-3.18402000 1.53745000e+02
-3.15402000 1.22832000e+02
-3.12402000 1.08903000e+02
-3.09402000 1.13740000e+02
-3.06402000 1.24803000e+02
-3.03402000 1.57180000e+02
-3.00402000 2.31314000e+02
-2.97402000 3.05268000e+02
-2.94402000 3.15512000e+02
-2.91402000 2.95828000e+02
-2.88402000 2.25914000e+02
-2.85402000 1.81294000e+02
-2.82402000 1.86319000e+02
-2.79402000 1.97919000e+02
-2.76402000 1.62948000e+02
-2.73402000 1.31507000e+02
-2.70402000 1.05570000e+02
-2.67402000 8.18047000e+01
-2.64402000 6.90211000e+01
-2.61402000 6.85121000e+01
-2.58402000 8.14203000e+01
-2.55402000 9.86458000e+01
-2.52402000 9.46427000e+01
-2.49402000 8.45756000e+01
-2.46402000 8.06010000e+01
-2.43402000 8.15579000e+01
-2.40402000 8.76304000e+01
-2.37402000 1.10185000e+02
-2.34402000 1.67641000e+02
-2.31192000 2.77513000e+02
-2.28192000 3.05563000e+02
-2.25192000 2.05255000e+02
-2.22192000 1.27615000e+02
-2.19192000 9.15515000e+01
-2.16192000 7.74326000e+01
-2.13192000 7.88718000e+01
-2.10192000 9.94196000e+01
-2.07192000 1.34826000e+02
-2.04192000 1.35982000e+02
-2.01192000 9.72715000e+01
-1.98192000 6.71071000e+01
-1.95192000 5.31332000e+01
-1.92192000 4.54590000e+01
-1.89192000 3.93587000e+01
-1.86192000 3.71742000e+01
-1.83192000 3.83409000e+01
-1.80192000 4.14934000e+01
-1.77192000 5.16333000e+01
-1.74192000 6.73976000e+01
-1.71192000 7.28286000e+01
-1.68192000 7.08886000e+01
-1.65192000 7.54787000e+01
-1.62192000 8.45843000e+01
-1.59192000 8.17536000e+01
-1.56192000 8.53279000e+01
-1.53192000 1.08212000e+02
-1.50192000 1.20228000e+02
-1.47192000 1.00157000e+02
-1.44192000 9.02700000e+01
-1.41192000 8.55675000e+01
-1.38192000 6.61817000e+01
-1.35192000 4.61915000e+01
-1.32192000 3.62760000e+01
-1.29192000 3.29198000e+01
-1.26192000 3.33448000e+01
-1.23192000 3.87559000e+01
-1.20192000 5.27776000e+01
-1.17192000 7.31851000e+01
-1.14192000 7.65494000e+01
-1.11192000 6.41544000e+01
-1.08192000 5.74999000e+01
-1.05192000 5.73673000e+01
-1.02192000 5.01922000e+01
-0.99192300 4.42522000e+01
-0.96192300 4.83485000e+01
-0.93192300 6.30266000e+01
-0.90192300 8.23258000e+01
-0.87192300 9.11343000e+01
-0.84192300 9.07029000e+01
-0.81192300 7.47619000e+01
-0.78192300 5.77497000e+01
-0.74982700 4.89154000e+01
-0.71982700 4.62547000e+01
-0.68982700 5.27390000e+01
-0.65982700 6.41141000e+01
-0.62982700 6.81505000e+01
-0.59982700 6.80627000e+01
-0.56982700 5.70657000e+01
-0.53982700 4.35747000e+01
-0.50982700 3.15840000e+01
-0.47982700 2.43532000e+01
-0.44982700 2.15301000e+01
-0.41982700 2.18324000e+01
-0.38982700 2.44826000e+01
-0.35982700 2.87997000e+01
-0.32982700 3.43541000e+01
-0.29982700 4.39819000e+01
-0.26982700 5.82852000e+01
-0.23982700 6.83605000e+01
-0.20982700 7.08425000e+01
-0.17982700 8.05131000e+01
-0.14982700 8.53040000e+01
-0.11982700 6.80693000e+01
-0.08982650 4.92087000e+01
-0.05982650 3.71242000e+01
-0.02982650 3.08406000e+01
0.00017345 2.87096000e+01
0.03017350 2.70511000e+01
0.06017350 2.50627000e+01
0.09017350 2.39076000e+01
0.12017300 2.50026000e+01
0.15017300 2.86679000e+01
0.18017300 3.01280000e+01
0.21017300 2.77922000e+01
0.24017300 2.85480000e+01
0.27017300 3.19194000e+01
0.30017300 3.44370000e+01
0.33017300 3.70547000e+01
0.36017300 4.20902000e+01
0.39017300 5.50368000e+01
0.42017300 7.85053000e+01
0.45017300 9.46989000e+01
0.48017300 8.78710000e+01
0.51017300 9.41812000e+01
0.54017300 9.62473000e+01
0.57017300 6.81570000e+01
0.60017300 4.43354000e+01
0.63017300 3.20011000e+01
0.66017300 2.60867000e+01
0.69017300 2.17247000e+01
0.72017300 1.84030000e+01
0.75017300 1.71661000e+01
0.78017300 1.69021000e+01
