# E(MeV)  S_GAMTGAMT(K=1) for Lr329_DDPCX
-14.80870000 3.68354000e-03
-14.77870000 3.31110000e-03
-14.74870000 3.10443000e-03
-14.71870000 2.97033000e-03
-14.68870000 2.85833000e-03
-14.65870000 2.73475000e-03
-14.62870000 2.56155000e-03
-14.59870000 2.27195000e-03
-14.56870000 1.72976000e-03
-14.53870000 7.58853000e-04
-14.50870000 -4.27855000e-04
-14.47870000 -7.23116000e-04
-14.44870000 5.99821000e-04
-14.41870000 1.71133000e-03
-14.38870000 2.28962000e-03
-14.35870000 2.59436000e-03
-14.32870000 2.77110000e-03
-14.29870000 2.88400000e-03
-14.26870000 2.96258000e-03
-14.23870000 3.02154000e-03
-14.20870000 3.06879000e-03
-14.17870000 3.10896000e-03
-14.14870000 3.14494000e-03
-14.11870000 3.17871000e-03
-14.08870000 3.21181000e-03
-14.05870000 3.24560000e-03
-14.02870000 3.28148000e-03
-13.99870000 3.32111000e-03
-13.96870000 3.36680000e-03
-13.93870000 3.42194000e-03
-13.90870000 3.49206000e-03
-13.87870000 3.58678000e-03
-13.84870000 3.72418000e-03
-13.81870000 3.94121000e-03
-13.78870000 4.31932000e-03
-13.75870000 5.03976000e-03
-13.72870000 6.33744000e-03
-13.69870000 7.31618000e-03
-13.66870000 6.46780000e-03
-13.63870000 5.67865000e-03
-13.60870000 5.52001000e-03
-13.57870000 5.66550000e-03
-13.54870000 6.24478000e-03
-13.51870000 6.12419000e-03
-13.48870000 5.14092000e-03
-13.45870000 4.48031000e-03
-13.42870000 4.15092000e-03
-13.39870000 3.98628000e-03
-13.36870000 3.90237000e-03
-13.33870000 3.85621000e-03
-13.30870000 3.83377000e-03
-13.27870000 3.83061000e-03
-13.24660000 3.84332000e-03
-13.21660000 3.86795000e-03
-13.18660000 3.90504000e-03
-13.15660000 3.95736000e-03
-13.12660000 4.03197000e-03
-13.09660000 4.14257000e-03
-13.06660000 4.28553000e-03
-13.03660000 4.37601000e-03
-13.00660000 4.44798000e-03
-12.97660000 4.58758000e-03
-12.94660000 4.81418000e-03
-12.91660000 5.15805000e-03
-12.88660000 5.68934000e-03
-12.85660000 6.55630000e-03
-12.82660000 8.08397000e-03
-12.79660000 1.10127000e-02
-12.76660000 1.67229000e-02
-12.73660000 2.39517000e-02
-12.70660000 2.23829000e-02
-12.67660000 1.61423000e-02
-12.64660000 1.22965000e-02
-12.61660000 1.01201000e-02
-12.58660000 8.07534000e-03
-12.55660000 6.75980000e-03
-12.52660000 6.08606000e-03
-12.49660000 5.78456000e-03
-12.46660000 5.73887000e-03
-12.43660000 5.94823000e-03
-12.40660000 6.53457000e-03
-12.37660000 7.84011000e-03
-12.34660000 1.04661000e-02
-12.31660000 1.32766000e-02
-12.28660000 1.15539000e-02
-12.25660000 8.45754000e-03
-12.22660000 6.73515000e-03
-12.19660000 5.89776000e-03
-12.16660000 5.48832000e-03
-12.13660000 5.31066000e-03
-12.10660000 5.29152000e-03
-12.07660000 5.37023000e-03
-12.04660000 5.50824000e-03
-12.01660000 5.86470000e-03
-11.98660000 6.67698000e-03
-11.95660000 8.22241000e-03
-11.92660000 9.39893000e-03
-11.89660000 8.22024000e-03
-11.86660000 6.95937000e-03
-11.83660000 6.50976000e-03
-11.80660000 6.69500000e-03
-11.77660000 7.58402000e-03
-11.74660000 9.17482000e-03
-11.71660000 9.49283000e-03
-11.68450000 8.05575000e-03
-11.65450000 7.33028000e-03
-11.62450000 7.36714000e-03
-11.59450000 8.11122000e-03
-11.56450000 9.54714000e-03
-11.53450000 1.18950000e-02
-11.50450000 1.28455000e-02
-11.47450000 1.17961000e-02
-11.44450000 1.08480000e-02
-11.41450000 1.01608000e-02
-11.38450000 1.07265000e-02
-11.35450000 1.17478000e-02
-11.32450000 1.05582000e-02
-11.29450000 9.14153000e-03
-11.26450000 9.00475000e-03
-11.23450000 9.70438000e-03
-11.20450000 9.46263000e-03
-11.17450000 8.60731000e-03
-11.14450000 8.35529000e-03
-11.11450000 8.79319000e-03
-11.08450000 1.00241000e-02
-11.05450000 1.25034000e-02
-11.02450000 1.73365000e-02
-10.99450000 2.37212000e-02
-10.96450000 2.54108000e-02
-10.93450000 2.60895000e-02
-10.90450000 2.29635000e-02
-10.87450000 1.66470000e-02
-10.84450000 1.30900000e-02
-10.81450000 1.17940000e-02
-10.78450000 1.15088000e-02
-10.75450000 1.19588000e-02
-10.72450000 1.37157000e-02
-10.69450000 1.72773000e-02
-10.66450000 2.23181000e-02
-10.63450000 2.91562000e-02
-10.60450000 3.69434000e-02
-10.57450000 4.06792000e-02
-10.54450000 4.62465000e-02
-10.51450000 4.25193000e-02
-10.48450000 3.02500000e-02
-10.45450000 2.29468000e-02
-10.42450000 2.12021000e-02
-10.39450000 1.98300000e-02
-10.36450000 1.68682000e-02
-10.33450000 1.41579000e-02
-10.30450000 1.22145000e-02
-10.27450000 1.15902000e-02
-10.24450000 1.21725000e-02
-10.21450000 1.41970000e-02
-10.18450000 1.60784000e-02
-10.15450000 1.46635000e-02
-10.12240000 1.14276000e-02
-10.09240000 9.72975000e-03
-10.06240000 9.16680000e-03
-10.03240000 9.11962000e-03
-10.00240000 9.00759000e-03
-9.97241000 9.23104000e-03
-9.94241000 1.02416000e-02
-9.91241000 1.12064000e-02
-9.88241000 1.15964000e-02
-9.85241000 1.29563000e-02
-9.82241000 1.45085000e-02
-9.79241000 1.65105000e-02
-9.76241000 1.94765000e-02
-9.73241000 1.93710000e-02
-9.70241000 1.49492000e-02
-9.67241000 1.11449000e-02
-9.64241000 9.15231000e-03
-9.61241000 8.18045000e-03
-9.58241000 7.73982000e-03
-9.55241000 7.56715000e-03
-9.52241000 7.44831000e-03
-9.49241000 7.31922000e-03
-9.46241000 7.27510000e-03
-9.43241000 7.30825000e-03
-9.40241000 7.27896000e-03
-9.37241000 7.39435000e-03
-9.34241000 7.61996000e-03
-9.31241000 7.63514000e-03
-9.28241000 7.37908000e-03
-9.25241000 7.18714000e-03
-9.22241000 7.15559000e-03
-9.19241000 7.24795000e-03
-9.16241000 7.49185000e-03
-9.13241000 7.90762000e-03
-9.10241000 8.53268000e-03
-9.07241000 9.55860000e-03
-9.04241000 1.12898000e-02
-9.01241000 1.41290000e-02
-8.98241000 1.60970000e-02
-8.95241000 1.45039000e-02
-8.92241000 1.32178000e-02
-8.89241000 1.34672000e-02
-8.86241000 1.56534000e-02
-8.83241000 1.75409000e-02
-8.80241000 1.57249000e-02
-8.77241000 1.36384000e-02
-8.74241000 1.34816000e-02
-8.71241000 1.54368000e-02
-8.68241000 1.89406000e-02
-8.65241000 2.00261000e-02
-8.62241000 1.96215000e-02
-8.59241000 2.28919000e-02
-8.56031000 3.25195000e-02
-8.53031000 4.06275000e-02
-8.50031000 3.25871000e-02
-8.47031000 2.18906000e-02
-8.44031000 1.61478000e-02
-8.41031000 1.33078000e-02
-8.38031000 1.18239000e-02
-8.35031000 1.09021000e-02
-8.32031000 1.04027000e-02
-8.29031000 1.02143000e-02
-8.26031000 1.00529000e-02
-8.23031000 1.01794000e-02
-8.20031000 1.04439000e-02
-8.17031000 1.04378000e-02
-8.14031000 1.03640000e-02
-8.11031000 1.04169000e-02
-8.08031000 1.05624000e-02
-8.05031000 1.10838000e-02
-8.02031000 1.16726000e-02
-7.99031000 1.25314000e-02
-7.96031000 1.46269000e-02
-7.93031000 1.87950000e-02
-7.90031000 2.50978000e-02
-7.87031000 2.74681000e-02
-7.84031000 2.33809000e-02
-7.81031000 1.96309000e-02
-7.78031000 1.76772000e-02
-7.75031000 1.62141000e-02
-7.72031000 1.48622000e-02
-7.69031000 1.39888000e-02
-7.66031000 1.37140000e-02
-7.63031000 1.45704000e-02
-7.60031000 1.67514000e-02
-7.57031000 2.08730000e-02
-7.54031000 2.76260000e-02
-7.51031000 2.95660000e-02
-7.48031000 2.40305000e-02
-7.45031000 1.99935000e-02
-7.42031000 1.76255000e-02
-7.39031000 1.66730000e-02
-7.36031000 1.76723000e-02
-7.33031000 2.09601000e-02
-7.30031000 2.69998000e-02
-7.27031000 3.60065000e-02
-7.24031000 4.27321000e-02
-7.21031000 3.88661000e-02
-7.18031000 3.06722000e-02
-7.15031000 2.64356000e-02
-7.12031000 2.54989000e-02
-7.09031000 2.42699000e-02
-7.06031000 2.46654000e-02
-7.03031000 2.70009000e-02
-6.99821000 2.72678000e-02
-6.96821000 2.34707000e-02
-6.93821000 2.08168000e-02
-6.90821000 1.99020000e-02
-6.87821000 1.84998000e-02
-6.84821000 1.76176000e-02
-6.81821000 1.78086000e-02
-6.78821000 1.86289000e-02
-6.75821000 2.06599000e-02
-6.72821000 2.45569000e-02
-6.69821000 2.96442000e-02
-6.66821000 3.19654000e-02
-6.63821000 3.27190000e-02
-6.60821000 3.53359000e-02
-6.57821000 3.41134000e-02
-6.54821000 2.94589000e-02
-6.51821000 2.88279000e-02
-6.48821000 3.32489000e-02
-6.45821000 4.19496000e-02
-6.42821000 4.68027000e-02
-6.39821000 4.66379000e-02
-6.36821000 5.49745000e-02
-6.33821000 7.56974000e-02
-6.30821000 9.19388000e-02
-6.27821000 7.69921000e-02
-6.24821000 5.55559000e-02
-6.21821000 4.12149000e-02
-6.18821000 3.25956000e-02
-6.15821000 2.83283000e-02
-6.12821000 2.54166000e-02
-6.09821000 2.33513000e-02
-6.06821000 2.27646000e-02
-6.03821000 2.29984000e-02
-6.00821000 2.42460000e-02
-5.97821000 2.61132000e-02
-5.94821000 2.73856000e-02
-5.91821000 2.76591000e-02
-5.88821000 2.78806000e-02
-5.85821000 2.84005000e-02
-5.82821000 2.72556000e-02
-5.79821000 2.46085000e-02
-5.76821000 2.31854000e-02
-5.73821000 2.41125000e-02
-5.70821000 2.71809000e-02
-5.67821000 3.03511000e-02
-5.64821000 3.49128000e-02
-5.61821000 3.91028000e-02
-5.58821000 3.97017000e-02
-5.55821000 4.12104000e-02
-5.52821000 4.75717000e-02
-5.49821000 6.31122000e-02
-5.46821000 7.91083000e-02
-5.43612000 6.89971000e-02
-5.40612000 5.09104000e-02
-5.37612000 3.87374000e-02
-5.34612000 3.27061000e-02
-5.31612000 3.07024000e-02
-5.28612000 2.81200000e-02
-5.25612000 2.48115000e-02
-5.22612000 2.30910000e-02
-5.19612000 2.33243000e-02
-5.16612000 2.50482000e-02
-5.13612000 2.70161000e-02
-5.10612000 2.82062000e-02
-5.07612000 2.84005000e-02
-5.04612000 2.92203000e-02
-5.01612000 3.31754000e-02
-4.98612000 4.22253000e-02
-4.95612000 5.01127000e-02
-4.92612000 4.64522000e-02
-4.89612000 4.26629000e-02
-4.86612000 4.35559000e-02
-4.83612000 4.53245000e-02
-4.80612000 4.51945000e-02
-4.77612000 5.05534000e-02
-4.74612000 6.66726000e-02
-4.71612000 9.22918000e-02
-4.68612000 1.11095000e-01
-4.65612000 9.21883000e-02
-4.62612000 6.31341000e-02
-4.59612000 4.53515000e-02
-4.56612000 3.65758000e-02
-4.53612000 3.22065000e-02
-4.50612000 3.01165000e-02
-4.47612000 2.84977000e-02
-4.44612000 2.71379000e-02
-4.41612000 2.64942000e-02
-4.38612000 2.58717000e-02
-4.35612000 2.60301000e-02
-4.32612000 2.74576000e-02
-4.29612000 2.97316000e-02
-4.26612000 3.17896000e-02
-4.23612000 3.59709000e-02
-4.20612000 4.55977000e-02
-4.17612000 5.92225000e-02
-4.14612000 5.92290000e-02
-4.11612000 4.66746000e-02
-4.08612000 3.86569000e-02
-4.05612000 3.48862000e-02
-4.02612000 3.33746000e-02
-3.99612000 3.39112000e-02
-3.96612000 3.64850000e-02
-3.93612000 3.78523000e-02
-3.90612000 3.51284000e-02
-3.87402000 3.30984000e-02
-3.84402000 3.35762000e-02
-3.81402000 3.52507000e-02
-3.78402000 3.82297000e-02
-3.75402000 4.11069000e-02
-3.72402000 4.40237000e-02
-3.69402000 4.42036000e-02
-3.66402000 4.47526000e-02
-3.63402000 4.96233000e-02
-3.60402000 5.78606000e-02
-3.57402000 6.11185000e-02
-3.54402000 5.81316000e-02
-3.51402000 5.30364000e-02
-3.48402000 5.26463000e-02
-3.45402000 5.53523000e-02
-3.42402000 5.44966000e-02
-3.39402000 5.22438000e-02
-3.36402000 5.29332000e-02
-3.33402000 5.51993000e-02
-3.30402000 5.70852000e-02
-3.27402000 6.11807000e-02
-3.24402000 6.49509000e-02
-3.21402000 6.53950000e-02
-3.18402000 6.54827000e-02
-3.15402000 6.91915000e-02
-3.12402000 7.55384000e-02
-3.09402000 8.37549000e-02
-3.06402000 9.85468000e-02
-3.03402000 1.28061000e-01
-3.00402000 1.82515000e-01
-2.97402000 2.30494000e-01
-2.94402000 1.98088000e-01
-2.91402000 1.59173000e-01
-2.88402000 1.45114000e-01
-2.85402000 1.39124000e-01
-2.82402000 1.39342000e-01
-2.79402000 1.52796000e-01
-2.76402000 1.83019000e-01
-2.73402000 2.26192000e-01
-2.70402000 2.70670000e-01
-2.67402000 3.32321000e-01
-2.64402000 4.32120000e-01
-2.61402000 5.99746000e-01
-2.58402000 9.31593000e-01
-2.55402000 1.43264000e+00
-2.52402000 1.57117000e+00
-2.49402000 1.14853000e+00
-2.46402000 7.99534000e-01
-2.43402000 6.52343000e-01
-2.40402000 6.05111000e-01
-2.37402000 6.39096000e-01
-2.34402000 8.05502000e-01
-2.31192000 1.26088000e+00
-2.28192000 2.03043000e+00
-2.25192000 2.33116000e+00
-2.22192000 1.67372000e+00
-2.19192000 1.04016000e+00
-2.16192000 6.68768000e-01
-2.13192000 4.76661000e-01
-2.10192000 3.72115000e-01
-2.07192000 3.08480000e-01
-2.04192000 2.68925000e-01
-2.01192000 2.51262000e-01
-1.98192000 2.48241000e-01
-1.95192000 2.53396000e-01
-1.92192000 2.78967000e-01
-1.89192000 3.37916000e-01
-1.86192000 4.19540000e-01
-1.83192000 4.34001000e-01
-1.80192000 4.26992000e-01
-1.77192000 4.90660000e-01
-1.74192000 6.62054000e-01
-1.71192000 1.00248000e+00
-1.68192000 1.38240000e+00
-1.65192000 1.26496000e+00
-1.62192000 9.90123000e-01
-1.59192000 9.31510000e-01
-1.56192000 1.10022000e+00
-1.53192000 1.57726000e+00
-1.50192000 2.31191000e+00
-1.47192000 2.48183000e+00
-1.44192000 1.90723000e+00
-1.41192000 1.54953000e+00
-1.38192000 1.38307000e+00
-1.35192000 1.40507000e+00
-1.32192000 1.48686000e+00
-1.29192000 1.45020000e+00
-1.26192000 1.63350000e+00
-1.23192000 2.21301000e+00
-1.20192000 3.44047000e+00
-1.17192000 5.53933000e+00
-1.14192000 6.10175000e+00
-1.11192000 4.05431000e+00
-1.08192000 2.45987000e+00
-1.05192000 1.66385000e+00
-1.02192000 1.27252000e+00
-0.99192300 1.11712000e+00
-0.96192300 1.14395000e+00
-0.93192300 1.35115000e+00
-0.90192300 1.80499000e+00
-0.87192300 2.72974000e+00
-0.84192300 4.08465000e+00
-0.81192300 4.32944000e+00
-0.78192300 3.53168000e+00
-0.74982700 2.54098000e+00
-0.71982700 1.69878000e+00
-0.68982700 1.16870000e+00
-0.65982700 9.06599000e-01
-0.62982700 8.16273000e-01
-0.59982700 8.56506000e-01
-0.56982700 1.03734000e+00
-0.53982700 1.44278000e+00
-0.50982700 1.97483000e+00
-0.47982700 1.82417000e+00
-0.44982700 1.32148000e+00
-0.41982700 1.10018000e+00
-0.38982700 1.04997000e+00
-0.35982700 1.00752000e+00
-0.32982700 9.64639000e-01
-0.29982700 7.65668000e-01
-0.26982700 5.59259000e-01
-0.23982700 4.35705000e-01
-0.20982700 3.69288000e-01
-0.17982700 3.26890000e-01
-0.14982700 2.92170000e-01
-0.11982700 2.63753000e-01
-0.08982650 2.34103000e-01
-0.05982650 2.10568000e-01
-0.02982650 2.00609000e-01
0.00017345 2.01527000e-01
0.03017350 2.07467000e-01
0.06017350 2.12914000e-01
0.09017350 2.25598000e-01
0.12017300 2.53498000e-01
0.15017300 3.04420000e-01
0.18017300 3.51101000e-01
0.21017300 3.61107000e-01
0.24017300 3.68948000e-01
0.27017300 4.17668000e-01
0.30017300 5.27551000e-01
0.33017300 6.75150000e-01
0.36017300 7.82912000e-01
0.39017300 9.70051000e-01
0.42017300 1.41809000e+00
0.45017300 2.01619000e+00
0.48017300 2.10113000e+00
0.51017300 1.93495000e+00
0.54017300 1.70932000e+00
0.57017300 1.44666000e+00
0.60017300 1.18924000e+00
0.63017300 1.05027000e+00
0.66017300 1.00158000e+00
0.69017300 9.78644000e-01
0.72017300 8.72513000e-01
0.75017300 7.04386000e-01
0.78017300 5.77287000e-01
