# E(MeV)  S_NSDRNSDR(Total=K0+2*K1) for Lr329_DDPCX
-14.80870000 5.94364000e-01
-14.77870000 5.98303000e-01
-14.74870000 6.02277000e-01
-14.71870000 6.06292000e-01
-14.68870000 6.10345000e-01
-14.65870000 6.14442000e-01
-14.62870000 6.18583000e-01
-14.59870000 6.22774000e-01
-14.56870000 6.27014000e-01
-14.53870000 6.31304000e-01
-14.50870000 6.35652000e-01
-14.47870000 6.40057000e-01
-14.44870000 6.44521000e-01
-14.41870000 6.49050000e-01
-14.38870000 6.53644000e-01
-14.35870000 6.58306000e-01
-14.32870000 6.63041000e-01
-14.29870000 6.67850000e-01
-14.26870000 6.72739000e-01
-14.23870000 6.77710000e-01
-14.20870000 6.82766000e-01
-14.17870000 6.87914000e-01
-14.14870000 6.93157000e-01
-14.11870000 6.98500000e-01
-14.08870000 7.03948000e-01
-14.05870000 7.09507000e-01
-14.02870000 7.15185000e-01
-13.99870000 7.20989000e-01
-13.96870000 7.26927000e-01
-13.93870000 7.33007000e-01
-13.90870000 7.39242000e-01
-13.87870000 7.45646000e-01
-13.84870000 7.52238000e-01
-13.81870000 7.59041000e-01
-13.78870000 7.66091000e-01
-13.75870000 7.73454000e-01
-13.72870000 7.81248000e-01
-13.69870000 7.89667000e-01
-13.66870000 7.98543000e-01
-13.63870000 8.07014000e-01
-13.60870000 8.15280000e-01
-13.57870000 8.24006000e-01
-13.54870000 8.33813000e-01
-13.51870000 8.44905000e-01
-13.48870000 8.57673000e-01
-13.45870000 8.72985000e-01
-13.42870000 8.92675000e-01
-13.39870000 9.20758000e-01
-13.36870000 9.66210000e-01
-13.33870000 1.04304300e+00
-13.30870000 1.12372600e+00
-13.27870000 1.10292200e+00
-13.24660000 1.05438500e+00
-13.21660000 1.04213000e+00
-13.18660000 1.03471800e+00
-13.15660000 1.03905600e+00
-13.12660000 1.04255900e+00
-13.09660000 1.04220800e+00
-13.06660000 1.05016000e+00
-13.03660000 1.06525000e+00
-13.00660000 1.08529200e+00
-12.97660000 1.10950600e+00
-12.94660000 1.13792100e+00
-12.91660000 1.17106900e+00
-12.88660000 1.20990900e+00
-12.85660000 1.25589100e+00
-12.82660000 1.31113000e+00
-12.79660000 1.37873400e+00
-12.76660000 1.46335700e+00
-12.73660000 1.57218900e+00
-12.70660000 1.71682500e+00
-12.67660000 1.91693300e+00
-12.64660000 2.20789400e+00
-12.61660000 2.65585500e+00
-12.58660000 3.36915200e+00
-12.55660000 4.50927800e+00
-12.52660000 6.63361300e+00
-12.49660000 1.09255600e+01
-12.46660000 1.73181940e+01
-12.43660000 1.72511800e+01
-12.40660000 1.08676600e+01
-12.37660000 6.61658400e+00
-12.34660000 4.49360200e+00
-12.31660000 3.39378400e+00
-12.28660000 2.77965900e+00
-12.25660000 2.41506000e+00
-12.22660000 2.19101200e+00
-12.19660000 2.05322700e+00
-12.16660000 1.96459500e+00
-12.13660000 1.90140800e+00
-12.10660000 1.85478600e+00
-12.07660000 1.82779000e+00
-12.04660000 1.81889400e+00
-12.01660000 1.82371100e+00
-11.98660000 1.83960500e+00
-11.95660000 1.86463100e+00
-11.92660000 1.89724000e+00
-11.89660000 1.93857700e+00
-11.86660000 1.99002700e+00
-11.83660000 2.05389600e+00
-11.80660000 2.13542400e+00
-11.77660000 2.24159800e+00
-11.74660000 2.35286800e+00
-11.71660000 2.44355800e+00
-11.68450000 2.57528400e+00
-11.65450000 2.70722200e+00
-11.62450000 2.81978800e+00
-11.59450000 2.97409000e+00
-11.56450000 3.18229600e+00
-11.53450000 3.46347200e+00
-11.50450000 3.78591000e+00
-11.47450000 4.08085000e+00
-11.44450000 4.43714000e+00
-11.41450000 4.95474000e+00
-11.38450000 5.70061000e+00
-11.35450000 6.79614000e+00
-11.32450000 8.49492000e+00
-11.29450000 1.13583400e+01
-11.26450000 1.66585400e+01
-11.23450000 2.63795900e+01
-11.20450000 3.59332300e+01
-11.17450000 3.10898100e+01
-11.14450000 2.38023100e+01
-11.11450000 2.18521100e+01
-11.08450000 2.49639000e+01
-11.05450000 3.40595000e+01
-11.02450000 4.54004000e+01
-10.99450000 4.49266000e+01
-10.96450000 4.38127800e+01
-10.93450000 5.39675000e+01
-10.90450000 8.15718200e+01
-10.87450000 1.39556740e+02
-10.84450000 2.11028780e+02
-10.81450000 1.82232220e+02
-10.78450000 1.06293120e+02
-10.75450000 6.17723000e+01
-10.72450000 3.95643000e+01
-10.69450000 2.79881000e+01
-10.66450000 2.16008000e+01
-10.63450000 1.75274800e+01
-10.60450000 1.48631000e+01
-10.57450000 1.32678800e+01
-10.54450000 1.15718500e+01
-10.51450000 1.00502500e+01
-10.48450000 9.14633000e+00
-10.45450000 8.76209000e+00
-10.42450000 8.69240000e+00
-10.39450000 8.62791000e+00
-10.36450000 8.64639000e+00
-10.33450000 9.02035000e+00
-10.30450000 9.84027000e+00
-10.27450000 1.12183400e+01
-10.24450000 1.28317600e+01
-10.21450000 1.43998000e+01
-10.18450000 1.71032600e+01
-10.15450000 2.19536400e+01
-10.12240000 3.13130480e+01
-10.09240000 4.79179400e+01
-10.06240000 7.98470800e+01
-10.03240000 1.33304360e+02
-10.00240000 1.82726020e+02
-9.97241000 1.47172900e+02
-9.94241000 8.72085200e+01
-9.91241000 5.40612600e+01
-9.88241000 3.58411600e+01
-9.85241000 2.54605800e+01
-9.82241000 2.00220600e+01
-9.79241000 1.77497400e+01
-9.76241000 1.81699600e+01
-9.73241000 2.03889900e+01
-9.70241000 1.85155900e+01
-9.67241000 1.36791200e+01
-9.64241000 1.06239700e+01
-9.61241000 9.08767000e+00
-9.58241000 8.41657000e+00
-9.55241000 8.36723000e+00
-9.52241000 8.99338000e+00
-9.49241000 1.02994000e+01
-9.46241000 1.16158200e+01
-9.43241000 1.33037900e+01
-9.40241000 1.47194900e+01
-9.37241000 1.63215900e+01
-9.34241000 1.70227500e+01
-9.31241000 1.76314900e+01
-9.28241000 2.14058900e+01
-9.25241000 2.87551000e+01
-9.22241000 3.61578000e+01
-9.19241000 3.61506400e+01
-9.16241000 3.03984800e+01
-9.13241000 2.20578800e+01
-9.10241000 1.76467300e+01
-9.07241000 1.54455500e+01
-9.04241000 1.31386700e+01
-9.01241000 1.23681100e+01
-8.98241000 1.34862600e+01
-8.95241000 1.37606700e+01
-8.92241000 1.14732600e+01
-8.89241000 9.67288000e+00
-8.86241000 8.94726000e+00
-8.83241000 8.94596000e+00
-8.80241000 9.48434000e+00
-8.77241000 1.03163800e+01
-8.74241000 1.13176200e+01
-8.71241000 1.30549100e+01
-8.68241000 1.61330900e+01
-8.65241000 2.16345100e+01
-8.62241000 3.11899800e+01
-8.59241000 4.23071900e+01
-8.56031000 4.72111400e+01
-8.53031000 5.23339100e+01
-8.50031000 7.20104600e+01
-8.47031000 1.15067680e+02
-8.44031000 1.49402190e+02
-8.41031000 1.14083810e+02
-8.38031000 7.57478300e+01
-8.35031000 6.16711000e+01
-8.32031000 5.77533000e+01
-8.29031000 5.26663000e+01
-8.26031000 4.50047000e+01
-8.23031000 4.12038700e+01
-8.20031000 4.27027700e+01
-8.17031000 3.83379900e+01
-8.14031000 3.07353700e+01
-8.11031000 2.64547200e+01
-8.08031000 2.57879100e+01
-8.05031000 2.84039900e+01
-8.02031000 3.59843500e+01
-7.99031000 5.32368000e+01
-7.96031000 8.81538600e+01
-7.93031000 1.26843140e+02
-7.90031000 1.05558480e+02
-7.87031000 6.38765900e+01
-7.84031000 4.07973700e+01
-7.81031000 3.03916800e+01
-7.78031000 2.54109100e+01
-7.75031000 2.17666100e+01
-7.72031000 2.03834600e+01
-7.69031000 2.18392000e+01
-7.66031000 2.71280800e+01
-7.63031000 3.49559800e+01
-7.60031000 3.26290200e+01
-7.57031000 2.48664200e+01
-7.54031000 2.10925000e+01
-7.51031000 2.13967500e+01
-7.48031000 2.21758500e+01
-7.45031000 1.92218600e+01
-7.42031000 1.71572000e+01
-7.39031000 1.75146800e+01
-7.36031000 1.88713300e+01
-7.33031000 2.10101400e+01
-7.30031000 2.36254600e+01
-7.27031000 2.35245000e+01
-7.24031000 2.21290200e+01
-7.21031000 2.19284800e+01
-7.18031000 2.45627800e+01
-7.15031000 2.89011800e+01
-7.12031000 3.28809400e+01
-7.09031000 4.04612000e+01
-7.06031000 4.71908400e+01
-7.03031000 5.17006800e+01
-6.99821000 6.59319400e+01
-6.96821000 7.65688000e+01
-6.93821000 7.80934000e+01
-6.90821000 8.14334000e+01
-6.87821000 9.32936000e+01
-6.84821000 8.82975000e+01
-6.81821000 6.82468000e+01
-6.78821000 6.28077000e+01
-6.75821000 7.27800000e+01
-6.72821000 8.23406000e+01
-6.69821000 8.08595000e+01
-6.66821000 7.42914000e+01
-6.63821000 6.78644000e+01
-6.60821000 7.22931000e+01
-6.57821000 9.26551000e+01
-6.54821000 1.30369600e+02
-6.51821000 1.62145500e+02
-6.48821000 1.35859800e+02
-6.45821000 1.05653200e+02
-6.42821000 8.90225000e+01
-6.39821000 8.01193000e+01
-6.36821000 6.92384000e+01
-6.33821000 6.37065000e+01
-6.30821000 6.72781000e+01
-6.27821000 7.84348000e+01
-6.24821000 8.39698000e+01
-6.21821000 8.46200000e+01
-6.18821000 8.57145000e+01
-6.15821000 9.02616000e+01
-6.12821000 1.06662200e+02
-6.09821000 1.17164100e+02
-6.06821000 1.26165700e+02
-6.03821000 1.65636600e+02
-6.00821000 2.57150800e+02
-5.97821000 3.70802200e+02
-5.94821000 3.31035800e+02
-5.91821000 2.20343400e+02
-5.88821000 1.58322500e+02
-5.85821000 1.34054900e+02
-5.82821000 1.33990600e+02
-5.79821000 1.49771800e+02
-5.76821000 1.76268100e+02
-5.73821000 2.13668400e+02
-5.70821000 2.08397500e+02
-5.67821000 1.81212900e+02
-5.64821000 1.81452700e+02
-5.61821000 2.24383600e+02
-5.58821000 2.90624200e+02
-5.55821000 3.23729200e+02
-5.52821000 3.11608600e+02
-5.49821000 2.75338000e+02
-5.46821000 3.02925800e+02
-5.43612000 3.78097400e+02
-5.40612000 3.36894800e+02
-5.37612000 2.64943400e+02
-5.34612000 2.30903600e+02
-5.31612000 2.02588900e+02
-5.28612000 1.96565000e+02
-5.25612000 2.23132800e+02
-5.22612000 2.39018900e+02
-5.19612000 2.35453400e+02
-5.16612000 2.67511200e+02
-5.13612000 3.70162000e+02
-5.10612000 4.78611000e+02
-5.07612000 4.31933000e+02
-5.04612000 3.76231000e+02
-5.01612000 3.98345200e+02
-4.98612000 4.13737300e+02
-4.95612000 3.98044500e+02
-4.92612000 3.61464800e+02
-4.89612000 3.52337000e+02
-4.86612000 3.94475000e+02
-4.83612000 5.05827000e+02
-4.80612000 5.73740000e+02
-4.77612000 5.20792000e+02
-4.74612000 4.02500600e+02
-4.71612000 3.33664700e+02
-4.68612000 3.23840100e+02
-4.65612000 3.58441200e+02
-4.62612000 4.17988000e+02
-4.59612000 4.40421500e+02
-4.56612000 3.43451500e+02
-4.53612000 2.51633100e+02
-4.50612000 2.14614600e+02
-4.47612000 2.13322500e+02
-4.44612000 2.36266600e+02
-4.41612000 2.41223000e+02
-4.38612000 2.32917100e+02
-4.35612000 2.28911400e+02
-4.32612000 2.55269000e+02
-4.29612000 3.07749700e+02
-4.26612000 3.29638700e+02
-4.23612000 3.50587100e+02
-4.20612000 4.22540700e+02
-4.17612000 5.22424000e+02
-4.14612000 6.04941000e+02
-4.11612000 7.08608000e+02
-4.08612000 9.10970000e+02
-4.05612000 1.10708200e+03
-4.02612000 1.17149300e+03
-3.99612000 1.05560600e+03
-3.96612000 9.68814000e+02
-3.93612000 9.25949000e+02
-3.90612000 8.74510000e+02
-3.87402000 9.00638000e+02
-3.84402000 1.10172300e+03
-3.81402000 1.24101600e+03
-3.78402000 1.05529600e+03
-3.75402000 9.52850000e+02
-3.72402000 9.94904000e+02
-3.69402000 9.63350000e+02
-3.66402000 1.03824800e+03
-3.63402000 1.24212700e+03
-3.60402000 1.33466800e+03
-3.57402000 1.38721100e+03
-3.54402000 1.14072000e+03
-3.51402000 7.99592000e+02
-3.48402000 5.85533300e+02
-3.45402000 5.00216500e+02
-3.42402000 4.75440400e+02
-3.39402000 4.35879000e+02
-3.36402000 3.42924400e+02
-3.33402000 2.63097900e+02
-3.30402000 2.31942400e+02
-3.27402000 2.44361400e+02
-3.24402000 3.00633400e+02
-3.21402000 3.73051700e+02
-3.18402000 3.64214700e+02
-3.15402000 3.24626100e+02
-3.12402000 3.13410300e+02
-3.09402000 3.16533200e+02
-3.06402000 3.42761500e+02
-3.03402000 4.37764000e+02
-3.00402000 6.48573000e+02
-2.97402000 8.68867000e+02
-2.94402000 8.75622000e+02
-2.91402000 7.84462000e+02
-2.88402000 5.97481000e+02
-2.85402000 4.63711000e+02
-2.82402000 4.46072200e+02
-2.79402000 4.55118000e+02
-2.76402000 3.80463900e+02
-2.73402000 3.20057200e+02
-2.70402000 2.79683000e+02
-2.67402000 2.46914500e+02
-2.64402000 2.29402100e+02
-2.61402000 2.44401200e+02
-2.58402000 2.65217600e+02
-2.55402000 2.74143100e+02
-2.52402000 2.50471600e+02
-2.49402000 2.22486000e+02
-2.46402000 2.10305800e+02
-2.43402000 2.11555200e+02
-2.40402000 2.17029500e+02
-2.37402000 2.54378700e+02
-2.34402000 3.67750800e+02
-2.31192000 5.93368800e+02
-2.28192000 6.62620400e+02
-2.25192000 4.79751400e+02
-2.22192000 3.32955600e+02
-2.19192000 2.42296400e+02
-2.16192000 1.94832800e+02
-2.13192000 1.88650800e+02
-2.10192000 2.27700700e+02
-2.07192000 2.99844100e+02
-2.04192000 3.03601200e+02
-2.01192000 2.25645400e+02
-1.98192000 1.60465500e+02
-1.95192000 1.26610500e+02
-1.92192000 1.07485300e+02
-1.89192000 9.25798000e+01
-1.86192000 8.69098000e+01
-1.83192000 8.79578000e+01
-1.80192000 9.30910000e+01
-1.77192000 1.12870240e+02
-1.74192000 1.44377310e+02
-1.71192000 1.55627980e+02
-1.68192000 1.52968100e+02
-1.65192000 1.64725400e+02
-1.62192000 1.86910300e+02
-1.59192000 1.86570800e+02
-1.56192000 2.01805800e+02
-1.53192000 2.56745900e+02
-1.50192000 2.88554200e+02
-1.47192000 2.52547400e+02
-1.44192000 2.32913000e+02
-1.41192000 2.24363800e+02
-1.38192000 1.74513200e+02
-1.35192000 1.25227000e+02
-1.32192000 1.01539400e+02
-1.29192000 9.16327000e+01
-1.26192000 9.18530000e+01
-1.23192000 1.02189000e+02
-1.20192000 1.30467400e+02
-1.17192000 1.74543600e+02
-1.14192000 1.89453500e+02
-1.11192000 1.66163600e+02
-1.08192000 1.43804000e+02
-1.05192000 1.35118000e+02
-1.02192000 1.14878200e+02
-0.99192300 9.97532000e+01
-0.96192300 1.06405580e+02
-0.93192300 1.35264870e+02
-0.90192300 1.74690600e+02
-0.87192300 1.94637900e+02
-0.84192300 1.94793600e+02
-0.81192300 1.60969200e+02
-0.78192300 1.25837100e+02
-0.74982700 1.08196500e+02
-0.71982700 1.03812200e+02
-0.68982700 1.19124600e+02
-0.65982700 1.45657800e+02
-0.62982700 1.59818600e+02
-0.59982700 1.66853400e+02
-0.56982700 1.54868000e+02
-0.53982700 1.41736400e+02
-0.50982700 1.20474400e+02
-0.47982700 9.01817000e+01
-0.44982700 6.86806000e+01
-0.41982700 6.07513000e+01
-0.38982700 6.20232000e+01
-0.35982700 6.84367000e+01
-0.32982700 7.83476700e+01
-0.29982700 9.74043700e+01
-0.26982700 1.27342100e+02
-0.23982700 1.50883700e+02
-0.20982700 1.58286200e+02
-0.17982700 1.76763400e+02
-0.14982700 1.86487200e+02
-0.11982700 1.50713100e+02
-0.08982650 1.11530500e+02
-0.05982650 8.71876000e+01
-0.02982650 7.38080000e+01
0.00017345 6.82246000e+01
0.03017350 6.51069000e+01
0.06017350 6.29344000e+01
0.09017350 6.42384000e+01
0.12017300 7.08427000e+01
0.15017300 7.92772000e+01
0.18017300 7.91351000e+01
0.21017300 7.09819000e+01
0.24017300 6.80479000e+01
0.27017300 7.19773800e+01
0.30017300 7.56856100e+01
0.33017300 8.00379200e+01
0.36017300 8.94536000e+01
0.39017300 1.15065310e+02
0.42017300 1.62118810e+02
0.45017300 1.95007090e+02
0.48017300 1.82617290e+02
0.51017300 1.97898890e+02
0.54017300 2.07254000e+02
0.57017300 1.58103900e+02
0.60017300 1.11727200e+02
0.63017300 8.20287000e+01
0.66017300 6.64770000e+01
0.69017300 5.49775000e+01
0.72017300 4.56314200e+01
0.75017300 4.14046300e+01
0.78017300 4.04850600e+01
