# E(MeV)  S_NSDRNSDR(K=0) for Lu184_DDPCX
-8.58324000 -3.01091000e-01
-8.55324000 -2.91612000e-01
-8.52324000 -2.83054000e-01
-8.49324000 -2.75273000e-01
-8.46324000 -2.68164000e-01
-8.43324000 -2.61647000e-01
-8.40324000 -2.55666000e-01
-8.37324000 -2.50180000e-01
-8.34324000 -2.45161000e-01
-8.31324000 -2.40599000e-01
-8.28324000 -2.36508000e-01
-8.25324000 -2.32938000e-01
-8.22324000 -2.30021000e-01
-8.19324000 -2.27913000e-01
-8.16324000 -2.25907000e-01
-8.13324000 -2.23124000e-01
-8.10324000 -2.20921000e-01
-8.07324000 -2.19728000e-01
-8.04324000 -2.19503000e-01
-8.01324000 -2.20341000e-01
-7.98324000 -2.22494000e-01
-7.95324000 -2.26412000e-01
-7.92324000 -2.32873000e-01
-7.89324000 -2.43254000e-01
-7.86324000 -2.60174000e-01
-7.83324000 -2.89005000e-01
-7.80324000 -3.41658000e-01
-7.77324000 -4.44632000e-01
-7.74324000 -6.30886000e-01
-7.71324000 -7.60570000e-01
-7.68324000 -6.12060000e-01
-7.64369000 -4.27751000e-01
-7.61369000 -3.76303000e-01
-7.58369000 -3.65314000e-01
-7.55369000 -3.79869000e-01
-7.52369000 -4.17028000e-01
-7.49369000 -4.81607000e-01
-7.46369000 -5.87183000e-01
-7.43369000 -7.62838000e-01
-7.40369000 -1.07147000e+00
-7.37369000 -1.65614000e+00
-7.34369000 -2.82809000e+00
-7.31369000 -4.81737000e+00
-7.28369000 -5.53075000e+00
-7.25369000 -3.61922000e+00
-7.22369000 -2.06046000e+00
-7.19369000 -1.26648000e+00
-7.16369000 -8.59056000e-01
-7.13369000 -6.33613000e-01
-7.10369000 -5.01992000e-01
-7.07369000 -4.26928000e-01
-7.04369000 -3.90123000e-01
-7.01369000 -3.52499000e-01
-6.98369000 -2.95989000e-01
-6.95369000 -2.52991000e-01
-6.92369000 -2.24541000e-01
-6.89369000 -2.04542000e-01
-6.86369000 -1.89578000e-01
-6.83369000 -1.77893000e-01
-6.80369000 -1.68502000e-01
-6.77369000 -1.60801000e-01
-6.74369000 -1.54393000e-01
-6.70414000 -1.47467000e-01
-6.67414000 -1.43124000e-01
-6.64414000 -1.39416000e-01
-6.61414000 -1.36240000e-01
-6.58414000 -1.33516000e-01
-6.55414000 -1.31181000e-01
-6.52414000 -1.29185000e-01
-6.49414000 -1.27484000e-01
-6.46414000 -1.26043000e-01
-6.43414000 -1.24828000e-01
-6.40414000 -1.23806000e-01
-6.37414000 -1.22940000e-01
-6.34414000 -1.22186000e-01
-6.31414000 -1.21478000e-01
-6.28414000 -1.20710000e-01
-6.25414000 -1.19696000e-01
-6.22414000 -1.18075000e-01
-6.19414000 -1.15080000e-01
-6.16414000 -1.08973000e-01
-6.13414000 -9.60368000e-02
-6.10414000 -7.43976000e-02
-6.07414000 -7.05749000e-02
-6.04414000 -9.49981000e-02
-6.01414000 -1.14205000e-01
-5.98414000 -1.25289000e-01
-5.95414000 -1.32521000e-01
-5.92414000 -1.38135000e-01
-5.89414000 -1.43125000e-01
-5.86414000 -1.47968000e-01
-5.83414000 -1.52924000e-01
-5.80414000 -1.58151000e-01
-5.76459000 -1.65647000e-01
-5.73459000 -1.71912000e-01
-5.70459000 -1.78773000e-01
-5.67459000 -1.86319000e-01
-5.64459000 -1.94648000e-01
-5.61459000 -2.03868000e-01
-5.58459000 -2.14101000e-01
-5.55459000 -2.25491000e-01
-5.52459000 -2.38204000e-01
-5.49459000 -2.52435000e-01
-5.46459000 -2.68419000e-01
-5.43459000 -2.86433000e-01
-5.40459000 -3.06815000e-01
-5.37459000 -3.29973000e-01
-5.34459000 -3.56409000e-01
-5.31459000 -3.86742000e-01
-5.28459000 -4.21744000e-01
-5.25459000 -4.62389000e-01
-5.22459000 -5.09917000e-01
-5.19459000 -5.65931000e-01
-5.16459000 -6.32522000e-01
-5.13459000 -7.12470000e-01
-5.10459000 -8.09523000e-01
-5.07459000 -9.28838000e-01
-5.04459000 -1.07765000e+00
-5.01459000 -1.26639000e+00
-4.98459000 -1.51046000e+00
-4.95459000 -1.83340000e+00
-4.92459000 -2.27251000e+00
-4.89459000 -2.88960000e+00
-4.86459000 -3.79252000e+00
-4.82504000 -5.78148000e+00
-4.79504000 -8.48428000e+00
-4.76504000 -1.33947000e+01
-4.73504000 -2.30520000e+01
-4.70504000 -4.15651000e+01
-4.67504000 -5.98737000e+01
-4.64504000 -4.69187000e+01
-4.61504000 -2.63872000e+01
-4.58504000 -1.50458000e+01
-4.55504000 -9.34230000e+00
-4.52504000 -6.26256000e+00
-4.49504000 -4.45488000e+00
-4.46504000 -3.31600000e+00
-4.43504000 -2.55632000e+00
-4.40504000 -2.02571000e+00
-4.37504000 -1.64088000e+00
-4.34504000 -1.35289000e+00
-4.31504000 -1.13156000e+00
-4.28504000 -9.57461000e-01
-4.25504000 -8.17681000e-01
-4.22504000 -7.03321000e-01
-4.19504000 -6.08087000e-01
-4.16504000 -5.27392000e-01
-4.13504000 -4.57802000e-01
-4.10504000 -3.96652000e-01
-4.07504000 -3.41793000e-01
-4.04504000 -2.91385000e-01
-4.01504000 -2.43723000e-01
-3.98504000 -1.97054000e-01
-3.95504000 -1.49318000e-01
-3.92504000 -9.77237000e-02
-3.88549000 -1.60268000e-02
-3.85549000 6.76000000e-02
-3.82549000 1.91023000e-01
-3.79549000 3.98108000e-01
-3.76549000 7.58810000e-01
-3.73549000 1.12581000e+00
-3.70549000 1.00348000e+00
-3.67549000 7.96877000e-01
-3.64549000 7.96184000e-01
-3.61549000 9.85466000e-01
-3.58549000 1.40340000e+00
-3.55549000 2.22211000e+00
-3.52549000 3.87055000e+00
-3.49549000 6.99963000e+00
-3.46549000 9.74502000e+00
-3.43549000 7.30735000e+00
-3.40549000 4.05539000e+00
-3.37549000 2.29954000e+00
-3.34549000 1.41519000e+00
-3.31549000 9.35991000e-01
-3.28549000 6.54384000e-01
-3.25549000 4.77316000e-01
-3.22549000 3.59840000e-01
-3.19549000 2.78526000e-01
-3.16549000 2.20316000e-01
-3.13549000 1.77514000e-01
-3.10549000 1.45372000e-01
-3.07549000 1.20848000e-01
-3.04549000 1.01864000e-01
-3.01549000 8.68600000e-02
-2.98549000 7.49685000e-02
-2.94593000 6.30398000e-02
-2.91593000 5.61951000e-02
-2.88593000 5.08602000e-02
-2.85593000 4.67964000e-02
-2.82593000 4.38508000e-02
-2.79593000 4.19554000e-02
-2.76593000 4.11505000e-02
-2.73593000 4.16549000e-02
-2.70593000 4.40474000e-02
-2.67593000 4.97332000e-02
-2.64593000 6.19350000e-02
-2.61593000 8.45871000e-02
-2.58593000 9.99070000e-02
-2.55593000 8.11486000e-02
-2.52593000 6.20209000e-02
-2.49593000 5.29869000e-02
-2.46593000 4.95707000e-02
-2.43593000 4.89763000e-02
-2.40593000 4.99932000e-02
-2.37593000 5.21024000e-02
-2.34593000 5.50861000e-02
-2.31593000 5.88742000e-02
-2.28593000 6.34823000e-02
-2.25593000 6.89894000e-02
-2.22593000 7.55329000e-02
-2.19593000 8.33177000e-02
-2.16593000 9.26347000e-02
-2.13593000 1.03896000e-01
-2.10593000 1.17692000e-01
-2.07593000 1.34887000e-01
-2.04593000 1.56787000e-01
-2.00638000 1.96468000e-01
-1.97638000 2.39500000e-01
-1.94638000 3.01165000e-01
-1.91638000 3.94740000e-01
-1.88638000 5.47377000e-01
-1.85638000 8.19079000e-01
-1.82638000 1.34491000e+00
-1.79638000 2.32124000e+00
-1.76638000 3.15264000e+00
-1.73638000 2.42707000e+00
-1.70638000 1.50290000e+00
-1.67638000 1.04350000e+00
-1.64638000 8.65668000e-01
-1.61638000 8.44776000e-01
-1.58638000 9.43959000e-01
-1.55638000 1.18312000e+00
-1.52638000 1.64829000e+00
-1.49638000 2.55597000e+00
-1.46638000 4.39599000e+00
-1.43638000 7.66584000e+00
-1.40638000 9.36459000e+00
-1.37638000 6.32183000e+00
-1.34638000 3.52910000e+00
-1.31638000 2.08742000e+00
-1.28638000 1.35042000e+00
-1.25638000 9.42021000e-01
-1.22638000 6.97045000e-01
-1.19638000 5.40318000e-01
-1.16638000 4.34886000e-01
-1.13638000 3.61191000e-01
-1.10638000 3.08211000e-01
-1.06683000 2.59329000e-01
-1.03683000 2.33222000e-01
-1.00683000 2.14095000e-01
-0.97683200 2.00809000e-01
-0.94683200 1.92950000e-01
-0.91683200 1.90375000e-01
-0.88683200 1.89413000e-01
-0.85683200 1.87811000e-01
-0.82683200 1.90976000e-01
-0.79683200 2.00437000e-01
-0.76683200 2.17501000e-01
-0.73683200 2.45117000e-01
-0.70683200 2.89055000e-01
-0.67683200 3.60854000e-01
-0.64683200 4.84902000e-01
-0.61683200 7.16156000e-01
-0.58683200 1.17545000e+00
-0.55683200 1.97697000e+00
-0.52683200 2.36859000e+00
-0.49683200 1.65137000e+00
-0.46683200 1.03598000e+00
-0.43683200 7.70373000e-01
-0.40683200 6.63148000e-01
-0.37683200 5.40363000e-01
-0.34683200 4.50451000e-01
-0.31683200 4.18895000e-01
-0.28683200 4.31236000e-01
-0.25683200 4.84646000e-01
-0.22683200 5.85790000e-01
-0.19683200 7.55091000e-01
-0.16683200 1.07250000e+00
-0.12728100 1.99010000e+00
-0.09728120 3.16877000e+00
-0.06728120 3.36284000e+00
-0.03728120 2.39888000e+00
-0.00728121 1.88713000e+00
0.02271880 2.00634000e+00
0.05271880 2.82758000e+00
0.08271880 4.46351000e+00
0.11271900 5.08405000e+00
0.14271900 3.44621000e+00
0.17271900 2.11667000e+00
0.20271900 1.35782000e+00
0.23271900 9.09690000e-01
0.26271900 6.58370000e-01
0.29271900 5.11769000e-01
0.32271900 4.21613000e-01
0.35271900 3.64595000e-01
0.38271900 3.29008000e-01
0.41271900 3.08848000e-01
0.44271900 3.01305000e-01
0.47271900 3.05772000e-01
0.50271900 3.23722000e-01
0.53271900 3.59388000e-01
0.56271900 4.21765000e-01
0.59271900 5.29503000e-01
0.62271900 7.23097000e-01
0.65271900 1.09465000e+00
0.68271900 1.82986000e+00
0.71271900 2.91444000e+00
0.74271900 2.99146000e+00
0.77271900 2.17831000e+00
