# E(MeV)  S_NSDRNSDR(K=0) for Lu188_DDPCX
-7.34038000 -1.47766000e-01
-7.31038000 -1.30701000e-01
-7.28038000 -1.16482000e-01
-7.25038000 -1.04398000e-01
-7.22038000 -9.39532000e-02
-7.19038000 -8.47960000e-02
-7.16038000 -7.66684000e-02
-7.13038000 -6.93778000e-02
-7.10038000 -6.27779000e-02
-7.07038000 -5.67560000e-02
-7.04038000 -5.12240000e-02
-7.01038000 -4.61129000e-02
-6.98038000 -4.13683000e-02
-6.95038000 -3.69471000e-02
-6.92038000 -3.28160000e-02
-6.89038000 -2.89494000e-02
-6.86038000 -2.53288000e-02
-6.83038000 -2.19417000e-02
-6.80038000 -1.87819000e-02
-6.77038000 -1.58495000e-02
-6.74038000 -1.31508000e-02
-6.71038000 -1.06995000e-02
-6.68038000 -8.51809000e-03
-6.65038000 -6.63941000e-03
-6.62038000 -5.10952000e-03
-6.59038000 -3.99153000e-03
-6.56038000 -3.37112000e-03
-6.52512000 -3.43762000e-03
-6.49512000 -4.35871000e-03
-6.46512000 -6.31495000e-03
-6.43512000 -9.62706000e-03
-6.40512000 -1.47498000e-02
-6.37512000 -2.23408000e-02
-6.34512000 -3.33750000e-02
-6.31512000 -4.93381000e-02
-6.28512000 -7.25736000e-02
-6.25512000 -1.06928000e-01
-6.22512000 -1.59026000e-01
-6.19512000 -2.40952000e-01
-6.16512000 -3.76302000e-01
-6.13512000 -6.14826000e-01
-6.10512000 -1.06889000e+00
-6.07512000 -1.98437000e+00
-6.04512000 -3.56879000e+00
-6.01512000 -4.22316000e+00
-5.98512000 -2.69315000e+00
-5.95512000 -1.38836000e+00
-5.92512000 -7.09117000e-01
-5.89512000 -3.46858000e-01
-5.86512000 -1.29599000e-01
-5.83512000 1.90149000e-02
-5.80512000 1.35193000e-01
-5.77512000 2.38678000e-01
-5.74512000 3.42673000e-01
-5.70985000 4.81312000e-01
-5.67985000 6.29110000e-01
-5.64985000 8.26116000e-01
-5.61985000 1.10768000e+00
-5.58985000 1.53990000e+00
-5.55985000 2.25784000e+00
-5.52985000 3.56132000e+00
-5.49985000 6.14058000e+00
-5.46985000 1.11806000e+01
-5.43985000 1.59533000e+01
-5.40985000 9.72924000e+00
-5.37985000 4.57789000e+00
-5.34985000 2.81368000e+00
-5.31985000 1.97397000e+00
-5.28985000 1.50146000e+00
-5.25985000 1.22232000e+00
-5.22985000 1.05760000e+00
-5.19985000 9.67440000e-01
-5.16985000 9.31677000e-01
-5.13985000 9.41633000e-01
-5.10985000 9.96786000e-01
-5.07985000 1.10446000e+00
-5.04985000 1.28232000e+00
-5.01985000 1.56526000e+00
-4.98985000 2.02132000e+00
-4.95985000 2.78959000e+00
-4.92985000 4.17429000e+00
-4.89459000 7.57294000e+00
-4.86459000 1.34700000e+01
-4.83459000 1.96631000e+01
-4.80459000 1.58290000e+01
-4.77459000 9.03816000e+00
-4.74459000 5.23423000e+00
-4.71459000 3.32474000e+00
-4.68459000 2.29844000e+00
-4.65459000 1.69938000e+00
-4.62459000 1.32453000e+00
-4.59459000 1.07672000e+00
-4.56459000 9.05733000e-01
-4.53459000 7.83769000e-01
-4.50459000 6.94544000e-01
-4.47459000 6.28039000e-01
-4.44459000 5.77836000e-01
-4.41459000 5.39684000e-01
-4.38459000 5.10681000e-01
-4.35459000 4.88802000e-01
-4.32459000 4.72605000e-01
-4.29459000 4.61045000e-01
-4.26459000 4.53362000e-01
-4.23459000 4.48996000e-01
-4.20459000 4.47537000e-01
-4.17459000 4.48689000e-01
-4.14459000 4.52247000e-01
-4.11459000 4.58074000e-01
-4.07932000 4.67729000e-01
-4.04932000 4.78309000e-01
-4.01932000 4.91101000e-01
-3.98932000 5.06187000e-01
-3.95932000 5.23700000e-01
-3.92932000 5.43824000e-01
-3.89932000 5.66803000e-01
-3.86932000 5.92950000e-01
-3.83932000 6.22661000e-01
-3.80932000 6.56430000e-01
-3.77932000 6.94883000e-01
-3.74932000 7.38803000e-01
-3.71932000 7.89190000e-01
-3.68932000 8.47323000e-01
-3.65932000 9.14861000e-01
-3.62932000 9.93991000e-01
-3.59932000 1.08764000e+00
-3.56932000 1.19983000e+00
-3.53932000 1.33618000e+00
-3.50932000 1.50481000e+00
-3.47932000 1.71783000e+00
-3.44932000 1.99410000e+00
-3.41932000 2.36440000e+00
-3.38932000 2.88215000e+00
-3.35932000 3.64692000e+00
-3.32932000 4.86030000e+00
-3.29932000 6.96188000e+00
-3.26406000 1.18349000e+01
-3.23406000 1.82256000e+01
-3.20406000 1.98851000e+01
-3.17406000 1.80919000e+01
-3.14406000 2.13078000e+01
-3.11406000 3.22273000e+01
-3.08406000 4.40602000e+01
-3.05406000 3.54130000e+01
-3.02406000 2.18169000e+01
-2.99406000 1.47652000e+01
-2.96406000 1.20236000e+01
-2.93406000 1.18718000e+01
-2.90406000 1.41165000e+01
-2.87406000 2.00166000e+01
-2.84406000 3.28382000e+01
-2.81406000 5.28364000e+01
-2.78406000 5.37345000e+01
-2.75406000 3.34032000e+01
-2.72406000 1.95024000e+01
-2.69406000 1.26636000e+01
-2.66406000 9.27540000e+00
-2.63406000 7.17403000e+00
-2.60406000 5.69994000e+00
-2.57406000 4.81479000e+00
-2.54406000 4.32723000e+00
-2.51406000 4.11440000e+00
-2.48406000 4.13357000e+00
-2.44879000 4.48435000e+00
-2.41879000 5.18821000e+00
-2.38879000 6.56318000e+00
-2.35879000 9.28757000e+00
-2.32879000 1.46190000e+01
-2.29879000 2.15926000e+01
-2.26879000 2.16365000e+01
-2.23879000 1.51113000e+01
-2.20879000 1.04119000e+01
-2.17879000 8.42729000e+00
-2.14879000 8.05677000e+00
-2.11879000 8.92365000e+00
-2.08879000 1.13850000e+01
-2.05879000 1.66542000e+01
-2.02879000 2.49688000e+01
-1.99879000 2.64482000e+01
-1.96879000 1.97089000e+01
-1.93879000 1.57766000e+01
-1.90879000 1.52912000e+01
-1.87879000 1.72912000e+01
-1.84879000 2.17363000e+01
-1.81879000 2.97774000e+01
-1.78879000 4.50276000e+01
-1.75879000 7.55184000e+01
-1.72879000 1.34971000e+02
-1.69879000 1.99572000e+02
-1.66879000 1.63217000e+02
-1.63353000 8.39992000e+01
-1.60353000 4.87846000e+01
-1.57353000 3.09889000e+01
-1.54353000 2.11747000e+01
-1.51353000 1.53859000e+01
-1.48353000 1.18397000e+01
-1.45353000 9.68743000e+00
-1.42353000 8.30711000e+00
-1.39353000 6.83104000e+00
-1.36353000 5.49004000e+00
-1.33353000 4.54108000e+00
-1.30353000 3.86035000e+00
-1.27353000 3.34708000e+00
-1.24353000 2.94611000e+00
-1.21353000 2.62582000e+00
-1.18353000 2.36695000e+00
-1.15353000 2.15803000e+00
-1.12353000 1.99430000e+00
-1.09353000 1.87935000e+00
-1.06353000 1.81582000e+00
-1.03353000 1.72887000e+00
-1.00353000 1.56948000e+00
-0.97352500 1.43648000e+00
-0.94352500 1.34224000e+00
-0.91352500 1.27269000e+00
-0.88352500 1.22010000e+00
-0.85352500 1.18113000e+00
-0.81826000 1.15133000e+00
-0.78826000 1.13821000e+00
-0.75826000 1.13320000e+00
-0.72826000 1.14009000e+00
-0.69826000 1.16288000e+00
-0.66826000 1.20449000e+00
-0.63826000 1.26973000e+00
-0.60826000 1.36653000e+00
-0.57826000 1.50774000e+00
-0.54826000 1.71482000e+00
-0.51826000 2.02530000e+00
-0.48826000 2.50899000e+00
-0.45826000 3.30537000e+00
-0.42826000 4.71598000e+00
-0.39826000 7.42230000e+00
-0.36826000 1.26568000e+01
-0.33826000 1.90053000e+01
-0.30826000 1.75117000e+01
-0.27826000 1.34624000e+01
-0.24826000 1.24562000e+01
-0.21826000 9.89536000e+00
-0.18826000 6.60862000e+00
-0.15826000 4.90916000e+00
-0.12826000 4.43954000e+00
-0.09826020 4.92614000e+00
-0.06826020 6.47352000e+00
-0.03826020 9.49053000e+00
-0.00299512 1.02812000e+01
0.02700490 6.75319000e+00
0.05700490 4.28649000e+00
0.08700490 3.11467000e+00
0.11700500 2.65377000e+00
0.14700500 2.68893000e+00
0.17700500 3.15909000e+00
0.20700500 3.33272000e+00
0.23700500 2.87903000e+00
0.26700500 2.80357000e+00
0.29700500 3.40886000e+00
0.32700500 4.61692000e+00
0.35700500 5.23286000e+00
0.38700500 5.82806000e+00
0.41700500 7.42628000e+00
0.44700500 6.75262000e+00
0.47700500 4.28831000e+00
0.50700500 2.75413000e+00
0.53700500 1.99917000e+00
0.56700500 1.63583000e+00
0.59700500 1.49203000e+00
0.62700500 1.48860000e+00
0.65700500 1.52333000e+00
0.68700500 1.63791000e+00
0.71700500 1.97131000e+00
0.74700500 2.69788000e+00
0.77700500 4.20741000e+00
