# E(MeV)  S_NSDRNSDR(K=1) for Lu184_DDPCX
-8.58324000 -1.00428000e+00
-8.55324000 -9.04108000e-01
-8.52324000 -8.28676000e-01
-8.49324000 -7.70612000e-01
-8.46324000 -7.19963000e-01
-8.43324000 -6.78469000e-01
-8.40324000 -6.51635000e-01
-8.37324000 -6.38779000e-01
-8.34324000 -6.14888000e-01
-8.31324000 -5.72222000e-01
-8.28324000 -5.38001000e-01
-8.25324000 -5.13606000e-01
-8.22324000 -4.95186000e-01
-8.19324000 -4.80736000e-01
-8.16324000 -4.69362000e-01
-8.13324000 -4.60682000e-01
-8.10324000 -4.54588000e-01
-8.07324000 -4.51157000e-01
-8.04324000 -4.50637000e-01
-8.01324000 -4.53469000e-01
-7.98324000 -4.60352000e-01
-7.95324000 -4.72366000e-01
-7.92324000 -4.91190000e-01
-7.89324000 -5.19512000e-01
-7.86324000 -5.61832000e-01
-7.83324000 -6.26149000e-01
-7.80324000 -7.27798000e-01
-7.77324000 -8.98711000e-01
-7.74324000 -1.20857000e+00
-7.71324000 -1.77451000e+00
-7.68324000 -2.42666000e+00
-7.64369000 -2.35547000e+00
-7.61369000 -2.49242000e+00
-7.58369000 -3.41946000e+00
-7.55369000 -5.59050000e+00
-7.52369000 -8.33372000e+00
-7.49369000 -7.23294000e+00
-7.46369000 -4.26988000e+00
-7.43369000 -2.52034000e+00
-7.40369000 -1.64147000e+00
-7.37369000 -1.17343000e+00
-7.34369000 -9.05407000e-01
-7.31369000 -7.46537000e-01
-7.28369000 -6.59519000e-01
-7.25369000 -6.36694000e-01
-7.22369000 -6.66511000e-01
-7.19369000 -6.25367000e-01
-7.16369000 -5.01705000e-01
-7.13369000 -4.13609000e-01
-7.10369000 -3.61224000e-01
-7.07369000 -3.27572000e-01
-7.04369000 -3.04007000e-01
-7.01369000 -2.86484000e-01
-6.98369000 -2.72949000e-01
-6.95369000 -2.62258000e-01
-6.92369000 -2.53722000e-01
-6.89369000 -2.46901000e-01
-6.86369000 -2.41502000e-01
-6.83369000 -2.37325000e-01
-6.80369000 -2.34233000e-01
-6.77369000 -2.32136000e-01
-6.74369000 -2.30977000e-01
-6.70414000 -2.30837000e-01
-6.67414000 -2.31784000e-01
-6.64414000 -2.33663000e-01
-6.61414000 -2.36523000e-01
-6.58414000 -2.40431000e-01
-6.55414000 -2.45485000e-01
-6.52414000 -2.51809000e-01
-6.49414000 -2.59566000e-01
-6.46414000 -2.68959000e-01
-6.43414000 -2.80251000e-01
-6.40414000 -2.93773000e-01
-6.37414000 -3.09949000e-01
-6.34414000 -3.29324000e-01
-6.31414000 -3.52611000e-01
-6.28414000 -3.80745000e-01
-6.25414000 -4.14979000e-01
-6.22414000 -4.57015000e-01
-6.19414000 -5.09210000e-01
-6.16414000 -5.74896000e-01
-6.13414000 -6.58906000e-01
-6.10414000 -7.68460000e-01
-6.07414000 -9.14861000e-01
-6.04414000 -1.11640000e+00
-6.01414000 -1.40319000e+00
-5.98414000 -1.82907000e+00
-5.95414000 -2.49647000e+00
-5.92414000 -3.61484000e+00
-5.89414000 -5.64664000e+00
-5.86414000 -9.64435000e+00
-5.83414000 -1.73471000e+01
-5.80414000 -2.52017000e+01
-5.76459000 -1.67333000e+01
-5.73459000 -8.97440000e+00
-5.70459000 -4.67399000e+00
-5.67459000 -1.87908000e+00
-5.64459000 2.81713000e-01
-5.61459000 6.45723000e-01
-5.58459000 -6.26826000e-02
-5.55459000 -4.83675000e-01
-5.52459000 -6.59852000e-01
-5.49459000 -7.41638000e-01
-5.46459000 -7.97817000e-01
-5.43459000 -8.59063000e-01
-5.40459000 -9.43248000e-01
-5.37459000 -1.06670000e+00
-5.34459000 -1.25136000e+00
-5.31459000 -1.53336000e+00
-5.28459000 -1.97902000e+00
-5.25459000 -2.72061000e+00
-5.22459000 -4.04405000e+00
-5.19459000 -6.60169000e+00
-5.16459000 -1.16806000e+01
-5.13459000 -1.87341000e+01
-5.10459000 -1.76800000e+01
-5.07459000 -1.05547000e+01
-5.04459000 -6.06858000e+00
-5.01459000 -3.84564000e+00
-4.98459000 -2.70598000e+00
-4.95459000 -2.09662000e+00
-4.92459000 -1.78495000e+00
-4.89459000 -1.66719000e+00
-4.86459000 -1.71380000e+00
-4.82504000 -2.08356000e+00
-4.79504000 -2.75894000e+00
-4.76504000 -4.13963000e+00
-4.73504000 -6.98888000e+00
-4.70504000 -1.17843000e+01
-4.67504000 -1.31911000e+01
-4.64504000 -8.46614000e+00
-4.61504000 -4.75714000e+00
-4.58504000 -2.86388000e+00
-4.55504000 -1.87847000e+00
-4.52504000 -1.31889000e+00
-4.49504000 -9.73706000e-01
-4.46504000 -7.45630000e-01
-4.43504000 -5.86200000e-01
-4.40504000 -4.69410000e-01
-4.37504000 -3.80373000e-01
-4.34504000 -3.10075000e-01
-4.31504000 -2.52793000e-01
-4.28504000 -2.04728000e-01
-4.25504000 -1.63252000e-01
-4.22504000 -1.26475000e-01
-4.19504000 -9.29739000e-02
-4.16504000 -6.16209000e-02
-4.13504000 -3.14718000e-02
-4.10504000 -1.67906000e-03
-4.07504000 2.85767000e-02
-4.04504000 6.01505000e-02
-4.01504000 9.40027000e-02
-3.98504000 1.31284000e-01
-3.95504000 1.73450000e-01
-3.92504000 2.22435000e-01
-3.88549000 3.02108000e-01
-3.85549000 3.79271000e-01
-3.82549000 4.77963000e-01
-3.79549000 6.08626000e-01
-3.76549000 7.88594000e-01
-3.73549000 1.04829000e+00
-3.70549000 1.44469000e+00
-3.67549000 2.09294000e+00
-3.64549000 3.24458000e+00
-3.61549000 5.47243000e+00
-3.58549000 9.79906000e+00
-3.55549000 1.48261000e+01
-3.52549000 1.25811000e+01
-3.49549000 7.38824000e+00
-3.46549000 4.45448000e+00
-3.43549000 3.08974000e+00
-3.40549000 2.51967000e+00
-3.37549000 2.44367000e+00
-3.34549000 2.84540000e+00
-3.31549000 3.98269000e+00
-3.28549000 6.49669000e+00
-3.25549000 1.02835000e+01
-3.22549000 1.00776000e+01
-3.19549000 6.14706000e+00
-3.16549000 3.55930000e+00
-3.13549000 2.28049000e+00
-3.10549000 1.65973000e+00
-3.07549000 1.34333000e+00
-3.04549000 1.04668000e+00
-3.01549000 7.87072000e-01
-2.98549000 6.18510000e-01
-2.94593000 4.81965000e-01
-2.91593000 4.14167000e-01
-2.88593000 3.64730000e-01
-2.85593000 3.27774000e-01
-2.82593000 2.99787000e-01
-2.79593000 2.78555000e-01
-2.76593000 2.62637000e-01
-2.73593000 2.51093000e-01
-2.70593000 2.43333000e-01
-2.67593000 2.39057000e-01
-2.64593000 2.38241000e-01
-2.61593000 2.41198000e-01
-2.58593000 2.48760000e-01
-2.55593000 2.62694000e-01
-2.52593000 2.86728000e-01
-2.49593000 3.29088000e-01
-2.46593000 4.08382000e-01
-2.43593000 5.55761000e-01
-2.40593000 7.13843000e-01
-2.37593000 6.53409000e-01
-2.34593000 5.42536000e-01
-2.31593000 5.26150000e-01
-2.28593000 5.80169000e-01
-2.25593000 5.93842000e-01
-2.22593000 5.59572000e-01
-2.19593000 5.65840000e-01
-2.16593000 6.16043000e-01
-2.13593000 7.05704000e-01
-2.10593000 8.42186000e-01
-2.07593000 1.04633000e+00
-2.04593000 1.36044000e+00
-2.00638000 2.09934000e+00
-1.97638000 3.18083000e+00
-1.94638000 5.24611000e+00
-1.91638000 8.95841000e+00
-1.88638000 1.32129000e+01
-1.85638000 1.18458000e+01
-1.82638000 7.48212000e+00
-1.79638000 5.24509000e+00
-1.76638000 4.96749000e+00
-1.73638000 6.09131000e+00
-1.70638000 6.35498000e+00
-1.67638000 4.38442000e+00
-1.64638000 2.71924000e+00
-1.61638000 1.84193000e+00
-1.58638000 1.38828000e+00
-1.55638000 1.14781000e+00
-1.52638000 1.03023000e+00
-1.49638000 1.00100000e+00
-1.46638000 1.05687000e+00
-1.43638000 1.22431000e+00
-1.40638000 1.57944000e+00
-1.37638000 2.30725000e+00
-1.34638000 3.79812000e+00
-1.31638000 6.13789000e+00
-1.28638000 6.54959000e+00
-1.25638000 4.26292000e+00
-1.22638000 2.49544000e+00
-1.19638000 1.59229000e+00
-1.16638000 1.12653000e+00
-1.13638000 8.66195000e-01
-1.10638000 7.07123000e-01
-1.06683000 5.83340000e-01
-1.03683000 5.27009000e-01
-1.00683000 4.90393000e-01
-0.97683200 4.66733000e-01
-0.94683200 4.53097000e-01
-0.91683200 4.50387000e-01
-0.88683200 4.58292000e-01
-0.85683200 4.81115000e-01
-0.82683200 5.27822000e-01
-0.79683200 6.19258000e-01
-0.76683200 7.89555000e-01
-0.73683200 9.62784000e-01
-0.70683200 8.86849000e-01
-0.67683200 7.61589000e-01
-0.64683200 7.08015000e-01
-0.61683200 6.96377000e-01
-0.58683200 7.20705000e-01
-0.55683200 7.73598000e-01
-0.52683200 8.52598000e-01
-0.49683200 9.57473000e-01
-0.46683200 1.08721000e+00
-0.43683200 1.25266000e+00
-0.40683200 1.47317000e+00
-0.37683200 1.77156000e+00
-0.34683200 2.18692000e+00
-0.31683200 2.78877000e+00
-0.28683200 3.70050000e+00
-0.25683200 5.16365000e+00
-0.22683200 7.66017000e+00
-0.19683200 1.20330000e+01
-0.16683200 2.00491000e+01
-0.12728100 4.03177000e+01
-0.09728120 4.52052000e+01
-0.06728120 2.98698000e+01
-0.03728120 1.70048000e+01
-0.00728121 1.04820000e+01
0.02271880 7.42822000e+00
0.05271880 6.27096000e+00
0.08271880 5.83566000e+00
0.11271900 4.68041000e+00
0.14271900 3.54856000e+00
0.17271900 2.74985000e+00
0.20271900 2.14960000e+00
0.23271900 1.82399000e+00
0.26271900 1.73989000e+00
0.29271900 1.93097000e+00
0.32271900 2.38542000e+00
0.35271900 2.42875000e+00
0.38271900 1.89900000e+00
0.41271900 1.35800000e+00
0.44271900 1.02324000e+00
0.47271900 8.40868000e-01
0.50271900 7.39838000e-01
0.53271900 6.88416000e-01
0.56271900 6.78892000e-01
0.59271900 7.22620000e-01
0.62271900 8.43609000e-01
0.65271900 9.64578000e-01
0.68271900 9.26958000e-01
0.71271900 9.23417000e-01
0.74271900 9.61152000e-01
0.77271900 1.01796000e+00
