# E(MeV)  S_GAMTGAMT(Total=K0+2*K1) for Lu188_DDPCX
-7.34038000 6.96326000e-03
-7.31038000 7.00588000e-03
-7.28038000 7.04709000e-03
-7.25038000 7.08717000e-03
-7.22038000 7.12622000e-03
-7.19038000 7.16437000e-03
-7.16038000 7.20165000e-03
-7.13038000 7.23808000e-03
-7.10038000 7.27360000e-03
-7.07038000 7.30816000e-03
-7.04038000 7.34158000e-03
-7.01038000 7.37360000e-03
-6.98038000 7.40370000e-03
-6.95038000 7.43089000e-03
-6.92038000 7.45368000e-03
-6.89038000 7.47499000e-03
-6.86038000 7.50309000e-03
-6.83038000 7.52960000e-03
-6.80038000 7.54929000e-03
-6.77038000 7.56215000e-03
-6.74038000 7.56732000e-03
-6.71038000 7.56277000e-03
-6.68038000 7.54500000e-03
-6.65038000 7.50812000e-03
-6.62038000 7.44191000e-03
-6.59038000 7.32714000e-03
-6.56038000 7.12415000e-03
-6.52512000 6.65185000e-03
-6.49512000 5.89786000e-03
-6.46512000 5.21924000e-03
-6.43512000 5.46553000e-03
-6.40512000 5.69891000e-03
-6.37512000 5.42278000e-03
-6.34512000 4.59922800e-03
-6.31512000 2.98634714e-03
-6.28512000 -1.08890000e-04
-6.25512000 -6.32566000e-03
-6.22512000 -1.82032800e-02
-6.19512000 -2.93365700e-02
-6.16512000 -2.13988900e-02
-6.13512000 -8.61944000e-03
-6.10512000 -1.20529000e-03
-6.07512000 2.71917800e-03
-6.04512000 4.97265800e-03
-6.01512000 6.32107000e-03
-5.98512000 7.18642000e-03
-5.95512000 7.78378000e-03
-5.92512000 8.22298000e-03
-5.89512000 8.56367000e-03
-5.86512000 8.84039000e-03
-5.83512000 9.07431000e-03
-5.80512000 9.27898000e-03
-5.77512000 9.46347000e-03
-5.74512000 9.63406000e-03
-5.70985000 9.82291000e-03
-5.67985000 9.97746000e-03
-5.64985000 1.01291300e-02
-5.61985000 1.02800400e-02
-5.58985000 1.04319800e-02
-5.55985000 1.05866100e-02
-5.52985000 1.07455000e-02
-5.49985000 1.09102300e-02
-5.46985000 1.10824500e-02
-5.43985000 1.12640300e-02
-5.40985000 1.14569700e-02
-5.37985000 1.16637300e-02
-5.34985000 1.18871700e-02
-5.31985000 1.21308100e-02
-5.28985000 1.23990100e-02
-5.25985000 1.26973100e-02
-5.22985000 1.30328400e-02
-5.19985000 1.34150300e-02
-5.16985000 1.38564300e-02
-5.13985000 1.43743000e-02
-5.10985000 1.49928300e-02
-5.07985000 1.57469500e-02
-5.04985000 1.66885200e-02
-5.01985000 1.78975900e-02
-4.98985000 1.95028700e-02
-4.95985000 2.17218600e-02
-4.92985000 2.49444900e-02
-4.89459000 3.10706300e-02
-4.86459000 4.02147200e-02
-4.83459000 5.71203600e-02
-4.80459000 9.03414700e-02
-4.77459000 1.44061550e-01
-4.74459000 1.58608540e-01
-4.71459000 1.14072920e-01
-4.68459000 8.53756000e-02
-4.65459000 7.06701000e-02
-4.62459000 5.53227000e-02
-4.59459000 4.59345000e-02
-4.56459000 4.33484000e-02
-4.53459000 4.60600200e-02
-4.50459000 5.48037600e-02
-4.47459000 7.36621400e-02
-4.44459000 1.12996660e-01
-4.41459000 1.87605900e-01
-4.38459000 2.47222020e-01
-4.35459000 1.85022820e-01
-4.32459000 1.10123340e-01
-4.29459000 7.01477800e-02
-4.26459000 4.99235000e-02
-4.23459000 3.88974800e-02
-4.20459000 3.23910800e-02
-4.17459000 2.82982200e-02
-4.14459000 2.55974600e-02
-4.11459000 2.37552200e-02
-4.07932000 2.22964600e-02
-4.04932000 2.14750000e-02
-4.01932000 2.09611200e-02
-3.98932000 2.07236200e-02
-3.95932000 2.05350400e-02
-3.92932000 2.01349300e-02
-3.89932000 1.98258100e-02
-3.86932000 1.96766800e-02
-3.83932000 1.96339400e-02
-3.80932000 1.96638900e-02
-3.77932000 1.97494100e-02
-3.74932000 1.98812000e-02
-3.71932000 2.00538600e-02
-3.68932000 2.02642200e-02
-3.65932000 2.05105000e-02
-3.62932000 2.07920500e-02
-3.59932000 2.11090300e-02
-3.56932000 2.14623900e-02
-3.53932000 2.18538100e-02
-3.50932000 2.22856800e-02
-3.47932000 2.27612800e-02
-3.44932000 2.32848200e-02
-3.41932000 2.38616700e-02
-3.38932000 2.44986800e-02
-3.35932000 2.52047000e-02
-3.32932000 2.59912300e-02
-3.29932000 2.68738600e-02
-3.26406000 2.80642000e-02
-3.23406000 2.92461600e-02
-3.20406000 3.06431800e-02
-3.17406000 3.23598000e-02
-3.14406000 3.46053000e-02
-3.11406000 3.77972000e-02
-3.08406000 4.22083000e-02
-3.05406000 4.57999000e-02
-3.02406000 4.81089000e-02
-2.99406000 5.02190000e-02
-2.96406000 5.24669000e-02
-2.93406000 5.65367000e-02
-2.90406000 6.22843000e-02
-2.87406000 7.06261000e-02
-2.84406000 8.31840000e-02
-2.81406000 1.02784400e-01
-2.78406000 1.34627200e-01
-2.75406000 1.87018800e-01
-2.72406000 2.70863700e-01
-2.69406000 3.44974000e-01
-2.66406000 3.96376300e-01
-2.63406000 5.06797100e-01
-2.60406000 6.40612400e-01
-2.57406000 7.68506100e-01
-2.54406000 6.59785700e-01
-2.51406000 4.79102200e-01
-2.48406000 3.95130000e-01
-2.44879000 4.04235200e-01
-2.41879000 4.49917200e-01
-2.38879000 4.50626200e-01
-2.35879000 5.24173600e-01
-2.32879000 7.53233000e-01
-2.29879000 9.96801000e-01
-2.26879000 9.69413000e-01
-2.23879000 8.38375000e-01
-2.20879000 7.34616000e-01
-2.17879000 6.12056000e-01
-2.14879000 4.91869800e-01
-2.11879000 4.57405400e-01
-2.08879000 4.35251400e-01
-2.05879000 4.59817200e-01
-2.02879000 5.18385600e-01
-1.99879000 4.44860200e-01
-1.96879000 3.60547400e-01
-1.93879000 3.55523000e-01
-1.90879000 4.35805100e-01
-1.87879000 6.43918900e-01
-1.84879000 1.03162750e+00
-1.81879000 1.28104610e+00
-1.78879000 1.11359710e+00
-1.75879000 8.50904600e-01
-1.72879000 5.63215000e-01
-1.69879000 4.06336100e-01
-1.66879000 3.42015900e-01
-1.63353000 2.55545000e-01
-1.60353000 1.88790200e-01
-1.57353000 1.49915700e-01
-1.54353000 1.27723900e-01
-1.51353000 1.14624400e-01
-1.48353000 1.07024000e-01
-1.45353000 1.03246300e-01
-1.42353000 1.02599900e-01
-1.39353000 1.05077400e-01
-1.36353000 1.11304300e-01
-1.33353000 1.21751500e-01
-1.30353000 1.37133600e-01
-1.27353000 1.58216600e-01
-1.24353000 1.74929000e-01
-1.21353000 1.98244400e-01
-1.18353000 2.45363400e-01
-1.15353000 3.33644000e-01
-1.12353000 5.03368200e-01
-1.09353000 8.29446200e-01
-1.06353000 1.23254660e+00
-1.03353000 1.18079540e+00
-1.00353000 1.00051000e+00
-0.97352500 1.14942940e+00
-0.94352500 1.43535340e+00
-0.91352500 1.15870300e+00
-0.88352500 7.09869200e-01
-0.85352500 4.49360600e-01
-0.81826000 2.95393800e-01
-0.78826000 2.28167800e-01
-0.75826000 1.89678800e-01
-0.72826000 1.67517200e-01
-0.69826000 1.56218800e-01
-0.66826000 1.54161200e-01
-0.63826000 1.62680600e-01
-0.60826000 1.81456800e-01
-0.57826000 2.00080400e-01
-0.54826000 2.27956300e-01
-0.51826000 2.51368000e-01
-0.48826000 2.77414100e-01
-0.45826000 3.60727500e-01
-0.42826000 4.76249100e-01
-0.39826000 4.56915500e-01
-0.36826000 3.96202100e-01
-0.33826000 4.30569000e-01
-0.30826000 4.91436600e-01
-0.27826000 4.09501700e-01
-0.24826000 3.09621300e-01
-0.21826000 2.65811300e-01
-0.18826000 2.57494400e-01
-0.15826000 2.73301400e-01
-0.12826000 3.17286000e-01
-0.09826020 4.05950800e-01
-0.06826020 5.81035000e-01
-0.03826020 9.11053000e-01
-0.00299512 1.29238200e+00
0.02700490 1.05049900e+00
0.05700490 7.18302000e-01
0.08700490 5.60320000e-01
0.11700500 5.14461000e-01
0.14700500 5.36673000e-01
0.17700500 6.18482000e-01
0.20700500 7.78446000e-01
0.23700500 1.07103900e+00
0.26700500 1.62517900e+00
0.29700500 2.67897100e+00
0.32700500 4.17908500e+00
0.35700500 5.01568200e+00
0.38700500 3.77402600e+00
0.41700500 2.35636100e+00
0.44700500 1.61103800e+00
0.47700500 1.27454000e+00
0.50700500 1.18896700e+00
0.53700500 1.28652400e+00
0.56700500 1.59049400e+00
0.59700500 2.28015000e+00
0.62700500 3.49231000e+00
0.65700500 4.17715800e+00
0.68700500 3.92035200e+00
0.71700500 4.35013000e+00
0.74700500 4.83426000e+00
0.77700500 4.90968800e+00
