# E(MeV)  S_NSDRNSDR(Total=K0+2*K1) for Lu188_DDPCX
-7.34038000 -3.68916000e-01
-7.31038000 -3.42207000e-01
-7.28038000 -3.19036000e-01
-7.25038000 -2.98598600e-01
-7.22038000 -2.80332200e-01
-7.19038000 -2.63827600e-01
-7.16038000 -2.48780600e-01
-7.13038000 -2.34961200e-01
-7.10038000 -2.22192900e-01
-7.07038000 -2.10338400e-01
-7.04038000 -1.99291000e-01
-7.01038000 -1.88967900e-01
-6.98038000 -1.79306100e-01
-6.95038000 -1.70258900e-01
-6.92038000 -1.61795200e-01
-6.89038000 -1.53898200e-01
-6.86038000 -1.46566000e-01
-6.83038000 -1.39813700e-01
-6.80038000 -1.33675300e-01
-6.77038000 -1.28211100e-01
-6.74038000 -1.23513000e-01
-6.71038000 -1.19719900e-01
-6.68038000 -1.17038290e-01
-6.65038000 -1.15777010e-01
-6.62038000 -1.16407320e-01
-6.59038000 -1.19672330e-01
-6.56038000 -1.26791320e-01
-6.52512000 -1.43033620e-01
-6.49512000 -1.68336310e-01
-6.46512000 -2.13302950e-01
-6.43512000 -2.97215060e-01
-6.40512000 -4.63341800e-01
-6.37512000 -7.77454800e-01
-6.34512000 -1.06655700e+00
-6.31512000 -8.58200100e-01
-6.28512000 -5.77881600e-01
-6.25512000 -4.72336000e-01
-6.22512000 -5.07344000e-01
-6.19512000 -6.75466000e-01
-6.16512000 -8.84258000e-01
-6.13512000 -9.86910000e-01
-6.10512000 -1.29252800e+00
-6.07512000 -2.12565560e+00
-6.04512000 -3.66490360e+00
-6.01512000 -4.29181920e+00
-5.98512000 -2.74332580e+00
-5.95512000 -1.42498960e+00
-5.92512000 -7.35120200e-01
-5.89512000 -3.64060440e-01
-5.86512000 -1.39188980e-01
-5.83512000 1.62435200e-02
-5.80512000 1.38704280e-01
-5.77512000 2.48113400e-01
-5.74512000 3.57801960e-01
-5.70985000 5.02969000e-01
-5.67985000 6.56267400e-01
-5.64985000 8.58793000e-01
-5.61985000 1.14595160e+00
-5.58985000 1.58389460e+00
-5.55985000 2.30773820e+00
-5.52985000 3.61735680e+00
-5.49985000 6.20304780e+00
-5.46985000 1.12498552e+01
-5.43985000 1.60297712e+01
-5.40985000 9.81343940e+00
-5.37985000 4.67042780e+00
-5.34985000 2.91528440e+00
-5.31985000 2.08551120e+00
-5.28985000 1.62398320e+00
-5.25985000 1.35708800e+00
-5.22985000 1.20615040e+00
-5.19985000 1.13166080e+00
-5.16985000 1.11391140e+00
-5.13985000 1.14482500e+00
-5.10985000 1.22468200e+00
-5.07985000 1.36190800e+00
-5.04985000 1.57571000e+00
-5.01985000 1.90318800e+00
-4.98985000 2.41564200e+00
-4.95985000 3.25714000e+00
-4.92985000 4.73981000e+00
-4.89459000 8.30358200e+00
-4.86459000 1.44119200e+01
-4.83459000 2.09320240e+01
-4.80459000 1.76413600e+01
-4.77459000 1.18338000e+01
-4.74459000 9.95215000e+00
-4.71459000 1.15563000e+01
-4.68459000 1.31318400e+01
-4.65459000 9.80576000e+00
-4.62459000 6.53715000e+00
-4.59459000 5.23152000e+00
-4.56459000 5.49391300e+00
-4.53459000 7.22696900e+00
-4.50459000 8.21582400e+00
-4.47459000 5.86175900e+00
-4.44459000 3.65021600e+00
-4.41459000 2.47030200e+00
-4.38459000 1.84332700e+00
-4.35459000 1.48133800e+00
-4.32459000 1.25580300e+00
-4.29459000 1.10710900e+00
-4.26459000 1.00525800e+00
-4.23459000 9.33932000e-01
-4.20459000 8.83649000e-01
-4.17459000 8.48595000e-01
-4.14459000 8.25059000e-01
-4.11459000 8.10582000e-01
-4.07932000 8.02949000e-01
-4.04932000 8.03185000e-01
-4.01932000 8.08847000e-01
-3.98932000 8.19485000e-01
-3.95932000 8.34844000e-01
-3.92932000 8.54828000e-01
-3.89932000 8.79477000e-01
-3.86932000 9.08972000e-01
-3.83932000 9.43619000e-01
-3.80932000 9.83872000e-01
-3.77932000 1.03034900e+00
-3.74932000 1.08386500e+00
-3.71932000 1.14548600e+00
-3.68932000 1.21659300e+00
-3.65932000 1.29899100e+00
-3.62932000 1.39505700e+00
-3.59932000 1.50796400e+00
-3.56932000 1.64204800e+00
-3.53932000 1.80333600e+00
-3.50932000 2.00046200e+00
-3.47932000 2.24621200e+00
-3.44932000 2.56033000e+00
-3.41932000 2.97478000e+00
-3.38932000 3.54460600e+00
-3.35932000 4.37165800e+00
-3.32932000 5.66085000e+00
-3.29932000 7.85679000e+00
-3.26406000 1.28755080e+01
-3.23406000 1.94359960e+01
-3.20406000 2.13351820e+01
-3.17406000 1.99044460e+01
-3.14406000 2.37190800e+01
-3.11406000 3.57278600e+01
-3.08406000 4.95743400e+01
-3.05406000 4.31527200e+01
-3.02406000 2.88050400e+01
-2.99406000 2.02236200e+01
-2.96406000 1.72768400e+01
-2.93406000 1.78267000e+01
-2.90406000 2.03032800e+01
-2.87406000 2.65133000e+01
-2.84406000 4.09193800e+01
-2.81406000 6.43531000e+01
-2.78406000 7.11989600e+01
-2.75406000 5.98736000e+01
-2.72406000 5.16644000e+01
-2.69406000 4.66396000e+01
-2.66406000 3.63270000e+01
-2.63406000 2.50291300e+01
-2.60406000 1.91867000e+01
-2.57406000 1.75618500e+01
-2.54406000 1.93395900e+01
-2.51406000 2.56042000e+01
-2.48406000 3.95135700e+01
-2.44879000 6.21347500e+01
-2.41879000 5.71026100e+01
-2.38879000 3.75915800e+01
-2.35879000 2.74946700e+01
-2.32879000 2.65757200e+01
-2.29879000 3.06722200e+01
-2.26879000 2.95086400e+01
-2.23879000 2.15409400e+01
-2.20879000 1.52276600e+01
-2.17879000 1.22326700e+01
-2.14879000 1.13064700e+01
-2.11879000 1.19165700e+01
-2.08879000 1.43926800e+01
-2.05879000 2.00524800e+01
-2.02879000 2.93573200e+01
-1.99879000 3.19243200e+01
-1.96879000 2.45839200e+01
-1.93879000 1.95018000e+01
-1.90879000 1.83680600e+01
-1.87879000 2.02228200e+01
-1.84879000 2.49103600e+01
-1.81879000 3.34771000e+01
-1.78879000 4.95838400e+01
-1.75879000 8.19177600e+01
-1.72879000 1.44688080e+02
-1.69879000 2.11446500e+02
-1.66879000 1.74110820e+02
-1.63353000 9.57775200e+01
-1.60353000 6.54538400e+01
-1.57353000 5.18003000e+01
-1.54353000 3.68360000e+01
-1.51353000 2.53737200e+01
-1.48353000 1.92852600e+01
-1.45353000 1.66909500e+01
-1.42353000 1.65349900e+01
-1.39353000 1.61183600e+01
-1.36353000 1.30175400e+01
-1.33353000 1.04670600e+01
-1.30353000 9.51367000e+00
-1.27353000 9.97222000e+00
-1.24353000 1.19886100e+01
-1.21353000 1.64091200e+01
-1.18353000 2.29331500e+01
-1.15353000 2.33430300e+01
-1.12353000 1.69863200e+01
-1.09353000 1.12957700e+01
-1.06353000 8.03688000e+00
-1.03353000 6.40583000e+00
-1.00353000 5.58872000e+00
-0.97352500 5.37292000e+00
-0.94352500 5.75238000e+00
-0.91352500 6.97801000e+00
-0.88352500 9.79400000e+00
-0.85352500 1.54861900e+01
-0.81826000 2.13573300e+01
-0.78826000 1.58615500e+01
-0.75826000 9.70964000e+00
-0.72826000 6.47341000e+00
-0.69826000 4.86616000e+00
-0.66826000 4.00221000e+00
-0.63826000 3.52327000e+00
-0.60826000 3.29657200e+00
-0.57826000 3.25530200e+00
-0.54826000 3.38354600e+00
-0.51826000 3.71151000e+00
-0.48826000 4.33160400e+00
-0.45826000 5.45287000e+00
-0.42826000 7.53214000e+00
-0.39826000 1.14380000e+01
-0.36826000 1.78020200e+01
-0.33826000 2.49746400e+01
-0.30826000 2.39282800e+01
-0.27826000 1.83242800e+01
-0.24826000 1.59503600e+01
-0.21826000 1.28633000e+01
-0.18826000 9.64158000e+00
-0.15826000 8.58010000e+00
-0.12826000 9.55694000e+00
-0.09826020 1.26709600e+01
-0.06826020 1.68229200e+01
-0.03826020 1.83231700e+01
-0.00299512 1.69372400e+01
0.02700490 1.35051500e+01
0.05700490 1.13868700e+01
0.08700490 9.66023000e+00
0.11700500 8.09337000e+00
0.14700500 7.90943000e+00
0.17700500 9.52213000e+00
0.20700500 1.27539800e+01
0.23700500 1.69155300e+01
0.26700500 1.70259700e+01
0.29700500 1.34808000e+01
0.32700500 1.24230000e+01
0.35700500 1.25138400e+01
0.38700500 1.32830400e+01
0.41700500 1.57967000e+01
0.44700500 1.59069400e+01
0.47700500 1.22078900e+01
0.50700500 1.00534500e+01
0.53700500 1.06728300e+01
0.56700500 1.45117900e+01
0.59700500 2.22036300e+01
0.62700500 2.58278000e+01
0.65700500 1.84395900e+01
0.68700500 1.23399900e+01
0.71700500 9.65913000e+00
0.74700500 8.58088000e+00
0.77700500 9.05753000e+00
