# E(MeV)  S_NSDRNSDR(K=1) for Lu193_DDPCX
-7.34305000 1.19275000e-01
-7.31305000 1.40165000e-01
-7.28305000 1.68803000e-01
-7.25305000 2.10100000e-01
-7.22305000 2.73361000e-01
-7.19305000 3.77597000e-01
-7.16305000 5.64757000e-01
-7.13305000 9.30213000e-01
-7.10305000 1.63062000e+00
-7.07305000 2.33943000e+00
-7.04305000 1.86486000e+00
-7.01305000 1.07944000e+00
-6.98305000 6.41803000e-01
-6.95305000 4.18234000e-01
-6.92305000 2.89927000e-01
-6.89305000 1.98335000e-01
-6.86305000 1.06040000e-01
-6.83305000 -1.09264000e-02
-6.80305000 -6.78571000e-02
-6.77305000 1.12645000e-02
-6.74305000 8.35125000e-02
-6.71305000 1.21806000e-01
-6.68305000 1.43645000e-01
-6.65305000 1.58926000e-01
-6.62305000 1.72025000e-01
-6.59305000 1.85050000e-01
-6.56305000 1.99241000e-01
-6.52751000 2.18862000e-01
-6.49751000 2.38925000e-01
-6.46751000 2.63457000e-01
-6.43751000 2.94114000e-01
-6.40751000 3.33296000e-01
-6.37751000 3.84658000e-01
-6.34751000 4.54002000e-01
-6.31751000 5.50984000e-01
-6.28751000 6.92559000e-01
-6.25751000 9.10454000e-01
-6.22751000 1.26855000e+00
-6.19751000 1.90595000e+00
-6.16751000 3.14009000e+00
-6.13751000 5.56808000e+00
-6.10751000 8.65284000e+00
-6.07751000 7.68857000e+00
-6.04751000 4.50709000e+00
-6.01751000 2.60080000e+00
-5.98751000 1.64854000e+00
-5.95751000 1.14514000e+00
-5.92751000 8.56305000e-01
-5.89751000 6.78557000e-01
-5.86751000 5.62998000e-01
-5.83751000 4.84664000e-01
-5.80751000 4.29886000e-01
-5.77751000 3.90728000e-01
-5.74751000 3.62347000e-01
-5.71198000 3.38517000e-01
-5.68198000 3.24382000e-01
-5.65198000 3.14340000e-01
-5.62198000 3.07493000e-01
-5.59198000 3.03205000e-01
-5.56198000 3.01016000e-01
-5.53198000 3.00590000e-01
-5.50198000 3.01681000e-01
-5.47198000 3.04107000e-01
-5.44198000 3.07736000e-01
-5.41198000 3.12474000e-01
-5.38198000 3.18258000e-01
-5.35198000 3.25047000e-01
-5.32198000 3.32823000e-01
-5.29198000 3.41583000e-01
-5.26198000 3.51341000e-01
-5.23198000 3.62128000e-01
-5.20198000 3.73986000e-01
-5.17198000 3.86974000e-01
-5.14198000 4.01165000e-01
-5.11198000 4.16650000e-01
-5.08198000 4.33538000e-01
-5.05198000 4.51956000e-01
-5.02198000 4.72057000e-01
-4.99198000 4.94022000e-01
-4.96198000 5.18062000e-01
-4.93198000 5.44429000e-01
-4.89645000 5.79081000e-01
-4.86645000 6.11648000e-01
-4.83645000 6.47711000e-01
-4.80645000 6.87804000e-01
-4.77645000 7.32581000e-01
-4.74645000 7.82848000e-01
-4.71645000 8.39608000e-01
-4.68645000 9.04128000e-01
-4.65645000 9.78034000e-01
-4.62645000 1.06344000e+00
-4.59645000 1.16316000e+00
-4.56645000 1.28101000e+00
-4.53645000 1.42230000e+00
-4.50645000 1.59468000e+00
-4.47645000 1.80953000e+00
-4.44645000 2.08457000e+00
-4.41645000 2.44880000e+00
-4.38645000 2.95277000e+00
-4.35645000 3.69137000e+00
-4.32645000 4.85812000e+00
-4.29645000 6.87939000e+00
-4.26645000 1.06737000e+01
-4.23645000 1.70321000e+01
-4.20645000 2.03254000e+01
-4.17645000 1.64974000e+01
-4.14645000 1.46172000e+01
-4.11645000 1.58766000e+01
-4.08092000 1.67729000e+01
-4.05092000 1.79922000e+01
-4.02092000 2.31636000e+01
-3.99092000 3.55849000e+01
-3.96092000 5.95760000e+01
-3.93092000 8.17445000e+01
-3.90092000 7.66396000e+01
-3.87092000 5.44165000e+01
-3.84092000 3.63013000e+01
-3.81092000 2.90055000e+01
-3.78092000 2.46774000e+01
-3.75092000 2.26157000e+01
-3.72092000 2.37228000e+01
-3.69092000 2.08674000e+01
-3.66092000 1.75845000e+01
-3.63092000 1.83843000e+01
-3.60092000 2.01851000e+01
-3.57092000 1.88414000e+01
-3.54092000 2.00545000e+01
-3.51092000 2.75980000e+01
-3.48092000 4.02725000e+01
-3.45092000 3.94141000e+01
-3.42092000 2.69942000e+01
-3.39092000 2.04223000e+01
-3.36092000 2.04348000e+01
-3.33092000 2.68391000e+01
-3.30092000 3.65545000e+01
-3.26539000 3.14067000e+01
-3.23539000 2.22224000e+01
-3.20539000 1.93335000e+01
-3.17539000 2.26979000e+01
-3.14539000 3.23493000e+01
-3.11539000 3.65043000e+01
-3.08539000 2.55125000e+01
-3.05539000 1.60995000e+01
-3.02539000 1.15796000e+01
-2.99539000 9.77874000e+00
-2.96539000 9.55131000e+00
-2.93539000 1.12001000e+01
-2.90539000 1.25891000e+01
-2.87539000 1.10223000e+01
-2.84539000 1.07547000e+01
-2.81539000 1.32058000e+01
-2.78539000 1.41071000e+01
-2.75539000 1.02591000e+01
-2.72539000 7.08248000e+00
-2.69539000 5.50851000e+00
-2.66539000 5.02807000e+00
-2.63539000 5.45494000e+00
-2.60539000 6.90085000e+00
-2.57539000 8.15436000e+00
-2.54539000 7.18565000e+00
-2.51539000 6.46167000e+00
-2.48539000 7.14111000e+00
-2.44986000 1.03057000e+01
-2.41986000 1.64587000e+01
-2.38986000 2.52058000e+01
-2.35986000 2.45655000e+01
-2.32986000 1.77744000e+01
-2.29986000 1.49587000e+01
-2.26986000 1.19815000e+01
-2.23986000 8.07773000e+00
-2.20986000 5.75243000e+00
-2.17986000 4.62770000e+00
-2.14986000 4.18826000e+00
-2.11986000 4.23342000e+00
-2.08986000 4.78740000e+00
-2.05986000 6.12171000e+00
-2.02986000 8.96872000e+00
-1.99986000 1.47437000e+01
-1.96986000 2.20819000e+01
-1.93986000 1.97141000e+01
-1.90986000 1.22530000e+01
-1.87986000 7.98640000e+00
-1.84986000 6.15045000e+00
-1.81986000 5.64991000e+00
-1.78986000 5.88505000e+00
-1.75986000 5.96213000e+00
-1.72986000 6.09839000e+00
-1.69986000 6.03647000e+00
-1.66986000 6.28401000e+00
-1.63432000 8.24722000e+00
-1.60432000 1.19633000e+01
-1.57432000 1.74806000e+01
-1.54432000 2.15810000e+01
-1.51432000 1.98264000e+01
-1.48432000 2.00980000e+01
-1.45432000 2.51900000e+01
-1.42432000 2.45815000e+01
-1.39432000 1.91643000e+01
-1.36432000 1.47112000e+01
-1.33432000 1.04711000e+01
-1.30432000 7.68633000e+00
-1.27432000 6.70107000e+00
-1.24432000 7.36920000e+00
-1.21432000 8.91396000e+00
-1.18432000 7.87092000e+00
-1.15432000 5.44663000e+00
-1.12432000 4.08995000e+00
-1.09432000 3.62230000e+00
-1.06432000 3.82020000e+00
-1.03432000 4.79296000e+00
-1.00432000 6.32872000e+00
-0.97432500 6.19598000e+00
-0.94432500 5.09636000e+00
-0.91432500 5.02836000e+00
-0.88432500 6.00218000e+00
-0.85432500 8.24814000e+00
-0.81879300 9.66075000e+00
-0.78879300 7.49280000e+00
-0.75879300 6.37704000e+00
-0.72879300 7.23905000e+00
-0.69879300 9.91524000e+00
-0.66879300 1.16301000e+01
-0.63879300 1.12518000e+01
-0.60879300 9.73761000e+00
-0.57879300 6.96492000e+00
-0.54879300 5.55849000e+00
-0.51879300 5.63053000e+00
-0.48879300 7.24246000e+00
-0.45879300 1.02011000e+01
-0.42879300 1.08748000e+01
-0.39879300 9.51106000e+00
-0.36879300 1.03337000e+01
-0.33879300 1.20775000e+01
-0.30879300 9.98299000e+00
-0.27879300 7.41569000e+00
-0.24879300 5.42981000e+00
-0.21879300 3.78479000e+00
-0.18879300 2.74141000e+00
-0.15879300 2.23605000e+00
-0.12879300 1.88355000e+00
-0.09879330 1.52765000e+00
-0.06879330 1.29491000e+00
-0.03879330 1.14960000e+00
-0.00326166 1.05281000e+00
0.02673830 1.06686000e+00
0.05673830 1.22857000e+00
0.08673830 1.56041000e+00
0.11673800 1.70550000e+00
0.14673800 1.52257000e+00
0.17673800 1.28717000e+00
0.20673800 9.96298000e-01
0.23673800 8.43715000e-01
0.26673800 8.37435000e-01
0.29673800 9.12831000e-01
0.32673800 8.39540000e-01
0.35673800 6.73640000e-01
0.38673800 5.73735000e-01
0.41673800 5.32024000e-01
0.44673800 5.30620000e-01
0.47673800 5.58108000e-01
0.50673800 6.23536000e-01
0.53673800 7.12919000e-01
0.56673800 7.74357000e-01
0.59673800 8.02268000e-01
0.62673800 7.49663000e-01
0.65673800 7.23551000e-01
0.68673800 8.09072000e-01
0.71673800 9.82699000e-01
0.74673800 1.10551000e+00
0.77673800 1.00517000e+00
