# E(MeV)  S_GAMTGAMT(K=0) for Lu193_DDPCX
-7.34305000 3.19043000e-03
-7.31305000 3.21037000e-03
-7.28305000 3.23061000e-03
-7.25305000 3.25116000e-03
-7.22305000 3.27203000e-03
-7.19305000 3.29324000e-03
-7.16305000 3.31480000e-03
-7.13305000 3.33672000e-03
-7.10305000 3.35902000e-03
-7.07305000 3.38171000e-03
-7.04305000 3.40481000e-03
-7.01305000 3.42835000e-03
-6.98305000 3.45233000e-03
-6.95305000 3.47679000e-03
-6.92305000 3.50174000e-03
-6.89305000 3.52722000e-03
-6.86305000 3.55325000e-03
-6.83305000 3.57986000e-03
-6.80305000 3.60710000e-03
-6.77305000 3.63499000e-03
-6.74305000 3.66359000e-03
-6.71305000 3.69293000e-03
-6.68305000 3.72308000e-03
-6.65305000 3.75410000e-03
-6.62305000 3.78604000e-03
-6.59305000 3.81899000e-03
-6.56305000 3.85304000e-03
-6.52751000 3.89492000e-03
-6.49751000 3.93173000e-03
-6.46751000 3.97001000e-03
-6.43751000 4.00991000e-03
-6.40751000 4.05162000e-03
-6.37751000 4.09535000e-03
-6.34751000 4.14137000e-03
-6.31751000 4.18998000e-03
-6.28751000 4.24154000e-03
-6.25751000 4.29650000e-03
-6.22751000 4.35541000e-03
-6.19751000 4.41893000e-03
-6.16751000 4.48791000e-03
-6.13751000 4.56339000e-03
-6.10751000 4.64674000e-03
-6.07751000 4.73968000e-03
-6.04751000 4.84452000e-03
-6.01751000 4.96429000e-03
-5.98751000 5.10316000e-03
-5.95751000 5.26687000e-03
-5.92751000 5.46357000e-03
-5.89751000 5.70517000e-03
-5.86751000 6.00947000e-03
-5.83751000 6.40421000e-03
-5.80751000 6.93423000e-03
-5.77751000 7.67572000e-03
-5.74751000 8.76566000e-03
-5.71198000 1.08843000e-02
-5.68198000 1.40622000e-02
-5.65198000 1.99826000e-02
-5.62198000 3.17546000e-02
-5.59198000 5.18446000e-02
-5.56198000 5.97038000e-02
-5.53198000 4.06578000e-02
-5.50198000 2.48150000e-02
-5.47198000 1.67605000e-02
-5.44198000 1.26589000e-02
-5.41198000 1.04049000e-02
-5.38198000 9.07612000e-03
-5.35198000 8.25058000e-03
-5.32198000 7.71993000e-03
-5.29198000 7.37349000e-03
-5.26198000 7.14882000e-03
-5.23198000 7.00886000e-03
-5.20198000 6.93086000e-03
-5.17198000 6.90050000e-03
-5.14198000 6.90872000e-03
-5.11198000 6.94998000e-03
-5.08198000 7.02119000e-03
-5.05198000 7.12119000e-03
-5.02198000 7.25042000e-03
-4.99198000 7.41093000e-03
-4.96198000 7.60646000e-03
-4.93198000 7.84281000e-03
-4.89645000 8.18739000e-03
-4.86645000 8.54751000e-03
-4.83645000 8.99052000e-03
-4.80645000 9.54368000e-03
-4.77645000 1.02478000e-02
-4.74645000 1.11656000e-02
-4.71645000 1.23975000e-02
-4.68645000 1.41111000e-02
-4.65645000 1.66019000e-02
-4.62645000 2.04255000e-02
-4.59645000 2.67058000e-02
-4.56645000 3.79023000e-02
-4.53645000 5.96196000e-02
-4.50645000 1.01872000e-01
-4.47645000 1.51021000e-01
-4.44645000 1.29020000e-01
-4.41645000 7.82228000e-02
-4.38645000 4.97376000e-02
-4.35645000 3.57208000e-02
-4.32645000 2.75023000e-02
-4.29645000 2.31121000e-02
-4.26645000 2.15567000e-02
-4.23645000 2.26087000e-02
-4.20645000 2.66939000e-02
-4.17645000 3.25875000e-02
-4.14645000 3.67805000e-02
-4.11645000 3.05119000e-02
-4.08092000 2.12779000e-02
-4.05092000 1.74186000e-02
-4.02092000 1.55880000e-02
-3.99092000 1.48002000e-02
-3.96092000 1.46617000e-02
-3.93092000 1.50828000e-02
-3.90092000 1.62127000e-02
-3.87092000 1.85620000e-02
-3.84092000 2.31790000e-02
-3.81092000 2.93956000e-02
-3.78092000 2.92639000e-02
-3.75092000 2.57721000e-02
-3.72092000 2.61216000e-02
-3.69092000 3.16219000e-02
-3.66092000 4.21487000e-02
-3.63092000 4.45092000e-02
-3.60092000 3.44440000e-02
-3.57092000 2.74984000e-02
-3.54092000 2.48627000e-02
-3.51092000 2.47068000e-02
-3.48092000 2.63032000e-02
-3.45092000 2.97640000e-02
-3.42092000 3.60159000e-02
-3.39092000 4.74237000e-02
-3.36092000 6.95597000e-02
-3.33092000 1.12964000e-01
-3.30092000 1.68219000e-01
-3.26539000 1.43070000e-01
-3.23539000 9.09938000e-02
-3.20539000 6.10096000e-02
-3.17539000 4.64804000e-02
-3.14539000 3.96727000e-02
-3.11539000 3.70185000e-02
-3.08539000 3.72624000e-02
-3.05539000 4.05602000e-02
-3.02539000 4.86725000e-02
-2.99539000 6.49779000e-02
-2.96539000 8.22755000e-02
-2.93539000 7.32085000e-02
-2.90539000 5.71413000e-02
-2.87539000 4.95547000e-02
-2.84539000 4.75838000e-02
-2.81539000 4.87194000e-02
-2.78539000 5.20143000e-02
-2.75539000 5.73467000e-02
-2.72539000 6.50392000e-02
-2.69539000 7.56135000e-02
-2.66539000 9.08211000e-02
-2.63539000 1.10517000e-01
-2.60539000 1.30153000e-01
-2.57539000 1.58644000e-01
-2.54539000 2.07527000e-01
-2.51539000 2.92221000e-01
-2.48539000 4.48075000e-01
-2.44986000 8.30922000e-01
-2.41986000 1.33022000e+00
-2.38986000 1.38249000e+00
-2.35986000 1.07479000e+00
-2.32986000 1.07065000e+00
-2.29986000 1.45074000e+00
-2.26986000 1.69596000e+00
-2.23986000 1.17590000e+00
-2.20986000 6.76551000e-01
-2.17986000 4.13068000e-01
-2.14986000 2.75896000e-01
-2.11986000 1.98396000e-01
-2.08986000 1.50959000e-01
-2.05986000 1.19983000e-01
-2.02986000 9.87064000e-02
-1.99986000 8.35037000e-02
-1.96986000 7.22988000e-02
-1.93986000 6.38370000e-02
-1.90986000 5.73248000e-02
-1.87986000 5.22415000e-02
-1.84986000 4.82347000e-02
-1.81986000 4.50610000e-02
-1.78986000 4.25478000e-02
-1.75986000 4.05675000e-02
-1.72986000 3.90411000e-02
-1.69986000 3.79269000e-02
-1.66986000 3.72177000e-02
-1.63432000 3.69888000e-02
-1.60432000 3.75527000e-02
-1.57432000 3.91738000e-02
-1.54432000 4.08193000e-02
-1.51432000 4.00816000e-02
-1.48432000 3.95095000e-02
-1.45432000 4.05731000e-02
-1.42432000 4.36574000e-02
-1.39432000 5.01539000e-02
-1.36432000 6.24605000e-02
-1.33432000 7.49552000e-02
-1.30432000 6.91014000e-02
-1.27432000 5.64433000e-02
-1.24432000 4.96057000e-02
-1.21432000 4.69074000e-02
-1.18432000 4.62657000e-02
-1.15432000 4.67324000e-02
-1.12432000 4.79033000e-02
-1.09432000 4.96069000e-02
-1.06432000 5.17811000e-02
-1.03432000 5.44256000e-02
-1.00432000 5.75851000e-02
-0.97432500 6.13508000e-02
-0.94432500 6.58774000e-02
-0.91432500 7.14257000e-02
-0.88432500 7.84613000e-02
-0.85432500 8.78879000e-02
-0.81879300 1.04914000e-01
-0.78879300 1.29421000e-01
-0.75879300 1.67416000e-01
-0.72879300 1.89114000e-01
-0.69879300 1.73050000e-01
-0.66879300 1.64027000e-01
-0.63879300 1.69594000e-01
-0.60879300 1.85082000e-01
-0.57879300 2.08776000e-01
-0.54879300 2.41356000e-01
-0.51879300 2.85291000e-01
-0.48879300 3.45136000e-01
-0.45879300 4.28715000e-01
-0.42879300 5.49748000e-01
-0.39879300 7.33535000e-01
-0.36879300 1.03032000e+00
-0.33879300 1.54794000e+00
-0.30879300 2.53136000e+00
-0.27879300 4.47836000e+00
-0.24879300 7.34532000e+00
-0.21879300 7.31745000e+00
-0.18879300 4.54612000e+00
-0.15879300 2.77192000e+00
-0.12879300 2.01350000e+00
-0.09879330 1.86215000e+00
-0.06879330 2.25164000e+00
-0.03879330 3.29225000e+00
-0.00326166 4.09274000e+00
0.02673830 2.80733000e+00
0.05673830 1.63747000e+00
0.08673830 1.02030000e+00
0.11673800 6.95990000e-01
0.14673800 5.11140000e-01
0.17673800 3.97985000e-01
0.20673800 3.25295000e-01
0.23673800 2.73258000e-01
0.26673800 2.32212000e-01
0.29673800 2.02386000e-01
0.32673800 1.81220000e-01
0.35673800 1.66602000e-01
0.38673800 1.57512000e-01
0.41673800 1.53239000e-01
0.44673800 1.53770000e-01
0.47673800 1.61140000e-01
0.50673800 1.78667000e-01
0.53673800 2.12946000e-01
0.56673800 2.78522000e-01
0.59673800 4.08833000e-01
0.62673800 6.74194000e-01
0.65673800 1.09296000e+00
0.68673800 1.14188000e+00
0.71673800 7.21991000e-01
0.74673800 4.23599000e-01
0.77673800 2.73461000e-01
