# E(MeV)  S_GAMTGAMT(K=1) for Lu193_DDPCX
-7.34305000 1.05675000e-02
-7.31305000 9.37407000e-03
-7.28305000 6.63413000e-03
-7.25305000 5.05970000e-03
-7.22305000 4.27933000e-03
-7.19305000 3.87040000e-03
-7.16305000 3.64012000e-03
-7.13305000 3.50295000e-03
-7.10305000 3.41823000e-03
-7.07305000 3.36505000e-03
-7.04305000 3.33186000e-03
-7.01305000 3.31191000e-03
-6.98305000 3.30102000e-03
-6.95305000 3.29646000e-03
-6.92305000 3.29635000e-03
-6.89305000 3.29929000e-03
-6.86305000 3.30409000e-03
-6.83305000 3.30964000e-03
-6.80305000 3.31462000e-03
-6.77305000 3.31726000e-03
-6.74305000 3.31475000e-03
-6.71305000 3.30214000e-03
-6.68305000 3.26986000e-03
-6.65305000 3.19763000e-03
-6.62305000 3.03952000e-03
-6.59305000 2.69656000e-03
-6.56305000 2.10933000e-03
-6.52751000 2.06173000e-03
-6.49751000 2.73482000e-03
-6.46751000 3.20310000e-03
-6.43751000 3.46942000e-03
-6.40751000 3.64413000e-03
-6.37751000 3.78261000e-03
-6.34751000 3.91177000e-03
-6.31751000 4.04788000e-03
-6.28751000 4.20471000e-03
-6.25751000 4.39832000e-03
-6.22751000 4.65201000e-03
-6.19751000 5.00427000e-03
-6.16751000 5.52471000e-03
-6.13751000 6.35015000e-03
-6.10751000 7.77254000e-03
-6.07751000 1.04555000e-02
-6.04751000 1.57803000e-02
-6.01751000 2.39895000e-02
-5.98751000 2.47174000e-02
-5.95751000 1.66313000e-02
-5.92751000 1.10005000e-02
-5.89751000 8.18457000e-03
-5.86751000 6.73445000e-03
-5.83751000 5.92794000e-03
-5.80751000 5.44834000e-03
-5.77751000 5.14876000e-03
-5.74751000 4.95554000e-03
-5.71198000 4.81095000e-03
-5.68198000 4.73474000e-03
-5.65198000 4.68686000e-03
-5.62198000 4.65938000e-03
-5.59198000 4.64710000e-03
-5.56198000 4.64650000e-03
-5.53198000 4.65518000e-03
-5.50198000 4.67147000e-03
-5.47198000 4.69418000e-03
-5.44198000 4.72248000e-03
-5.41198000 4.75582000e-03
-5.38198000 4.79381000e-03
-5.35198000 4.83624000e-03
-5.32198000 4.88302000e-03
-5.29198000 4.93417000e-03
-5.26198000 4.98984000e-03
-5.23198000 5.05024000e-03
-5.20198000 5.11573000e-03
-5.17198000 5.18679000e-03
-5.14198000 5.26403000e-03
-5.11198000 5.34824000e-03
-5.08198000 5.44045000e-03
-5.05198000 5.54196000e-03
-5.02198000 5.65443000e-03
-4.99198000 5.78005000e-03
-4.96198000 5.92165000e-03
-4.93198000 6.08304000e-03
-4.89645000 6.30694000e-03
-4.86645000 6.53218000e-03
-4.83645000 6.80180000e-03
-4.80645000 7.13149000e-03
-4.77645000 7.54492000e-03
-4.74645000 8.07908000e-03
-4.71645000 8.79438000e-03
-4.68645000 9.79457000e-03
-4.65645000 1.12690000e-02
-4.62645000 1.35889000e-02
-4.59645000 1.75412000e-02
-4.56645000 2.49065000e-02
-4.53645000 3.94544000e-02
-4.50645000 6.27629000e-02
-4.47645000 6.81932000e-02
-4.44645000 4.74194000e-02
-4.41645000 3.07421000e-02
-4.38645000 2.19864000e-02
-4.35645000 1.80053000e-02
-4.32645000 1.67491000e-02
-4.29645000 1.77489000e-02
-4.26645000 2.16075000e-02
-4.23645000 2.69099000e-02
-4.20645000 2.51545000e-02
-4.17645000 2.02892000e-02
-4.14645000 1.88062000e-02
-4.11645000 2.07880000e-02
-4.08092000 2.30293000e-02
-4.05092000 2.08429000e-02
-4.02092000 1.74447000e-02
-3.99092000 1.52896000e-02
-3.96092000 1.38268000e-02
-3.93092000 1.30441000e-02
-3.90092000 1.28189000e-02
-3.87092000 1.29385000e-02
-3.84092000 1.32747000e-02
-3.81092000 1.37656000e-02
-3.78092000 1.44359000e-02
-3.75092000 1.53045000e-02
-3.72092000 1.64249000e-02
-3.69092000 1.78803000e-02
-3.66092000 1.97984000e-02
-3.63092000 2.23025000e-02
-3.60092000 2.56226000e-02
-3.57092000 3.05444000e-02
-3.54092000 3.84690000e-02
-3.51092000 5.23960000e-02
-3.48092000 7.85004000e-02
-3.45092000 1.17813000e-01
-3.42092000 1.25556000e-01
-3.39092000 9.84727000e-02
-3.36092000 8.65051000e-02
-3.33092000 9.26067000e-02
-3.30092000 1.07831000e-01
-3.26539000 1.40101000e-01
-3.23539000 1.91175000e-01
-3.20539000 2.68193000e-01
-3.17539000 3.83859000e-01
-3.14539000 6.27549000e-01
-3.11539000 9.04580000e-01
-3.08539000 7.51243000e-01
-3.05539000 4.61069000e-01
-3.02539000 2.83011000e-01
-2.99539000 1.78648000e-01
-2.96539000 1.20500000e-01
-2.93539000 8.72008000e-02
-2.90539000 6.70082000e-02
-2.87539000 5.41120000e-02
-2.84539000 4.56896000e-02
-2.81539000 4.04458000e-02
-2.78539000 3.79882000e-02
-2.75539000 3.74888000e-02
-2.72539000 3.62039000e-02
-2.69539000 3.45973000e-02
-2.66539000 3.41373000e-02
-2.63539000 3.02421000e-02
-2.60539000 2.55676000e-02
-2.57539000 2.28073000e-02
-2.54539000 2.13501000e-02
-2.51539000 2.06911000e-02
-2.48539000 2.06939000e-02
-2.44986000 2.17041000e-02
-2.41986000 2.30950000e-02
-2.38986000 2.37419000e-02
-2.35986000 2.50365000e-02
-2.32986000 2.85022000e-02
-2.29986000 3.57351000e-02
-2.26986000 5.05785000e-02
-2.23986000 7.88901000e-02
-2.20986000 1.03569000e-01
-2.17986000 8.13587000e-02
-2.14986000 5.20597000e-02
-2.11986000 3.63740000e-02
-2.08986000 2.86055000e-02
-2.05986000 2.43734000e-02
-2.02986000 2.18837000e-02
-1.99986000 2.04251000e-02
-1.96986000 1.95842000e-02
-1.93986000 1.91265000e-02
-1.90986000 1.89050000e-02
-1.87986000 1.88732000e-02
-1.84986000 1.90087000e-02
-1.81986000 1.92951000e-02
-1.78986000 1.97375000e-02
-1.75986000 2.03598000e-02
-1.72986000 2.11636000e-02
-1.69986000 2.22224000e-02
-1.66986000 2.35843000e-02
-1.63432000 2.49053000e-02
-1.60432000 2.63193000e-02
-1.57432000 2.87840000e-02
-1.54432000 3.26762000e-02
-1.51432000 3.71214000e-02
-1.48432000 4.13762000e-02
-1.45432000 4.37780000e-02
-1.42432000 4.65401000e-02
-1.39432000 5.20737000e-02
-1.36432000 5.78600000e-02
-1.33432000 6.67657000e-02
-1.30432000 8.43813000e-02
-1.27432000 1.17970000e-01
-1.24432000 1.84450000e-01
-1.21432000 3.10569000e-01
-1.18432000 4.28654000e-01
-1.15432000 3.40528000e-01
-1.12432000 2.11112000e-01
-1.09432000 1.38514000e-01
-1.06432000 1.02881000e-01
-1.03432000 8.64262000e-02
-1.00432000 8.07273000e-02
-0.97432500 7.88957000e-02
-0.94432500 7.47089000e-02
-0.91432500 7.27558000e-02
-0.88432500 7.44873000e-02
-0.85432500 7.93167000e-02
-0.81879300 8.93127000e-02
-0.78879300 1.02924000e-01
-0.75879300 1.24916000e-01
-0.72879300 1.62613000e-01
-0.69879300 2.19196000e-01
-0.66879300 2.50100000e-01
-0.63879300 2.38921000e-01
-0.60879300 2.48891000e-01
-0.57879300 2.95050000e-01
-0.54879300 3.71533000e-01
-0.51879300 4.81563000e-01
-0.48879300 6.84650000e-01
-0.45879300 1.08649000e+00
-0.42879300 1.89079000e+00
-0.39879300 3.08890000e+00
-0.36879300 3.11501000e+00
-0.33879300 1.99949000e+00
-0.30879300 1.32840000e+00
-0.27879300 1.10583000e+00
-0.24879300 9.55751000e-01
-0.21879300 8.11154000e-01
-0.18879300 8.55940000e-01
-0.15879300 1.17266000e+00
-0.12879300 1.70778000e+00
-0.09879330 1.64752000e+00
-0.06879330 1.04301000e+00
-0.03879330 6.38623000e-01
-0.00326166 4.11065000e-01
0.02673830 3.20942000e-01
0.05673830 2.78013000e-01
0.08673830 2.65705000e-01
0.11673800 2.80647000e-01
0.14673800 3.34342000e-01
0.17673800 4.45307000e-01
0.20673800 5.89891000e-01
0.23673800 7.97205000e-01
0.26673800 1.20786000e+00
0.29673800 1.44391000e+00
0.32673800 1.14545000e+00
0.35673800 7.35202000e-01
0.38673800 4.62840000e-01
0.41673800 3.24108000e-01
0.44673800 2.54876000e-01
0.47673800 2.23227000e-01
0.50673800 2.17079000e-01
0.53673800 2.34624000e-01
0.56673800 2.84272000e-01
0.59673800 3.91970000e-01
0.62673800 6.18853000e-01
0.65673800 1.04376000e+00
0.68673800 1.34458000e+00
0.71673800 9.71744000e-01
0.74673800 5.64794000e-01
0.77673800 3.51385000e-01
