# E(MeV)  S_GAMTGAMT(Total=K0+2*K1) for Lu193_DDPCX
-7.34305000 2.43254300e-02
-7.31305000 2.19585100e-02
-7.28305000 1.64988700e-02
-7.25305000 1.33705600e-02
-7.22305000 1.18306900e-02
-7.19305000 1.10340400e-02
-7.16305000 1.05950400e-02
-7.13305000 1.03426200e-02
-7.10305000 1.01954800e-02
-7.07305000 1.01118100e-02
-7.04305000 1.00685300e-02
-7.01305000 1.00521700e-02
-6.98305000 1.00543700e-02
-6.95305000 1.00697100e-02
-6.92305000 1.00944400e-02
-6.89305000 1.01258000e-02
-6.86305000 1.01614300e-02
-6.83305000 1.01991400e-02
-6.80305000 1.02363400e-02
-6.77305000 1.02695100e-02
-6.74305000 1.02930900e-02
-6.71305000 1.02972100e-02
-6.68305000 1.02628000e-02
-6.65305000 1.01493600e-02
-6.62305000 9.86508000e-03
-6.59305000 9.21211000e-03
-6.56305000 8.07170000e-03
-6.52751000 8.01838000e-03
-6.49751000 9.40137000e-03
-6.46751000 1.03762100e-02
-6.43751000 1.09487500e-02
-6.40751000 1.13398800e-02
-6.37751000 1.16605700e-02
-6.34751000 1.19649100e-02
-6.31751000 1.22857400e-02
-6.28751000 1.26509600e-02
-6.25751000 1.30931400e-02
-6.22751000 1.36594300e-02
-6.19751000 1.44274700e-02
-6.16751000 1.55373300e-02
-6.13751000 1.72636900e-02
-6.10751000 2.01918200e-02
-6.07751000 2.56506800e-02
-6.04751000 3.64051200e-02
-6.01751000 5.29432900e-02
-5.98751000 5.45379600e-02
-5.95751000 3.85294700e-02
-5.92751000 2.74645700e-02
-5.89751000 2.20743100e-02
-5.86751000 1.94783700e-02
-5.83751000 1.82600900e-02
-5.80751000 1.78309100e-02
-5.77751000 1.79732400e-02
-5.74751000 1.86767400e-02
-5.71198000 2.05062000e-02
-5.68198000 2.35316800e-02
-5.65198000 2.93563200e-02
-5.62198000 4.10733600e-02
-5.59198000 6.11388000e-02
-5.56198000 6.89968000e-02
-5.53198000 4.99681600e-02
-5.50198000 3.41579400e-02
-5.47198000 2.61488600e-02
-5.44198000 2.21038600e-02
-5.41198000 1.99165400e-02
-5.38198000 1.86637400e-02
-5.35198000 1.79230600e-02
-5.32198000 1.74859700e-02
-5.29198000 1.72418300e-02
-5.26198000 1.71285000e-02
-5.23198000 1.71093400e-02
-5.20198000 1.71623200e-02
-5.17198000 1.72740800e-02
-5.14198000 1.74367800e-02
-5.11198000 1.76464600e-02
-5.08198000 1.79020900e-02
-5.05198000 1.82051100e-02
-5.02198000 1.85592800e-02
-4.99198000 1.89710300e-02
-4.96198000 1.94497600e-02
-4.93198000 2.00088900e-02
-4.89645000 2.08012700e-02
-4.86645000 2.16118700e-02
-4.83645000 2.25941200e-02
-4.80645000 2.38066600e-02
-4.77645000 2.53376400e-02
-4.74645000 2.73237600e-02
-4.71645000 2.99862600e-02
-4.68645000 3.37002400e-02
-4.65645000 3.91399000e-02
-4.62645000 4.76033000e-02
-4.59645000 6.17882000e-02
-4.56645000 8.77153000e-02
-4.53645000 1.38528400e-01
-4.50645000 2.27397800e-01
-4.47645000 2.87407400e-01
-4.44645000 2.23858800e-01
-4.41645000 1.39707000e-01
-4.38645000 9.37104000e-02
-4.35645000 7.17314000e-02
-4.32645000 6.10005000e-02
-4.29645000 5.86099000e-02
-4.26645000 6.47717000e-02
-4.23645000 7.64285000e-02
-4.20645000 7.70029000e-02
-4.17645000 7.31659000e-02
-4.14645000 7.43929000e-02
-4.11645000 7.20879000e-02
-4.08092000 6.73365000e-02
-4.05092000 5.91044000e-02
-4.02092000 5.04774000e-02
-3.99092000 4.53794000e-02
-3.96092000 4.23153000e-02
-3.93092000 4.11710000e-02
-3.90092000 4.18505000e-02
-3.87092000 4.44390000e-02
-3.84092000 4.97284000e-02
-3.81092000 5.69268000e-02
-3.78092000 5.81357000e-02
-3.75092000 5.63811000e-02
-3.72092000 5.89714000e-02
-3.69092000 6.73825000e-02
-3.66092000 8.17455000e-02
-3.63092000 8.91142000e-02
-3.60092000 8.56892000e-02
-3.57092000 8.85872000e-02
-3.54092000 1.01800700e-01
-3.51092000 1.29498800e-01
-3.48092000 1.83304000e-01
-3.45092000 2.65390000e-01
-3.42092000 2.87127900e-01
-3.39092000 2.44369100e-01
-3.36092000 2.42569900e-01
-3.33092000 2.98177400e-01
-3.30092000 3.83881000e-01
-3.26539000 4.23272000e-01
-3.23539000 4.73343800e-01
-3.20539000 5.97395600e-01
-3.17539000 8.14198400e-01
-3.14539000 1.29477070e+00
-3.11539000 1.84617850e+00
-3.08539000 1.53974840e+00
-3.05539000 9.62698200e-01
-3.02539000 6.14694500e-01
-2.99539000 4.22273900e-01
-2.96539000 3.23275500e-01
-2.93539000 2.47610100e-01
-2.90539000 1.91157700e-01
-2.87539000 1.57778700e-01
-2.84539000 1.38963000e-01
-2.81539000 1.29611000e-01
-2.78539000 1.27990700e-01
-2.75539000 1.32324300e-01
-2.72539000 1.37447000e-01
-2.69539000 1.44808100e-01
-2.66539000 1.59095700e-01
-2.63539000 1.71001200e-01
-2.60539000 1.81288200e-01
-2.57539000 2.04258600e-01
-2.54539000 2.50227200e-01
-2.51539000 3.33603200e-01
-2.48539000 4.89462800e-01
-2.44986000 8.74330200e-01
-2.41986000 1.37641000e+00
-2.38986000 1.42997380e+00
-2.35986000 1.12486300e+00
-2.32986000 1.12765440e+00
-2.29986000 1.52221020e+00
-2.26986000 1.79711700e+00
-2.23986000 1.33368020e+00
-2.20986000 8.83689000e-01
-2.17986000 5.75785400e-01
-2.14986000 3.80015400e-01
-2.11986000 2.71144000e-01
-2.08986000 2.08170000e-01
-2.05986000 1.68729800e-01
-2.02986000 1.42473800e-01
-1.99986000 1.24353900e-01
-1.96986000 1.11467200e-01
-1.93986000 1.02090000e-01
-1.90986000 9.51348000e-02
-1.87986000 8.99879000e-02
-1.84986000 8.62521000e-02
-1.81986000 8.36512000e-02
-1.78986000 8.20228000e-02
-1.75986000 8.12871000e-02
-1.72986000 8.13683000e-02
-1.69986000 8.23717000e-02
-1.66986000 8.43863000e-02
-1.63432000 8.67994000e-02
-1.60432000 9.01913000e-02
-1.57432000 9.67418000e-02
-1.54432000 1.06171700e-01
-1.51432000 1.14324400e-01
-1.48432000 1.22261900e-01
-1.45432000 1.28129100e-01
-1.42432000 1.36737600e-01
-1.39432000 1.54301300e-01
-1.36432000 1.78180500e-01
-1.33432000 2.08486600e-01
-1.30432000 2.37864000e-01
-1.27432000 2.92383300e-01
-1.24432000 4.18505700e-01
-1.21432000 6.68045400e-01
-1.18432000 9.03573700e-01
-1.15432000 7.27788400e-01
-1.12432000 4.70127300e-01
-1.09432000 3.26634900e-01
-1.06432000 2.57543100e-01
-1.03432000 2.27278000e-01
-1.00432000 2.19039700e-01
-0.97432500 2.19142200e-01
-0.94432500 2.15295200e-01
-0.91432500 2.16937300e-01
-0.88432500 2.27435900e-01
-0.85432500 2.46521300e-01
-0.81879300 2.83539400e-01
-0.78879300 3.35269000e-01
-0.75879300 4.17248000e-01
-0.72879300 5.14340000e-01
-0.69879300 6.11442000e-01
-0.66879300 6.64227000e-01
-0.63879300 6.47436000e-01
-0.60879300 6.82864000e-01
-0.57879300 7.98876000e-01
-0.54879300 9.84422000e-01
-0.51879300 1.24841700e+00
-0.48879300 1.71443600e+00
-0.45879300 2.60169500e+00
-0.42879300 4.33132800e+00
-0.39879300 6.91133500e+00
-0.36879300 7.26034000e+00
-0.33879300 5.54692000e+00
-0.30879300 5.18816000e+00
-0.27879300 6.69002000e+00
-0.24879300 9.25682200e+00
-0.21879300 8.93975800e+00
-0.18879300 6.25800000e+00
-0.15879300 5.11724000e+00
-0.12879300 5.42906000e+00
-0.09879330 5.15719000e+00
-0.06879330 4.33766000e+00
-0.03879330 4.56949600e+00
-0.00326166 4.91487000e+00
0.02673830 3.44921400e+00
0.05673830 2.19349600e+00
0.08673830 1.55171000e+00
0.11673800 1.25728400e+00
0.14673800 1.17982400e+00
0.17673800 1.28859900e+00
0.20673800 1.50507700e+00
0.23673800 1.86766800e+00
0.26673800 2.64793200e+00
0.29673800 3.09020600e+00
0.32673800 2.47212000e+00
0.35673800 1.63700600e+00
0.38673800 1.08319200e+00
0.41673800 8.01455000e-01
0.44673800 6.63522000e-01
0.47673800 6.07594000e-01
0.50673800 6.12825000e-01
0.53673800 6.82194000e-01
0.56673800 8.47066000e-01
0.59673800 1.19277300e+00
0.62673800 1.91190000e+00
0.65673800 3.18048000e+00
0.68673800 3.83104000e+00
0.71673800 2.66547900e+00
0.74673800 1.55318700e+00
0.77673800 9.76231000e-01
