# E(MeV)  S_NSDRNSDR(K=0) for Lu193_DDPCX
-7.34305000 8.42190000e-02
-7.31305000 5.22534000e-02
-7.28305000 -1.62491000e-02
-7.25305000 -1.65222000e-01
-7.22305000 -4.61545000e-01
-7.19305000 -7.22042000e-01
-7.16305000 -4.48859000e-01
-7.13305000 -7.82539000e-02
-7.10305000 1.46761000e-01
-7.07305000 2.91617000e-01
-7.04305000 4.07846000e-01
-7.01305000 5.21819000e-01
-6.98305000 6.50534000e-01
-6.95305000 8.10142000e-01
-6.92305000 1.02177000e+00
-6.89305000 1.31866000e+00
-6.86305000 1.75927000e+00
-6.83305000 2.45555000e+00
-6.80305000 3.64066000e+00
-6.77305000 5.83752000e+00
-6.74305000 1.02069000e+01
-6.71305000 1.80251000e+01
-6.68305000 2.25375000e+01
-6.65305000 1.54363000e+01
-6.62305000 8.59765000e+00
-6.59305000 5.05220000e+00
-6.56305000 3.24710000e+00
-6.52751000 2.11959000e+00
-6.49751000 1.57503000e+00
-6.46751000 1.22400000e+00
-6.43751000 9.86086000e-01
-6.40751000 8.18247000e-01
-6.37751000 6.95971000e-01
-6.34751000 6.04534000e-01
-6.31751000 5.34686000e-01
-6.28751000 4.80396000e-01
-6.25751000 4.37597000e-01
-6.22751000 4.03473000e-01
-6.19751000 3.76026000e-01
-6.16751000 3.53805000e-01
-6.13751000 3.35741000e-01
-6.10751000 3.21028000e-01
-6.07751000 3.09055000e-01
-6.04751000 2.99348000e-01
-6.01751000 2.91538000e-01
-5.98751000 2.85335000e-01
-5.95751000 2.80507000e-01
-5.92751000 2.76867000e-01
-5.89751000 2.74268000e-01
-5.86751000 2.72587000e-01
-5.83751000 2.71726000e-01
-5.80751000 2.71604000e-01
-5.77751000 2.72157000e-01
-5.74751000 2.73330000e-01
-5.71198000 2.75466000e-01
-5.68198000 2.77859000e-01
-5.65198000 2.80764000e-01
-5.62198000 2.84163000e-01
-5.59198000 2.88041000e-01
-5.56198000 2.92388000e-01
-5.53198000 2.97200000e-01
-5.50198000 3.02475000e-01
-5.47198000 3.08217000e-01
-5.44198000 3.14431000e-01
-5.41198000 3.21129000e-01
-5.38198000 3.28322000e-01
-5.35198000 3.36029000e-01
-5.32198000 3.44270000e-01
-5.29198000 3.53069000e-01
-5.26198000 3.62455000e-01
-5.23198000 3.72462000e-01
-5.20198000 3.83126000e-01
-5.17198000 3.94492000e-01
-5.14198000 4.06608000e-01
-5.11198000 4.19531000e-01
-5.08198000 4.33324000e-01
-5.05198000 4.48060000e-01
-5.02198000 4.63821000e-01
-4.99198000 4.80701000e-01
-4.96198000 4.98810000e-01
-4.93198000 5.18271000e-01
-4.89645000 5.43272000e-01
-4.86645000 5.66226000e-01
-4.83645000 5.91084000e-01
-4.80645000 6.18090000e-01
-4.77645000 6.47530000e-01
-4.74645000 6.79756000e-01
-4.71645000 7.15195000e-01
-4.68645000 7.54375000e-01
-4.65645000 7.97965000e-01
-4.62645000 8.46822000e-01
-4.59645000 9.02070000e-01
-4.56645000 9.65224000e-01
-4.53645000 1.03838000e+00
-4.50645000 1.12456000e+00
-4.47645000 1.22828000e+00
-4.44645000 1.35667000e+00
-4.41645000 1.52163000e+00
-4.38645000 1.74459000e+00
-4.35645000 2.06736000e+00
-4.32645000 2.57880000e+00
-4.29645000 3.47407000e+00
-4.26645000 5.04804000e+00
-4.23645000 6.60970000e+00
-4.20645000 6.46097000e+00
-4.17645000 6.69191000e+00
-4.14645000 8.06059000e+00
-4.11645000 8.42613000e+00
-4.08092000 7.00860000e+00
-4.05092000 5.81533000e+00
-4.02092000 5.49335000e+00
-3.99092000 5.82020000e+00
-3.96092000 6.69023000e+00
-3.93092000 8.24728000e+00
-3.90092000 1.09469000e+01
-3.87092000 1.58705000e+01
-3.84092000 2.50202000e+01
-3.81092000 3.65986000e+01
-3.78092000 3.67870000e+01
-3.75092000 3.36860000e+01
-3.72092000 3.91349000e+01
-3.69092000 5.50226000e+01
-3.66092000 8.70210000e+01
-3.63092000 1.13871000e+02
-3.60092000 1.03035000e+02
-3.57092000 6.94126000e+01
-3.54092000 4.10797000e+01
-3.51092000 2.60493000e+01
-3.48092000 1.83431000e+01
-3.45092000 1.42196000e+01
-3.42092000 1.20469000e+01
-3.39092000 1.11763000e+01
-3.36092000 1.13079000e+01
-3.33092000 1.15072000e+01
-3.30092000 1.15302000e+01
-3.26539000 1.28297000e+01
-3.23539000 1.55476000e+01
-3.20539000 2.06696000e+01
-3.17539000 3.03926000e+01
-3.14539000 4.90941000e+01
-3.11539000 7.95092000e+01
-3.08539000 1.10838000e+02
-3.05539000 9.84349000e+01
-3.02539000 6.04226000e+01
-2.99539000 3.79901000e+01
-2.96539000 2.78853000e+01
-2.93539000 2.43341000e+01
-2.90539000 2.50520000e+01
-2.87539000 2.97212000e+01
-2.84539000 4.11028000e+01
-2.81539000 6.60971000e+01
-2.78539000 1.11537000e+02
-2.75539000 1.36216000e+02
-2.72539000 9.33215000e+01
-2.69539000 5.28895000e+01
-2.66539000 3.18819000e+01
-2.63539000 2.11218000e+01
-2.60539000 1.51725000e+01
-2.57539000 1.16611000e+01
-2.54539000 9.54202000e+00
-2.51539000 8.32206000e+00
-2.48539000 7.53658000e+00
-2.44986000 6.33986000e+00
-2.41986000 5.54788000e+00
-2.38986000 5.10736000e+00
-2.35986000 4.93748000e+00
-2.32986000 5.02265000e+00
-2.29986000 5.43099000e+00
-2.26986000 6.36168000e+00
-2.23986000 8.29705000e+00
-2.20986000 1.23102000e+01
-2.17986000 1.93123000e+01
-2.14986000 2.23027000e+01
-2.11986000 1.57749000e+01
-2.08986000 1.03091000e+01
-2.05986000 7.68794000e+00
-2.02986000 6.59242000e+00
-1.99986000 6.32330000e+00
-1.96986000 6.63923000e+00
-1.93986000 7.54844000e+00
-1.90986000 9.28406000e+00
-1.87986000 1.24509000e+01
-1.84986000 1.84698000e+01
-1.81986000 3.03721000e+01
-1.78986000 4.95704000e+01
-1.75986000 5.48812000e+01
-1.72986000 3.99184000e+01
-1.69986000 3.21412000e+01
-1.66986000 3.62995000e+01
-1.63432000 5.33348000e+01
-1.60432000 5.14778000e+01
-1.57432000 3.30509000e+01
-1.54432000 2.12917000e+01
-1.51432000 1.61838000e+01
-1.48432000 1.50795000e+01
-1.45432000 1.75789000e+01
-1.42432000 2.48497000e+01
-1.39432000 3.32796000e+01
-1.36432000 2.91271000e+01
-1.33432000 2.01279000e+01
-1.30432000 1.63338000e+01
-1.27432000 1.71636000e+01
-1.24432000 2.02156000e+01
-1.21432000 2.23694000e+01
-1.18432000 2.40376000e+01
-1.15432000 2.39275000e+01
-1.12432000 1.68510000e+01
-1.09432000 1.11716000e+01
-1.06432000 8.47407000e+00
-1.03432000 7.47001000e+00
-1.00432000 7.49082000e+00
-0.97432500 8.67692000e+00
-0.94432500 1.17741000e+01
-0.91432500 1.85746000e+01
-0.88432500 2.98108000e+01
-0.85432500 3.23094000e+01
-0.81879300 2.03480000e+01
-0.78879300 1.42665000e+01
-0.75879300 1.00100000e+01
-0.72879300 6.62728000e+00
-0.69879300 4.65170000e+00
-0.66879300 3.51873000e+00
-0.63879300 2.81824000e+00
-0.60879300 2.35884000e+00
-0.57879300 2.05832000e+00
-0.54879300 1.88294000e+00
-0.51879300 1.84236000e+00
-0.48879300 1.97019000e+00
-0.45879300 2.05092000e+00
-0.42879300 1.71907000e+00
-0.39879300 1.38147000e+00
-0.36879300 1.18358000e+00
-0.33879300 1.06837000e+00
-0.30879300 9.98232000e-01
-0.27879300 9.57762000e-01
-0.24879300 9.49754000e-01
-0.21879300 9.83512000e-01
-0.18879300 1.08092000e+00
-0.15879300 1.29551000e+00
-0.12879300 1.47900000e+00
-0.09879330 1.30952000e+00
-0.06879330 1.14633000e+00
-0.03879330 1.15207000e+00
-0.00326166 1.12929000e+00
0.02673830 9.96280000e-01
0.05673830 9.37843000e-01
0.08673830 9.69126000e-01
0.11673800 1.09435000e+00
0.14673800 1.21534000e+00
0.17673800 1.17614000e+00
0.20673800 1.16172000e+00
0.23673800 1.25646000e+00
0.26673800 1.47889000e+00
0.29673800 1.88733000e+00
0.32673800 2.63466000e+00
0.35673800 4.08360000e+00
0.38673800 6.98872000e+00
0.41673800 1.14112000e+01
0.44673800 1.16624000e+01
0.47673800 7.41740000e+00
0.50673800 4.45983000e+00
0.53673800 2.83455000e+00
0.56673800 1.95646000e+00
0.59673800 1.45517000e+00
0.62673800 1.15429000e+00
0.65673800 9.68065000e-01
0.68673800 8.54903000e-01
0.71673800 7.88036000e-01
0.74673800 7.27438000e-01
0.77673800 6.79786000e-01
