# E(MeV)  S_NSDRNSDR(Total=K0+2*K1) for Lu193_DDPCX
-7.34305000 3.22769000e-01
-7.31305000 3.32583400e-01
-7.28305000 3.21356900e-01
-7.25305000 2.54978000e-01
-7.22305000 8.51770000e-02
-7.19305000 3.31520000e-02
-7.16305000 6.80655000e-01
-7.13305000 1.78217210e+00
-7.10305000 3.40800100e+00
-7.07305000 4.97047700e+00
-7.04305000 4.13756600e+00
-7.01305000 2.68069900e+00
-6.98305000 1.93414000e+00
-6.95305000 1.64661000e+00
-6.92305000 1.60162400e+00
-6.89305000 1.71533000e+00
-6.86305000 1.97135000e+00
-6.83305000 2.43369720e+00
-6.80305000 3.50494580e+00
-6.77305000 5.86004900e+00
-6.74305000 1.03739250e+01
-6.71305000 1.82687120e+01
-6.68305000 2.28247900e+01
-6.65305000 1.57541520e+01
-6.62305000 8.94170000e+00
-6.59305000 5.42230000e+00
-6.56305000 3.64558200e+00
-6.52751000 2.55731400e+00
-6.49751000 2.05288000e+00
-6.46751000 1.75091400e+00
-6.43751000 1.57431400e+00
-6.40751000 1.48483900e+00
-6.37751000 1.46528700e+00
-6.34751000 1.51253800e+00
-6.31751000 1.63665400e+00
-6.28751000 1.86551400e+00
-6.25751000 2.25850500e+00
-6.22751000 2.94057300e+00
-6.19751000 4.18792600e+00
-6.16751000 6.63398500e+00
-6.13751000 1.14719010e+01
-6.10751000 1.76267080e+01
-6.07751000 1.56861950e+01
-6.04751000 9.31352800e+00
-6.01751000 5.49313800e+00
-5.98751000 3.58241500e+00
-5.95751000 2.57078700e+00
-5.92751000 1.98947700e+00
-5.89751000 1.63138200e+00
-5.86751000 1.39858300e+00
-5.83751000 1.24105400e+00
-5.80751000 1.13137600e+00
-5.77751000 1.05361300e+00
-5.74751000 9.98024000e-01
-5.71198000 9.52500000e-01
-5.68198000 9.26623000e-01
-5.65198000 9.09444000e-01
-5.62198000 8.99149000e-01
-5.59198000 8.94451000e-01
-5.56198000 8.94420000e-01
-5.53198000 8.98380000e-01
-5.50198000 9.05837000e-01
-5.47198000 9.16431000e-01
-5.44198000 9.29903000e-01
-5.41198000 9.46077000e-01
-5.38198000 9.64838000e-01
-5.35198000 9.86123000e-01
-5.32198000 1.00991600e+00
-5.29198000 1.03623500e+00
-5.26198000 1.06513700e+00
-5.23198000 1.09671800e+00
-5.20198000 1.13109800e+00
-5.17198000 1.16844000e+00
-5.14198000 1.20893800e+00
-5.11198000 1.25283100e+00
-5.08198000 1.30040000e+00
-5.05198000 1.35197200e+00
-5.02198000 1.40793500e+00
-4.99198000 1.46874500e+00
-4.96198000 1.53493400e+00
-4.93198000 1.60712900e+00
-4.89645000 1.70143400e+00
-4.86645000 1.78952200e+00
-4.83645000 1.88650600e+00
-4.80645000 1.99369800e+00
-4.77645000 2.11269200e+00
-4.74645000 2.24545200e+00
-4.71645000 2.39441100e+00
-4.68645000 2.56263100e+00
-4.65645000 2.75403300e+00
-4.62645000 2.97370200e+00
-4.59645000 3.22839000e+00
-4.56645000 3.52724400e+00
-4.53645000 3.88298000e+00
-4.50645000 4.31392000e+00
-4.47645000 4.84734000e+00
-4.44645000 5.52581000e+00
-4.41645000 6.41923000e+00
-4.38645000 7.65013000e+00
-4.35645000 9.45010000e+00
-4.32645000 1.22950400e+01
-4.29645000 1.72328500e+01
-4.26645000 2.63954400e+01
-4.23645000 4.06739000e+01
-4.20645000 4.71117700e+01
-4.17645000 3.96867100e+01
-4.14645000 3.72949900e+01
-4.11645000 4.01793300e+01
-4.08092000 4.05544000e+01
-4.05092000 4.17997300e+01
-4.02092000 5.18205500e+01
-3.99092000 7.69900000e+01
-3.96092000 1.25842230e+02
-3.93092000 1.71736280e+02
-3.90092000 1.64226100e+02
-3.87092000 1.24703500e+02
-3.84092000 9.76228000e+01
-3.81092000 9.46096000e+01
-3.78092000 8.61418000e+01
-3.75092000 7.89174000e+01
-3.72092000 8.65805000e+01
-3.69092000 9.67574000e+01
-3.66092000 1.22190000e+02
-3.63092000 1.50639600e+02
-3.60092000 1.43405200e+02
-3.57092000 1.07095400e+02
-3.54092000 8.11887000e+01
-3.51092000 8.12453000e+01
-3.48092000 9.88881000e+01
-3.45092000 9.30478000e+01
-3.42092000 6.60353000e+01
-3.39092000 5.20209000e+01
-3.36092000 5.21775000e+01
-3.33092000 6.51854000e+01
-3.30092000 8.46392000e+01
-3.26539000 7.56431000e+01
-3.23539000 5.99924000e+01
-3.20539000 5.93366000e+01
-3.17539000 7.57884000e+01
-3.14539000 1.13792700e+02
-3.11539000 1.52517800e+02
-3.08539000 1.61863000e+02
-3.05539000 1.30633900e+02
-3.02539000 8.35818000e+01
-2.99539000 5.75475800e+01
-2.96539000 4.69879200e+01
-2.93539000 4.67343000e+01
-2.90539000 5.02302000e+01
-2.87539000 5.17658000e+01
-2.84539000 6.26122000e+01
-2.81539000 9.25087000e+01
-2.78539000 1.39751200e+02
-2.75539000 1.56734200e+02
-2.72539000 1.07486460e+02
-2.69539000 6.39065200e+01
-2.66539000 4.19380400e+01
-2.63539000 3.20316800e+01
-2.60539000 2.89742000e+01
-2.57539000 2.79698200e+01
-2.54539000 2.39133200e+01
-2.51539000 2.12454000e+01
-2.48539000 2.18188000e+01
-2.44986000 2.69512600e+01
-2.41986000 3.84652800e+01
-2.38986000 5.55189600e+01
-2.35986000 5.40684800e+01
-2.32986000 4.05714500e+01
-2.29986000 3.53483900e+01
-2.26986000 3.03246800e+01
-2.23986000 2.44525100e+01
-2.20986000 2.38150600e+01
-2.17986000 2.85677000e+01
-2.14986000 3.06792200e+01
-2.11986000 2.42417400e+01
-2.08986000 1.98839000e+01
-2.05986000 1.99313600e+01
-2.02986000 2.45298600e+01
-1.99986000 3.58107000e+01
-1.96986000 5.08030300e+01
-1.93986000 4.69766400e+01
-1.90986000 3.37900600e+01
-1.87986000 2.84237000e+01
-1.84986000 3.07707000e+01
-1.81986000 4.16719200e+01
-1.78986000 6.13405000e+01
-1.75986000 6.68054600e+01
-1.72986000 5.21151800e+01
-1.69986000 4.42141400e+01
-1.66986000 4.88675200e+01
-1.63432000 6.98292400e+01
-1.60432000 7.54044000e+01
-1.57432000 6.80121000e+01
-1.54432000 6.44537000e+01
-1.51432000 5.58366000e+01
-1.48432000 5.52755000e+01
-1.45432000 6.79589000e+01
-1.42432000 7.40127000e+01
-1.39432000 7.16082000e+01
-1.36432000 5.85495000e+01
-1.33432000 4.10701000e+01
-1.30432000 3.17064600e+01
-1.27432000 3.05657400e+01
-1.24432000 3.49540000e+01
-1.21432000 4.01973200e+01
-1.18432000 3.97794400e+01
-1.15432000 3.48207600e+01
-1.12432000 2.50309000e+01
-1.09432000 1.84162000e+01
-1.06432000 1.61144700e+01
-1.03432000 1.70559300e+01
-1.00432000 2.01482600e+01
-0.97432500 2.10688800e+01
-0.94432500 2.19668200e+01
-0.91432500 2.86313200e+01
-0.88432500 4.18151600e+01
-0.85432500 4.88056800e+01
-0.81879300 3.96695000e+01
-0.78879300 2.92521000e+01
-0.75879300 2.27640800e+01
-0.72879300 2.11053800e+01
-0.69879300 2.44821800e+01
-0.66879300 2.67789300e+01
-0.63879300 2.53218400e+01
-0.60879300 2.18340600e+01
-0.57879300 1.59881600e+01
-0.54879300 1.29999200e+01
-0.51879300 1.31034200e+01
-0.48879300 1.64551100e+01
-0.45879300 2.24531200e+01
-0.42879300 2.34686700e+01
-0.39879300 2.04035900e+01
-0.36879300 2.18509800e+01
-0.33879300 2.52233700e+01
-0.30879300 2.09642120e+01
-0.27879300 1.57891420e+01
-0.24879300 1.18093740e+01
-0.21879300 8.55309200e+00
-0.18879300 6.56374000e+00
-0.15879300 5.76761000e+00
-0.12879300 5.24610000e+00
-0.09879330 4.36482000e+00
-0.06879330 3.73615000e+00
-0.03879330 3.45127000e+00
-0.00326166 3.23491000e+00
0.02673830 3.13000000e+00
0.05673830 3.39498300e+00
0.08673830 4.08994600e+00
0.11673800 4.50535000e+00
0.14673800 4.26048000e+00
0.17673800 3.75048000e+00
0.20673800 3.15431600e+00
0.23673800 2.94389000e+00
0.26673800 3.15376000e+00
0.29673800 3.71299200e+00
0.32673800 4.31374000e+00
0.35673800 5.43088000e+00
0.38673800 8.13619000e+00
0.41673800 1.24752480e+01
0.44673800 1.27236400e+01
0.47673800 8.53361600e+00
0.50673800 5.70690200e+00
0.53673800 4.26038800e+00
0.56673800 3.50517400e+00
0.59673800 3.05970600e+00
0.62673800 2.65361600e+00
0.65673800 2.41516700e+00
0.68673800 2.47304700e+00
0.71673800 2.75343400e+00
0.74673800 2.93845800e+00
0.77673800 2.69012600e+00
