# E(MeV)  S_NSDRNSDR(K=1) for Md289_DDPCX
-7.93682000 1.48990000e+01
-7.90682000 1.62716000e+01
-7.87682000 9.89435000e+00
-7.84682000 5.21949000e+00
-7.81682000 2.82812000e+00
-7.78682000 1.54345000e+00
-7.75682000 7.63424000e-01
-7.72682000 2.19697000e-01
-7.69682000 -2.18751000e-01
-7.66682000 -6.28037000e-01
-7.63682000 -1.06555000e+00
-7.60682000 -1.59082000e+00
-7.57682000 -2.28540000e+00
-7.54682000 -3.28435000e+00
-7.51682000 -4.84152000e+00
-7.48682000 -7.48426000e+00
-7.45682000 -1.23968000e+01
-7.42682000 -2.21700000e+01
-7.39682000 -3.90634000e+01
-7.36682000 -4.64764000e+01
-7.33682000 -3.06756000e+01
-7.30682000 -1.69117000e+01
-7.27682000 -9.82404000e+00
-7.24682000 -6.19621000e+00
-7.21682000 -4.18141000e+00
-7.18682000 -2.96929000e+00
-7.15682000 -2.19039000e+00
-7.12682000 -1.66264000e+00
-7.09682000 -1.28939000e+00
-7.06191000 -9.78253000e-01
-7.03191000 -7.80748000e-01
-7.00191000 -6.27390000e-01
-6.97191000 -5.05778000e-01
-6.94191000 -4.07544000e-01
-6.91191000 -3.26881000e-01
-6.88191000 -2.59664000e-01
-6.85191000 -2.02895000e-01
-6.82191000 -1.54357000e-01
-6.79191000 -1.12380000e-01
-6.76191000 -7.56888000e-02
-6.73191000 -4.32943000e-02
-6.70191000 -1.44200000e-02
-6.67191000 1.15508000e-02
-6.64191000 3.51136000e-02
-6.61191000 5.66705000e-02
-6.58191000 7.65512000e-02
-6.55191000 9.50288000e-02
-6.52191000 1.12332000e-01
-6.49191000 1.28652000e-01
-6.46191000 1.44155000e-01
-6.43191000 1.58982000e-01
-6.40191000 1.73256000e-01
-6.37191000 1.87085000e-01
-6.34191000 2.00566000e-01
-6.31191000 2.13786000e-01
-6.28191000 2.26826000e-01
-6.25191000 2.39758000e-01
-6.22191000 2.52654000e-01
-6.18700000 2.67702000e-01
-6.15700000 2.80744000e-01
-6.12700000 2.93956000e-01
-6.09700000 3.07402000e-01
-6.06700000 3.21149000e-01
-6.03700000 3.35265000e-01
-6.00700000 3.49823000e-01
-5.97700000 3.64899000e-01
-5.94700000 3.80577000e-01
-5.91700000 3.96948000e-01
-5.88700000 4.14110000e-01
-5.85700000 4.32174000e-01
-5.82700000 4.51265000e-01
-5.79700000 4.71521000e-01
-5.76700000 4.93103000e-01
-5.73700000 5.16191000e-01
-5.70700000 5.40996000e-01
-5.67700000 5.67761000e-01
-5.64700000 5.96772000e-01
-5.61700000 6.28364000e-01
-5.58700000 6.62936000e-01
-5.55700000 7.00967000e-01
-5.52700000 7.43034000e-01
-5.49700000 7.89848000e-01
-5.46700000 8.42268000e-01
-5.43700000 9.01240000e-01
-5.40700000 9.68026000e-01
-5.37700000 1.04444000e+00
-5.34700000 1.13266000e+00
-5.31209000 1.25387000e+00
-5.28209000 1.37837000e+00
-5.25209000 1.52727000e+00
-5.22209000 1.70808000e+00
-5.19209000 1.93162000e+00
-5.16209000 2.21417000e+00
-5.13209000 2.58128000e+00
-5.10209000 3.07518000e+00
-5.07209000 3.77249000e+00
-5.04209000 4.82205000e+00
-5.01209000 6.49550000e+00
-4.98209000 9.01076000e+00
-4.95209000 1.23119000e+01
-4.92209000 1.66642000e+01
-4.89209000 2.26379000e+01
-4.86209000 2.93684000e+01
-4.83209000 3.74001000e+01
-4.80209000 4.37242000e+01
-4.77209000 5.12172000e+01
-4.74209000 5.40726000e+01
-4.71209000 5.54044000e+01
-4.68209000 5.59370000e+01
-4.65209000 5.21123000e+01
-4.62209000 4.67332000e+01
-4.59209000 3.13735000e+01
-4.56209000 1.89161000e+01
-4.53209000 1.22179000e+01
-4.50209000 8.57919000e+00
-4.47209000 6.44104000e+00
-4.43718000 4.93077000e+00
-4.40718000 4.12229000e+00
-4.37718000 3.61666000e+00
-4.34718000 3.31478000e+00
-4.31718000 3.10766000e+00
-4.28718000 2.88784000e+00
-4.25718000 2.72565000e+00
-4.22718000 2.51761000e+00
-4.19718000 2.34769000e+00
-4.16718000 2.25864000e+00
-4.13718000 2.07181000e+00
-4.10718000 1.96437000e+00
-4.07718000 1.94643000e+00
-4.04718000 1.83354000e+00
-4.01718000 1.74451000e+00
-3.98718000 1.69001000e+00
-3.95718000 1.52793000e+00
-3.92718000 1.36888000e+00
-3.89718000 1.27980000e+00
-3.86718000 1.23614000e+00
-3.83718000 1.20849000e+00
-3.80718000 1.17519000e+00
-3.77718000 1.15052000e+00
-3.74718000 1.14183000e+00
-3.71718000 1.14912000e+00
-3.68718000 1.16956000e+00
-3.65718000 1.17379000e+00
-3.62718000 1.16430000e+00
-3.59718000 1.16541000e+00
-3.56227000 1.17293000e+00
-3.53227000 1.19088000e+00
-3.50227000 1.22532000e+00
-3.47227000 1.28400000e+00
-3.44227000 1.35376000e+00
-3.41227000 1.35988000e+00
-3.38227000 1.33931000e+00
-3.35227000 1.34288000e+00
-3.32227000 1.36547000e+00
-3.29227000 1.39972000e+00
-3.26227000 1.44249000e+00
-3.23227000 1.49283000e+00
-3.20227000 1.55081000e+00
-3.17227000 1.61710000e+00
-3.14227000 1.69283000e+00
-3.11227000 1.77959000e+00
-3.08227000 1.87956000e+00
-3.05227000 1.99560000e+00
-3.02227000 2.13160000e+00
-2.99227000 2.29288000e+00
-2.96227000 2.48686000e+00
-2.93227000 2.72420000e+00
-2.90227000 3.02072000e+00
-2.87227000 3.40085000e+00
-2.84227000 3.90421000e+00
-2.81227000 4.59900000e+00
-2.78227000 5.61042000e+00
-2.75227000 7.16822000e+00
-2.72227000 9.59967000e+00
-2.68736000 1.45351000e+01
-2.65736000 2.29022000e+01
-2.62736000 3.42513000e+01
-2.59736000 3.81413000e+01
-2.56736000 3.49380000e+01
-2.53736000 3.46936000e+01
-2.50736000 3.78673000e+01
-2.47736000 3.96551000e+01
-2.44736000 4.90263000e+01
-2.41736000 5.59133000e+01
-2.38736000 4.22182000e+01
-2.35736000 2.59167000e+01
-2.32736000 1.69181000e+01
-2.29736000 1.23230000e+01
-2.26736000 9.90172000e+00
-2.23736000 8.64527000e+00
-2.20736000 8.11275000e+00
-2.17736000 8.16379000e+00
-2.14736000 8.87948000e+00
-2.11736000 1.04960000e+01
-2.08736000 1.27001000e+01
-2.05736000 1.38458000e+01
-2.02736000 1.57128000e+01
-1.99736000 2.12214000e+01
-1.96736000 2.95801000e+01
-1.93736000 2.98761000e+01
-1.90736000 2.55434000e+01
-1.87736000 2.53436000e+01
-1.84736000 2.54290000e+01
-1.81246000 2.87969000e+01
-1.78246000 3.52283000e+01
-1.75246000 3.72131000e+01
-1.72246000 4.22373000e+01
-1.69246000 5.32783000e+01
-1.66246000 5.70083000e+01
-1.63246000 6.16782000e+01
-1.60246000 8.31189000e+01
-1.57246000 1.27813000e+02
-1.54246000 1.61695000e+02
-1.51246000 1.20875000e+02
-1.48246000 7.28691000e+01
-1.45246000 4.80579000e+01
-1.42246000 3.69369000e+01
-1.39246000 3.32094000e+01
-1.36246000 3.49281000e+01
-1.33246000 4.17164000e+01
-1.30246000 5.22602000e+01
-1.27246000 6.86632000e+01
-1.24246000 8.04397000e+01
-1.21246000 8.11205000e+01
-1.18246000 8.26243000e+01
-1.15246000 1.07080000e+02
-1.12246000 1.53308000e+02
-1.09246000 1.68172000e+02
-1.06246000 1.51733000e+02
-1.03246000 1.45056000e+02
-1.00246000 1.27592000e+02
-0.97245600 9.26407000e+01
-0.93754700 7.79555000e+01
-0.90754700 8.51497000e+01
-0.87754700 7.51350000e+01
-0.84754700 5.10365000e+01
-0.81754700 3.67258000e+01
-0.78754700 3.06259000e+01
-0.75754700 2.69666000e+01
-0.72754700 2.32313000e+01
-0.69754700 2.13705000e+01
-0.66754700 2.14148000e+01
-0.63754700 2.27030000e+01
-0.60754700 2.54667000e+01
-0.57754700 3.17367000e+01
-0.54754700 4.46052000e+01
-0.51754700 6.08521000e+01
-0.48754700 5.75043000e+01
-0.45754700 4.59501000e+01
-0.42754700 4.34345000e+01
-0.39754700 4.85304000e+01
-0.36754700 5.57879000e+01
-0.33754700 5.94392000e+01
-0.30754700 5.86545000e+01
-0.27754700 6.38757000e+01
-0.24754700 7.05069000e+01
-0.21754700 7.84755000e+01
-0.18754700 9.65645000e+01
-0.15754700 1.19878000e+02
-0.12754700 1.51858000e+02
-0.09754710 2.14225000e+02
-0.06263860 3.60252000e+02
-0.03263860 5.91794000e+02
-0.00263857 8.17087000e+02
0.02736140 7.67129000e+02
0.05736140 6.74657000e+02
0.08736140 5.70893000e+02
0.11736100 4.00542000e+02
0.14736100 2.84218000e+02
0.17736100 2.31079000e+02
0.20736100 1.98729000e+02
0.23736100 1.60819000e+02
0.26736100 1.17111000e+02
0.29736100 8.71370000e+01
0.32736100 6.72422000e+01
0.35736100 5.27799000e+01
0.38736100 4.43475000e+01
0.41736100 3.94530000e+01
0.44736100 3.45707000e+01
0.47736100 3.01563000e+01
0.50736100 2.74138000e+01
0.53736100 2.53998000e+01
0.56736100 2.23719000e+01
0.59736100 1.95324000e+01
0.62736100 1.81981000e+01
0.65736100 1.82294000e+01
0.68736100 1.83923000e+01
0.71736100 1.80461000e+01
0.74736100 1.73993000e+01
0.77736100 1.67247000e+01
