# E(MeV)  S_NSDRNSDR(Total=K0+2*K1) for Md289_DDPCX
-7.93682000 2.63887500e+01
-7.90682000 3.06292600e+01
-7.87682000 1.87181800e+01
-7.84682000 9.79357500e+00
-7.81682000 5.24102000e+00
-7.78682000 2.80769400e+00
-7.75682000 1.33427300e+00
-7.72682000 3.05436000e-01
-7.69682000 -5.29863300e-01
-7.66682000 -1.31783790e+00
-7.63682000 -2.16982140e+00
-7.60682000 -3.20288220e+00
-7.57682000 -4.57905729e+00
-7.54682000 -6.56811479e+00
-7.51682000 -9.67817606e+00
-7.48682000 -1.49655571e+01
-7.45682000 -2.48027366e+01
-7.42682000 -4.43809936e+01
-7.39682000 -7.82408930e+01
-7.36682000 -9.32022320e+01
-7.33682000 -6.16577590e+01
-7.30682000 -3.39817720e+01
-7.27682000 -1.96865050e+01
-7.24682000 -1.23681089e+01
-7.21682000 -8.30361660e+00
-7.18682000 -5.85750050e+00
-7.15682000 -4.28440280e+00
-7.12682000 -3.21722200e+00
-7.09682000 -2.46117900e+00
-7.06191000 -1.82945500e+00
-7.03191000 -1.42724100e+00
-7.00191000 -1.11388900e+00
-6.97191000 -8.64431000e-01
-6.94191000 -6.62016000e-01
-6.91191000 -4.94953000e-01
-6.88191000 -3.54932000e-01
-6.85191000 -2.35916000e-01
-6.82191000 -1.33435000e-01
-6.79191000 -4.41250000e-02
-6.76191000 3.45894000e-02
-6.73191000 1.04702400e-01
-6.70191000 1.67784000e-01
-6.67191000 2.25082600e-01
-6.64191000 2.77601200e-01
-6.61191000 3.26158000e-01
-6.58191000 3.71421400e-01
-6.55191000 4.13950600e-01
-6.52191000 4.54214000e-01
-6.49191000 4.92605000e-01
-6.46191000 5.29466000e-01
-6.43191000 5.65091000e-01
-6.40191000 5.99738000e-01
-6.37191000 6.33636000e-01
-6.34191000 6.66990000e-01
-6.31191000 6.99989000e-01
-6.28191000 7.32810000e-01
-6.25191000 7.65611000e-01
-6.22191000 7.98553000e-01
-6.18700000 8.37261000e-01
-6.15700000 8.71020000e-01
-6.12700000 9.05394000e-01
-6.09700000 9.40534000e-01
-6.06700000 9.76600000e-01
-6.03700000 1.01375600e+00
-6.00700000 1.05217900e+00
-5.97700000 1.09205500e+00
-5.94700000 1.13359000e+00
-5.91700000 1.17700900e+00
-5.88700000 1.22255300e+00
-5.85700000 1.27049900e+00
-5.82700000 1.32115400e+00
-5.79700000 1.37486400e+00
-5.76700000 1.43202400e+00
-5.73700000 1.49308300e+00
-5.70700000 1.55856100e+00
-5.67700000 1.62905700e+00
-5.64700000 1.70527800e+00
-5.61700000 1.78804900e+00
-5.58700000 1.87835700e+00
-5.55700000 1.97739100e+00
-5.52700000 2.08654400e+00
-5.49700000 2.20744100e+00
-5.46700000 2.34217100e+00
-5.43700000 2.49277200e+00
-5.40700000 2.66239500e+00
-5.37700000 2.85551500e+00
-5.34700000 3.07721300e+00
-5.31209000 3.37976000e+00
-5.28209000 3.68823600e+00
-5.25209000 4.05442200e+00
-5.22209000 4.49549000e+00
-5.19209000 5.03599000e+00
-5.16209000 5.71257000e+00
-5.13209000 6.58222000e+00
-5.10209000 7.73833000e+00
-5.07209000 9.34851000e+00
-5.04209000 1.17351200e+01
-5.01209000 1.54845600e+01
-4.98209000 2.10992500e+01
-4.95209000 2.85896600e+01
-4.92209000 3.86044400e+01
-4.89209000 5.23129700e+01
-4.86209000 6.79079600e+01
-4.83209000 8.62901000e+01
-4.80209000 1.01047400e+02
-4.77209000 1.19240300e+02
-4.74209000 1.26161600e+02
-4.71209000 1.31543200e+02
-4.68209000 1.36756200e+02
-4.65209000 1.29113000e+02
-4.62209000 1.21911600e+02
-4.59209000 1.05067300e+02
-4.56209000 1.08133600e+02
-4.53209000 1.10669400e+02
-4.50209000 7.62732800e+01
-4.47209000 4.62214800e+01
-4.43718000 2.84141400e+01
-4.40718000 2.07219800e+01
-4.37718000 1.64117900e+01
-4.34718000 1.38596000e+01
-4.31718000 1.22372200e+01
-4.28718000 1.08641100e+01
-4.25718000 9.87042000e+00
-4.22718000 8.81461000e+00
-4.19718000 7.99644000e+00
-4.16718000 7.43642000e+00
-4.13718000 6.67801000e+00
-4.10718000 6.21738000e+00
-4.07718000 5.98365000e+00
-4.04718000 5.55791000e+00
-4.01718000 5.23951000e+00
-3.98718000 5.00742000e+00
-3.95718000 4.57790000e+00
-3.92718000 4.18867000e+00
-3.89718000 3.96824000e+00
-3.86718000 3.84827000e+00
-3.83718000 3.74628000e+00
-3.80718000 3.64150000e+00
-3.77718000 3.57009000e+00
-3.74718000 3.54461000e+00
-3.71718000 3.56705000e+00
-3.68718000 3.64020000e+00
-3.65718000 3.70666000e+00
-3.62718000 3.69785000e+00
-3.59718000 3.65234000e+00
-3.56227000 3.64250000e+00
-3.53227000 3.68798000e+00
-3.50227000 3.79260000e+00
-3.47227000 3.97972000e+00
-3.44227000 4.19847000e+00
-3.41227000 4.19990000e+00
-3.38227000 4.12190000e+00
-3.35227000 4.12512000e+00
-3.32227000 4.18944000e+00
-3.29227000 4.29068000e+00
-3.26227000 4.41861000e+00
-3.23227000 4.57002000e+00
-3.20227000 4.74494000e+00
-3.17227000 4.94532000e+00
-3.14227000 5.17454000e+00
-3.11227000 5.43740000e+00
-3.08227000 5.74050000e+00
-3.05227000 6.09261000e+00
-3.02227000 6.50564000e+00
-2.99227000 6.99597000e+00
-2.96227000 7.58656000e+00
-2.93227000 8.31061000e+00
-2.90227000 9.21780000e+00
-2.87227000 1.03855800e+01
-2.84227000 1.19411800e+01
-2.81227000 1.41073800e+01
-2.78227000 1.73030200e+01
-2.75227000 2.23392400e+01
-2.72227000 3.05378400e+01
-2.68736000 4.59749000e+01
-2.65736000 6.63776000e+01
-2.62736000 9.62287000e+01
-2.59736000 1.17119800e+02
-2.56736000 1.15192700e+02
-2.53736000 1.05537600e+02
-2.50736000 1.07020300e+02
-2.47736000 1.16675400e+02
-2.44736000 1.47327300e+02
-2.41736000 1.54750800e+02
-2.38736000 1.11347200e+02
-2.35736000 6.93091000e+01
-2.32736000 4.67389000e+01
-2.29736000 3.54318000e+01
-2.26736000 2.99362400e+01
-2.23736000 2.78418400e+01
-2.20736000 2.70807000e+01
-2.17736000 2.68753800e+01
-2.14736000 2.89471600e+01
-2.11736000 3.45171000e+01
-2.08736000 4.39164000e+01
-2.05736000 5.23453000e+01
-2.02736000 5.45957000e+01
-1.99736000 6.11414000e+01
-1.96736000 7.64312000e+01
-1.93736000 7.82299000e+01
-1.90736000 7.31830000e+01
-1.87736000 7.98248000e+01
-1.84736000 9.33838000e+01
-1.81246000 1.30043500e+02
-1.78246000 1.69256300e+02
-1.75246000 1.81349200e+02
-1.72246000 2.17613600e+02
-1.69246000 2.60475600e+02
-1.66246000 2.49695600e+02
-1.63246000 2.57801400e+02
-1.60246000 2.84657800e+02
-1.57246000 3.33940500e+02
-1.54246000 3.74211900e+02
-1.51246000 2.77671800e+02
-1.48246000 1.74075600e+02
-1.45246000 1.20821500e+02
-1.42246000 9.74457000e+01
-1.39246000 9.10050000e+01
-1.36246000 9.81632000e+01
-1.33246000 1.19820400e+02
-1.30246000 1.53256800e+02
-1.27246000 1.90863900e+02
-1.24246000 2.15029300e+02
-1.21246000 2.28243100e+02
-1.18246000 2.60241600e+02
-1.15246000 3.56645000e+02
-1.12246000 5.14694000e+02
-1.09246000 5.55507000e+02
-1.06246000 4.65851000e+02
-1.03246000 4.07923000e+02
-1.00246000 3.64367000e+02
-0.97245600 3.19623400e+02
-0.93754700 3.19527000e+02
-0.90754700 3.30115400e+02
-0.87754700 2.99252000e+02
-0.84754700 2.04761000e+02
-0.81754700 1.39102100e+02
-0.78754700 1.07833400e+02
-0.75754700 9.11488000e+01
-0.72754700 7.94765000e+01
-0.69754700 7.48816000e+01
-0.66754700 7.66909000e+01
-0.63754700 8.41716000e+01
-0.60754700 1.00076600e+02
-0.57754700 1.33924700e+02
-0.54754700 2.02474400e+02
-0.51754700 2.94231200e+02
-0.48754700 2.84387600e+02
-0.45754700 2.20494200e+02
-0.42754700 2.02786000e+02
-0.39754700 2.07790800e+02
-0.36754700 2.06010500e+02
-0.33754700 1.86948100e+02
-0.30754700 1.69593300e+02
-0.27754700 1.73160300e+02
-0.24754700 1.84098400e+02
-0.21754700 2.01395300e+02
-0.18754700 2.42924200e+02
-0.15754700 2.98772000e+02
-0.12754700 3.73007100e+02
-0.09754710 5.11613600e+02
-0.06263860 8.34908000e+02
-0.03263860 1.34927500e+03
-0.00263857 1.89661200e+03
0.02736140 1.98537100e+03
0.05736140 2.11205600e+03
0.08736140 2.05773500e+03
0.11736100 1.44672800e+03
0.14736100 9.53496000e+02
0.17736100 7.09748000e+02
0.20736100 5.88184000e+02
0.23736100 5.04558000e+02
0.26736100 4.07537000e+02
0.29736100 3.07517000e+02
0.32736100 2.36272400e+02
0.35736100 1.90473600e+02
0.38736100 1.56274200e+02
0.41736100 1.27662800e+02
0.44736100 1.05760000e+02
0.47736100 8.98330000e+01
0.50736100 7.99787000e+01
0.53736100 7.31551000e+01
0.56736100 6.51560000e+01
0.59736100 5.85688000e+01
0.62736100 5.41930000e+01
0.65736100 5.18339000e+01
0.68736100 5.06756000e+01
0.71736100 4.93814000e+01
0.74736100 4.80713000e+01
0.77736100 4.67396000e+01
