# E(MeV)  S_NSDRNSDR(K=0) for Md289_DDPCX
-7.93682000 -3.40925000e+00
-7.90682000 -1.91394000e+00
-7.87682000 -1.07052000e+00
-7.84682000 -6.45405000e-01
-7.81682000 -4.15220000e-01
-7.78682000 -2.79206000e-01
-7.75682000 -1.92575000e-01
-7.72682000 -1.33958000e-01
-7.69682000 -9.23613000e-02
-7.66682000 -6.17639000e-02
-7.63682000 -3.87214000e-02
-7.60682000 -2.12422000e-02
-7.57682000 -8.25729000e-03
-7.54682000 5.85211000e-04
-7.51682000 4.86394000e-03
-7.48682000 2.96291000e-03
-7.45682000 -9.13664000e-03
-7.42682000 -4.09936000e-02
-7.39682000 -1.14093000e-01
-7.36682000 -2.49432000e-01
-7.33682000 -3.06559000e-01
-7.30682000 -1.58372000e-01
-7.27682000 -3.84250000e-02
-7.24682000 2.43111000e-02
-7.21682000 5.92034000e-02
-7.18682000 8.10795000e-02
-7.15682000 9.63772000e-02
-7.12682000 1.08058000e-01
-7.09682000 1.17601000e-01
-7.06191000 1.27051000e-01
-7.03191000 1.34255000e-01
-7.00191000 1.40891000e-01
-6.97191000 1.47125000e-01
-6.94191000 1.53072000e-01
-6.91191000 1.58809000e-01
-6.88191000 1.64396000e-01
-6.85191000 1.69874000e-01
-6.82191000 1.75279000e-01
-6.79191000 1.80635000e-01
-6.76191000 1.85967000e-01
-6.73191000 1.91291000e-01
-6.70191000 1.96624000e-01
-6.67191000 2.01981000e-01
-6.64191000 2.07374000e-01
-6.61191000 2.12817000e-01
-6.58191000 2.18319000e-01
-6.55191000 2.23893000e-01
-6.52191000 2.29550000e-01
-6.49191000 2.35301000e-01
-6.46191000 2.41156000e-01
-6.43191000 2.47127000e-01
-6.40191000 2.53226000e-01
-6.37191000 2.59466000e-01
-6.34191000 2.65858000e-01
-6.31191000 2.72417000e-01
-6.28191000 2.79158000e-01
-6.25191000 2.86095000e-01
-6.22191000 2.93245000e-01
-6.18700000 3.01857000e-01
-6.15700000 3.09532000e-01
-6.12700000 3.17482000e-01
-6.09700000 3.25730000e-01
-6.06700000 3.34302000e-01
-6.03700000 3.43226000e-01
-6.00700000 3.52533000e-01
-5.97700000 3.62257000e-01
-5.94700000 3.72436000e-01
-5.91700000 3.83113000e-01
-5.88700000 3.94333000e-01
-5.85700000 4.06151000e-01
-5.82700000 4.18624000e-01
-5.79700000 4.31822000e-01
-5.76700000 4.45818000e-01
-5.73700000 4.60701000e-01
-5.70700000 4.76569000e-01
-5.67700000 4.93535000e-01
-5.64700000 5.11734000e-01
-5.61700000 5.31321000e-01
-5.58700000 5.52485000e-01
-5.55700000 5.75457000e-01
-5.52700000 6.00476000e-01
-5.49700000 6.27745000e-01
-5.46700000 6.57635000e-01
-5.43700000 6.90292000e-01
-5.40700000 7.26343000e-01
-5.37700000 7.66635000e-01
-5.34700000 8.11893000e-01
-5.31209000 8.72020000e-01
-5.28209000 9.31496000e-01
-5.25209000 9.99882000e-01
-5.22209000 1.07933000e+00
-5.19209000 1.17275000e+00
-5.16209000 1.28423000e+00
-5.13209000 1.41966000e+00
-5.10209000 1.58797000e+00
-5.07209000 1.80353000e+00
-5.04209000 2.09102000e+00
-5.01209000 2.49356000e+00
-4.98209000 3.07773000e+00
-4.95209000 3.96586000e+00
-4.92209000 5.27604000e+00
-4.89209000 7.03717000e+00
-4.86209000 9.17116000e+00
-4.83209000 1.14899000e+01
-4.80209000 1.35990000e+01
-4.77209000 1.68059000e+01
-4.74209000 1.80164000e+01
-4.71209000 2.07344000e+01
-4.68209000 2.48822000e+01
-4.65209000 2.48884000e+01
-4.62209000 2.84452000e+01
-4.59209000 4.23203000e+01
-4.56209000 7.03014000e+01
-4.53209000 8.62336000e+01
-4.50209000 5.91149000e+01
-4.47209000 3.33394000e+01
-4.43718000 1.85526000e+01
-4.40718000 1.24774000e+01
-4.37718000 9.17847000e+00
-4.34718000 7.23004000e+00
-4.31718000 6.02190000e+00
-4.28718000 5.08843000e+00
-4.25718000 4.41912000e+00
-4.22718000 3.77939000e+00
-4.19718000 3.30106000e+00
-4.16718000 2.91914000e+00
-4.13718000 2.53439000e+00
-4.10718000 2.28864000e+00
-4.07718000 2.09079000e+00
-4.04718000 1.89083000e+00
-4.01718000 1.75049000e+00
-3.98718000 1.62740000e+00
-3.95718000 1.52204000e+00
-3.92718000 1.45091000e+00
-3.89718000 1.40864000e+00
-3.86718000 1.37599000e+00
-3.83718000 1.32930000e+00
-3.80718000 1.29112000e+00
-3.77718000 1.26905000e+00
-3.74718000 1.26095000e+00
-3.71718000 1.26881000e+00
-3.68718000 1.30108000e+00
-3.65718000 1.35908000e+00
-3.62718000 1.36925000e+00
-3.59718000 1.32152000e+00
-3.56227000 1.29664000e+00
-3.53227000 1.30622000e+00
-3.50227000 1.34196000e+00
-3.47227000 1.41172000e+00
-3.44227000 1.49095000e+00
-3.41227000 1.48014000e+00
-3.38227000 1.44328000e+00
-3.35227000 1.43936000e+00
-3.32227000 1.45850000e+00
-3.29227000 1.49124000e+00
-3.26227000 1.53363000e+00
-3.23227000 1.58436000e+00
-3.20227000 1.64332000e+00
-3.17227000 1.71112000e+00
-3.14227000 1.78888000e+00
-3.11227000 1.87822000e+00
-3.08227000 1.98138000e+00
-3.05227000 2.10141000e+00
-3.02227000 2.24244000e+00
-2.99227000 2.41021000e+00
-2.96227000 2.61284000e+00
-2.93227000 2.86221000e+00
-2.90227000 3.17636000e+00
-2.87227000 3.58388000e+00
-2.84227000 4.13276000e+00
-2.81227000 4.90938000e+00
-2.78227000 6.08218000e+00
-2.75227000 8.00280000e+00
-2.72227000 1.13385000e+01
-2.68736000 1.69047000e+01
-2.65736000 2.05732000e+01
-2.62736000 2.77261000e+01
-2.59736000 4.08372000e+01
-2.56736000 4.53167000e+01
-2.53736000 3.61504000e+01
-2.50736000 3.12857000e+01
-2.47736000 3.73652000e+01
-2.44736000 4.92747000e+01
-2.41736000 4.29242000e+01
-2.38736000 2.69108000e+01
-2.35736000 1.74757000e+01
-2.32736000 1.29027000e+01
-2.29736000 1.07858000e+01
-2.26736000 1.01328000e+01
-2.23736000 1.05513000e+01
-2.20736000 1.08552000e+01
-2.17736000 1.05478000e+01
-2.14736000 1.11882000e+01
-2.11736000 1.35251000e+01
-2.08736000 1.85162000e+01
-2.05736000 2.46537000e+01
-2.02736000 2.31701000e+01
-1.99736000 1.86986000e+01
-1.96736000 1.72710000e+01
-1.93736000 1.84777000e+01
-1.90736000 2.20962000e+01
-1.87736000 2.91376000e+01
-1.84736000 4.25258000e+01
-1.81246000 7.24497000e+01
-1.78246000 9.87997000e+01
-1.75246000 1.06923000e+02
-1.72246000 1.33139000e+02
-1.69246000 1.53919000e+02
-1.66246000 1.35679000e+02
-1.63246000 1.34445000e+02
-1.60246000 1.18420000e+02
-1.57246000 7.83145000e+01
-1.54246000 5.08219000e+01
-1.51246000 3.59218000e+01
-1.48246000 2.83374000e+01
-1.45246000 2.47057000e+01
-1.42246000 2.35719000e+01
-1.39246000 2.45862000e+01
-1.36246000 2.83070000e+01
-1.33246000 3.63876000e+01
-1.30246000 4.87364000e+01
-1.27246000 5.35375000e+01
-1.24246000 5.41499000e+01
-1.21246000 6.60021000e+01
-1.18246000 9.49930000e+01
-1.15246000 1.42485000e+02
-1.12246000 2.08078000e+02
-1.09246000 2.19163000e+02
-1.06246000 1.62385000e+02
-1.03246000 1.17811000e+02
-1.00246000 1.09183000e+02
-0.97245600 1.34342000e+02
-0.93754700 1.63616000e+02
-0.90754700 1.59816000e+02
-0.87754700 1.48982000e+02
-0.84754700 1.02688000e+02
-0.81754700 6.56505000e+01
-0.78754700 4.65816000e+01
-0.75754700 3.72156000e+01
-0.72754700 3.30139000e+01
-0.69754700 3.21406000e+01
-0.66754700 3.38613000e+01
-0.63754700 3.87656000e+01
-0.60754700 4.91432000e+01
-0.57754700 7.04513000e+01
-0.54754700 1.13264000e+02
-0.51754700 1.72527000e+02
-0.48754700 1.69379000e+02
-0.45754700 1.28594000e+02
-0.42754700 1.15917000e+02
-0.39754700 1.10730000e+02
-0.36754700 9.44347000e+01
-0.33754700 6.80697000e+01
-0.30754700 5.22843000e+01
-0.27754700 4.54089000e+01
-0.24754700 4.30846000e+01
-0.21754700 4.44443000e+01
-0.18754700 4.97952000e+01
-0.15754700 5.90160000e+01
-0.12754700 6.92911000e+01
-0.09754710 8.31636000e+01
-0.06263860 1.14404000e+02
-0.03263860 1.65687000e+02
-0.00263857 2.62438000e+02
0.02736140 4.51113000e+02
0.05736140 7.62742000e+02
0.08736140 9.15949000e+02
0.11736100 6.45644000e+02
0.14736100 3.85060000e+02
0.17736100 2.47590000e+02
0.20736100 1.90726000e+02
0.23736100 1.82920000e+02
0.26736100 1.73315000e+02
0.29736100 1.33243000e+02
0.32736100 1.01788000e+02
0.35736100 8.49138000e+01
0.38736100 6.75792000e+01
0.41736100 4.87568000e+01
0.44736100 3.66186000e+01
0.47736100 2.95204000e+01
0.50736100 2.51511000e+01
0.53736100 2.23555000e+01
0.56736100 2.04122000e+01
0.59736100 1.95040000e+01
0.62736100 1.77968000e+01
0.65736100 1.53751000e+01
0.68736100 1.38910000e+01
0.71736100 1.32892000e+01
0.74736100 1.32727000e+01
0.77736100 1.32902000e+01
