# E(MeV)  S_GAMTGAMT(Total=K0+2*K1) for Mn60_DDPCX
-7.55778000 -1.88619840e-02
-7.52778000 -1.59563200e-02
-7.49778000 -1.39744000e-02
-7.46778000 -1.26529200e-02
-7.43778000 -1.18350500e-02
-7.40778000 -1.14302500e-02
-7.37778000 -1.13930100e-02
-7.34778000 -1.17130700e-02
-7.31778000 -1.24131000e-02
-7.28778000 -1.35532900e-02
-7.25778000 -1.52446600e-02
-7.22778000 -1.76776700e-02
-7.19778000 -2.11808700e-02
-7.16778000 -2.63477000e-02
-7.13778000 -3.43293500e-02
-7.10778000 -4.75165300e-02
-7.07778000 -7.05331900e-02
-7.04778000 -1.04450180e-01
-7.01778000 -1.25820130e-01
-6.98778000 -1.46783230e-01
-6.95778000 -2.11923630e-01
-6.92778000 -3.61199310e-01
-6.89778000 -5.97629630e-01
-6.86778000 -6.14148380e-01
-6.83778000 -3.74655710e-01
-6.80778000 -2.08284170e-01
-6.77778000 -1.24477360e-01
-6.72078000 -5.78410400e-02
-6.69078000 -4.19166900e-02
-6.66078000 -3.16142200e-02
-6.63078000 -2.46238500e-02
-6.60078000 -1.97095300e-02
-6.57078000 -1.61696700e-02
-6.54078000 -1.35880100e-02
-6.51078000 -1.17105200e-02
-6.48078000 -1.03822000e-02
-6.45078000 -9.51389000e-03
-6.42078000 -9.06591000e-03
-6.39078000 -9.04306000e-03
-6.36078000 -9.49969000e-03
-6.33078000 -1.05578720e-02
-6.30078000 -1.24477440e-02
-6.27078000 -1.55926700e-02
-6.24078000 -2.07947220e-02
-6.21078000 -2.96622840e-02
-6.18078000 -4.56623040e-02
-6.15078000 -7.67030360e-02
-6.12078000 -1.39029240e-01
-6.09078000 -2.32795960e-01
-6.06078000 -2.33890240e-01
-6.03078000 -1.39513180e-01
-6.00078000 -7.56684600e-02
-5.97078000 -4.34502600e-02
-5.94078000 -2.64619600e-02
-5.88377000 -1.10224200e-02
-5.85377000 -6.73596000e-03
-5.82377000 -3.69342000e-03
-5.79377000 -1.41827000e-03
-5.76377000 3.63280000e-04
-5.73377000 1.81743000e-03
-5.70377000 3.05028000e-03
-5.67377000 4.13272000e-03
-5.64377000 5.11423000e-03
-5.61377000 6.03100000e-03
-5.58377000 6.91083000e-03
-5.55377000 7.77625000e-03
-5.52377000 8.64670000e-03
-5.49377000 9.53996100e-03
-5.46377000 1.04734020e-02
-5.43377000 1.14650000e-02
-5.40377000 1.25343330e-02
-5.37377000 1.37036900e-02
-5.34377000 1.49992740e-02
-5.31377000 1.64528727e-02
-5.28377000 1.81039791e-02
-5.25377000 2.00026700e-02
-5.22377000 2.22136940e-02
-5.19377000 2.48224820e-02
-5.16377000 2.79440620e-02
-5.13377000 3.17359770e-02
-5.10377000 3.64198620e-02
-5.04677000 4.90434310e-02
-5.01677000 5.87479200e-02
-4.98677000 7.18717740e-02
-4.95677000 9.02349390e-02
-4.92677000 1.17013330e-01
-4.89677000 1.58104241e-01
-4.86677000 2.25280351e-01
-4.83677000 3.43959734e-01
-4.80677000 5.72112460e-01
-4.77677000 1.02504881e+00
-4.74677000 1.66356907e+00
-4.71677000 1.58700957e+00
-4.68677000 9.41964680e-01
-4.65677000 5.29914820e-01
-4.62677000 3.23660490e-01
-4.59677000 2.15354320e-01
-4.56677000 1.53522090e-01
-4.53677000 1.15516840e-01
-4.50677000 9.07357200e-02
-4.47677000 7.38103700e-02
-4.44677000 6.18254100e-02
-4.41677000 5.30993400e-02
-4.38677000 4.66153000e-02
-4.35677000 4.17341800e-02
-4.32677000 3.80443700e-02
-4.29677000 3.52814100e-02
-4.26677000 3.32865400e-02
-4.20976000 3.14760500e-02
-4.17976000 3.18426500e-02
-4.14976000 3.38524200e-02
-4.11976000 3.87841000e-02
-4.08976000 4.51788000e-02
-4.05976000 4.26583000e-02
-4.02976000 3.59032000e-02
-3.99976000 3.21967600e-02
-3.96976000 3.07438200e-02
-3.93976000 3.04723600e-02
-3.90976000 3.09035100e-02
-3.87976000 3.18462900e-02
-3.84976000 3.32375000e-02
-3.81976000 3.50808100e-02
-3.78976000 3.74256300e-02
-3.75976000 4.03624600e-02
-3.72976000 4.40312600e-02
-3.69976000 4.86389400e-02
-3.66976000 5.44911200e-02
-3.63976000 6.20495900e-02
-3.60976000 7.20316600e-02
-3.57976000 8.55988300e-02
-3.54976000 1.04724810e-01
-3.51976000 1.32966790e-01
-3.48976000 1.77198750e-01
-3.45976000 2.51788440e-01
-3.42976000 3.89007100e-01
-3.37276000 1.08037740e+00
-3.34276000 1.37831437e+00
-3.31276000 9.86378500e-01
-3.28276000 5.86597680e-01
-3.25276000 3.85901820e-01
-3.22276000 2.95222840e-01
-3.19276000 2.60392690e-01
-3.16276000 2.60351320e-01
-3.13276000 2.90572690e-01
-3.10276000 3.58320770e-01
-3.07276000 4.86803550e-01
-3.04276000 7.32069000e-01
-3.01276000 1.22412312e+00
-2.98276000 2.17309389e+00
-2.95276000 3.10414332e+00
-2.92276000 2.42777339e+00
-2.89276000 1.37372812e+00
-2.86276000 7.92015510e-01
-2.83276000 4.98857570e-01
-2.80276000 3.40074300e-01
-2.77276000 2.46553720e-01
-2.74276000 1.87422440e-01
-2.71276000 1.47845270e-01
-2.68276000 1.20119440e-01
-2.65276000 9.99655500e-02
-2.62276000 8.48656400e-02
-2.59276000 7.32639100e-02
-2.53575000 5.75443600e-02
-2.50575000 5.15228700e-02
-2.47575000 4.65784800e-02
-2.44575000 4.24712200e-02
-2.41575000 3.90245100e-02
-2.38575000 3.61062000e-02
-2.35575000 3.36163200e-02
-2.32575000 3.14773100e-02
-2.29575000 2.96288200e-02
-2.26575000 2.80230900e-02
-2.23575000 2.66221600e-02
-2.20575000 2.53952900e-02
-2.17575000 2.43175400e-02
-2.14575000 2.33683600e-02
-2.11575000 2.25309800e-02
-2.08575000 2.17913900e-02
-2.05575000 2.11378500e-02
-2.02575000 2.05606000e-02
-1.99575000 2.00514200e-02
-1.96575000 1.96033700e-02
-1.93575000 1.92106200e-02
-1.90575000 1.88682900e-02
-1.87575000 1.85722800e-02
-1.84575000 1.83192700e-02
-1.81575000 1.81065900e-02
-1.78575000 1.79322100e-02
-1.75575000 1.77947400e-02
-1.69875000 1.76337100e-02
-1.66875000 1.76030600e-02
-1.63875000 1.76127800e-02
-1.60875000 1.76679200e-02
-1.57875000 1.77771900e-02
-1.54875000 1.79557700e-02
-1.51875000 1.82309000e-02
-1.48875000 1.86540700e-02
-1.45875000 1.93296300e-02
-1.42875000 2.04856800e-02
-1.39875000 2.26417400e-02
-1.36875000 2.67294300e-02
-1.33875000 3.15115700e-02
-1.30875000 2.97143900e-02
-1.27875000 2.51913900e-02
-1.24875000 2.27364700e-02
-1.21875000 2.17186100e-02
-1.18875000 2.14026700e-02
-1.15875000 2.14571500e-02
-1.12875000 2.17406100e-02
-1.09875000 2.21925100e-02
-1.06875000 2.27898800e-02
-1.03875000 2.35299500e-02
-1.00875000 2.44237300e-02
-0.97874600 2.54939500e-02
-0.94874600 2.67761200e-02
-0.91874600 2.83216000e-02
-0.86174100 3.22895000e-02
-0.83174100 3.51911000e-02
-0.80174100 3.89874000e-02
-0.77174100 4.41841000e-02
-0.74174100 5.17531000e-02
-0.71174100 6.33184000e-02
-0.68174100 7.81556000e-02
-0.65174100 9.03955000e-02
-0.62174100 1.08734800e-01
-0.59174100 1.45416100e-01
-0.56174100 2.16712300e-01
-0.53174100 3.57283400e-01
-0.50174100 5.79118500e-01
-0.47174100 6.56171000e-01
-0.44174100 5.84720000e-01
-0.41174100 5.64226200e-01
-0.38174100 4.17104600e-01
-0.35174100 2.66571800e-01
-0.32174100 1.94769800e-01
-0.29174100 1.72141700e-01
-0.26174100 1.48498200e-01
-0.23174100 1.11479000e-01
-0.20174100 8.72079000e-02
-0.17174100 7.42593000e-02
-0.14174100 6.76302000e-02
-0.11174100 6.49302000e-02
-0.08174050 6.53364000e-02
-0.02473530 7.62070000e-02
0.00526473 9.14064000e-02
0.03526470 1.21483500e-01
0.06526470 1.82155500e-01
0.09526470 2.77577000e-01
0.12526500 2.90570300e-01
0.15526500 1.98574500e-01
0.18526500 1.34069100e-01
0.21526500 1.03165500e-01
0.24526500 8.90325000e-02
0.27526500 8.33095000e-02
0.30526500 8.25146000e-02
0.33526500 8.53180000e-02
0.36526500 9.14992000e-02
0.39526500 1.01687900e-01
0.42526500 1.17594500e-01
0.45526500 1.42907200e-01
0.48526500 1.85663000e-01
0.51526500 2.64080600e-01
0.54526500 4.14181400e-01
0.57526500 6.24461000e-01
0.60526500 6.21290000e-01
0.63526500 4.56086200e-01
0.66526500 3.79650000e-01
0.69526500 3.98236400e-01
0.72526500 5.12707600e-01
0.75526500 7.80284400e-01
