# E(MeV)  S_NSDRNSDR(K=1) for Mt299_DDPCX
-3.69359000 4.51317000e-02
-3.66359000 6.98569000e-02
-3.63359000 9.11294000e-02
-3.60359000 1.10994000e-01
-3.57359000 1.30940000e-01
-3.54359000 1.52307000e-01
-3.51359000 1.76594000e-01
-3.48359000 2.05794000e-01
-3.45359000 2.42911000e-01
-3.42359000 2.92912000e-01
-3.39359000 3.64697000e-01
-3.36359000 4.75533000e-01
-3.33359000 6.61807000e-01
-3.30359000 1.00540000e+00
-3.27359000 1.67797000e+00
-3.24300000 2.77054000e+00
-3.21300000 3.00207000e+00
-3.18300000 2.12071000e+00
-3.15300000 1.58159000e+00
-3.12300000 1.37972000e+00
-3.09300000 1.43084000e+00
-3.06300000 1.33179000e+00
-3.03300000 9.19113000e-01
-3.00300000 6.29906000e-01
-2.97300000 4.77768000e-01
-2.94300000 3.94839000e-01
-2.91300000 3.46280000e-01
-2.88300000 3.16238000e-01
-2.85300000 2.97032000e-01
-2.82300000 2.84622000e-01
-2.79242000 2.76604000e-01
-2.76242000 2.71896000e-01
-2.73242000 2.69445000e-01
-2.70242000 2.68685000e-01
-2.67242000 2.69234000e-01
-2.64242000 2.70823000e-01
-2.61242000 2.73262000e-01
-2.58242000 2.76413000e-01
-2.55242000 2.80176000e-01
-2.52242000 2.84476000e-01
-2.49242000 2.89260000e-01
-2.46242000 2.94487000e-01
-2.43242000 3.00131000e-01
-2.40242000 3.06173000e-01
-2.37242000 3.12600000e-01
-2.34183000 3.19546000e-01
-2.31183000 3.26742000e-01
-2.28183000 3.34325000e-01
-2.25183000 3.42302000e-01
-2.22183000 3.50686000e-01
-2.19183000 3.59494000e-01
-2.16183000 3.68747000e-01
-2.13183000 3.78470000e-01
-2.10183000 3.88691000e-01
-2.07183000 3.99444000e-01
-2.04183000 4.10767000e-01
-2.01183000 4.22706000e-01
-1.98183000 4.35309000e-01
-1.95183000 4.48636000e-01
-1.92183000 4.62752000e-01
-1.89125000 4.78034000e-01
-1.86125000 4.93987000e-01
-1.83125000 5.10995000e-01
-1.80125000 5.29175000e-01
-1.77125000 5.48664000e-01
-1.74125000 5.69622000e-01
-1.71125000 5.92237000e-01
-1.68125000 6.16735000e-01
-1.65125000 6.43385000e-01
-1.62125000 6.72510000e-01
-1.59125000 7.04509000e-01
-1.56125000 7.39871000e-01
-1.53125000 7.79206000e-01
-1.50125000 8.23289000e-01
-1.47125000 8.73114000e-01
-1.44066000 9.31176000e-01
-1.41066000 9.97024000e-01
-1.38066000 1.07409000e+00
-1.35066000 1.16575000e+00
-1.32066000 1.27691000e+00
-1.29066000 1.41498000e+00
-1.26066000 1.59136000e+00
-1.23066000 1.82398000e+00
-1.20066000 2.14659000e+00
-1.17066000 2.62435000e+00
-1.14066000 3.39051000e+00
-1.11066000 4.73788000e+00
-1.08066000 7.21254000e+00
-1.05066000 1.06413000e+01
-1.02066000 1.22326000e+01
-0.99007300 1.12354000e+01
-0.96007300 9.74971000e+00
-0.93007300 8.77386000e+00
-0.90007300 9.40951000e+00
-0.87007300 1.23711000e+01
-0.84007300 1.88109000e+01
-0.81007300 2.83646000e+01
-0.78007300 3.86173000e+01
-0.75007300 4.03359000e+01
-0.72007300 2.81091000e+01
-0.69007300 1.90575000e+01
-0.66007300 1.35649000e+01
-0.63007300 1.00758000e+01
-0.60007300 8.55156000e+00
-0.57007300 8.14441000e+00
-0.53948800 8.54045000e+00
-0.50948800 9.85912000e+00
-0.47948800 9.94919000e+00
-0.44948800 8.58656000e+00
-0.41948800 7.17841000e+00
-0.38948800 6.86086000e+00
-0.35948800 6.82012000e+00
-0.32948800 6.53175000e+00
-0.29948800 6.77530000e+00
-0.26948800 7.76877000e+00
-0.23948800 9.69225000e+00
-0.20948800 1.25136000e+01
-0.17948800 1.61138000e+01
-0.14948800 2.27561000e+01
-0.11948800 3.61470000e+01
-0.08890170 6.19143000e+01
-0.05890170 8.60386000e+01
-0.02890170 6.75146000e+01
0.00109827 4.05210000e+01
0.03109830 2.63981000e+01
0.06109830 2.01901000e+01
0.09109830 1.78446000e+01
0.12109800 1.68337000e+01
0.15109800 1.62175000e+01
0.18109800 1.32537000e+01
0.21109800 1.02662000e+01
0.24109800 8.74734000e+00
0.27109800 8.32825000e+00
0.30109800 8.70375000e+00
0.33109800 9.21184000e+00
0.36168400 9.27843000e+00
0.39168400 9.57723000e+00
0.42168400 1.01409000e+01
0.45168400 1.14076000e+01
0.48168400 1.35427000e+01
0.51168400 1.70140000e+01
0.54168400 2.31640000e+01
0.57168400 3.28283000e+01
0.60168400 4.42514000e+01
0.63168400 6.15823000e+01
0.66168400 7.09551000e+01
0.69168400 6.02311000e+01
0.72168400 5.68326000e+01
0.75168400 6.85535000e+01
0.78168400 9.93132000e+01
