# E(MeV)  S_NSDRNSDR(K=0) for Mt299_DDPCX
-3.69359000 1.61876000e-01
-3.66359000 1.71957000e-01
-3.63359000 1.81954000e-01
-3.60359000 1.92500000e-01
-3.57359000 2.04221000e-01
-3.54359000 2.17865000e-01
-3.51359000 2.34449000e-01
-3.48359000 2.55495000e-01
-3.45359000 2.83441000e-01
-3.42359000 3.22451000e-01
-3.39359000 3.80125000e-01
-3.36359000 4.71385000e-01
-3.33359000 6.27974000e-01
-3.30359000 9.21781000e-01
-3.27359000 1.50243000e+00
-3.24300000 2.41855000e+00
-3.21300000 2.53119000e+00
-3.18300000 1.78821000e+00
-3.15300000 1.26239000e+00
-3.12300000 8.61740000e-01
-3.09300000 6.10138000e-01
-3.06300000 4.73628000e-01
-3.03300000 3.96381000e-01
-3.00300000 3.49629000e-01
-2.97300000 3.19765000e-01
-2.94300000 2.99950000e-01
-2.91300000 2.86481000e-01
-2.88300000 2.77219000e-01
-2.85300000 2.70861000e-01
-2.82300000 2.66577000e-01
-2.79242000 2.63777000e-01
-2.76242000 2.62190000e-01
-2.73242000 2.61488000e-01
-2.70242000 2.61485000e-01
-2.67242000 2.62044000e-01
-2.64242000 2.63065000e-01
-2.61242000 2.64472000e-01
-2.58242000 2.66207000e-01
-2.55242000 2.68226000e-01
-2.52242000 2.70493000e-01
-2.49242000 2.72983000e-01
-2.46242000 2.75674000e-01
-2.43242000 2.78551000e-01
-2.40242000 2.81600000e-01
-2.37242000 2.84813000e-01
-2.34183000 2.88249000e-01
-2.31183000 2.91772000e-01
-2.28183000 2.95442000e-01
-2.25183000 2.99258000e-01
-2.22183000 3.03220000e-01
-2.19183000 3.07327000e-01
-2.16183000 3.11581000e-01
-2.13183000 3.15986000e-01
-2.10183000 3.20543000e-01
-2.07183000 3.25258000e-01
-2.04183000 3.30135000e-01
-2.01183000 3.35182000e-01
-1.98183000 3.40405000e-01
-1.95183000 3.45812000e-01
-1.92183000 3.51413000e-01
-1.89125000 3.57334000e-01
-1.86125000 3.63360000e-01
-1.83125000 3.69615000e-01
-1.80125000 3.76117000e-01
-1.77125000 3.82880000e-01
-1.74125000 3.89927000e-01
-1.71125000 3.97280000e-01
-1.68125000 4.04965000e-01
-1.65125000 4.13013000e-01
-1.62125000 4.21460000e-01
-1.59125000 4.30350000e-01
-1.56125000 4.39735000e-01
-1.53125000 4.49679000e-01
-1.50125000 4.60258000e-01
-1.47125000 4.71573000e-01
-1.44066000 4.83997000e-01
-1.41066000 4.97225000e-01
-1.38066000 5.11714000e-01
-1.35066000 5.27779000e-01
-1.32066000 5.45877000e-01
-1.29066000 5.66695000e-01
-1.26066000 5.91313000e-01
-1.23066000 6.21518000e-01
-1.20066000 6.60511000e-01
-1.17066000 7.14450000e-01
-1.14066000 7.96178000e-01
-1.11066000 9.34487000e-01
-1.08066000 1.19027000e+00
-1.05066000 1.59170000e+00
-1.02066000 1.70712000e+00
-0.99007300 1.38396000e+00
-0.96007300 1.17425000e+00
-0.93007300 1.11434000e+00
-0.90007300 1.14767000e+00
-0.87007300 1.26033000e+00
-0.84007300 1.47944000e+00
-0.81007300 1.89103000e+00
-0.78007300 2.68814000e+00
-0.75007300 4.06073000e+00
-0.72007300 5.10575000e+00
-0.69007300 4.58377000e+00
-0.66007300 3.33646000e+00
-0.63007300 2.48692000e+00
-0.60007300 2.12516000e+00
-0.57007300 2.14233000e+00
-0.53948800 2.41321000e+00
-0.50948800 2.50046000e+00
-0.47948800 2.32963000e+00
-0.44948800 1.98107000e+00
-0.41948800 1.75119000e+00
-0.38948800 1.66524000e+00
-0.35948800 1.66030000e+00
-0.32948800 1.70439000e+00
-0.29948800 1.78644000e+00
-0.26948800 1.90732000e+00
-0.23948800 2.07902000e+00
-0.20948800 2.32085000e+00
-0.17948800 2.60289000e+00
-0.14948800 2.89939000e+00
-0.11948800 3.25046000e+00
-0.08890170 3.67065000e+00
-0.05890170 4.38793000e+00
-0.02890170 5.66577000e+00
0.00109827 7.44157000e+00
0.03109830 8.26622000e+00
0.06109830 8.55020000e+00
0.09109830 9.94201000e+00
0.12109800 1.29372000e+01
0.15109800 1.86859000e+01
0.18109800 3.02821000e+01
0.21109800 5.12968000e+01
0.24109800 6.73348000e+01
0.27109800 5.54083000e+01
0.30109800 3.68507000e+01
0.33109800 2.35267000e+01
0.36168400 1.64215000e+01
0.39168400 1.31773000e+01
0.42168400 1.20251000e+01
0.45168400 1.23933000e+01
0.48168400 1.43585000e+01
0.51168400 1.77558000e+01
0.54168400 2.07635000e+01
0.57168400 2.50249000e+01
0.60168400 3.50984000e+01
0.63168400 5.24731000e+01
0.66168400 7.02292000e+01
0.69168400 7.50618000e+01
0.72168400 8.65755000e+01
0.75168400 9.20269000e+01
0.78168400 7.33966000e+01
