# E(MeV)  S_GAMTGAMT(K=0) for Nb98_DDPCX
-5.17504000 1.27648000e-03
-5.14504000 1.20943000e-03
-5.11504000 1.12179000e-03
-5.08504000 1.00820000e-03
-5.05504000 8.61096000e-04
-5.02504000 6.69609000e-04
-4.99504000 4.17680000e-04
-4.96504000 8.08847000e-05
-4.93504000 -3.79330000e-04
-4.90504000 -1.02651000e-03
-4.87504000 -1.97101000e-03
-4.84504000 -3.41656000e-03
-4.81504000 -5.76752000e-03
-4.78504000 -9.89204000e-03
-4.75504000 -1.77671000e-02
-4.72504000 -3.34252000e-02
-4.69504000 -5.66146000e-02
-4.66504000 -5.63623000e-02
-4.63504000 -3.32814000e-02
-4.57631000 -1.05274000e-02
-4.54631000 -6.50322000e-03
-4.51631000 -4.30404000e-03
-4.48631000 -3.04942000e-03
-4.45631000 -2.33430000e-03
-4.42631000 -1.95997000e-03
-4.39631000 -1.82501000e-03
-4.36631000 -1.87854000e-03
-4.33631000 -2.09909000e-03
-4.30631000 -2.48524000e-03
-4.27631000 -3.05222000e-03
-4.24631000 -3.83242000e-03
-4.21631000 -4.87941000e-03
-4.18631000 -6.27644000e-03
-4.15631000 -8.15179000e-03
-4.12631000 -1.07065000e-02
-4.09631000 -1.42654000e-02
-4.06631000 -1.93763000e-02
-4.03631000 -2.70130000e-02
-3.97757000 -5.80679000e-02
-3.94757000 -9.36956000e-02
-3.91757000 -1.63543000e-01
-3.88757000 -2.98816000e-01
-3.85757000 -4.44693000e-01
-3.82757000 -3.60817000e-01
-3.79757000 -2.03504000e-01
-3.76757000 -1.15755000e-01
-3.73757000 -7.38428000e-02
-3.70757000 -5.56011000e-02
-3.67757000 -5.02680000e-02
-3.64757000 -4.12974000e-02
-3.61757000 -2.64181000e-02
-3.58757000 -1.62289000e-02
-3.55757000 -1.01219000e-02
-3.52757000 -6.17939000e-03
-3.49757000 -3.41594000e-03
-3.46757000 -1.35138000e-03
-3.43757000 2.67984000e-04
-3.37884000 2.65637000e-03
-3.34884000 3.62428000e-03
-3.31884000 4.48235000e-03
-3.28884000 5.26018000e-03
-3.25884000 5.97968000e-03
-3.22884000 6.65759000e-03
-3.19884000 7.30716000e-03
-3.16884000 7.93914000e-03
-3.13884000 8.56262000e-03
-3.10884000 9.18551000e-03
-3.07884000 9.81496000e-03
-3.04884000 1.04577000e-02
-3.01884000 1.11201000e-02
-2.98884000 1.18088000e-02
-2.95884000 1.25305000e-02
-2.92884000 1.32924000e-02
-2.89884000 1.41024000e-02
-2.86884000 1.49690000e-02
-2.83884000 1.59023000e-02
-2.78011000 1.79676000e-02
-2.75011000 1.91725000e-02
-2.72011000 2.05027000e-02
-2.69011000 2.19808000e-02
-2.66011000 2.36350000e-02
-2.63011000 2.54999000e-02
-2.60011000 2.76194000e-02
-2.57011000 3.00495000e-02
-2.54011000 3.28628000e-02
-2.51011000 3.61550000e-02
-2.48011000 4.00548000e-02
-2.45011000 4.47388000e-02
-2.42011000 5.04555000e-02
-2.39011000 5.75641000e-02
-2.36011000 6.66015000e-02
-2.33011000 7.84007000e-02
-2.30011000 9.43141000e-02
-2.27011000 1.16659000e-01
-2.24011000 1.49672000e-01
-2.18138000 2.85658000e-01
-2.15138000 4.47067000e-01
-2.12138000 7.58974000e-01
-2.09138000 1.18649000e+00
-2.06138000 1.15202000e+00
-2.03138000 8.04172000e-01
-2.00138000 6.53255000e-01
-1.97138000 7.21095000e-01
-1.94138000 1.04352000e+00
-1.91138000 1.66449000e+00
-1.88138000 1.87720000e+00
-1.85138000 1.23209000e+00
-1.82138000 7.09316000e-01
-1.79138000 4.42104000e-01
-1.76138000 3.04431000e-01
-1.73138000 2.27948000e-01
-1.70138000 1.82620000e-01
-1.67138000 1.54660000e-01
-1.64138000 1.37255000e-01
-1.58265000 1.21549000e-01
-1.55265000 1.19942000e-01
-1.52265000 1.21805000e-01
-1.49265000 1.27010000e-01
-1.46265000 1.35757000e-01
-1.43265000 1.48593000e-01
-1.40265000 1.66494000e-01
-1.37265000 1.91046000e-01
-1.34265000 2.24782000e-01
-1.31265000 2.71817000e-01
-1.28265000 3.39056000e-01
-1.25265000 4.38659000e-01
-1.22265000 5.93366000e-01
-1.19265000 8.48862000e-01
-1.16265000 1.30434000e+00
-1.13265000 2.18622000e+00
-1.10265000 3.93033000e+00
-1.07265000 6.24153000e+00
-1.04265000 5.68669000e+00
-0.98392200 1.91118000e+00
-0.95392200 1.16337000e+00
-0.92392200 7.69235000e-01
-0.89392200 5.43178000e-01
-0.86392200 4.03483000e-01
-0.83392200 3.11798000e-01
-0.80392200 2.48656000e-01
-0.77392200 2.03455000e-01
-0.74392200 1.70064000e-01
-0.71392200 1.44752000e-01
-0.68392200 1.25150000e-01
-0.65392200 1.09700000e-01
-0.62392200 9.73452000e-02
-0.59392200 8.73479000e-02
-0.56392200 7.91839000e-02
-0.53392200 7.24726000e-02
-0.50392200 6.69339000e-02
-0.47392200 6.23594000e-02
-0.44392200 5.85934000e-02
-0.38519100 5.31454000e-02
-0.35519100 5.12024000e-02
-0.32519100 4.97677000e-02
-0.29519100 4.88210000e-02
-0.26519100 4.83611000e-02
-0.23519100 4.84080000e-02
-0.20519100 4.90062000e-02
-0.17519100 5.02323000e-02
-0.14519100 5.22062000e-02
-0.11519100 5.51109000e-02
-0.08519110 5.92255000e-02
-0.05519110 6.49822000e-02
-0.02519110 7.30697000e-02
0.00480885 8.46279000e-02
0.03480890 1.01639000e-01
0.06480890 1.27765000e-01
0.09480890 1.70267000e-01
0.12480900 2.44724000e-01
0.15480900 3.86599000e-01
0.21353900 1.06967000e+00
0.24353900 1.09518000e+00
0.27353900 6.86183000e-01
0.30353900 4.07445000e-01
0.33353900 2.71450000e-01
0.36353900 2.05891000e-01
0.39353900 1.75670000e-01
0.42353900 1.66579000e-01
0.45353900 1.74072000e-01
0.48353900 1.99625000e-01
0.51353900 2.51475000e-01
0.54353900 3.50386000e-01
0.57353900 5.45397000e-01
0.60353900 9.36617000e-01
0.63353900 1.51231000e+00
0.66353900 1.52400000e+00
0.69353900 1.04088000e+00
0.72353900 7.05646000e-01
0.75353900 4.53677000e-01
