# E(MeV)  S_GAMTGAMT(K=1) for Ni69_DDPCX
-4.18176000 2.19115000e-03
-4.15176000 2.20946000e-03
-4.12176000 2.22804000e-03
-4.09176000 2.24689000e-03
-4.06176000 2.26603000e-03
-4.03176000 2.28545000e-03
-4.00176000 2.30517000e-03
-3.97176000 2.32518000e-03
-3.94176000 2.34550000e-03
-3.91176000 2.36614000e-03
-3.88176000 2.38710000e-03
-3.85176000 2.40840000e-03
-3.82176000 2.43003000e-03
-3.79176000 2.45200000e-03
-3.76176000 2.47433000e-03
-3.73176000 2.49703000e-03
-3.68236000 2.53522000e-03
-3.65236000 2.55893000e-03
-3.62236000 2.58303000e-03
-3.59236000 2.60754000e-03
-3.56236000 2.63247000e-03
-3.53236000 2.65784000e-03
-3.50236000 2.68364000e-03
-3.47236000 2.70991000e-03
-3.44236000 2.73664000e-03
-3.41236000 2.76385000e-03
-3.38236000 2.79155000e-03
-3.35236000 2.81976000e-03
-3.32236000 2.84850000e-03
-3.29236000 2.87777000e-03
-3.26236000 2.90760000e-03
-3.23236000 2.93800000e-03
-3.18296000 2.98934000e-03
-3.15296000 3.02133000e-03
-3.12296000 3.05396000e-03
-3.09296000 3.08724000e-03
-3.06296000 3.12120000e-03
-3.03296000 3.15586000e-03
-3.00296000 3.19124000e-03
-2.97296000 3.22736000e-03
-2.94296000 3.26426000e-03
-2.91296000 3.30195000e-03
-2.88296000 3.34046000e-03
-2.85296000 3.37983000e-03
-2.82296000 3.42008000e-03
-2.79296000 3.46124000e-03
-2.76296000 3.50335000e-03
-2.73296000 3.54644000e-03
-2.68355000 3.61963000e-03
-2.65355000 3.66550000e-03
-2.62355000 3.71249000e-03
-2.59355000 3.76065000e-03
-2.56355000 3.81002000e-03
-2.53355000 3.86066000e-03
-2.50355000 3.91261000e-03
-2.47355000 3.96594000e-03
-2.44355000 4.02069000e-03
-2.41355000 4.07693000e-03
-2.38355000 4.13473000e-03
-2.35355000 4.19415000e-03
-2.32355000 4.25526000e-03
-2.29355000 4.31816000e-03
-2.26355000 4.38291000e-03
-2.23355000 4.44961000e-03
-2.18415000 4.56394000e-03
-2.15415000 4.63627000e-03
-2.12415000 4.71091000e-03
-2.09415000 4.78800000e-03
-2.06415000 4.86767000e-03
-2.03415000 4.95004000e-03
-2.00415000 5.03527000e-03
-1.97415000 5.12352000e-03
-1.94415000 5.21496000e-03
-1.91415000 5.30978000e-03
-1.88415000 5.40817000e-03
-1.85415000 5.51035000e-03
-1.82415000 5.61657000e-03
-1.79415000 5.72707000e-03
-1.76415000 5.84212000e-03
-1.73415000 5.96204000e-03
-1.68475000 6.17099000e-03
-1.65475000 6.30544000e-03
-1.62475000 6.44610000e-03
-1.59475000 6.59343000e-03
-1.56475000 6.74794000e-03
-1.53475000 6.91018000e-03
-1.50475000 7.08076000e-03
-1.47475000 7.26035000e-03
-1.44475000 7.44972000e-03
-1.41475000 7.64970000e-03
-1.38475000 7.86123000e-03
-1.35475000 8.08534000e-03
-1.32475000 8.32322000e-03
-1.29475000 8.57619000e-03
-1.26475000 8.84572000e-03
-1.23475000 9.13352000e-03
-1.18534000 9.65245000e-03
-1.15534000 9.99857000e-03
-1.12534000 1.03714000e-02
-1.09534000 1.07740000e-02
-1.06534000 1.12101000e-02
-1.03534000 1.16840000e-02
-1.00534000 1.22006000e-02
-0.97534400 1.27658000e-02
-0.94534400 1.33865000e-02
-0.91534400 1.40708000e-02
-0.88534400 1.48287000e-02
-0.85534400 1.56719000e-02
-0.82534400 1.66149000e-02
-0.79534400 1.76753000e-02
-0.76534400 1.88749000e-02
-0.73534400 2.02409000e-02
-0.68594000 2.29473000e-02
-0.65594000 2.49449000e-02
-0.62594000 2.72882000e-02
-0.59594000 3.00655000e-02
-0.56594000 3.33956000e-02
-0.53594000 3.74409000e-02
-0.50594000 4.24283000e-02
-0.47594000 4.86825000e-02
-0.44594000 5.66808000e-02
-0.41594000 6.71470000e-02
-0.38594000 8.12196000e-02
-0.35594000 1.00768000e-01
-0.32594000 1.29018000e-01
-0.29594000 1.71888000e-01
-0.26594000 2.41021000e-01
-0.23594000 3.61190000e-01
-0.18653700 8.46237000e-01
-0.15653700 1.50653000e+00
-0.12653700 2.01115000e+00
-0.09653680 1.45887000e+00
-0.06653680 8.18299000e-01
-0.03653680 4.78834000e-01
-0.00653681 3.07543000e-01
0.02346320 2.14490000e-01
0.05346320 1.59919000e-01
0.08346320 1.25963000e-01
0.11346300 1.03991000e-01
0.14346300 8.95466000e-02
0.17346300 8.02253000e-02
0.20346300 7.47350000e-02
0.23346300 7.24746000e-02
0.26346300 7.33757000e-02
0.31286700 8.33904000e-02
0.34286700 9.74646000e-02
0.37286700 1.22596000e-01
0.40286700 1.68690000e-01
0.43286700 2.58446000e-01
0.46286700 4.39146000e-01
0.49286700 7.18163000e-01
0.52286700 7.39552000e-01
0.55286700 4.62398000e-01
0.58286700 2.70714000e-01
0.61286700 1.76114000e-01
0.64286700 1.30249000e-01
0.67286700 1.10983000e-01
0.70286700 1.12002000e-01
0.73286700 1.22975000e-01
0.76286700 1.06296000e-01
