# E(MeV)  S_GAMTGAMT(Total=K0+2*K1) for Ni73_DDPCX
-7.56192000 5.70344000e-03
-7.53192000 5.73910000e-03
-7.50192000 5.77516000e-03
-7.47192000 5.81157000e-03
-7.44192000 5.84834000e-03
-7.41192000 5.88551000e-03
-7.38192000 5.92309000e-03
-7.35192000 5.96105000e-03
-7.32192000 5.99939000e-03
-7.29192000 6.03814000e-03
-7.26192000 6.07732000e-03
-7.23192000 6.11691000e-03
-7.20192000 6.15692000e-03
-7.17192000 6.19738000e-03
-7.14192000 6.23826000e-03
-7.11192000 6.27960000e-03
-7.08192000 6.32138000e-03
-7.05192000 6.36360000e-03
-7.02192000 6.40631000e-03
-6.99192000 6.44949000e-03
-6.96192000 6.49316000e-03
-6.93192000 6.53730000e-03
-6.90192000 6.58196000e-03
-6.87192000 6.62711000e-03
-6.84192000 6.67277000e-03
-6.81192000 6.71895000e-03
-6.78192000 6.76567000e-03
-6.72450000 6.85659000e-03
-6.69450000 6.90491000e-03
-6.66450000 6.95377000e-03
-6.63450000 7.00323000e-03
-6.60450000 7.05327000e-03
-6.57450000 7.10390000e-03
-6.54450000 7.15513000e-03
-6.51450000 7.20698000e-03
-6.48450000 7.25946000e-03
-6.45450000 7.31256000e-03
-6.42450000 7.36632000e-03
-6.39450000 7.42075000e-03
-6.36450000 7.47585000e-03
-6.33450000 7.53162000e-03
-6.30450000 7.58810000e-03
-6.27450000 7.64527000e-03
-6.24450000 7.70317000e-03
-6.21450000 7.76181000e-03
-6.18450000 7.82118000e-03
-6.15450000 7.88132000e-03
-6.12450000 7.94225000e-03
-6.09450000 8.00396000e-03
-6.06450000 8.06646000e-03
-6.03450000 8.12979000e-03
-6.00450000 8.19396000e-03
-5.97450000 8.25898000e-03
-5.94450000 8.32488000e-03
-5.88708000 8.45346000e-03
-5.85708000 8.52197000e-03
-5.82708000 8.59144000e-03
-5.79708000 8.66184000e-03
-5.76708000 8.73322000e-03
-5.73708000 8.80558000e-03
-5.70708000 8.87898000e-03
-5.67708000 8.95340000e-03
-5.64708000 9.02889000e-03
-5.61708000 9.10544000e-03
-5.58708000 9.18312000e-03
-5.55708000 9.26190000e-03
-5.52708000 9.34183000e-03
-5.49708000 9.42292000e-03
-5.46708000 9.50522000e-03
-5.43708000 9.58876000e-03
-5.40708000 9.67352000e-03
-5.37708000 9.75957000e-03
-5.34708000 9.84692000e-03
-5.31708000 9.93563000e-03
-5.28708000 1.00256800e-02
-5.25708000 1.01171300e-02
-5.22708000 1.02099900e-02
-5.19708000 1.03043400e-02
-5.16708000 1.04001700e-02
-5.13708000 1.04975200e-02
-5.10708000 1.05964500e-02
-5.04966000 1.07902700e-02
-5.01966000 1.08939600e-02
-4.98966000 1.09993700e-02
-4.95966000 1.11065400e-02
-4.92966000 1.12154900e-02
-4.89966000 1.13263100e-02
-4.86966000 1.14390000e-02
-4.83966000 1.15536500e-02
-4.80966000 1.16702900e-02
-4.77966000 1.17889600e-02
-4.74966000 1.19097200e-02
-4.71966000 1.20326200e-02
-4.68966000 1.21577500e-02
-4.65966000 1.22851200e-02
-4.62966000 1.24148400e-02
-4.59966000 1.25469200e-02
-4.56966000 1.26814600e-02
-4.53966000 1.28185100e-02
-4.50966000 1.29581600e-02
-4.47966000 1.31004800e-02
-4.44966000 1.32455500e-02
-4.41966000 1.33934100e-02
-4.38966000 1.35441900e-02
-4.35966000 1.36979500e-02
-4.32966000 1.38547800e-02
-4.29966000 1.40147800e-02
-4.26966000 1.41780300e-02
-4.21224000 1.44999800e-02
-4.18224000 1.46733300e-02
-4.15224000 1.48503600e-02
-4.12224000 1.50311700e-02
-4.09224000 1.52159200e-02
-4.06224000 1.54047100e-02
-4.03224000 1.55976900e-02
-4.00224000 1.57949800e-02
-3.97224000 1.59967500e-02
-3.94224000 1.62031200e-02
-3.91224000 1.64143000e-02
-3.88224000 1.66304300e-02
-3.85224000 1.68516900e-02
-3.82224000 1.70782500e-02
-3.79224000 1.73103400e-02
-3.76224000 1.75481500e-02
-3.73224000 1.77918900e-02
-3.70224000 1.80418000e-02
-3.67224000 1.82981100e-02
-3.64224000 1.85610900e-02
-3.61224000 1.88309900e-02
-3.58224000 1.91081300e-02
-3.55224000 1.93927900e-02
-3.52224000 1.96852800e-02
-3.49224000 1.99859500e-02
-3.46224000 2.02951800e-02
-3.43224000 2.06133600e-02
-3.37482000 2.12488600e-02
-3.34482000 2.15956200e-02
-3.31482000 2.19531500e-02
-3.28482000 2.23220500e-02
-3.25482000 2.27029600e-02
-3.22482000 2.30965400e-02
-3.19482000 2.35035900e-02
-3.16482000 2.39250100e-02
-3.13482000 2.43618300e-02
-3.10482000 2.48152600e-02
-3.07482000 2.52867900e-02
-3.04482000 2.57783000e-02
-3.01482000 2.62923000e-02
-2.98482000 2.68323000e-02
-2.95482000 2.74035400e-02
-2.92482000 2.80145600e-02
-2.89482000 2.86805300e-02
-2.86482000 2.94310200e-02
-2.83482000 3.03295500e-02
-2.80482000 3.15180000e-02
-2.77482000 3.32299000e-02
-2.74482000 3.49950000e-02
-2.71482000 3.50607000e-02
-2.68482000 3.47043000e-02
-2.65482000 3.49098000e-02
-2.62482000 3.54918000e-02
-2.59482000 3.62901000e-02
-2.53740000 3.82402000e-02
-2.50740000 3.94882000e-02
-2.47740000 4.09537000e-02
-2.44740000 4.27496000e-02
-2.41740000 4.51092000e-02
-2.38740000 4.85491000e-02
-2.35740000 5.42383000e-02
-2.32740000 6.40355000e-02
-2.29740000 7.36052000e-02
-2.26740000 6.90457000e-02
-2.23740000 6.14376000e-02
-2.20740000 5.81009000e-02
-2.17740000 5.74067000e-02
-2.14740000 5.80209000e-02
-2.11740000 5.93558000e-02
-2.08740000 6.11598000e-02
-2.05740000 6.33239000e-02
-2.02740000 6.58050000e-02
-1.99740000 6.85941000e-02
-1.96740000 7.17025000e-02
-1.93740000 7.51561000e-02
-1.90740000 7.89936000e-02
-1.87740000 8.32658000e-02
-1.84740000 8.80380000e-02
-1.81740000 9.33914000e-02
-1.78740000 9.94287000e-02
-1.75740000 1.06277800e-01
-1.69999000 1.22280600e-01
-1.66999000 1.32602000e-01
-1.63999000 1.44694800e-01
-1.60999000 1.59018600e-01
-1.57999000 1.76196700e-01
-1.54999000 1.97090500e-01
-1.51999000 2.22919100e-01
-1.48999000 2.55451700e-01
-1.45999000 2.97335000e-01
-1.42999000 3.52668000e-01
-1.39999000 4.28062000e-01
-1.36999000 5.34721000e-01
-1.33999000 6.92734000e-01
-1.30999000 9.40699000e-01
-1.27999000 1.35865800e+00
-1.24999000 2.12432900e+00
-1.21999000 3.61638000e+00
-1.18999000 6.16024000e+00
-1.15999000 8.16385000e+00
-1.12999000 6.87931000e+00
-1.09999000 4.12249300e+00
-1.06999000 2.49058000e+00
-1.03999000 1.73502900e+00
-1.00999000 1.32826500e+00
-0.97998600 1.00417600e+00
-0.94998600 7.78139000e-01
-0.91998600 6.24855000e-01
-0.86256700 4.81769000e-01
-0.83256700 4.51658400e-01
-0.80256700 4.40427600e-01
-0.77256700 4.44907100e-01
-0.74256700 4.64499600e-01
-0.71256700 5.00728700e-01
-0.68256700 5.57502800e-01
-0.65256700 6.42158100e-01
-0.62256700 7.67761800e-01
-0.59256700 9.58033400e-01
-0.56256700 1.25823000e+00
-0.53256700 1.76087500e+00
-0.50256700 2.66978600e+00
-0.47256700 4.44806800e+00
-0.44256700 7.86445300e+00
-0.41256700 1.13926930e+01
-0.38256700 9.18933800e+00
-0.35256700 5.42616600e+00
-0.32256700 3.42511100e+00
-0.29256700 2.60710900e+00
-0.26256700 2.53109200e+00
-0.23256700 3.17939600e+00
-0.20256700 4.17750200e+00
-0.17256700 3.59003200e+00
-0.14256700 2.24106200e+00
-0.11256700 1.43725800e+00
-0.08256720 1.02459900e+00
-0.02514860 6.83747000e-01
0.00485142 6.10840000e-01
0.03485140 5.80615000e-01
0.06485140 5.88977000e-01
0.09485140 6.26240000e-01
0.12485100 6.70740000e-01
0.15485100 7.16582000e-01
0.18485100 8.26900000e-01
0.21485100 1.08091500e+00
0.24485100 1.59674600e+00
0.27485100 2.47665500e+00
0.30485100 2.96138700e+00
0.33485100 2.35703900e+00
0.36485100 1.91269500e+00
0.39485100 1.93544500e+00
0.42485100 2.36859300e+00
0.45485100 2.82541200e+00
0.48485100 2.47931700e+00
0.51485100 1.72815100e+00
0.54485100 1.22273800e+00
0.57485100 9.87210000e-01
0.60485100 8.90092000e-01
0.63485100 8.64711000e-01
0.66485100 9.01944000e-01
0.69485100 1.00705600e+00
0.72485100 1.19896500e+00
0.75485100 1.51119400e+00
