# E(MeV)  S_GAMTGAMT(Total=K0+2*K1) for Np244_DDPCX
-4.16026000 7.63144000e-03
-4.13026000 7.69592000e-03
-4.10026000 7.75227000e-03
-4.07026000 7.79786000e-03
-4.04026000 7.82591000e-03
-4.01026000 7.82008000e-03
-3.98026000 7.74644000e-03
-3.95026000 7.60736000e-03
-3.92026000 7.66617000e-03
-3.89026000 7.91828000e-03
-3.86026000 8.10394000e-03
-3.83026000 8.22342000e-03
-3.80026000 8.31081000e-03
-3.77026000 8.38281000e-03
-3.74026000 8.44672000e-03
-3.71026000 8.50603000e-03
-3.66301000 8.59405000e-03
-3.63301000 8.64774000e-03
-3.60301000 8.70027000e-03
-3.57301000 8.75182000e-03
-3.54301000 8.80252000e-03
-3.51301000 8.85232000e-03
-3.48301000 8.90115000e-03
-3.45301000 8.94874000e-03
-3.42301000 8.99468000e-03
-3.39301000 9.03828000e-03
-3.36301000 9.07840000e-03
-3.33301000 9.11309000e-03
-3.30301000 9.13897000e-03
-3.27301000 9.14980000e-03
-3.24301000 9.13331000e-03
-3.21301000 9.06382000e-03
-3.16576000 8.68269000e-03
-3.13576000 8.03434000e-03
-3.10576000 7.18291000e-03
-3.07576000 7.48622000e-03
-3.04576000 8.50626000e-03
-3.01576000 9.28344000e-03
-2.98576000 9.80914000e-03
-2.95576000 1.02486200e-02
-2.92576000 1.07394200e-02
-2.89576000 1.14306100e-02
-2.86576000 1.25833900e-02
-2.83576000 1.47695300e-02
-2.80576000 1.91668000e-02
-2.77576000 2.58461400e-02
-2.74576000 2.55915000e-02
-2.71576000 1.74754000e-02
-2.66850000 7.22500600e-03
-2.63850000 -1.49040000e-04
-2.60850000 -1.18248200e-02
-2.57850000 -2.10427800e-02
-2.54850000 -1.23837800e-02
-2.51850000 -1.61239000e-03
-2.48850000 4.22508300e-03
-2.45850000 7.34221000e-03
-2.42850000 9.34494000e-03
-2.39850000 1.07423300e-02
-2.36850000 1.11791800e-02
-2.33850000 1.12483500e-02
-2.30850000 1.13942100e-02
-2.27850000 1.15680000e-02
-2.24850000 1.16918700e-02
-2.21850000 1.18487700e-02
-2.17125000 1.29181800e-02
-2.14125000 1.37931400e-02
-2.11125000 1.48282300e-02
-2.08125000 1.62504600e-02
-2.05125000 1.84379100e-02
-2.02125000 2.21566300e-02
-1.99125000 2.91274800e-02
-1.96125000 4.28977800e-02
-1.93125000 6.38356700e-02
-1.90125000 6.55890300e-02
-1.87125000 4.58599000e-02
-1.84125000 3.13389200e-02
-1.81125000 2.37554400e-02
-1.78125000 1.98508200e-02
-1.75125000 1.77008300e-02
-1.72125000 1.64358200e-02
-1.67400000 1.53412100e-02
-1.64400000 1.49541000e-02
-1.61400000 1.47047900e-02
-1.58400000 1.45481700e-02
-1.55400000 1.44564900e-02
-1.52400000 1.44119200e-02
-1.49400000 1.44027100e-02
-1.46400000 1.44208900e-02
-1.43400000 1.44609300e-02
-1.40400000 1.45189900e-02
-1.37400000 1.45924100e-02
-1.34400000 1.46793500e-02
-1.31400000 1.47786900e-02
-1.28400000 1.48898800e-02
-1.25400000 1.50130000e-02
-1.22400000 1.51489700e-02
-1.17674000 1.53953000e-02
-1.14674000 1.55816600e-02
-1.11674000 1.58095300e-02
-1.08674000 1.61143800e-02
-1.05674000 1.65166200e-02
-1.02674000 1.67738100e-02
-0.99674400 1.67801700e-02
-0.96674400 1.68542800e-02
-0.93674400 1.70305300e-02
-0.90674400 1.72737200e-02
-0.87674400 1.75697000e-02
-0.84674400 1.79190600e-02
-0.81674400 1.83320300e-02
-0.78674400 1.88289800e-02
-0.75674400 1.94457400e-02
-0.72674400 2.02468700e-02
-0.67949000 2.21950000e-02
-0.64949000 2.40639000e-02
-0.61949000 2.65230600e-02
-0.58949000 3.08480400e-02
-0.55949000 3.92512000e-02
-0.52949000 5.18845200e-02
-0.49949000 5.43073000e-02
-0.46949000 4.67502000e-02
-0.43949000 4.55921000e-02
-0.40949000 5.36945000e-02
-0.37949000 7.00569000e-02
-0.34949000 8.71566000e-02
-0.31949000 8.61983000e-02
-0.28949000 6.26469000e-02
-0.25949000 4.63391000e-02
-0.22949000 3.91450000e-02
-0.18223700 3.49526000e-02
-0.15223700 3.20613000e-02
-0.12223700 3.03242800e-02
-0.09223690 2.97169000e-02
-0.06223690 2.98727200e-02
-0.03223690 3.07181600e-02
-0.00223686 3.24724400e-02
0.02776310 3.53318200e-02
0.05776310 3.74567200e-02
0.08776310 3.72590400e-02
0.11776300 3.74841000e-02
0.14776300 3.93559000e-02
0.17776300 4.26471000e-02
0.20776300 4.65208000e-02
0.23776300 5.22882000e-02
0.26776300 6.31600000e-02
0.31501700 1.01772300e-01
0.34501700 1.27980900e-01
0.37501700 1.20375100e-01
0.40501700 1.09030600e-01
0.43501700 1.08058300e-01
0.46501700 1.25809400e-01
0.49501700 1.69632000e-01
0.52501700 2.11276500e-01
0.55501700 1.88293200e-01
0.58501700 1.58147500e-01
0.61501700 1.58996900e-01
0.64501700 1.88818600e-01
0.67501700 2.21349800e-01
0.70501700 2.22681600e-01
0.73501700 2.39134600e-01
0.76501700 3.07032600e-01
