# E(MeV)  S_NSDRNSDR(Total=K0+2*K1) for Np244_DDPCX
-4.16026000 -2.94981700e+00
-4.13026000 -2.54731700e+00
-4.10026000 -2.31270100e+00
-4.07026000 -2.26374200e+00
-4.04026000 -2.48369400e+00
-4.01026000 -2.88091800e+00
-3.98026000 -2.59973700e+00
-3.95026000 -1.90244700e+00
-3.92026000 -1.44877000e+00
-3.89026000 -1.18631000e+00
-3.86026000 -1.01861500e+00
-3.83026000 -8.99769000e-01
-3.80026000 -8.08831000e-01
-3.77026000 -7.35435000e-01
-3.74026000 -6.73955000e-01
-3.71026000 -6.21068700e-01
-3.66301000 -5.50365000e-01
-3.63301000 -5.11510600e-01
-3.60301000 -4.76318800e-01
-3.57301000 -4.44187500e-01
-3.54301000 -4.14668900e-01
-3.51301000 -3.87427400e-01
-3.48301000 -3.62211800e-01
-3.45301000 -3.38851100e-01
-3.42301000 -3.17244200e-01
-3.39301000 -2.97374600e-01
-3.36301000 -2.79323500e-01
-3.33301000 -2.63321000e-01
-3.30301000 -2.49830500e-01
-3.27301000 -2.39719600e-01
-3.24301000 -2.34618700e-01
-3.21301000 -2.37708500e-01
-3.16576000 -2.77660400e-01
-3.13576000 -3.55172700e-01
-3.10576000 -5.27325900e-01
-3.07576000 -8.02298300e-01
-3.04576000 -8.09330300e-01
-3.01576000 -5.02852300e-01
-2.98576000 -2.84350700e-01
-2.95576000 -1.66066100e-01
-2.92576000 -9.62675000e-02
-2.89576000 -4.91552800e-02
-2.86576000 -1.33670600e-02
-2.83576000 1.64197000e-02
-2.80576000 4.29295000e-02
-2.77576000 6.76884000e-02
-2.74576000 9.16341000e-02
-2.71576000 1.15402300e-01
-2.66850000 1.53607400e-01
-2.63850000 1.78952500e-01
-2.60850000 2.05591100e-01
-2.57850000 2.33919400e-01
-2.54850000 2.64387900e-01
-2.51850000 2.97522050e-01
-2.48850000 3.33959280e-01
-2.45850000 3.74497130e-01
-2.42850000 4.20149180e-01
-2.39850000 4.72229021e-01
-2.36850000 5.32472320e-01
-2.33850000 6.03222810e-01
-2.30850000 6.87702270e-01
-2.27850000 7.90450580e-01
-2.24850000 9.18031700e-01
-2.21850000 1.08020970e+00
-2.17125000 1.44511020e+00
-2.14125000 1.78972580e+00
-2.11125000 2.28413660e+00
-2.08125000 3.03035530e+00
-2.05125000 4.22938460e+00
-2.02125000 6.30918770e+00
-1.99125000 1.02417077e+01
-1.96125000 1.80807083e+01
-1.93125000 3.05711332e+01
-1.90125000 3.27014866e+01
-1.87125000 2.04468929e+01
-1.84125000 1.15320970e+01
-1.81125000 7.04698430e+00
-1.78125000 4.73362070e+00
-1.75125000 3.44139260e+00
-1.72125000 2.66618730e+00
-1.67400000 1.97396940e+00
-1.64400000 1.71780580e+00
-1.61400000 1.54526180e+00
-1.58400000 1.43043530e+00
-1.55400000 1.35774760e+00
-1.52400000 1.31770810e+00
-1.49400000 1.30468000e+00
-1.46400000 1.31567110e+00
-1.43400000 1.34972830e+00
-1.40400000 1.40770790e+00
-1.37400000 1.49235860e+00
-1.34400000 1.60872440e+00
-1.31400000 1.76497100e+00
-1.28400000 1.97391400e+00
-1.25400000 2.25571900e+00
-1.22400000 2.64290000e+00
-1.17674000 3.61115100e+00
-1.14674000 4.63255300e+00
-1.11674000 6.26064300e+00
-1.08674000 9.04800800e+00
-1.05674000 1.42385850e+01
-1.02674000 2.45736410e+01
-0.99674400 4.27073740e+01
-0.96674400 5.16601150e+01
-0.93674400 3.48207790e+01
-0.90674400 1.97044510e+01
-0.87674400 1.19527960e+01
-0.84674400 8.02236000e+00
-0.81674400 5.88064300e+00
-0.78674400 4.63901200e+00
-0.75674400 3.89811100e+00
-0.72674400 3.47031700e+00
-0.67949000 3.25207100e+00
-0.64949000 3.40390000e+00
-0.61949000 3.89340200e+00
-0.58949000 5.00573400e+00
-0.55949000 7.34024000e+00
-0.52949000 1.10103240e+01
-0.49949000 1.13769320e+01
-0.46949000 7.68141200e+00
-0.43949000 5.09708800e+00
-0.40949000 3.82570400e+00
-0.37949000 3.20318200e+00
-0.34949000 2.89860000e+00
-0.31949000 2.77037000e+00
-0.28949000 2.75922900e+00
-0.25949000 2.84579800e+00
-0.22949000 3.01946200e+00
-0.18223700 3.41788000e+00
-0.15223700 3.87561000e+00
-0.12223700 4.66531000e+00
-0.09223690 6.10136000e+00
-0.06223690 8.68454000e+00
-0.03223690 1.12762000e+01
-0.00223686 1.04177500e+01
0.02776310 9.26207000e+00
0.05776310 1.00784600e+01
0.08776310 1.33112700e+01
0.11776300 1.82423700e+01
0.14776300 1.80852370e+01
0.17776300 1.43792280e+01
0.20776300 1.29177870e+01
0.23776300 1.37021320e+01
0.26776300 1.65501640e+01
0.31501700 2.69705290e+01
0.34501700 3.51911470e+01
0.37501700 4.33038760e+01
0.40501700 6.13222830e+01
0.43501700 1.00857090e+02
0.46501700 1.56427710e+02
0.49501700 1.53213300e+02
0.52501700 1.14197650e+02
0.55501700 9.34668900e+01
0.58501700 7.36478500e+01
0.61501700 5.67283800e+01
0.64501700 4.91581500e+01
0.67501700 5.22371600e+01
0.70501700 4.95835800e+01
0.73501700 3.40574700e+01
0.76501700 2.30005900e+01
