# E(MeV)  S_NSDRNSDR(Total=K0+2*K1) for Np256_DDPCX
-7.50723000 -3.37417720e+01
-7.47723000 -1.89623060e+01
-7.44723000 -1.14582320e+01
-7.41723000 -7.47300200e+00
-7.38723000 -5.19218800e+00
-7.35723000 -3.80751600e+00
-7.32723000 -2.90830660e+00
-7.29723000 -2.29477260e+00
-7.26723000 -1.85779880e+00
-7.23723000 -1.53493560e+00
-7.20723000 -1.28908220e+00
-7.17723000 -1.09720780e+00
-7.14723000 -9.44424600e-01
-7.11723000 -8.20833000e-01
-7.08723000 -7.19749000e-01
-7.05723000 -6.36673600e-01
-7.02723000 -5.68765600e-01
-6.99723000 -5.14663600e-01
-6.96723000 -4.74757400e-01
-6.93723000 -4.52242200e-01
-6.90723000 -4.56025800e-01
-6.87723000 -5.08129000e-01
-6.84723000 -6.55918000e-01
-6.81723000 -9.11143000e-01
-6.78723000 -9.15988000e-01
-6.75723000 -6.03522000e-01
-6.72723000 -3.75758000e-01
-6.67528000 -1.92182400e-01
-6.64528000 -1.36500000e-01
-6.61528000 -9.59512000e-02
-6.58528000 -6.39714000e-02
-6.55528000 -3.72886000e-02
-6.52528000 -1.41285000e-02
-6.49528000 6.53890000e-03
-6.46528000 2.53545000e-02
-6.43528000 4.27373000e-02
-6.40528000 5.89746000e-02
-6.37528000 7.42714000e-02
-6.34528000 8.87785000e-02
-6.31528000 1.02609900e-01
-6.28528000 1.15852400e-01
-6.25528000 1.28573700e-01
-6.22528000 1.40825200e-01
-6.19528000 1.52646140e-01
-6.16528000 1.64063150e-01
-6.13528000 1.75091640e-01
-6.10528000 1.85735700e-01
-6.07528000 1.95985000e-01
-6.04528000 2.05812700e-01
-6.01528000 2.15170100e-01
-5.98528000 2.23978400e-01
-5.95528000 2.32116100e-01
-5.92528000 2.39396800e-01
-5.89528000 2.45534900e-01
-5.84333000 2.51999800e-01
-5.81333000 2.51804000e-01
-5.78333000 2.46607200e-01
-5.75333000 2.32925100e-01
-5.72333000 2.03698000e-01
-5.69333000 1.43465600e-01
-5.66333000 1.79454000e-02
-5.63333000 -2.18354600e-01
-5.60333000 -3.99525600e-01
-5.57333000 -2.20903400e-01
-5.54333000 -3.07723800e-02
-5.51333000 3.67632000e-02
-5.48333000 2.06900000e-02
-5.45333000 -1.43699000e-01
-5.42333000 -1.10566500e+00
-5.39333000 -3.58127600e+00
-5.36333000 -5.74533000e+00
-5.33333000 -3.77919000e+00
-5.30333000 -7.54670000e-01
-5.27333000 1.68976400e+00
-5.24333000 4.58649400e+00
-5.21333000 8.93822600e+00
-5.18333000 1.14614678e+01
-5.15333000 7.98597600e+00
-5.12333000 4.59874860e+00
-5.09333000 2.86485000e+00
-5.06333000 2.00231600e+00
-5.01138000 1.33724600e+00
-4.98138000 1.15731100e+00
-4.95138000 1.04686400e+00
-4.92138000 9.78233000e-01
-4.89138000 9.36287000e-01
-4.86138000 9.12308000e-01
-4.83138000 9.01056000e-01
-4.80138000 8.99290000e-01
-4.77138000 9.04969000e-01
-4.74138000 9.16824000e-01
-4.71138000 9.34096000e-01
-4.68138000 9.56395000e-01
-4.65138000 9.83615000e-01
-4.62138000 1.01589500e+00
-4.59138000 1.05360900e+00
-4.56138000 1.09737000e+00
-4.53138000 1.14808300e+00
-4.50138000 1.20700200e+00
-4.47138000 1.27585100e+00
-4.44138000 1.35697300e+00
-4.41138000 1.45360700e+00
-4.38138000 1.57026800e+00
-4.35138000 1.71339800e+00
-4.32138000 1.89238300e+00
-4.29138000 2.12132200e+00
-4.26138000 2.42210100e+00
-4.23138000 2.83010600e+00
-4.17943000 3.99112200e+00
-4.14943000 5.16374000e+00
-4.11943000 7.09615800e+00
-4.08943000 1.05521530e+01
-4.05943000 1.72731050e+01
-4.02943000 3.03605220e+01
-3.99943000 4.54825370e+01
-3.96943000 3.84197350e+01
-3.93943000 2.24551670e+01
-3.90943000 1.32690570e+01
-3.87943000 8.68838400e+00
-3.84943000 6.26298500e+00
-3.81943000 4.87579700e+00
-3.78943000 4.03169100e+00
-3.75943000 3.49557400e+00
-3.72943000 3.14718500e+00
-3.69943000 2.92091900e+00
-3.66943000 2.77944900e+00
-3.63943000 2.70125700e+00
-3.60943000 2.67467900e+00
-3.57943000 2.69556300e+00
-3.54943000 2.76791500e+00
-3.51943000 2.90859500e+00
-3.48943000 3.16081800e+00
-3.45943000 3.60578900e+00
-3.42943000 4.16729900e+00
-3.39943000 4.27696000e+00
-3.34748000 4.49605000e+00
-3.31748000 5.26546000e+00
-3.28748000 6.83447000e+00
-3.25748000 8.97220000e+00
-3.22748000 8.93666000e+00
-3.19748000 7.50318000e+00
-3.16748000 6.95188000e+00
-3.13748000 7.21506000e+00
-3.10748000 8.10498000e+00
-3.07748000 9.70202000e+00
-3.04748000 1.23888400e+01
-3.01748000 1.70899100e+01
-2.98748000 2.59544300e+01
-2.95748000 4.33688800e+01
-2.92748000 6.90125200e+01
-2.89748000 6.97213100e+01
-2.86748000 4.69759300e+01
-2.83748000 3.20642300e+01
-2.80748000 2.51936100e+01
-2.77748000 2.40847400e+01
-2.74748000 2.52239800e+01
-2.71748000 2.50641200e+01
-2.68748000 2.73102200e+01
-2.65748000 3.47145000e+01
-2.62748000 4.74773000e+01
-2.59748000 6.40799000e+01
-2.56748000 9.23772200e+01
-2.51553000 1.06284110e+02
-2.48553000 1.12222760e+02
-2.45553000 1.30399560e+02
-2.42553000 1.03403440e+02
-2.39553000 6.80898000e+01
-2.36553000 5.24613000e+01
-2.33553000 5.24969000e+01
-2.30553000 6.86038400e+01
-2.27553000 1.01830260e+02
-2.24553000 1.10067660e+02
-2.21553000 7.28541800e+01
-2.18553000 4.41327200e+01
-2.15553000 2.93547800e+01
-2.12553000 2.15285000e+01
-2.09553000 1.71281600e+01
-2.06553000 1.45335700e+01
-2.03553000 1.29656800e+01
-2.00553000 1.20403000e+01
-1.97553000 1.15743800e+01
-1.94553000 1.14731600e+01
-1.91553000 1.17000700e+01
-1.88553000 1.22675500e+01
-1.85553000 1.32420400e+01
-1.82553000 1.47707500e+01
-1.79553000 1.71515100e+01
-1.76553000 2.10049100e+01
-1.73553000 2.76842100e+01
-1.68358000 5.22629000e+01
-1.65358000 6.19741000e+01
-1.62358000 6.29735000e+01
-1.59358000 7.84726000e+01
-1.56358000 1.18922200e+02
-1.53358000 1.58293200e+02
-1.50358000 1.32760700e+02
-1.47358000 1.01070400e+02
-1.44358000 8.72447000e+01
-1.41358000 7.96058000e+01
-1.38358000 8.73333000e+01
-1.35358000 1.19424640e+02
-1.32358000 1.91976310e+02
-1.29358000 2.92244440e+02
-1.26358000 2.77125690e+02
-1.23358000 1.89422970e+02
-1.20358000 1.33043310e+02
-1.17358000 9.57684900e+01
-1.14358000 7.64885300e+01
-1.11358000 7.23974000e+01
-1.08358000 8.20625000e+01
-1.05358000 1.11706700e+02
-1.02358000 1.70570500e+02
-0.99358100 2.31984700e+02
-0.96358100 2.17121900e+02
-0.93358100 1.73920700e+02
-0.90358100 1.35617500e+02
-0.85163100 1.25877700e+02
-0.82163100 1.18510500e+02
-0.79163100 8.84815000e+01
-0.76163100 7.38410500e+01
-0.73163100 7.65115000e+01
-0.70163100 7.91380600e+01
-0.67163100 7.79989200e+01
-0.64163100 9.24242900e+01
-0.61163100 1.12173200e+02
-0.58163100 1.17522300e+02
-0.55163100 9.85365200e+01
-0.52163100 7.32573800e+01
-0.49163100 6.34150100e+01
-0.46163100 6.75751800e+01
-0.43163100 8.65850000e+01
-0.40163100 1.26097300e+02
-0.37163100 1.82508100e+02
-0.34163100 1.89896200e+02
-0.31163100 1.45019800e+02
-0.28163100 1.28453500e+02
-0.25163100 1.52565600e+02
-0.22163100 2.15827500e+02
-0.19163100 2.44742800e+02
-0.16163100 1.87572100e+02
-0.13163100 1.27211700e+02
-0.10163100 9.30047000e+01
-0.07163070 8.05230000e+01
-0.01968040 8.33571000e+01
0.01031960 1.05573500e+02
0.04031960 1.32774100e+02
0.07031960 1.41563100e+02
0.10032000 1.43424900e+02
0.13032000 1.54667500e+02
0.16032000 1.92885900e+02
0.19032000 2.77445600e+02
0.22032000 3.76209100e+02
0.25032000 4.25000400e+02
0.28032000 3.18177000e+02
0.31032000 2.14814100e+02
0.34032000 1.83619900e+02
0.37032000 1.94716500e+02
0.40032000 1.90807900e+02
0.43032000 1.53912600e+02
0.46032000 1.23275500e+02
0.49032000 1.21597900e+02
0.52032000 1.28579000e+02
0.55032000 1.45036300e+02
0.58032000 1.98865600e+02
0.61032000 2.35228800e+02
0.64032000 1.80077900e+02
0.67032000 1.29327300e+02
0.70032000 9.65640000e+01
0.73032000 7.29925000e+01
0.76032000 5.99565000e+01
