# E(MeV)  S_NSDRNSDR(K=1) for Np256_DDPCX
-7.50723000 -1.96236000e-01
-7.47723000 -2.27353000e-01
-7.44723000 -2.49416000e-01
-7.41723000 -2.01581000e-01
-7.38723000 -1.50329000e-01
-7.35723000 -1.18218000e-01
-7.32723000 -9.56933000e-02
-7.29723000 -7.99963000e-02
-7.26723000 -6.84244000e-02
-7.23723000 -5.92578000e-02
-7.20723000 -5.16511000e-02
-7.17723000 -4.51889000e-02
-7.14723000 -3.96728000e-02
-7.11723000 -3.50350000e-02
-7.08723000 -3.13130000e-02
-7.05723000 -2.86598000e-02
-7.02723000 -2.73968000e-02
-6.99723000 -2.81333000e-02
-6.96723000 -3.20347000e-02
-6.93723000 -4.14401000e-02
-6.90723000 -6.13779000e-02
-6.87723000 -1.03309000e-01
-6.84723000 -1.91275000e-01
-6.81723000 -3.31437000e-01
-6.78723000 -3.45120000e-01
-6.75723000 -1.99048000e-01
-6.72723000 -9.43835000e-02
-6.67528000 -1.66977000e-02
-6.64528000 3.90050000e-03
-6.61528000 1.74874000e-02
-6.58528000 2.72758000e-02
-6.55528000 3.48432000e-02
-6.52528000 4.10248000e-02
-6.49528000 4.62920000e-02
-6.46528000 5.09265000e-02
-6.43528000 5.51038000e-02
-6.40528000 5.89376000e-02
-6.37528000 6.25039000e-02
-6.34528000 6.58543000e-02
-6.31528000 6.90245000e-02
-6.28528000 7.20388000e-02
-6.25528000 7.49137000e-02
-6.22528000 7.76593000e-02
-6.19528000 8.02811000e-02
-6.16528000 8.27800000e-02
-6.13528000 8.51529000e-02
-6.10528000 8.73931000e-02
-6.07528000 8.94892000e-02
-6.04528000 9.14252000e-02
-6.01528000 9.31794000e-02
-5.98528000 9.47232000e-02
-5.95528000 9.60193000e-02
-5.92528000 9.70190000e-02
-5.89528000 9.76593000e-02
-5.84333000 9.76613000e-02
-5.81333000 9.68164000e-02
-5.78333000 9.51388000e-02
-5.75333000 9.23833000e-02
-5.72333000 8.82112000e-02
-5.69333000 8.21473000e-02
-5.66333000 7.35137000e-02
-5.63333000 6.13302000e-02
-5.60333000 4.41672000e-02
-5.57333000 1.99553000e-02
-5.54333000 -1.41710000e-02
-5.51333000 -6.17699000e-02
-5.48333000 -1.28657000e-01
-5.45333000 -2.65645000e-01
-5.42333000 -8.08993000e-01
-5.39333000 -2.12796000e+00
-5.36333000 -3.32614000e+00
-5.33333000 -2.52341000e+00
-5.30333000 -1.31545000e+00
-5.27333000 -6.54948000e-01
-5.24333000 -3.21633000e-01
-5.21333000 -1.39767000e-01
-5.18333000 -3.10661000e-02
-5.15333000 3.93580000e-02
-5.12333000 8.82393000e-02
-5.09333000 1.24250000e-01
-5.06333000 1.52203000e-01
-5.01138000 1.89295000e-01
-4.98138000 2.06770000e-01
-4.95138000 2.22515000e-01
-4.92138000 2.37130000e-01
-4.89138000 2.51053000e-01
-4.86138000 2.64622000e-01
-4.83138000 2.78110000e-01
-4.80138000 2.91752000e-01
-4.77138000 3.05760000e-01
-4.74138000 3.20342000e-01
-4.71138000 3.35710000e-01
-4.68138000 3.52093000e-01
-4.65138000 3.69748000e-01
-4.62138000 3.88976000e-01
-4.59138000 4.10137000e-01
-4.56138000 4.33671000e-01
-4.53138000 4.60133000e-01
-4.50138000 4.90230000e-01
-4.47138000 5.24886000e-01
-4.44138000 5.65322000e-01
-4.41138000 6.13196000e-01
-4.38138000 6.70796000e-01
-4.35138000 7.41367000e-01
-4.32138000 8.29619000e-01
-4.29138000 9.42616000e-01
-4.26138000 1.09131000e+00
-4.23138000 1.29340000e+00
-4.17943000 1.87009000e+00
-4.14943000 2.45390000e+00
-4.11943000 3.41739000e+00
-4.08943000 5.14244000e+00
-4.05943000 8.49973000e+00
-4.02943000 1.50400000e+01
-3.99943000 2.25973000e+01
-3.96943000 1.90619000e+01
-3.93943000 1.10753000e+01
-3.90943000 6.47758000e+00
-3.87943000 4.18219000e+00
-3.84943000 2.96400000e+00
-3.81943000 2.26442000e+00
-3.78943000 1.83581000e+00
-3.75943000 1.56053000e+00
-3.72943000 1.37833000e+00
-3.69943000 1.25625000e+00
-3.66943000 1.17542000e+00
-3.63943000 1.12480000e+00
-3.60943000 1.09817000e+00
-3.57943000 1.09290000e+00
-3.54943000 1.11018000e+00
-3.51943000 1.15720000e+00
-3.48943000 1.25360000e+00
-3.45943000 1.43670000e+00
-3.42943000 1.66260000e+00
-3.39943000 1.63616000e+00
-3.34748000 1.46320000e+00
-3.31748000 1.48300000e+00
-3.28748000 1.55729000e+00
-3.25748000 1.67473000e+00
-3.22748000 1.83665000e+00
-3.19748000 2.05321000e+00
-3.16748000 2.34424000e+00
-3.13748000 2.74421000e+00
-3.10748000 3.31378000e+00
-3.07748000 4.16504000e+00
-3.04748000 5.51984000e+00
-3.01748000 7.85309000e+00
-2.98748000 1.22433000e+01
-2.95748000 2.08818000e+01
-2.92748000 3.36002000e+01
-2.89748000 3.37988000e+01
-2.86748000 2.21807000e+01
-2.83748000 1.43080000e+01
-2.80748000 1.01040000e+01
-2.77748000 8.19137000e+00
-2.74748000 7.64121000e+00
-2.71748000 8.04822000e+00
-2.68748000 9.30023000e+00
-2.65748000 1.18106000e+01
-2.62748000 1.67205000e+01
-2.59748000 2.59128000e+01
-2.56748000 4.16239000e+01
-2.51553000 4.97885000e+01
-2.48553000 5.26911000e+01
-2.45553000 6.13137000e+01
-2.42553000 4.68948000e+01
-2.39553000 2.76188000e+01
-2.36553000 1.69042000e+01
-2.33553000 1.13848000e+01
-2.30553000 8.33087000e+00
-2.27553000 6.50578000e+00
-2.24553000 5.34843000e+00
-2.21553000 4.58579000e+00
-2.18553000 4.07206000e+00
-2.15553000 3.70919000e+00
-2.12553000 3.45165000e+00
-2.09553000 3.28558000e+00
-2.06553000 3.19295000e+00
-2.03553000 3.15711000e+00
-2.00553000 3.16983000e+00
-1.97553000 3.23540000e+00
-1.94553000 3.35796000e+00
-1.91553000 3.54607000e+00
-1.88553000 3.81692000e+00
-1.85553000 4.20192000e+00
-1.82553000 4.75896000e+00
-1.79553000 5.60097000e+00
-1.76553000 6.96553000e+00
-1.73553000 9.38129000e+00
-1.68358000 1.83762000e+01
-1.65358000 2.05871000e+01
-1.62358000 1.75886000e+01
-1.59358000 1.74759000e+01
-1.56358000 2.19429000e+01
-1.53358000 2.75611000e+01
-1.50358000 2.67642000e+01
-1.47358000 2.68739000e+01
-1.44358000 2.91701000e+01
-1.41358000 3.04851000e+01
-1.38358000 3.71297000e+01
-1.35358000 5.47396000e+01
-1.32358000 9.19351000e+01
-1.29358000 1.42620000e+02
-1.26358000 1.35362000e+02
-1.23358000 9.16139000e+01
-1.20358000 6.33397000e+01
-1.17358000 4.43955000e+01
-1.14358000 3.41245000e+01
-1.11358000 3.08838000e+01
-1.08358000 3.34037000e+01
-1.05358000 4.37758000e+01
-1.02358000 6.73272000e+01
-0.99358100 9.62800000e+01
-0.96358100 8.62636000e+01
-0.93358100 6.07440000e+01
-0.90358100 4.76037000e+01
-0.85163100 5.28245000e+01
-0.82163100 5.20292000e+01
-0.79163100 3.92279000e+01
-0.76163100 3.32005000e+01
-0.73163100 3.52681000e+01
-0.70163100 3.70109000e+01
-0.67163100 3.66956000e+01
-0.64163100 4.40473000e+01
-0.61163100 5.39658000e+01
-0.58163100 5.65908000e+01
-0.55163100 4.69374000e+01
-0.52163100 3.40053000e+01
-0.49163100 2.86285000e+01
-0.46163100 2.98564000e+01
-0.43163100 3.76781000e+01
-0.40163100 5.47154000e+01
-0.37163100 8.12427000e+01
-0.34163100 8.59904000e+01
-0.31163100 6.45671000e+01
-0.28163100 5.59653000e+01
-0.25163100 6.69568000e+01
-0.22163100 9.65345000e+01
-0.19163100 1.06093000e+02
-0.16163100 7.34058000e+01
-0.13163100 4.76290000e+01
-0.10163100 3.52999000e+01
-0.07163070 3.07769000e+01
-0.01968040 2.95238000e+01
0.01031960 3.54216000e+01
0.04031960 4.51308000e+01
0.07031960 5.06412000e+01
0.10032000 4.96351000e+01
0.13032000 4.91886000e+01
0.16032000 5.82043000e+01
0.19032000 8.56028000e+01
0.22032000 1.39955000e+02
0.25032000 1.81034000e+02
0.28032000 1.35916000e+02
0.31032000 8.43681000e+01
0.34032000 6.13032000e+01
0.37032000 5.82734000e+01
0.40032000 6.46786000e+01
0.43032000 5.83898000e+01
0.46032000 4.97681000e+01
0.49032000 5.22005000e+01
0.52032000 5.71757000e+01
0.55032000 6.57811000e+01
0.58032000 9.23895000e+01
0.61032000 1.10418000e+02
0.64032000 8.30516000e+01
0.67032000 5.66678000e+01
0.70032000 3.80414000e+01
0.73032000 2.54660000e+01
0.76032000 1.83546000e+01
