# E(MeV)  S_NSDRNSDR(K=1) for Os203_DDPCX
-7.51704000 -2.76808000e-02
-7.48704000 -2.23925000e-02
-7.45704000 -1.61170000e-02
-7.42704000 -8.41412000e-03
-7.39704000 1.43610000e-03
-7.36704000 1.46150000e-02
-7.33704000 3.25048000e-02
-7.30704000 5.66431000e-02
-7.27704000 9.37724000e-02
-7.24704000 1.57013000e-01
-7.21704000 2.73537000e-01
-7.18704000 5.04099000e-01
-7.15704000 9.20305000e-01
-7.12704000 1.18301000e+00
-7.09704000 8.14469000e-01
-7.06704000 4.42200000e-01
-7.03704000 2.48735000e-01
-7.00704000 1.51079000e-01
-6.97704000 9.79754000e-02
-6.94704000 6.68622000e-02
-6.91704000 4.75225000e-02
-6.88704000 3.49622000e-02
-6.85704000 2.65493000e-02
-6.82704000 2.08037000e-02
-6.79704000 1.68455000e-02
-6.76704000 1.41275000e-02
-6.73704000 1.22952000e-02
-6.68411000 1.05410000e-02
-6.65411000 1.01343000e-02
-6.62411000 1.00318000e-02
-6.59411000 1.01681000e-02
-6.56411000 1.04943000e-02
-6.53411000 1.09733000e-02
-6.50411000 1.15768000e-02
-6.47411000 1.22830000e-02
-6.44411000 1.30745000e-02
-6.41411000 1.39378000e-02
-6.38411000 1.48620000e-02
-6.35411000 1.58384000e-02
-6.32411000 1.68600000e-02
-6.29411000 1.79210000e-02
-6.26411000 1.90168000e-02
-6.23411000 2.01436000e-02
-6.20411000 2.12984000e-02
-6.17411000 2.24785000e-02
-6.14411000 2.36819000e-02
-6.11411000 2.49069000e-02
-6.08411000 2.61523000e-02
-6.05411000 2.74168000e-02
-6.02411000 2.86998000e-02
-5.99411000 3.00004000e-02
-5.96411000 3.13184000e-02
-5.93411000 3.26532000e-02
-5.90411000 3.40049000e-02
-5.85118000 3.64303000e-02
-5.82118000 3.78282000e-02
-5.79118000 3.92431000e-02
-5.76118000 4.06752000e-02
-5.73118000 4.21249000e-02
-5.70118000 4.35925000e-02
-5.67118000 4.50786000e-02
-5.64118000 4.65837000e-02
-5.61118000 4.81082000e-02
-5.58118000 4.96530000e-02
-5.55118000 5.12186000e-02
-5.52118000 5.28059000e-02
-5.49118000 5.44155000e-02
-5.46118000 5.60483000e-02
-5.43118000 5.77053000e-02
-5.40118000 5.93874000e-02
-5.37118000 6.10956000e-02
-5.34118000 6.28309000e-02
-5.31118000 6.45946000e-02
-5.28118000 6.63877000e-02
-5.25118000 6.82116000e-02
-5.22118000 7.00675000e-02
-5.19118000 7.19568000e-02
-5.16118000 7.38810000e-02
-5.13118000 7.58417000e-02
-5.10118000 7.78404000e-02
-5.07118000 7.98789000e-02
-5.01825000 8.35781000e-02
-4.98825000 8.57362000e-02
-4.95825000 8.79414000e-02
-4.92825000 9.01960000e-02
-4.89825000 9.25022000e-02
-4.86825000 9.48626000e-02
-4.83825000 9.72798000e-02
-4.80825000 9.97566000e-02
-4.77825000 1.02296000e-01
-4.74825000 1.04901000e-01
-4.71825000 1.07576000e-01
-4.68825000 1.10323000e-01
-4.65825000 1.13147000e-01
-4.62825000 1.16052000e-01
-4.59825000 1.19042000e-01
-4.56825000 1.22122000e-01
-4.53825000 1.25298000e-01
-4.50825000 1.28575000e-01
-4.47825000 1.31959000e-01
-4.44825000 1.35458000e-01
-4.41825000 1.39077000e-01
-4.38825000 1.42826000e-01
-4.35825000 1.46713000e-01
-4.32825000 1.50748000e-01
-4.29825000 1.54943000e-01
-4.26825000 1.59309000e-01
-4.23825000 1.63860000e-01
-4.18532000 1.72393000e-01
-4.15532000 1.77547000e-01
-4.12532000 1.82960000e-01
-4.09532000 1.88661000e-01
-4.06532000 1.94683000e-01
-4.03532000 2.01067000e-01
-4.00532000 2.07862000e-01
-3.97532000 2.15133000e-01
-3.94532000 2.22958000e-01
-3.91532000 2.31444000e-01
-3.88532000 2.40729000e-01
-3.85532000 2.51005000e-01
-3.82532000 2.62543000e-01
-3.79532000 2.75737000e-01
-3.76532000 2.91181000e-01
-3.73532000 3.09813000e-01
-3.70532000 3.33187000e-01
-3.67532000 3.64021000e-01
-3.64532000 4.07403000e-01
-3.61532000 4.73600000e-01
-3.58532000 5.85034000e-01
-3.55532000 7.92800000e-01
-3.52532000 1.18887000e+00
-3.49532000 1.65383000e+00
-3.46532000 1.46806000e+00
-3.43532000 1.00553000e+00
-3.40532000 7.44082000e-01
-3.35239000 5.75051000e-01
-3.32239000 5.45199000e-01
-3.29239000 5.35482000e-01
-3.26239000 5.37695000e-01
-3.23239000 5.47806000e-01
-3.20239000 5.63752000e-01
-3.17239000 5.84478000e-01
-3.14239000 6.09495000e-01
-3.11239000 6.38666000e-01
-3.08239000 6.72102000e-01
-3.05239000 7.10111000e-01
-3.02239000 7.53191000e-01
-2.99239000 8.02040000e-01
-2.96239000 8.57592000e-01
-2.93239000 9.21080000e-01
-2.90239000 9.94138000e-01
-2.87239000 1.07896000e+00
-2.84239000 1.17856000e+00
-2.81239000 1.29717000e+00
-2.78239000 1.44100000e+00
-2.75239000 1.61953000e+00
-2.72239000 1.84812000e+00
-2.69239000 2.15334000e+00
-2.66239000 2.58517000e+00
-2.63239000 3.24644000e+00
-2.60239000 4.36423000e+00
-2.57239000 6.39065000e+00
-2.51945000 9.95675000e+00
-2.48945000 8.27238000e+00
-2.45945000 7.29332000e+00
-2.42945000 7.60920000e+00
-2.39945000 8.98931000e+00
-2.36945000 1.16213000e+01
-2.33945000 1.62821000e+01
-2.30945000 2.48694000e+01
-2.27945000 4.17909000e+01
-2.24945000 7.45715000e+01
-2.21945000 1.09686000e+02
-2.18945000 8.91059000e+01
-2.15945000 5.10509000e+01
-2.12945000 2.96890000e+01
-2.09945000 1.90581000e+01
-2.06945000 1.34569000e+01
-2.03945000 1.03202000e+01
-2.00945000 8.52374000e+00
-1.97945000 7.55920000e+00
-1.94945000 7.21572000e+00
-1.91945000 7.47678000e+00
-1.88945000 8.53055000e+00
-1.85945000 1.08131000e+01
-1.82945000 1.52677000e+01
-1.79945000 2.28570000e+01
-1.76945000 2.59170000e+01
-1.73945000 2.03950000e+01
-1.68652000 1.87291000e+01
-1.65652000 2.41370000e+01
-1.62652000 2.94826000e+01
-1.59652000 3.55584000e+01
-1.56652000 5.18249000e+01
-1.53652000 6.80313000e+01
-1.50652000 5.79782000e+01
-1.47652000 3.74134000e+01
-1.44652000 2.43367000e+01
-1.41652000 1.89316000e+01
-1.38652000 1.87254000e+01
-1.35652000 2.38476000e+01
-1.32652000 3.32171000e+01
-1.29652000 3.18625000e+01
-1.26652000 2.06810000e+01
-1.23652000 1.35370000e+01
-1.20652000 1.01747000e+01
-1.17652000 8.35800000e+00
-1.14652000 7.44421000e+00
-1.11652000 7.38091000e+00
-1.08652000 7.32118000e+00
-1.05652000 7.31649000e+00
-1.02652000 8.29683000e+00
-0.99652400 1.00954000e+01
-0.96652400 1.16971000e+01
-0.93652400 1.23048000e+01
-0.90652400 1.22380000e+01
-0.85359200 1.33895000e+01
-0.82359200 1.64704000e+01
-0.79359200 2.20004000e+01
-0.76359200 3.33111000e+01
-0.73359200 5.58185000e+01
-0.70359200 8.81808000e+01
-0.67359200 1.02480000e+02
-0.64359200 7.62791000e+01
-0.61359200 5.20139000e+01
-0.58359200 3.84579000e+01
-0.55359200 2.76697000e+01
-0.52359200 2.12214000e+01
-0.49359200 1.91245000e+01
-0.46359200 1.88970000e+01
-0.43359200 1.70211000e+01
-0.40359200 1.46674000e+01
-0.37359200 1.32880000e+01
-0.34359200 1.35842000e+01
-0.31359200 1.50664000e+01
-0.28359200 1.71910000e+01
-0.25359200 2.35706000e+01
-0.22359200 3.35586000e+01
-0.19359200 3.31372000e+01
-0.16359200 2.74447000e+01
-0.13359200 2.38084000e+01
-0.10359200 1.78805000e+01
-0.07359230 1.26907000e+01
-0.02066120 9.95141000e+00
0.00933883 1.18216000e+01
0.03933880 1.67907000e+01
0.06933880 2.07323000e+01
0.09933880 1.65365000e+01
0.12933900 1.25673000e+01
0.15933900 1.11379000e+01
0.18933900 1.02914000e+01
0.21933900 1.17532000e+01
0.24933900 1.62120000e+01
0.27933900 1.71790000e+01
0.30933900 1.13902000e+01
0.33933900 6.90399000e+00
0.36933900 4.55975000e+00
0.39933900 3.29583000e+00
0.42933900 2.54866000e+00
0.45933900 2.06842000e+00
0.48933900 1.73838000e+00
0.51933900 1.49937000e+00
0.54933900 1.31902000e+00
0.57933900 1.17841000e+00
0.60933900 1.06585000e+00
0.63933900 9.73821000e-01
0.66933900 8.97232000e-01
0.69933900 8.32565000e-01
0.72933900 7.77302000e-01
0.75933900 7.29600000e-01
