# E(MeV)  S_GAMTGAMT(Total=K0+2*K1) for Pa274_DDPCX
-13.82730000 5.56069000e-03
-13.79730000 5.72673000e-03
-13.76730000 5.86989000e-03
-13.73730000 5.99492000e-03
-13.70730000 6.10535000e-03
-13.67730000 6.20384000e-03
-13.64730000 6.29247000e-03
-13.61730000 6.37284000e-03
-13.58730000 6.44612000e-03
-13.55730000 6.51332000e-03
-13.52730000 6.57617000e-03
-13.49730000 6.63588000e-03
-13.46730000 6.69179000e-03
-13.43730000 6.74423000e-03
-13.40730000 6.79373000e-03
-13.37730000 6.84070000e-03
-13.34730000 6.88537000e-03
-13.31730000 6.92794000e-03
-13.28730000 6.96885000e-03
-13.25730000 7.00864000e-03
-13.22730000 7.04701000e-03
-13.19730000 7.08401000e-03
-13.16730000 7.11965000e-03
-13.13730000 7.15386000e-03
-13.10730000 7.18658000e-03
-13.07730000 7.21767000e-03
-13.04730000 7.24681000e-03
-13.01730000 7.27345000e-03
-12.98730000 7.29658000e-03
-12.95730000 7.31434000e-03
-12.92730000 7.32306000e-03
-12.89730000 7.31512000e-03
-12.86730000 7.27353000e-03
-12.83730000 7.16233000e-03
-12.80730000 6.95175000e-03
-12.77730000 6.80262000e-03
-12.74730000 6.94398000e-03
-12.71730000 7.19513000e-03
-12.68730000 7.38613000e-03
-12.65730000 7.51884000e-03
-12.62730000 7.60475000e-03
-12.59730000 7.66423000e-03
-12.56730000 7.70889000e-03
-12.53730000 7.74275000e-03
-12.50730000 7.76752000e-03
-12.47730000 7.79415000e-03
-12.44730000 7.82559000e-03
-12.41730000 7.86571000e-03
-12.36330000 7.94471000e-03
-12.33330000 7.98127000e-03
-12.30330000 8.01486000e-03
-12.27330000 8.04691000e-03
-12.24330000 8.07810000e-03
-12.21330000 8.10878000e-03
-12.18330000 8.13914000e-03
-12.15330000 8.16927000e-03
-12.12330000 8.19926000e-03
-12.09330000 8.22917000e-03
-12.06330000 8.25901000e-03
-12.03330000 8.28881000e-03
-12.00330000 8.31859000e-03
-11.97330000 8.34838000e-03
-11.94330000 8.37818000e-03
-11.91330000 8.40799000e-03
-11.88330000 8.43784000e-03
-11.85330000 8.46775000e-03
-11.82330000 8.49770000e-03
-11.79330000 8.52771000e-03
-11.76330000 8.55778000e-03
-11.73330000 8.58792000e-03
-11.70330000 8.61813000e-03
-11.67330000 8.64842000e-03
-11.64330000 8.67880000e-03
-11.61330000 8.70924000e-03
-11.58330000 8.73980000e-03
-11.55330000 8.77043000e-03
-11.52330000 8.80117000e-03
-11.49330000 8.83201000e-03
-11.46330000 8.86297000e-03
-11.43330000 8.89402000e-03
-11.40330000 8.92519000e-03
-11.37330000 8.95646000e-03
-11.34330000 8.98785000e-03
-11.31330000 9.01936000e-03
-11.28330000 9.05099000e-03
-11.25330000 9.08276000e-03
-11.22330000 9.11464000e-03
-11.19330000 9.14664000e-03
-11.16330000 9.17879000e-03
-11.13330000 9.21106000e-03
-11.10330000 9.24348000e-03
-11.07330000 9.27603000e-03
-11.04330000 9.30872000e-03
-11.01330000 9.34156000e-03
-10.98330000 9.37456000e-03
-10.95330000 9.40768000e-03
-10.89940000 9.46765000e-03
-10.86940000 9.50120000e-03
-10.83940000 9.53492000e-03
-10.80940000 9.56878000e-03
-10.77940000 9.60282000e-03
-10.74940000 9.63701000e-03
-10.71940000 9.67137000e-03
-10.68940000 9.70590000e-03
-10.65940000 9.74060000e-03
-10.62940000 9.77547000e-03
-10.59940000 9.81050000e-03
-10.56940000 9.84573000e-03
-10.53940000 9.88112000e-03
-10.50940000 9.91669000e-03
-10.47940000 9.95244000e-03
-10.44940000 9.98840000e-03
-10.41940000 1.00245300e-02
-10.38940000 1.00608600e-02
-10.35940000 1.00973600e-02
-10.32940000 1.01340700e-02
-10.29940000 1.01709700e-02
-10.26940000 1.02080800e-02
-10.23940000 1.02453700e-02
-10.20940000 1.02828700e-02
-10.17940000 1.03205800e-02
-10.14940000 1.03585000e-02
-10.11940000 1.03966300e-02
-10.08940000 1.04349700e-02
-10.05940000 1.04735200e-02
-10.02940000 1.05122900e-02
-9.99938000 1.05512900e-02
-9.96938000 1.05905000e-02
-9.93938000 1.06299400e-02
-9.90938000 1.06696000e-02
-9.87938000 1.07095100e-02
-9.84938000 1.07496300e-02
-9.81938000 1.07899900e-02
-9.78938000 1.08306000e-02
-9.75938000 1.08714400e-02
-9.72938000 1.09125400e-02
-9.69938000 1.09538700e-02
-9.66938000 1.09954400e-02
-9.63938000 1.10372800e-02
-9.60938000 1.10793800e-02
-9.57938000 1.11217200e-02
-9.54938000 1.11643200e-02
-9.51938000 1.12072000e-02
-9.48938000 1.12503300e-02
-9.43543000 1.13286100e-02
-9.40543000 1.13725000e-02
-9.37543000 1.14166800e-02
-9.34543000 1.14611400e-02
-9.31543000 1.15058900e-02
-9.28543000 1.15509200e-02
-9.25543000 1.15962400e-02
-9.22543000 1.16418500e-02
-9.19543000 1.16877700e-02
-9.16543000 1.17340000e-02
-9.13543000 1.17805300e-02
-9.10543000 1.18273600e-02
-9.07543000 1.18745200e-02
-9.04543000 1.19219900e-02
-9.01543000 1.19697800e-02
-8.98543000 1.20178800e-02
-8.95543000 1.20663400e-02
-8.92543000 1.21151200e-02
-8.89543000 1.21642400e-02
-8.86543000 1.22136900e-02
-8.83543000 1.22635000e-02
-8.80543000 1.23136700e-02
-8.77543000 1.23642000e-02
-8.74543000 1.24150900e-02
-8.71543000 1.24663400e-02
-8.68543000 1.25179800e-02
-8.65543000 1.25700100e-02
-8.62543000 1.26224500e-02
-8.59543000 1.26752900e-02
-8.56543000 1.27286000e-02
-8.53543000 1.27824200e-02
-8.50543000 1.28368900e-02
-8.47543000 1.28922500e-02
-8.44543000 1.29487700e-02
-8.41543000 1.30056300e-02
-8.38543000 1.30611100e-02
-8.35543000 1.31168400e-02
-8.32543000 1.31723000e-02
-8.29543000 1.32273800e-02
-8.26543000 1.32836300e-02
-8.23543000 1.33408600e-02
-8.20543000 1.33988300e-02
-8.17543000 1.34574100e-02
-8.14543000 1.35165700e-02
-8.11543000 1.35762600e-02
-8.08543000 1.36364700e-02
-8.05543000 1.36972500e-02
-8.02543000 1.37585600e-02
-7.97147000 1.38702200e-02
-7.94147000 1.39331400e-02
-7.91147000 1.39966800e-02
-7.88147000 1.40608500e-02
-7.85147000 1.41257800e-02
-7.82147000 1.41915600e-02
-7.79147000 1.42584600e-02
-7.76147000 1.43269200e-02
-7.73147000 1.43972600e-02
-7.70147000 1.44667000e-02
-7.67147000 1.45324800e-02
-7.64147000 1.45991800e-02
-7.61147000 1.46680700e-02
-7.58147000 1.47386000e-02
-7.55147000 1.48105600e-02
-7.52147000 1.48840400e-02
-7.49147000 1.49593100e-02
-7.46147000 1.50360100e-02
-7.43147000 1.51133700e-02
-7.40147000 1.51937400e-02
-7.37147000 1.52764400e-02
-7.34147000 1.53612100e-02
-7.31147000 1.54465800e-02
-7.28147000 1.55227900e-02
-7.25147000 1.55984500e-02
-7.22147000 1.56796400e-02
-7.19147000 1.57657600e-02
-7.16147000 1.58558700e-02
-7.13147000 1.59498600e-02
-7.10147000 1.60481000e-02
-7.07147000 1.61513400e-02
-7.04147000 1.62606600e-02
-7.01147000 1.63776900e-02
-6.98147000 1.65047300e-02
-6.95147000 1.66451800e-02
-6.92147000 1.68041400e-02
-6.89147000 1.69895500e-02
-6.86147000 1.72143700e-02
-6.83147000 1.75007300e-02
-6.80147000 1.78886200e-02
-6.77147000 1.84556100e-02
-6.74147000 1.93642600e-02
-6.71147000 2.09801100e-02
-6.68147000 2.41082200e-02
-6.65147000 2.95285400e-02
-6.62147000 3.22866000e-02
-6.59147000 2.74820500e-02
-6.56147000 2.31742100e-02
-6.50751000 2.02690100e-02
-6.47751000 1.96591000e-02
-6.44751000 1.92865700e-02
-6.41751000 1.90424100e-02
-6.38751000 1.89211700e-02
-6.35751000 1.89065200e-02
-6.32751000 1.89761800e-02
-6.29751000 1.91372600e-02
-6.26751000 1.94294500e-02
-6.23751000 1.98631300e-02
-6.20751000 2.02558800e-02
-6.17751000 2.03433200e-02
-6.14751000 2.05741800e-02
-6.11751000 2.09980700e-02
-6.08751000 2.13342500e-02
-6.05751000 2.15348400e-02
-6.02751000 2.20664400e-02
-5.99751000 2.29154700e-02
-5.96751000 2.30004400e-02
-5.93751000 2.30316100e-02
-5.90751000 2.39044700e-02
-5.87751000 2.41642300e-02
-5.84751000 2.31232700e-02
-5.81751000 2.21463000e-02
-5.78751000 2.15566700e-02
-5.75751000 2.13001700e-02
-5.72751000 2.12271700e-02
-5.69751000 2.12294600e-02
-5.66751000 2.12726000e-02
-5.63751000 2.13563900e-02
-5.60751000 2.14738400e-02
-5.57751000 2.16171000e-02
-5.54751000 2.17808200e-02
-5.51751000 2.19650900e-02
-5.48751000 2.21745500e-02
-5.45751000 2.24305100e-02
-5.42751000 2.27636100e-02
-5.39751000 2.32380600e-02
-5.36751000 2.39977200e-02
-5.33751000 2.52991800e-02
-5.30751000 2.68308700e-02
-5.27751000 2.68039200e-02
-5.24751000 2.63379100e-02
-5.21751000 2.66403800e-02
-5.18751000 2.78464900e-02
-5.15751000 2.86225900e-02
-5.12751000 2.77971000e-02
-5.09751000 2.73193900e-02
-5.04356000 2.85624900e-02
-5.01356000 2.97161600e-02
-4.98356000 3.15301200e-02
-4.95356000 3.56652000e-02
-4.92356000 3.94052000e-02
-4.89356000 3.64407000e-02
-4.86356000 3.25369800e-02
-4.83356000 3.07228200e-02
-4.80356000 3.01562400e-02
-4.77356000 3.00551200e-02
-4.74356000 2.99448300e-02
-4.71356000 2.97955800e-02
-4.68356000 3.03920800e-02
-4.65356000 3.20022500e-02
-4.62356000 3.36624800e-02
-4.59356000 3.38278000e-02
-4.56356000 3.46054000e-02
-4.53356000 3.78994000e-02
-4.50356000 4.49734000e-02
-4.47356000 5.09924000e-02
-4.44356000 4.53170000e-02
-4.41356000 3.81062000e-02
-4.38356000 3.43485000e-02
-4.35356000 3.26087000e-02
-4.32356000 3.18241000e-02
-4.29356000 3.14217000e-02
-4.26356000 3.12151000e-02
-4.23356000 3.11968000e-02
-4.20356000 3.13236000e-02
-4.17356000 3.15780000e-02
-4.14356000 3.18881000e-02
-4.11356000 3.20694000e-02
-4.08356000 3.22531000e-02
-4.05356000 3.25404000e-02
-4.02356000 3.29311000e-02
-3.99356000 3.34549000e-02
-3.96356000 3.41821000e-02
-3.93356000 3.50981000e-02
-3.90356000 3.60878000e-02
-3.87356000 3.75480000e-02
-3.84356000 3.90999000e-02
-3.81356000 3.86475000e-02
-3.78356000 3.76845000e-02
-3.75356000 3.75667000e-02
-3.72356000 3.81659000e-02
-3.69356000 3.91648000e-02
-3.66356000 3.99523000e-02
-3.63356000 4.02158000e-02
-3.57960000 4.09189000e-02
-3.54960000 4.09599000e-02
-3.51960000 4.09296000e-02
-3.48960000 4.12875000e-02
-3.45960000 4.17566000e-02
-3.42960000 4.24791000e-02
-3.39960000 4.35699000e-02
-3.36960000 4.46977000e-02
-3.33960000 4.56741000e-02
-3.30960000 4.59752000e-02
-3.27960000 4.57380000e-02
-3.24960000 4.57651000e-02
-3.21960000 4.63267000e-02
-3.18960000 4.73729000e-02
-3.15960000 4.87964000e-02
-3.12960000 5.06748000e-02
-3.09960000 5.28583000e-02
-3.06960000 5.40431000e-02
-3.03960000 5.34134000e-02
-3.00960000 5.24699000e-02
-2.97960000 5.23140000e-02
-2.94960000 5.26972000e-02
-2.91960000 5.33614000e-02
-2.88960000 5.41895000e-02
-2.85960000 5.51354000e-02
-2.82960000 5.61822000e-02
-2.79960000 5.73284000e-02
-2.76960000 5.85854000e-02
-2.73960000 5.99932000e-02
-2.70960000 6.16341000e-02
-2.67960000 6.36708000e-02
-2.64960000 6.62411000e-02
-2.61960000 6.87909000e-02
-2.58960000 7.14141000e-02
-2.55960000 7.58048000e-02
-2.52960000 8.21106000e-02
-2.49960000 8.34760000e-02
-2.46960000 8.04435000e-02
-2.43960000 7.92361000e-02
-2.40960000 7.96784000e-02
-2.37960000 8.11267000e-02
-2.34960000 8.30281000e-02
-2.31960000 8.52651000e-02
-2.28960000 8.82900000e-02
-2.25960000 9.18919000e-02
-2.22960000 9.44745000e-02
-2.19960000 9.70606000e-02
-2.16960000 1.00905200e-01
-2.11564000 1.05568300e-01
-2.08564000 1.07943200e-01
-2.05564000 1.11291200e-01
-2.02564000 1.15400900e-01
-1.99564000 1.20166800e-01
-1.96564000 1.25163700e-01
-1.93564000 1.30372100e-01
-1.90564000 1.36472500e-01
-1.87564000 1.43202600e-01
-1.84564000 1.49429300e-01
-1.81564000 1.55839000e-01
-1.78564000 1.63323800e-01
-1.75564000 1.71878000e-01
-1.72564000 1.81488800e-01
-1.69564000 1.92228700e-01
-1.66564000 2.04123100e-01
-1.63564000 2.17384600e-01
-1.60564000 2.32389200e-01
-1.57564000 2.49486200e-01
-1.54564000 2.69136800e-01
-1.51564000 2.92012500e-01
-1.48564000 3.19015000e-01
-1.45564000 3.50754000e-01
-1.42564000 3.88457000e-01
-1.39564000 4.35975000e-01
-1.36564000 4.98634000e-01
-1.33564000 5.86443000e-01
-1.30564000 7.16987000e-01
-1.27564000 9.03430000e-01
-1.24564000 1.14469600e+00
-1.21564000 1.40571300e+00
-1.18564000 1.62973300e+00
-1.15564000 1.96451500e+00
-1.12564000 2.30005300e+00
-1.09564000 2.76809000e+00
-1.06564000 3.25652300e+00
-1.03564000 3.42348000e+00
-1.00564000 3.62770000e+00
-0.97564300 3.71949000e+00
-0.94564300 3.86072000e+00
-0.91564300 4.36698000e+00
-0.88564300 5.53003000e+00
-0.85564300 7.61684000e+00
-0.82564300 1.11806000e+01
-0.79564300 1.80186100e+01
-0.76564300 3.15830700e+01
-0.73564300 4.79964000e+01
-0.70564300 4.22663000e+01
-0.65168700 1.55922400e+01
-0.62168700 9.39459000e+00
-0.59168700 6.15314000e+00
-0.56168700 4.31044000e+00
-0.53168700 3.17959200e+00
-0.50168700 2.44020700e+00
-0.47168700 1.93230900e+00
-0.44168700 1.56954500e+00
-0.41168700 1.30167900e+00
-0.38168700 1.09838000e+00
-0.35168700 9.40680000e-01
-0.32168700 8.15867000e-01
-0.29168700 7.15334000e-01
-0.26168700 6.33302000e-01
-0.23168700 5.65559000e-01
-0.20168700 5.08965000e-01
-0.17168700 4.61261000e-01
-0.14168700 4.20655000e-01
-0.11168700 3.85801000e-01
-0.08168650 3.55773000e-01
-0.05168650 3.29587000e-01
-0.02168650 3.06451400e-01
0.00831345 2.86104700e-01
0.03831350 2.68143200e-01
0.06831350 2.52177700e-01
0.09831350 2.37985700e-01
0.12831300 2.25325700e-01
0.15831300 2.13989100e-01
0.18831300 2.03811500e-01
0.21831300 1.94655000e-01
0.24831300 1.86394200e-01
0.27831300 1.78953500e-01
0.30831300 1.72191200e-01
0.33831300 1.65914400e-01
0.36831300 1.60162800e-01
0.39831300 1.54877200e-01
0.42831300 1.50022100e-01
0.45831300 1.45624700e-01
0.48831300 1.41638300e-01
0.51831300 1.38002200e-01
0.54831300 1.34700800e-01
0.57831300 1.31620300e-01
0.60831300 1.28748600e-01
0.63831300 1.26146500e-01
0.66831300 1.23738200e-01
0.69831300 1.21528700e-01
0.72831300 1.19534000e-01
0.75831300 1.17730700e-01
