# E(MeV)  S_NSDRNSDR(K=0) for Pa274_DDPCX
-13.82730000 9.41521000e-02
-13.79730000 9.58464000e-02
-13.76730000 9.74962000e-02
-13.73730000 9.91049000e-02
-13.70730000 1.00676000e-01
-13.67730000 1.02211000e-01
-13.64730000 1.03713000e-01
-13.61730000 1.05186000e-01
-13.58730000 1.06630000e-01
-13.55730000 1.08047000e-01
-13.52730000 1.09441000e-01
-13.49730000 1.10812000e-01
-13.46730000 1.12162000e-01
-13.43730000 1.13493000e-01
-13.40730000 1.14805000e-01
-13.37730000 1.16101000e-01
-13.34730000 1.17382000e-01
-13.31730000 1.18649000e-01
-13.28730000 1.19902000e-01
-13.25730000 1.21143000e-01
-13.22730000 1.22374000e-01
-13.19730000 1.23594000e-01
-13.16730000 1.24804000e-01
-13.13730000 1.26006000e-01
-13.10730000 1.27199000e-01
-13.07730000 1.28385000e-01
-13.04730000 1.29563000e-01
-13.01730000 1.30734000e-01
-12.98730000 1.31898000e-01
-12.95730000 1.33054000e-01
-12.92730000 1.34201000e-01
-12.89730000 1.35337000e-01
-12.86730000 1.36458000e-01
-12.83730000 1.37556000e-01
-12.80730000 1.38619000e-01
-12.77730000 1.39622000e-01
-12.74730000 1.40509000e-01
-12.71730000 1.41161000e-01
-12.68730000 1.41307000e-01
-12.65730000 1.40560000e-01
-12.62730000 1.40174000e-01
-12.59730000 1.42920000e-01
-12.56730000 1.46030000e-01
-12.53730000 1.48248000e-01
-12.50730000 1.49963000e-01
-12.47730000 1.51447000e-01
-12.44730000 1.52821000e-01
-12.41730000 1.54140000e-01
-12.36330000 1.56450000e-01
-12.33330000 1.57721000e-01
-12.30330000 1.58990000e-01
-12.27330000 1.60261000e-01
-12.24330000 1.61536000e-01
-12.21330000 1.62817000e-01
-12.18330000 1.64105000e-01
-12.15330000 1.65402000e-01
-12.12330000 1.66709000e-01
-12.09330000 1.68026000e-01
-12.06330000 1.69354000e-01
-12.03330000 1.70694000e-01
-12.00330000 1.72046000e-01
-11.97330000 1.73412000e-01
-11.94330000 1.74793000e-01
-11.91330000 1.76188000e-01
-11.88330000 1.77599000e-01
-11.85330000 1.79026000e-01
-11.82330000 1.80470000e-01
-11.79330000 1.81933000e-01
-11.76330000 1.83415000e-01
-11.73330000 1.84917000e-01
-11.70330000 1.86441000e-01
-11.67330000 1.87987000e-01
-11.64330000 1.89557000e-01
-11.61330000 1.91152000e-01
-11.58330000 1.92774000e-01
-11.55330000 1.94425000e-01
-11.52330000 1.96109000e-01
-11.49330000 1.97827000e-01
-11.46330000 1.99584000e-01
-11.43330000 2.01386000e-01
-11.40330000 2.03240000e-01
-11.37330000 2.05158000e-01
-11.34330000 2.07161000e-01
-11.31330000 2.09282000e-01
-11.28330000 2.11586000e-01
-11.25330000 2.14206000e-01
-11.22330000 2.17442000e-01
-11.19330000 2.21941000e-01
-11.16330000 2.28231000e-01
-11.13330000 2.32068000e-01
-11.10330000 2.30335000e-01
-11.07330000 2.29313000e-01
-11.04330000 2.29990000e-01
-11.01330000 2.31572000e-01
-10.98330000 2.33625000e-01
-10.95330000 2.35965000e-01
-10.89940000 2.40671000e-01
-10.86940000 2.43522000e-01
-10.83940000 2.46538000e-01
-10.80940000 2.49727000e-01
-10.77940000 2.53103000e-01
-10.74940000 2.56687000e-01
-10.71940000 2.60507000e-01
-10.68940000 2.64598000e-01
-10.65940000 2.69006000e-01
-10.62940000 2.73790000e-01
-10.59940000 2.79033000e-01
-10.56940000 2.84848000e-01
-10.53940000 2.91408000e-01
-10.50940000 2.98988000e-01
-10.47940000 3.08079000e-01
-10.44940000 3.19648000e-01
-10.41940000 3.35760000e-01
-10.38940000 3.60037000e-01
-10.35940000 3.88381000e-01
-10.32940000 3.94775000e-01
-10.29940000 3.93621000e-01
-10.26940000 4.03271000e-01
-10.23940000 4.22633000e-01
-10.20940000 4.50769000e-01
-10.17940000 4.89120000e-01
-10.14940000 5.41363000e-01
-10.11940000 6.14199000e-01
-10.08940000 7.19564000e-01
-10.05940000 8.79633000e-01
-10.02940000 1.13839000e+00
-9.99938000 1.59004000e+00
-9.96938000 2.44896000e+00
-9.93938000 4.16008000e+00
-9.90938000 6.78458000e+00
-9.87938000 6.96815000e+00
-9.84938000 4.36544000e+00
-9.81938000 2.56500000e+00
-9.78938000 1.66144000e+00
-9.75938000 1.19221000e+00
-9.72938000 9.27658000e-01
-9.69938000 7.67068000e-01
-9.66938000 6.63672000e-01
-9.63938000 5.93991000e-01
-9.60938000 5.45360000e-01
-9.57938000 5.10507000e-01
-9.54938000 4.85042000e-01
-9.51938000 4.66190000e-01
-9.48938000 4.52135000e-01
-9.43543000 4.35255000e-01
-9.40543000 4.29204000e-01
-9.37543000 4.24897000e-01
-9.34543000 4.21988000e-01
-9.31543000 4.20216000e-01
-9.28543000 4.19384000e-01
-9.25543000 4.19340000e-01
-9.22543000 4.19966000e-01
-9.19543000 4.21169000e-01
-9.16543000 4.22875000e-01
-9.13543000 4.25026000e-01
-9.10543000 4.27575000e-01
-9.07543000 4.30484000e-01
-9.04543000 4.33721000e-01
-9.01543000 4.37264000e-01
-8.98543000 4.41091000e-01
-8.95543000 4.45188000e-01
-8.92543000 4.49542000e-01
-8.89543000 4.54143000e-01
-8.86543000 4.58984000e-01
-8.83543000 4.64061000e-01
-8.80543000 4.69370000e-01
-8.77543000 4.74909000e-01
-8.74543000 4.80679000e-01
-8.71543000 4.86682000e-01
-8.68543000 4.92921000e-01
-8.65543000 4.99403000e-01
-8.62543000 5.06136000e-01
-8.59543000 5.13133000e-01
-8.56543000 5.20415000e-01
-8.53543000 5.28014000e-01
-8.50543000 5.35994000e-01
-8.47543000 5.44482000e-01
-8.44543000 5.53754000e-01
-8.41543000 5.64199000e-01
-8.38543000 5.74811000e-01
-8.35543000 5.83679000e-01
-8.32543000 5.92827000e-01
-8.29543000 6.01150000e-01
-8.26543000 6.09549000e-01
-8.23543000 6.19105000e-01
-8.20543000 6.29548000e-01
-8.17543000 6.40654000e-01
-8.14543000 6.52339000e-01
-8.11543000 6.64585000e-01
-8.08543000 6.77404000e-01
-8.05543000 6.90828000e-01
-8.02543000 7.04905000e-01
-7.97147000 7.32075000e-01
-7.94147000 7.48371000e-01
-7.91147000 7.65675000e-01
-7.88147000 7.84166000e-01
-7.85147000 8.04100000e-01
-7.82147000 8.25855000e-01
-7.79147000 8.50027000e-01
-7.76147000 8.77612000e-01
-7.73147000 9.10403000e-01
-7.70147000 9.51915000e-01
-7.67147000 1.00962000e+00
-7.64147000 1.09998000e+00
-7.61147000 1.25143000e+00
-7.58147000 1.43508000e+00
-7.55147000 1.42769000e+00
-7.52147000 1.33449000e+00
-7.49147000 1.32544000e+00
-7.46147000 1.35349000e+00
-7.43147000 1.39907000e+00
-7.40147000 1.48146000e+00
-7.37147000 1.56117000e+00
-7.34147000 1.69956000e+00
-7.31147000 1.83285000e+00
-7.28147000 1.98514000e+00
-7.25147000 2.35312000e+00
-7.22147000 2.67859000e+00
-7.19147000 2.45306000e+00
-7.16147000 2.23814000e+00
-7.13147000 2.16552000e+00
-7.10147000 2.11870000e+00
-7.07147000 2.20886000e+00
-7.04147000 2.48372000e+00
-7.01147000 2.72661000e+00
-6.98147000 2.56165000e+00
-6.95147000 2.38155000e+00
-6.92147000 2.33988000e+00
-6.89147000 2.38332000e+00
-6.86147000 2.47896000e+00
-6.83147000 2.61838000e+00
-6.80147000 2.81081000e+00
-6.77147000 3.08460000e+00
-6.74147000 3.43500000e+00
-6.71147000 3.63982000e+00
-6.68147000 3.72890000e+00
-6.65147000 3.92052000e+00
-6.62147000 4.22310000e+00
-6.59147000 4.62854000e+00
-6.56147000 5.14963000e+00
-6.50751000 6.33690000e+00
-6.47751000 7.22122000e+00
-6.44751000 8.41336000e+00
-6.41751000 1.00426000e+01
-6.38751000 1.23227000e+01
-6.35751000 1.56897000e+01
-6.32751000 2.10022000e+01
-6.29751000 3.00470000e+01
-6.26751000 4.68676000e+01
-6.23751000 8.00644000e+01
-6.20751000 1.33639000e+02
-6.17751000 1.46030000e+02
-6.14751000 9.55112000e+01
-6.11751000 5.83934000e+01
-6.08751000 4.08569000e+01
-6.05751000 3.34419000e+01
-6.02751000 3.15120000e+01
-5.99751000 3.35144000e+01
-5.96751000 3.96219000e+01
-5.93751000 5.16589000e+01
-5.90751000 7.41102000e+01
-5.87751000 1.17500000e+02
-5.84751000 2.05055000e+02
-5.81751000 3.41250000e+02
-5.78751000 3.53290000e+02
-5.75751000 2.17592000e+02
-5.72751000 1.22476000e+02
-5.69751000 7.45023000e+01
-5.66751000 4.95153000e+01
-5.63751000 3.53759000e+01
-5.60751000 2.67531000e+01
-5.57751000 2.11760000e+01
-5.54751000 1.74091000e+01
-5.51751000 1.47947000e+01
-5.48751000 1.29716000e+01
-5.45751000 1.17575000e+01
-5.42751000 1.10953000e+01
-5.39751000 1.08092000e+01
-5.36751000 1.02055000e+01
-5.33751000 9.56139000e+00
-5.30751000 9.33895000e+00
-5.27751000 9.54108000e+00
-5.24751000 1.02295000e+01
-5.21751000 1.16283000e+01
-5.18751000 1.38559000e+01
-5.15751000 1.61794000e+01
-5.12751000 1.97796000e+01
-5.09751000 2.76270000e+01
-5.04356000 6.69510000e+01
-5.01356000 8.92843000e+01
-4.98356000 6.71656000e+01
-4.95356000 3.97990000e+01
-4.92356000 2.52231000e+01
-4.89356000 1.79514000e+01
-4.86356000 1.41001000e+01
-4.83356000 1.19517000e+01
-4.80356000 1.07415000e+01
-4.77356000 1.01083000e+01
-4.74356000 9.88017000e+00
-4.71356000 9.98588000e+00
-4.68356000 1.04211000e+01
-4.65356000 1.12495000e+01
-4.62356000 1.26297000e+01
-4.59356000 1.48722000e+01
-4.56356000 1.86741000e+01
-4.53356000 2.56725000e+01
-4.50356000 3.89682000e+01
-4.47356000 5.94626000e+01
-4.44356000 7.01061000e+01
-4.41356000 5.28169000e+01
-4.38356000 3.67519000e+01
-4.35356000 3.04386000e+01
-4.32356000 3.06877000e+01
-4.29356000 3.61967000e+01
-4.26356000 4.33584000e+01
-4.23356000 4.43511000e+01
-4.20356000 3.68915000e+01
-4.17356000 3.15774000e+01
-4.14356000 3.06335000e+01
-4.11356000 3.27206000e+01
-4.08356000 3.75055000e+01
-4.05356000 4.51461000e+01
-4.02356000 5.43194000e+01
-3.99356000 6.54181000e+01
-3.96356000 8.17124000e+01
-3.93356000 1.06362000e+02
-3.90356000 1.50982000e+02
-3.87356000 2.36919000e+02
-3.84356000 4.02708000e+02
-3.81356000 6.36958000e+02
-3.78356000 6.96499000e+02
-3.75356000 5.23034000e+02
-3.72356000 4.43278000e+02
-3.69356000 5.15376000e+02
-3.66356000 5.39350000e+02
-3.63356000 3.69973000e+02
-3.57960000 1.86041000e+02
-3.54960000 1.67599000e+02
-3.51960000 1.94140000e+02
-3.48960000 2.65469000e+02
-3.45960000 2.87351000e+02
-3.42960000 2.10487000e+02
-3.39960000 1.51645000e+02
-3.36960000 1.05869000e+02
-3.33960000 7.40909000e+01
-3.30960000 5.67145000e+01
-3.27960000 4.75512000e+01
-3.24960000 4.32341000e+01
-3.21960000 4.25576000e+01
-3.18960000 4.57129000e+01
-3.15960000 5.44982000e+01
-3.12960000 7.35885000e+01
-3.09960000 1.09900000e+02
-3.06960000 1.44910000e+02
-3.03960000 1.44713000e+02
-3.00960000 1.67075000e+02
-2.97960000 2.35080000e+02
-2.94960000 2.44149000e+02
-2.91960000 1.57781000e+02
-2.88960000 9.45058000e+01
-2.85960000 6.25038000e+01
-2.82960000 4.61895000e+01
-2.79960000 3.76359000e+01
-2.76960000 3.35372000e+01
-2.73960000 3.21822000e+01
-2.70960000 3.19708000e+01
-2.67960000 3.38695000e+01
-2.64960000 3.97573000e+01
-2.61960000 5.26562000e+01
-2.58960000 7.94520000e+01
-2.55960000 1.26391000e+02
-2.52960000 1.50878000e+02
-2.49960000 1.09238000e+02
-2.46960000 7.19094000e+01
-2.43960000 5.49039000e+01
-2.40960000 4.96503000e+01
-2.37960000 5.19621000e+01
-2.34960000 6.18844000e+01
-2.31960000 8.31138000e+01
-2.28960000 1.18347000e+02
-2.25960000 1.48065000e+02
-2.22960000 1.82767000e+02
-2.19960000 2.76650000e+02
-2.16960000 4.45376000e+02
-2.11564000 4.86966000e+02
-2.08564000 3.24083000e+02
-2.05564000 1.88080000e+02
-2.02564000 1.15031000e+02
-1.99564000 7.65172000e+01
-1.96564000 5.46896000e+01
-1.93564000 4.12941000e+01
-1.90564000 3.26438000e+01
-1.87564000 2.70643000e+01
-1.84564000 2.38455000e+01
-1.81564000 2.26490000e+01
-1.78564000 2.09850000e+01
-1.75564000 1.70668000e+01
-1.72564000 1.38948000e+01
-1.69564000 1.19044000e+01
-1.66564000 1.06666000e+01
-1.63564000 1.00175000e+01
-1.60564000 9.67264000e+00
-1.57564000 8.82632000e+00
-1.54564000 7.59816000e+00
-1.51564000 6.64460000e+00
-1.48564000 5.95034000e+00
-1.45564000 5.42329000e+00
-1.42564000 5.01079000e+00
-1.39564000 4.67811000e+00
-1.36564000 4.38045000e+00
-1.33564000 4.09556000e+00
-1.30564000 3.84828000e+00
-1.27564000 3.63797000e+00
-1.24564000 3.46045000e+00
-1.21564000 3.31920000e+00
-1.18564000 3.22696000e+00
-1.15564000 3.16723000e+00
-1.12564000 3.02643000e+00
-1.09564000 2.83438000e+00
-1.06564000 2.66147000e+00
-1.03564000 2.52374000e+00
-1.00564000 2.40490000e+00
-0.97564300 2.29935000e+00
-0.94564300 2.20612000e+00
-0.91564300 2.12204000e+00
-0.88564300 2.04496000e+00
-0.85564300 1.97361000e+00
-0.82564300 1.90718000e+00
-0.79564300 1.84509000e+00
-0.76564300 1.78692000e+00
-0.73564300 1.73238000e+00
-0.70564300 1.68129000e+00
-0.65168700 1.59838000e+00
-0.62168700 1.55781000e+00
-0.59168700 1.51769000e+00
-0.56168700 1.47518000e+00
-0.53168700 1.43534000e+00
-0.50168700 1.39900000e+00
-0.47168700 1.36550000e+00
-0.44168700 1.33455000e+00
-0.41168700 1.30623000e+00
-0.38168700 1.28094000e+00
-0.35168700 1.25954000e+00
-0.32168700 1.24338000e+00
-0.29168700 1.23516000e+00
-0.26168700 1.24334000e+00
-0.23168700 1.28591000e+00
-0.20168700 1.38824000e+00
-0.17168700 1.47040000e+00
-0.14168700 1.34904000e+00
-0.11168700 1.20321000e+00
-0.08168650 1.11664000e+00
-0.05168650 1.06479000e+00
-0.02168650 1.03083000e+00
0.00831345 1.00813000e+00
0.03831350 9.96175000e-01
0.06831350 9.96815000e-01
0.09831350 9.91255000e-01
0.12831300 9.55259000e-01
0.15831300 9.21101000e-01
0.18831300 8.97858000e-01
0.21831300 8.81907000e-01
0.24831300 8.72305000e-01
0.27831300 8.71648000e-01
0.30831300 8.82305000e-01
0.33831300 8.78812000e-01
0.36831300 8.44003000e-01
0.39831300 8.14447000e-01
0.42831300 7.95859000e-01
0.45831300 7.84643000e-01
0.48831300 7.80600000e-01
0.51831300 7.84984000e-01
0.54831300 7.84878000e-01
0.57831300 7.71011000e-01
0.60831300 7.64344000e-01
0.63831300 7.51448000e-01
0.66831300 7.29250000e-01
0.69831300 7.11134000e-01
0.72831300 6.99169000e-01
0.75831300 6.92789000e-01
