# E(MeV)  S_NSDRNSDR(K=1) for Pa274_DDPCX
-13.82730000 1.03706000e-01
-13.79730000 1.04905000e-01
-13.76730000 1.06082000e-01
-13.73730000 1.07240000e-01
-13.70730000 1.08381000e-01
-13.67730000 1.09506000e-01
-13.64730000 1.10616000e-01
-13.61730000 1.11713000e-01
-13.58730000 1.12798000e-01
-13.55730000 1.13871000e-01
-13.52730000 1.14934000e-01
-13.49730000 1.15989000e-01
-13.46730000 1.17034000e-01
-13.43730000 1.18072000e-01
-13.40730000 1.19104000e-01
-13.37730000 1.20128000e-01
-13.34730000 1.21148000e-01
-13.31730000 1.22162000e-01
-13.28730000 1.23171000e-01
-13.25730000 1.24176000e-01
-13.22730000 1.25177000e-01
-13.19730000 1.26174000e-01
-13.16730000 1.27168000e-01
-13.13730000 1.28158000e-01
-13.10730000 1.29144000e-01
-13.07730000 1.30127000e-01
-13.04730000 1.31104000e-01
-13.01730000 1.32075000e-01
-12.98730000 1.33037000e-01
-12.95730000 1.33988000e-01
-12.92730000 1.34922000e-01
-12.89730000 1.35828000e-01
-12.86730000 1.36693000e-01
-12.83730000 1.37485000e-01
-12.80730000 1.38150000e-01
-12.77730000 1.38569000e-01
-12.74730000 1.38478000e-01
-12.71730000 1.37288000e-01
-12.68730000 1.34297000e-01
-12.65730000 1.32760000e-01
-12.62730000 1.37364000e-01
-12.59730000 1.42024000e-01
-12.56730000 1.44920000e-01
-12.53730000 1.46889000e-01
-12.50730000 1.48531000e-01
-12.47730000 1.49988000e-01
-12.44730000 1.51307000e-01
-12.41730000 1.52549000e-01
-12.36330000 1.54689000e-01
-12.33330000 1.55855000e-01
-12.30330000 1.57014000e-01
-12.27330000 1.58170000e-01
-12.24330000 1.59325000e-01
-12.21330000 1.60482000e-01
-12.18330000 1.61642000e-01
-12.15330000 1.62804000e-01
-12.12330000 1.63969000e-01
-12.09330000 1.65136000e-01
-12.06330000 1.66303000e-01
-12.03330000 1.67467000e-01
-12.00330000 1.68623000e-01
-11.97330000 1.69765000e-01
-11.94330000 1.70880000e-01
-11.91330000 1.71947000e-01
-11.88330000 1.72932000e-01
-11.85330000 1.73767000e-01
-11.82330000 1.74318000e-01
-11.79330000 1.74295000e-01
-11.76330000 1.73040000e-01
-11.73330000 1.69223000e-01
-11.70330000 1.63136000e-01
-11.67330000 1.65101000e-01
-11.64330000 1.74050000e-01
-11.61330000 1.80386000e-01
-11.58330000 1.84304000e-01
-11.55330000 1.87080000e-01
-11.52330000 1.89329000e-01
-11.49330000 1.91322000e-01
-11.46330000 1.93189000e-01
-11.43330000 1.94997000e-01
-11.40330000 1.96787000e-01
-11.37330000 1.98589000e-01
-11.34330000 2.00429000e-01
-11.31330000 2.02343000e-01
-11.28330000 2.04389000e-01
-11.25330000 2.06688000e-01
-11.22330000 2.09499000e-01
-11.19330000 2.13337000e-01
-11.16330000 2.18070000e-01
-11.13330000 2.19922000e-01
-11.10330000 2.18954000e-01
-11.07330000 2.18914000e-01
-11.04330000 2.19908000e-01
-11.01330000 2.21433000e-01
-10.98330000 2.23237000e-01
-10.95330000 2.25213000e-01
-10.89940000 2.29066000e-01
-10.86940000 2.31348000e-01
-10.83940000 2.33725000e-01
-10.80940000 2.36202000e-01
-10.77940000 2.38786000e-01
-10.74940000 2.41487000e-01
-10.71940000 2.44320000e-01
-10.68940000 2.47305000e-01
-10.65940000 2.50466000e-01
-10.62940000 2.53838000e-01
-10.59940000 2.57469000e-01
-10.56940000 2.61430000e-01
-10.53940000 2.65828000e-01
-10.50940000 2.70846000e-01
-10.47940000 2.76814000e-01
-10.44940000 2.84406000e-01
-10.41940000 2.95057000e-01
-10.38940000 3.11079000e-01
-10.35940000 3.28351000e-01
-10.32940000 3.32504000e-01
-10.29940000 3.37469000e-01
-10.26940000 3.55123000e-01
-10.23940000 3.81396000e-01
-10.20940000 3.88998000e-01
-10.17940000 3.87973000e-01
-10.14940000 3.99896000e-01
-10.11940000 4.25820000e-01
-10.08940000 4.67910000e-01
-10.05940000 5.34431000e-01
-10.02940000 6.44419000e-01
-9.99938000 8.40797000e-01
-9.96938000 1.22007000e+00
-9.93938000 1.91952000e+00
-9.90938000 2.51190000e+00
-9.87938000 2.07451000e+00
-9.84938000 1.61565000e+00
-9.81938000 1.65565000e+00
-9.78938000 1.98138000e+00
-9.75938000 1.74170000e+00
-9.72938000 1.17185000e+00
-9.69938000 8.27493000e-01
-9.66938000 6.50686000e-01
-9.63938000 5.54468000e-01
-9.60938000 4.97959000e-01
-9.57938000 4.62717000e-01
-9.54938000 4.39809000e-01
-9.51938000 4.24548000e-01
-9.48938000 4.14296000e-01
-9.43543000 4.03826000e-01
-9.40543000 4.00935000e-01
-9.37543000 3.99485000e-01
-9.34543000 3.99153000e-01
-9.31543000 3.99707000e-01
-9.28543000 4.00982000e-01
-9.25543000 4.02855000e-01
-9.22543000 4.05234000e-01
-9.19543000 4.08051000e-01
-9.16543000 4.11253000e-01
-9.13543000 4.14799000e-01
-9.10543000 4.18659000e-01
-9.07543000 4.22809000e-01
-9.04543000 4.27232000e-01
-9.01543000 4.31915000e-01
-8.98543000 4.36848000e-01
-8.95543000 4.42027000e-01
-8.92543000 4.47448000e-01
-8.89543000 4.53112000e-01
-8.86543000 4.59025000e-01
-8.83543000 4.65199000e-01
-8.80543000 4.71660000e-01
-8.77543000 4.78460000e-01
-8.74543000 4.85708000e-01
-8.71543000 4.93432000e-01
-8.68543000 5.00879000e-01
-8.65543000 5.07959000e-01
-8.62543000 5.15518000e-01
-8.59543000 5.23601000e-01
-8.56543000 5.32123000e-01
-8.53543000 5.41060000e-01
-8.50543000 5.50432000e-01
-8.47543000 5.60300000e-01
-8.44543000 5.70793000e-01
-8.41543000 5.82053000e-01
-8.38543000 5.93540000e-01
-8.35543000 6.04744000e-01
-8.32543000 6.16838000e-01
-8.29543000 6.29978000e-01
-8.26543000 6.42940000e-01
-8.23543000 6.56207000e-01
-8.20543000 6.70732000e-01
-8.17543000 6.86454000e-01
-8.14543000 7.02976000e-01
-8.11543000 7.20565000e-01
-8.08543000 7.39619000e-01
-8.05543000 7.60308000e-01
-8.02543000 7.82854000e-01
-7.97147000 8.29205000e-01
-7.94147000 8.59118000e-01
-7.91147000 8.92968000e-01
-7.88147000 9.31950000e-01
-7.85147000 9.77916000e-01
-7.82147000 1.03396000e+00
-7.79147000 1.10567000e+00
-7.76147000 1.20194000e+00
-7.73147000 1.32063000e+00
-7.70147000 1.44216000e+00
-7.67147000 1.61788000e+00
-7.64147000 1.91829000e+00
-7.61147000 2.41927000e+00
-7.58147000 3.05037000e+00
-7.55147000 3.79133000e+00
-7.52147000 5.37041000e+00
-7.49147000 7.87904000e+00
-7.46147000 8.46717000e+00
-7.43147000 7.74520000e+00
-7.40147000 8.02250000e+00
-7.37147000 6.59105000e+00
-7.34147000 4.57727000e+00
-7.31147000 3.47471000e+00
-7.28147000 2.94361000e+00
-7.25147000 2.80248000e+00
-7.22147000 2.94461000e+00
-7.19147000 3.26468000e+00
-7.16147000 3.28752000e+00
-7.13147000 3.00222000e+00
-7.10147000 2.78262000e+00
-7.07147000 2.57931000e+00
-7.04147000 2.50583000e+00
-7.01147000 2.44680000e+00
-6.98147000 2.40291000e+00
-6.95147000 2.44264000e+00
-6.92147000 2.56483000e+00
-6.89147000 2.78925000e+00
-6.86147000 3.13900000e+00
-6.83147000 3.40652000e+00
-6.80147000 3.39865000e+00
-6.77147000 3.38211000e+00
-6.74147000 3.50046000e+00
-6.71147000 3.73518000e+00
-6.68147000 4.08036000e+00
-6.65147000 4.57009000e+00
-6.62147000 5.25432000e+00
-6.59147000 5.98937000e+00
-6.56147000 6.70715000e+00
-6.50751000 9.11425000e+00
-6.47751000 1.12788000e+01
-6.44751000 1.47841000e+01
-6.41751000 1.92588000e+01
-6.38751000 2.58917000e+01
-6.35751000 3.79483000e+01
-6.32751000 4.51929000e+01
-6.29751000 4.16248000e+01
-6.26751000 4.61103000e+01
-6.23751000 6.27743000e+01
-6.20751000 6.84767000e+01
-6.17751000 5.26454000e+01
-6.14751000 4.41093000e+01
-6.11751000 4.82146000e+01
-6.08751000 6.59045000e+01
-6.05751000 9.10082000e+01
-6.02751000 1.00175000e+02
-5.99751000 1.07022000e+02
-5.96751000 9.39490000e+01
-5.93751000 7.53038000e+01
-5.90751000 7.65814000e+01
-5.87751000 9.39282000e+01
-5.84751000 1.05576000e+02
-5.81751000 1.11982000e+02
-5.78751000 1.37591000e+02
-5.75751000 2.12219000e+02
-5.72751000 3.09422000e+02
-5.69751000 2.66998000e+02
-5.66751000 1.56840000e+02
-5.63751000 9.12145000e+01
-5.60751000 5.82255000e+01
-5.57751000 4.08422000e+01
-5.54751000 3.13453000e+01
-5.51751000 2.63419000e+01
-5.48751000 2.25236000e+01
-5.45751000 1.83382000e+01
-5.42751000 1.55331000e+01
-5.39751000 1.37337000e+01
-5.36751000 1.20425000e+01
-5.33751000 1.08389000e+01
-5.30751000 1.02366000e+01
-5.27751000 1.02199000e+01
-5.24751000 1.09389000e+01
-5.21751000 1.22053000e+01
-5.18751000 1.25692000e+01
-5.15751000 1.23194000e+01
-5.12751000 1.34823000e+01
-5.09751000 1.71521000e+01
-5.04356000 3.16651000e+01
-5.01356000 3.05350000e+01
-4.98356000 2.62857000e+01
-4.95356000 2.87355000e+01
-4.92356000 3.12286000e+01
-4.89356000 2.38687000e+01
-4.86356000 1.69105000e+01
-4.83356000 1.35176000e+01
-4.80356000 1.21908000e+01
-4.77356000 1.20577000e+01
-4.74356000 1.29034000e+01
-4.71356000 1.50313000e+01
-4.68356000 1.92197000e+01
-4.65356000 2.70650000e+01
-4.62356000 3.82693000e+01
-4.59356000 4.02372000e+01
-4.56356000 3.40540000e+01
-4.53356000 2.97197000e+01
-4.50356000 2.91581000e+01
-4.47356000 3.03005000e+01
-4.44356000 3.52847000e+01
-4.41356000 4.42275000e+01
-4.38356000 5.65117000e+01
-4.35356000 7.63144000e+01
-4.32356000 8.79597000e+01
-4.29356000 8.83384000e+01
-4.26356000 9.17252000e+01
-4.23356000 7.47625000e+01
-4.20356000 5.58997000e+01
-4.17356000 4.92545000e+01
-4.14356000 4.89992000e+01
-4.11356000 4.87009000e+01
-4.08356000 5.25619000e+01
-4.05356000 6.67082000e+01
-4.02356000 8.27199000e+01
-3.99356000 7.86499000e+01
-3.96356000 7.49773000e+01
-3.93356000 8.28779000e+01
-3.90356000 9.69276000e+01
-3.87356000 1.23491000e+02
-3.84356000 1.65652000e+02
-3.81356000 2.25608000e+02
-3.78356000 3.47303000e+02
-3.75356000 5.68023000e+02
-3.72356000 7.28369000e+02
-3.69356000 5.49362000e+02
-3.66356000 3.71230000e+02
-3.63356000 3.04355000e+02
-3.57960000 2.58469000e+02
-3.54960000 2.61497000e+02
-3.51960000 2.99280000e+02
-3.48960000 3.79592000e+02
-3.45960000 4.01675000e+02
-3.42960000 2.95753000e+02
-3.39960000 1.85281000e+02
-3.36960000 1.24858000e+02
-3.33960000 8.89214000e+01
-3.30960000 6.78502000e+01
-3.27960000 5.66670000e+01
-3.24960000 5.17956000e+01
-3.21960000 5.20582000e+01
-3.18960000 5.83389000e+01
-3.15960000 7.43983000e+01
-3.12960000 1.09080000e+02
-3.09960000 1.68814000e+02
-3.06960000 2.09130000e+02
-3.03960000 2.08133000e+02
-3.00960000 1.94934000e+02
-2.97960000 1.53428000e+02
-2.94960000 1.13753000e+02
-2.91960000 7.90686000e+01
-2.88960000 6.01189000e+01
-2.85960000 4.87569000e+01
-2.82960000 3.69905000e+01
-2.79960000 2.81545000e+01
-2.76960000 2.29424000e+01
-2.73960000 1.98614000e+01
-2.70960000 1.80364000e+01
-2.67960000 1.70730000e+01
-2.64960000 1.67952000e+01
-2.61960000 1.71634000e+01
-2.58960000 1.84103000e+01
-2.55960000 2.10099000e+01
-2.52960000 2.58346000e+01
-2.49960000 3.48436000e+01
-2.46960000 5.22144000e+01
-2.43960000 7.98844000e+01
-2.40960000 8.75955000e+01
-2.37960000 6.28728000e+01
-2.34960000 4.58963000e+01
-2.31960000 4.13022000e+01
-2.28960000 4.44507000e+01
-2.25960000 5.00006000e+01
-2.22960000 5.58860000e+01
-2.19960000 6.79665000e+01
-2.16960000 8.24068000e+01
-2.11564000 1.53622000e+02
-2.08564000 2.01819000e+02
-2.05564000 1.80607000e+02
-2.02564000 1.62689000e+02
-1.99564000 1.97363000e+02
-1.96564000 2.93591000e+02
-1.93564000 3.31088000e+02
-1.90564000 2.20918000e+02
-1.87564000 1.30961000e+02
-1.84564000 8.80995000e+01
-1.81564000 6.48595000e+01
-1.78564000 4.57604000e+01
-1.75564000 3.31613000e+01
-1.72564000 2.56871000e+01
-1.69564000 2.08732000e+01
-1.66564000 1.71714000e+01
-1.63564000 1.41639000e+01
-1.60564000 1.20403000e+01
-1.57564000 1.06006000e+01
-1.54564000 9.62445000e+00
-1.51564000 8.83479000e+00
-1.48564000 7.85312000e+00
-1.45564000 7.00252000e+00
-1.42564000 6.46332000e+00
-1.39564000 6.23295000e+00
-1.36564000 6.38070000e+00
-1.33564000 6.99714000e+00
-1.30564000 7.61937000e+00
-1.27564000 6.66663000e+00
-1.24564000 5.26906000e+00
-1.21564000 4.38145000e+00
-1.18564000 3.85528000e+00
-1.15564000 3.52359000e+00
-1.12564000 3.30960000e+00
-1.09564000 3.11010000e+00
-1.06564000 2.89314000e+00
-1.03564000 2.72951000e+00
-1.00564000 2.61420000e+00
-0.97564300 2.50256000e+00
-0.94564300 2.39673000e+00
-0.91564300 2.29833000e+00
-0.88564300 2.23883000e+00
-0.85564300 2.18268000e+00
-0.82564300 2.04841000e+00
-0.79564300 1.91858000e+00
-0.76564300 1.82166000e+00
-0.73564300 1.74463000e+00
-0.70564300 1.67905000e+00
-0.65168700 1.57892000e+00
-0.62168700 1.53077000e+00
-0.59168700 1.48756000e+00
-0.56168700 1.44882000e+00
-0.53168700 1.41481000e+00
-0.50168700 1.39050000e+00
-0.47168700 1.37888000e+00
-0.44168700 1.35471000e+00
-0.41168700 1.30272000e+00
-0.38168700 1.25901000e+00
-0.35168700 1.23025000e+00
-0.32168700 1.21662000e+00
-0.29168700 1.22278000e+00
-0.26168700 1.22852000e+00
-0.23168700 1.18378000e+00
-0.20168700 1.13632000e+00
-0.17168700 1.11208000e+00
-0.14168700 1.10259000e+00
-0.11168700 1.11614000e+00
-0.08168650 1.16715000e+00
-0.05168650 1.18203000e+00
-0.02168650 1.09632000e+00
0.00831345 1.02096000e+00
0.03831350 9.80577000e-01
0.06831350 9.57619000e-01
0.09831350 9.31134000e-01
0.12831300 9.02620000e-01
0.15831300 8.84518000e-01
0.18831300 8.78292000e-01
0.21831300 8.80823000e-01
0.24831300 8.73526000e-01
0.27831300 8.55357000e-01
0.30831300 8.28090000e-01
0.33831300 8.06988000e-01
0.36831300 7.95996000e-01
0.39831300 7.94904000e-01
0.42831300 8.07478000e-01
0.45831300 8.31843000e-01
0.48831300 8.38588000e-01
0.51831300 8.40838000e-01
0.54831300 8.85683000e-01
0.57831300 9.51500000e-01
0.60831300 9.26215000e-01
0.63831300 8.77112000e-01
0.66831300 8.46095000e-01
0.69831300 8.10518000e-01
0.72831300 7.57740000e-01
0.75831300 7.22701000e-01
