# E(MeV)  S_NSDRNSDR(Total=K0+2*K1) for Pa274_DDPCX
-13.82730000 3.01564100e-01
-13.79730000 3.05656400e-01
-13.76730000 3.09660200e-01
-13.73730000 3.13584900e-01
-13.70730000 3.17438000e-01
-13.67730000 3.21223000e-01
-13.64730000 3.24945000e-01
-13.61730000 3.28612000e-01
-13.58730000 3.32226000e-01
-13.55730000 3.35789000e-01
-13.52730000 3.39309000e-01
-13.49730000 3.42790000e-01
-13.46730000 3.46230000e-01
-13.43730000 3.49637000e-01
-13.40730000 3.53013000e-01
-13.37730000 3.56357000e-01
-13.34730000 3.59678000e-01
-13.31730000 3.62973000e-01
-13.28730000 3.66244000e-01
-13.25730000 3.69495000e-01
-13.22730000 3.72728000e-01
-13.19730000 3.75942000e-01
-13.16730000 3.79140000e-01
-13.13730000 3.82322000e-01
-13.10730000 3.85487000e-01
-13.07730000 3.88639000e-01
-13.04730000 3.91771000e-01
-13.01730000 3.94884000e-01
-12.98730000 3.97972000e-01
-12.95730000 4.01030000e-01
-12.92730000 4.04045000e-01
-12.89730000 4.06993000e-01
-12.86730000 4.09844000e-01
-12.83730000 4.12526000e-01
-12.80730000 4.14919000e-01
-12.77730000 4.16760000e-01
-12.74730000 4.17465000e-01
-12.71730000 4.15737000e-01
-12.68730000 4.09901000e-01
-12.65730000 4.06080000e-01
-12.62730000 4.14902000e-01
-12.59730000 4.26968000e-01
-12.56730000 4.35870000e-01
-12.53730000 4.42026000e-01
-12.50730000 4.47025000e-01
-12.47730000 4.51423000e-01
-12.44730000 4.55435000e-01
-12.41730000 4.59238000e-01
-12.36330000 4.65828000e-01
-12.33330000 4.69431000e-01
-12.30330000 4.73018000e-01
-12.27330000 4.76601000e-01
-12.24330000 4.80186000e-01
-12.21330000 4.83781000e-01
-12.18330000 4.87389000e-01
-12.15330000 4.91010000e-01
-12.12330000 4.94647000e-01
-12.09330000 4.98298000e-01
-12.06330000 5.01960000e-01
-12.03330000 5.05628000e-01
-12.00330000 5.09292000e-01
-11.97330000 5.12942000e-01
-11.94330000 5.16553000e-01
-11.91330000 5.20082000e-01
-11.88330000 5.23463000e-01
-11.85330000 5.26560000e-01
-11.82330000 5.29106000e-01
-11.79330000 5.30523000e-01
-11.76330000 5.29495000e-01
-11.73330000 5.23363000e-01
-11.70330000 5.12713000e-01
-11.67330000 5.18189000e-01
-11.64330000 5.37657000e-01
-11.61330000 5.51924000e-01
-11.58330000 5.61382000e-01
-11.55330000 5.68585000e-01
-11.52330000 5.74767000e-01
-11.49330000 5.80471000e-01
-11.46330000 5.85962000e-01
-11.43330000 5.91380000e-01
-11.40330000 5.96814000e-01
-11.37330000 6.02336000e-01
-11.34330000 6.08019000e-01
-11.31330000 6.13968000e-01
-11.28330000 6.20364000e-01
-11.25330000 6.27582000e-01
-11.22330000 6.36440000e-01
-11.19330000 6.48615000e-01
-11.16330000 6.64371000e-01
-11.13330000 6.71912000e-01
-11.10330000 6.68243000e-01
-11.07330000 6.67141000e-01
-11.04330000 6.69806000e-01
-11.01330000 6.74438000e-01
-10.98330000 6.80099000e-01
-10.95330000 6.86391000e-01
-10.89940000 6.98803000e-01
-10.86940000 7.06218000e-01
-10.83940000 7.13988000e-01
-10.80940000 7.22131000e-01
-10.77940000 7.30675000e-01
-10.74940000 7.39661000e-01
-10.71940000 7.49147000e-01
-10.68940000 7.59208000e-01
-10.65940000 7.69938000e-01
-10.62940000 7.81466000e-01
-10.59940000 7.93971000e-01
-10.56940000 8.07708000e-01
-10.53940000 8.23064000e-01
-10.50940000 8.40680000e-01
-10.47940000 8.61707000e-01
-10.44940000 8.88460000e-01
-10.41940000 9.25874000e-01
-10.38940000 9.82195000e-01
-10.35940000 1.04508300e+00
-10.32940000 1.05978300e+00
-10.29940000 1.06855900e+00
-10.26940000 1.11351700e+00
-10.23940000 1.18542500e+00
-10.20940000 1.22876500e+00
-10.17940000 1.26506600e+00
-10.14940000 1.34115500e+00
-10.11940000 1.46583900e+00
-10.08940000 1.65538400e+00
-10.05940000 1.94849500e+00
-10.02940000 2.42722800e+00
-9.99938000 3.27163400e+00
-9.96938000 4.88910000e+00
-9.93938000 7.99912000e+00
-9.90938000 1.18083800e+01
-9.87938000 1.11171700e+01
-9.84938000 7.59674000e+00
-9.81938000 5.87630000e+00
-9.78938000 5.62420000e+00
-9.75938000 4.67561000e+00
-9.72938000 3.27135800e+00
-9.69938000 2.42205400e+00
-9.66938000 1.96504400e+00
-9.63938000 1.70292700e+00
-9.60938000 1.54127800e+00
-9.57938000 1.43594100e+00
-9.54938000 1.36466000e+00
-9.51938000 1.31528600e+00
-9.48938000 1.28072700e+00
-9.43543000 1.24290700e+00
-9.40543000 1.23107400e+00
-9.37543000 1.22386700e+00
-9.34543000 1.22029400e+00
-9.31543000 1.21963000e+00
-9.28543000 1.22134800e+00
-9.25543000 1.22505000e+00
-9.22543000 1.23043400e+00
-9.19543000 1.23727100e+00
-9.16543000 1.24538100e+00
-9.13543000 1.25462400e+00
-9.10543000 1.26489300e+00
-9.07543000 1.27610200e+00
-9.04543000 1.28818500e+00
-9.01543000 1.30109400e+00
-8.98543000 1.31478700e+00
-8.95543000 1.32924200e+00
-8.92543000 1.34443800e+00
-8.89543000 1.36036700e+00
-8.86543000 1.37703400e+00
-8.83543000 1.39445900e+00
-8.80543000 1.41269000e+00
-8.77543000 1.43182900e+00
-8.74543000 1.45209500e+00
-8.71543000 1.47354600e+00
-8.68543000 1.49467900e+00
-8.65543000 1.51532100e+00
-8.62543000 1.53717200e+00
-8.59543000 1.56033500e+00
-8.56543000 1.58466100e+00
-8.53543000 1.61013400e+00
-8.50543000 1.63685800e+00
-8.47543000 1.66508200e+00
-8.44543000 1.69534000e+00
-8.41543000 1.72830500e+00
-8.38543000 1.76189100e+00
-8.35543000 1.79316700e+00
-8.32543000 1.82650300e+00
-8.29543000 1.86110600e+00
-8.26543000 1.89542900e+00
-8.23543000 1.93151900e+00
-8.20543000 1.97101200e+00
-8.17543000 2.01356200e+00
-8.14543000 2.05829100e+00
-8.11543000 2.10571500e+00
-8.08543000 2.15664200e+00
-8.05543000 2.21144400e+00
-8.02543000 2.27061300e+00
-7.97147000 2.39048500e+00
-7.94147000 2.46660700e+00
-7.91147000 2.55161100e+00
-7.88147000 2.64806600e+00
-7.85147000 2.75993200e+00
-7.82147000 2.89377500e+00
-7.79147000 3.06136700e+00
-7.76147000 3.28149200e+00
-7.73147000 3.55166300e+00
-7.70147000 3.83623500e+00
-7.67147000 4.24538000e+00
-7.64147000 4.93656000e+00
-7.61147000 6.08997000e+00
-7.58147000 7.53582000e+00
-7.55147000 9.01035000e+00
-7.52147000 1.20753100e+01
-7.49147000 1.70835200e+01
-7.46147000 1.82878300e+01
-7.43147000 1.68894700e+01
-7.40147000 1.75264600e+01
-7.37147000 1.47432700e+01
-7.34147000 1.08541000e+01
-7.31147000 8.78227000e+00
-7.28147000 7.87236000e+00
-7.25147000 7.95808000e+00
-7.22147000 8.56781000e+00
-7.19147000 8.98242000e+00
-7.16147000 8.81318000e+00
-7.13147000 8.16996000e+00
-7.10147000 7.68394000e+00
-7.07147000 7.36748000e+00
-7.04147000 7.49538000e+00
-7.01147000 7.62021000e+00
-6.98147000 7.36747000e+00
-6.95147000 7.26683000e+00
-6.92147000 7.46954000e+00
-6.89147000 7.96182000e+00
-6.86147000 8.75696000e+00
-6.83147000 9.43142000e+00
-6.80147000 9.60811000e+00
-6.77147000 9.84882000e+00
-6.74147000 1.04359200e+01
-6.71147000 1.11101800e+01
-6.68147000 1.18896200e+01
-6.65147000 1.30607000e+01
-6.62147000 1.47317400e+01
-6.59147000 1.66072800e+01
-6.56147000 1.85639300e+01
-6.50751000 2.45654000e+01
-6.47751000 2.97788200e+01
-6.44751000 3.79815600e+01
-6.41751000 4.85602000e+01
-6.38751000 6.41061000e+01
-6.35751000 9.15863000e+01
-6.32751000 1.11388000e+02
-6.29751000 1.13296600e+02
-6.26751000 1.39088200e+02
-6.23751000 2.05613000e+02
-6.20751000 2.70592400e+02
-6.17751000 2.51320800e+02
-6.14751000 1.83729800e+02
-6.11751000 1.54822600e+02
-6.08751000 1.72665900e+02
-6.05751000 2.15458300e+02
-6.02751000 2.31862000e+02
-5.99751000 2.47558400e+02
-5.96751000 2.27519900e+02
-5.93751000 2.02266500e+02
-5.90751000 2.27273000e+02
-5.87751000 3.05356400e+02
-5.84751000 4.16207000e+02
-5.81751000 5.65214000e+02
-5.78751000 6.28472000e+02
-5.75751000 6.42030000e+02
-5.72751000 7.41320000e+02
-5.69751000 6.08498300e+02
-5.66751000 3.63195300e+02
-5.63751000 2.17804900e+02
-5.60751000 1.43204100e+02
-5.57751000 1.02860400e+02
-5.54751000 8.00997000e+01
-5.51751000 6.74785000e+01
-5.48751000 5.80188000e+01
-5.45751000 4.84339000e+01
-5.42751000 4.21615000e+01
-5.39751000 3.82766000e+01
-5.36751000 3.42905000e+01
-5.33751000 3.12391900e+01
-5.30751000 2.98121500e+01
-5.27751000 2.99808800e+01
-5.24751000 3.21073000e+01
-5.21751000 3.60389000e+01
-5.18751000 3.89943000e+01
-5.15751000 4.08182000e+01
-5.12751000 4.67442000e+01
-5.09751000 6.19312000e+01
-5.04356000 1.30281200e+02
-5.01356000 1.50354300e+02
-4.98356000 1.19737000e+02
-4.95356000 9.72700000e+01
-4.92356000 8.76803000e+01
-4.89356000 6.56888000e+01
-4.86356000 4.79211000e+01
-4.83356000 3.89869000e+01
-4.80356000 3.51231000e+01
-4.77356000 3.42237000e+01
-4.74356000 3.56869700e+01
-4.71356000 4.00484800e+01
-4.68356000 4.88605000e+01
-4.65356000 6.53795000e+01
-4.62356000 8.91683000e+01
-4.59356000 9.53466000e+01
-4.56356000 8.67821000e+01
-4.53356000 8.51119000e+01
-4.50356000 9.72844000e+01
-4.47356000 1.20063600e+02
-4.44356000 1.40675500e+02
-4.41356000 1.41271900e+02
-4.38356000 1.49775300e+02
-4.35356000 1.83067400e+02
-4.32356000 2.06607100e+02
-4.29356000 2.12873500e+02
-4.26356000 2.26808800e+02
-4.23356000 1.93876100e+02
-4.20356000 1.48690900e+02
-4.17356000 1.30086400e+02
-4.14356000 1.28631900e+02
-4.11356000 1.30122400e+02
-4.08356000 1.42629300e+02
-4.05356000 1.78562500e+02
-4.02356000 2.19759200e+02
-3.99356000 2.22717900e+02
-3.96356000 2.31667000e+02
-3.93356000 2.72117800e+02
-3.90356000 3.44837200e+02
-3.87356000 4.83901000e+02
-3.84356000 7.34012000e+02
-3.81356000 1.08817400e+03
-3.78356000 1.39110500e+03
-3.75356000 1.65908000e+03
-3.72356000 1.90001600e+03
-3.69356000 1.61410000e+03
-3.66356000 1.28181000e+03
-3.63356000 9.78683000e+02
-3.57960000 7.02979000e+02
-3.54960000 6.90593000e+02
-3.51960000 7.92700000e+02
-3.48960000 1.02465300e+03
-3.45960000 1.09070100e+03
-3.42960000 8.01993000e+02
-3.39960000 5.22207000e+02
-3.36960000 3.55585000e+02
-3.33960000 2.51933700e+02
-3.30960000 1.92414900e+02
-3.27960000 1.60885200e+02
-3.24960000 1.46825300e+02
-3.21960000 1.46674000e+02
-3.18960000 1.62390700e+02
-3.15960000 2.03294800e+02
-3.12960000 2.91748500e+02
-3.09960000 4.47528000e+02
-3.06960000 5.63170000e+02
-3.03960000 5.60979000e+02
-3.00960000 5.56943000e+02
-2.97960000 5.41936000e+02
-2.94960000 4.71655000e+02
-2.91960000 3.15918200e+02
-2.88960000 2.14743600e+02
-2.85960000 1.60017600e+02
-2.82960000 1.20170500e+02
-2.79960000 9.39449000e+01
-2.76960000 7.94220000e+01
-2.73960000 7.19050000e+01
-2.70960000 6.80436000e+01
-2.67960000 6.80155000e+01
-2.64960000 7.33477000e+01
-2.61960000 8.69830000e+01
-2.58960000 1.16272600e+02
-2.55960000 1.68410800e+02
-2.52960000 2.02547200e+02
-2.49960000 1.78925200e+02
-2.46960000 1.76338200e+02
-2.43960000 2.14672700e+02
-2.40960000 2.24841300e+02
-2.37960000 1.77707700e+02
-2.34960000 1.53677000e+02
-2.31960000 1.65718200e+02
-2.28960000 2.07248400e+02
-2.25960000 2.48066200e+02
-2.22960000 2.94539000e+02
-2.19960000 4.12583000e+02
-2.16960000 6.10189600e+02
-2.11564000 7.94210000e+02
-2.08564000 7.27721000e+02
-2.05564000 5.49294000e+02
-2.02564000 4.40409000e+02
-1.99564000 4.71243200e+02
-1.96564000 6.41871600e+02
-1.93564000 7.03470100e+02
-1.90564000 4.74479800e+02
-1.87564000 2.88986300e+02
-1.84564000 2.00044500e+02
-1.81564000 1.52368000e+02
-1.78564000 1.12505800e+02
-1.75564000 8.33894000e+01
-1.72564000 6.52690000e+01
-1.69564000 5.36508000e+01
-1.66564000 4.50094000e+01
-1.63564000 3.83453000e+01
-1.60564000 3.37532400e+01
-1.57564000 3.00275200e+01
-1.54564000 2.68470600e+01
-1.51564000 2.43141800e+01
-1.48564000 2.16565800e+01
-1.45564000 1.94283300e+01
-1.42564000 1.79374300e+01
-1.39564000 1.71440100e+01
-1.36564000 1.71418500e+01
-1.33564000 1.80898400e+01
-1.30564000 1.90870200e+01
-1.27564000 1.69712300e+01
-1.24564000 1.39985700e+01
-1.21564000 1.20821000e+01
-1.18564000 1.09375200e+01
-1.15564000 1.02144100e+01
-1.12564000 9.64563000e+00
-1.09564000 9.05458000e+00
-1.06564000 8.44775000e+00
-1.03564000 7.98276000e+00
-1.00564000 7.63330000e+00
-0.97564300 7.30447000e+00
-0.94564300 6.99958000e+00
-0.91564300 6.71870000e+00
-0.88564300 6.52262000e+00
-0.85564300 6.33897000e+00
-0.82564300 6.00400000e+00
-0.79564300 5.68225000e+00
-0.76564300 5.43024000e+00
-0.73564300 5.22164000e+00
-0.70564300 5.03939000e+00
-0.65168700 4.75622000e+00
-0.62168700 4.61935000e+00
-0.59168700 4.49281000e+00
-0.56168700 4.37282000e+00
-0.53168700 4.26496000e+00
-0.50168700 4.18000000e+00
-0.47168700 4.12326000e+00
-0.44168700 4.04397000e+00
-0.41168700 3.91167000e+00
-0.38168700 3.79896000e+00
-0.35168700 3.72004000e+00
-0.32168700 3.67662000e+00
-0.29168700 3.68072000e+00
-0.26168700 3.70038000e+00
-0.23168700 3.65347000e+00
-0.20168700 3.66088000e+00
-0.17168700 3.69456000e+00
-0.14168700 3.55422000e+00
-0.11168700 3.43549000e+00
-0.08168650 3.45094000e+00
-0.05168650 3.42885000e+00
-0.02168650 3.22347000e+00
0.00831345 3.05005000e+00
0.03831350 2.95732900e+00
0.06831350 2.91205300e+00
0.09831350 2.85352300e+00
0.12831300 2.76049900e+00
0.15831300 2.69013700e+00
0.18831300 2.65444200e+00
0.21831300 2.64355300e+00
0.24831300 2.61935700e+00
0.27831300 2.58236200e+00
0.30831300 2.53848500e+00
0.33831300 2.49278800e+00
0.36831300 2.43599500e+00
0.39831300 2.40425500e+00
0.42831300 2.41081500e+00
0.45831300 2.44832900e+00
0.48831300 2.45777600e+00
0.51831300 2.46666000e+00
0.54831300 2.55624400e+00
0.57831300 2.67401100e+00
0.60831300 2.61677400e+00
0.63831300 2.50567200e+00
0.66831300 2.42144000e+00
0.69831300 2.33217000e+00
0.72831300 2.21464900e+00
0.75831300 2.13819100e+00
