# E(MeV)  S_NSDRNSDR(K=1) for Pr151_DDPCX
-3.99320000 -4.16943000e-03
-3.96320000 -5.88430000e-04
-3.93320000 3.27220000e-03
-3.90320000 7.49100000e-03
-3.87320000 1.21698000e-02
-3.84320000 1.74438000e-02
-3.81320000 2.34961000e-02
-3.78320000 3.05817000e-02
-3.75320000 3.90645000e-02
-3.72320000 4.94794000e-02
-3.69320000 6.26392000e-02
-3.66320000 7.98272000e-02
-3.63320000 1.03162000e-01
-3.60320000 1.36327000e-01
-3.57320000 1.86142000e-01
-3.54320000 2.66172000e-01
-3.51265000 4.09030000e-01
-3.48265000 6.77746000e-01
-3.45265000 1.20956000e+00
-3.42265000 1.96943000e+00
-3.39265000 1.90423000e+00
-3.36265000 1.14426000e+00
-3.33265000 6.54420000e-01
-3.30265000 4.10935000e-01
-3.27265000 2.85148000e-01
-3.24265000 2.15332000e-01
-3.21265000 1.74386000e-01
-3.18265000 1.49678000e-01
-3.15265000 1.34870000e-01
-3.12265000 1.26576000e-01
-3.09265000 1.22914000e-01
-3.06265000 1.22823000e-01
-3.03210000 1.25814000e-01
-3.00210000 1.31531000e-01
-2.97210000 1.40003000e-01
-2.94210000 1.51442000e-01
-2.91210000 1.66285000e-01
-2.88210000 1.85234000e-01
-2.85210000 2.09349000e-01
-2.82210000 2.40203000e-01
-2.79210000 2.80144000e-01
-2.76210000 3.32753000e-01
-2.73210000 4.03657000e-01
-2.70210000 5.02046000e-01
-2.67210000 6.43654000e-01
-2.64210000 8.57024000e-01
-2.61210000 1.19757000e+00
-2.58210000 1.78154000e+00
-2.55156000 2.89810000e+00
-2.52156000 5.09645000e+00
-2.49156000 8.92797000e+00
-2.46156000 1.07042000e+01
-2.43156000 7.11026000e+00
-2.40156000 3.95450000e+00
-2.37156000 2.33550000e+00
-2.34156000 1.50775000e+00
-2.31156000 1.04901000e+00
-2.28156000 7.74070000e-01
-2.25156000 5.98479000e-01
-2.22156000 4.80642000e-01
-2.19156000 3.98503000e-01
-2.16156000 3.39613000e-01
-2.13156000 2.96577000e-01
-2.10156000 2.64827000e-01
-2.07101000 2.41111000e-01
-2.04101000 2.24426000e-01
-2.01101000 2.13190000e-01
-1.98101000 2.06899000e-01
-1.95101000 2.05633000e-01
-1.92101000 2.10259000e-01
-1.89101000 2.22998000e-01
-1.86101000 2.48872000e-01
-1.83101000 2.99369000e-01
-1.80101000 4.00444000e-01
-1.77101000 5.87081000e-01
-1.74101000 7.33453000e-01
-1.71101000 6.03048000e-01
-1.68101000 4.66878000e-01
-1.65101000 4.38357000e-01
-1.62101000 4.58374000e-01
-1.59046000 4.22470000e-01
-1.56046000 3.88113000e-01
-1.53046000 3.97753000e-01
-1.50046000 4.50434000e-01
-1.47046000 5.60745000e-01
-1.44046000 7.68980000e-01
-1.41046000 1.05229000e+00
-1.38046000 1.09922000e+00
-1.35046000 1.02325000e+00
-1.32046000 1.11361000e+00
-1.29046000 1.41908000e+00
-1.26046000 2.01156000e+00
-1.23046000 2.94025000e+00
-1.20046000 4.52739000e+00
-1.17046000 7.71818000e+00
-1.14046000 1.10203000e+01
-1.10992000 8.65264000e+00
-1.07992000 4.91861000e+00
-1.04992000 2.85756000e+00
-1.01992000 1.82245000e+00
-0.98991600 1.26669000e+00
-0.95991600 9.45854000e-01
-0.92991600 7.52426000e-01
-0.89991600 6.38293000e-01
-0.86991600 5.86529000e-01
-0.83991600 6.03182000e-01
-0.80991600 6.78644000e-01
-0.77991600 6.46365000e-01
-0.74991600 5.05201000e-01
-0.71991600 4.14332000e-01
-0.68991600 3.74403000e-01
-0.65991600 3.67091000e-01
-0.62937000 3.89585000e-01
-0.59937000 4.52599000e-01
-0.56937000 5.90849000e-01
-0.53937000 8.65069000e-01
-0.50937000 1.16938000e+00
-0.47937000 1.07158000e+00
-0.44937000 7.89378000e-01
-0.41937000 6.18455000e-01
-0.38937000 5.68673000e-01
-0.35937000 6.05966000e-01
-0.32937000 7.34058000e-01
-0.29937000 1.00823000e+00
-0.26937000 1.57161000e+00
-0.23937000 2.58952000e+00
-0.20937000 3.23550000e+00
-0.17937000 2.48721000e+00
-0.14882300 1.89668000e+00
-0.11882300 1.99319000e+00
-0.08882310 2.36714000e+00
-0.05882310 1.97978000e+00
-0.02882310 1.39620000e+00
0.00117690 1.20469000e+00
0.03117690 1.22213000e+00
0.06117690 9.88999000e-01
0.09117690 6.89134000e-01
0.12117700 5.22322000e-01
0.15117700 4.46980000e-01
0.18117700 4.17429000e-01
0.21117700 3.79610000e-01
0.24117700 3.40321000e-01
0.27117700 3.20427000e-01
0.30117700 3.15677000e-01
0.33172300 3.22742000e-01
0.36172300 3.41749000e-01
0.39172300 3.76110000e-01
0.42172300 4.24696000e-01
0.45172300 4.86659000e-01
0.48172300 5.99010000e-01
0.51172300 8.20515000e-01
0.54172300 1.21693000e+00
0.57172300 1.56557000e+00
0.60172300 1.44894000e+00
0.63172300 1.13808000e+00
0.66172300 1.00469000e+00
0.69172300 1.07037000e+00
0.72172300 1.33866000e+00
0.75172300 1.89562000e+00
0.78172300 2.92249000e+00
