# E(MeV)  S_GAMTGAMT(K=1) for Pr151_DDPCX
-3.99320000 3.26154000e-03
-3.96320000 3.29261000e-03
-3.93320000 3.32413000e-03
-3.90320000 3.35614000e-03
-3.87320000 3.38871000e-03
-3.84320000 3.42188000e-03
-3.81320000 3.45569000e-03
-3.78320000 3.49020000e-03
-3.75320000 3.52546000e-03
-3.72320000 3.56153000e-03
-3.69320000 3.59846000e-03
-3.66320000 3.63634000e-03
-3.63320000 3.67527000e-03
-3.60320000 3.71528000e-03
-3.57320000 3.75605000e-03
-3.54320000 3.79782000e-03
-3.51265000 3.84173000e-03
-3.48265000 3.88628000e-03
-3.45265000 3.93229000e-03
-3.42265000 3.97986000e-03
-3.39265000 4.02909000e-03
-3.36265000 4.08012000e-03
-3.33265000 4.13311000e-03
-3.30265000 4.18823000e-03
-3.27265000 4.24570000e-03
-3.24265000 4.30577000e-03
-3.21265000 4.36879000e-03
-3.18265000 4.43523000e-03
-3.15265000 4.50580000e-03
-3.12265000 4.58175000e-03
-3.09265000 4.66560000e-03
-3.06265000 4.76195000e-03
-3.03210000 4.87115000e-03
-3.00210000 4.95687000e-03
-2.97210000 5.03048000e-03
-2.94210000 5.11986000e-03
-2.91210000 5.22442000e-03
-2.88210000 5.34167000e-03
-2.85210000 5.47138000e-03
-2.82210000 5.61464000e-03
-2.79210000 5.77341000e-03
-2.76210000 5.95044000e-03
-2.73210000 6.14937000e-03
-2.70210000 6.37496000e-03
-2.67210000 6.63348000e-03
-2.64210000 6.93333000e-03
-2.61210000 7.28589000e-03
-2.58210000 7.70696000e-03
-2.55156000 8.22924000e-03
-2.52156000 8.86723000e-03
-2.49156000 9.67858000e-03
-2.46156000 1.07398000e-02
-2.43156000 1.21749000e-02
-2.40156000 1.41949000e-02
-2.37156000 1.71805000e-02
-2.34156000 2.18664000e-02
-2.31156000 2.97856000e-02
-2.28156000 4.43764000e-02
-2.25156000 7.32773000e-02
-2.22156000 1.25002000e-01
-2.19156000 1.55480000e-01
-2.16156000 1.09082000e-01
-2.13156000 6.40839000e-02
-2.10156000 4.10103000e-02
-2.07101000 2.95684000e-02
-2.04101000 2.39974000e-02
-2.01101000 2.06991000e-02
-1.98101000 1.82337000e-02
-1.95101000 1.68747000e-02
-1.92101000 1.64441000e-02
-1.89101000 1.67665000e-02
-1.86101000 1.78645000e-02
-1.83101000 1.99797000e-02
-1.80101000 2.37036000e-02
-1.77101000 3.03626000e-02
-1.74101000 4.29769000e-02
-1.71101000 6.75247000e-02
-1.68101000 1.02650000e-01
-1.65101000 1.07900000e-01
-1.62101000 9.62704000e-02
-1.59046000 1.06385000e-01
-1.56046000 1.03961000e-01
-1.53046000 6.95517000e-02
-1.50046000 4.43271000e-02
-1.47046000 3.13642000e-02
-1.44046000 2.44079000e-02
-1.41046000 2.03254000e-02
-1.38046000 1.78367000e-02
-1.35046000 1.62634000e-02
-1.32046000 1.52443000e-02
-1.29046000 1.45828000e-02
-1.26046000 1.41659000e-02
-1.23046000 1.39256000e-02
-1.20046000 1.38192000e-02
-1.17046000 1.38198000e-02
-1.14046000 1.39110000e-02
-1.10992000 1.40875000e-02
-1.07992000 1.43409000e-02
-1.04992000 1.46802000e-02
-1.01992000 1.51262000e-02
-0.98991600 1.57301000e-02
-0.95991600 1.65983000e-02
-0.92991600 1.77582000e-02
-0.89991600 1.84669000e-02
-0.86991600 1.86078000e-02
-0.83991600 1.90631000e-02
-0.80991600 1.99211000e-02
-0.77991600 2.11595000e-02
-0.74991600 2.28860000e-02
-0.71991600 2.54065000e-02
-0.68991600 2.94350000e-02
-0.65991600 3.65916000e-02
-0.62937000 4.94725000e-02
-0.59937000 5.99696000e-02
-0.56937000 5.19958000e-02
-0.53937000 4.22811000e-02
-0.50937000 3.81091000e-02
-0.47937000 3.72036000e-02
-0.44937000 3.80099000e-02
-0.41937000 3.98862000e-02
-0.38937000 4.25828000e-02
-0.35937000 4.59804000e-02
-0.32937000 5.01702000e-02
-0.29937000 5.53104000e-02
-0.26937000 6.15032000e-02
-0.23937000 6.91019000e-02
-0.20937000 7.86181000e-02
-0.17937000 9.07254000e-02
-0.14882300 1.06830000e-01
-0.11882300 1.28222000e-01
-0.08882310 1.58223000e-01
-0.05882310 1.99216000e-01
-0.02882310 2.50135000e-01
0.00117690 3.26925000e-01
0.03117690 4.52517000e-01
0.06117690 6.28297000e-01
0.09117690 8.89375000e-01
0.12117700 1.39949000e+00
0.15117700 2.45445000e+00
0.18117700 4.02381000e+00
0.21117700 3.97392000e+00
0.24117700 2.39173000e+00
0.27117700 1.34657000e+00
0.30117700 8.26344000e-01
0.33172300 5.47858000e-01
0.36172300 3.87407000e-01
0.39172300 2.88969000e-01
0.42172300 2.25735000e-01
0.45172300 1.84081000e-01
0.48172300 1.56255000e-01
0.51172300 1.33883000e-01
0.54172300 1.14740000e-01
0.57172300 1.00775000e-01
0.60172300 9.11153000e-02
0.63172300 8.48212000e-02
0.66172300 8.16615000e-02
0.69172300 8.10518000e-02
0.72172300 8.34467000e-02
0.75172300 8.90287000e-02
0.78172300 8.97557000e-02
