# E(MeV)  S_NSDRNSDR(K=0) for Pr153_DDPCX
-5.74842000 1.43224000e-03
-5.71842000 3.97267000e-03
-5.68842000 5.89002000e-03
-5.65842000 6.20339000e-03
-5.62842000 2.57221000e-03
-5.59842000 -1.04250000e-02
-5.56842000 -3.94500000e-02
-5.53842000 -5.34212000e-02
-5.50842000 -3.85430000e-03
-5.47842000 5.14720000e-02
-5.44842000 9.52348000e-02
-5.41842000 1.37797000e-01
-5.38842000 1.88175000e-01
-5.35842000 2.55385000e-01
-5.32842000 3.52623000e-01
-5.29842000 5.03706000e-01
-5.26842000 7.57022000e-01
-5.23842000 1.21977000e+00
-5.20842000 2.13362000e+00
-5.17842000 3.84536000e+00
-5.14842000 5.25966000e+00
-5.09235000 2.33403000e+00
-5.06235000 1.32325000e+00
-5.03235000 8.15835000e-01
-5.00235000 5.42849000e-01
-4.97235000 3.83309000e-01
-4.94235000 2.83298000e-01
-4.91235000 2.16989000e-01
-4.88235000 1.71016000e-01
-4.85235000 1.37979000e-01
-4.82235000 1.13538000e-01
-4.79235000 9.50212000e-02
-4.76235000 8.07142000e-02
-4.73235000 6.94799000e-02
-4.70235000 6.05402000e-02
-4.67235000 5.33488000e-02
-4.64235000 4.75134000e-02
-4.61235000 4.27469000e-02
-4.58235000 3.88355000e-02
-4.55235000 3.56172000e-02
-4.52235000 3.29680000e-02
-4.49235000 3.07919000e-02
-4.43628000 2.77444000e-02
-4.40628000 2.65594000e-02
-4.37628000 2.56321000e-02
-4.34628000 2.49315000e-02
-4.31628000 2.44327000e-02
-4.28628000 2.41158000e-02
-4.25628000 2.39653000e-02
-4.22628000 2.39688000e-02
-4.19628000 2.41173000e-02
-4.16628000 2.44042000e-02
-4.13628000 2.48252000e-02
-4.10628000 2.53782000e-02
-4.07628000 2.60632000e-02
-4.04628000 2.68822000e-02
-4.01628000 2.78391000e-02
-3.98628000 2.89401000e-02
-3.95628000 3.01937000e-02
-3.92628000 3.16109000e-02
-3.89628000 3.32056000e-02
-3.86628000 3.49951000e-02
-3.83628000 3.70008000e-02
-3.78021000 4.14244000e-02
-3.75021000 4.42179000e-02
-3.72021000 4.73680000e-02
-3.69021000 5.09343000e-02
-3.66021000 5.49918000e-02
-3.63021000 5.96362000e-02
-3.60021000 6.49909000e-02
-3.57021000 7.12180000e-02
-3.54021000 7.85342000e-02
-3.51021000 8.72364000e-02
-3.48021000 9.77416000e-02
-3.45021000 1.10654000e-01
-3.42021000 1.26885000e-01
-3.39021000 1.47865000e-01
-3.36021000 1.75967000e-01
-3.33021000 2.15383000e-01
-3.30021000 2.74090000e-01
-3.27021000 3.68586000e-01
-3.24021000 5.35620000e-01
-3.21021000 8.54079000e-01
-3.18021000 1.37975000e+00
-3.12414000 1.22911000e+00
-3.09414000 8.96587000e-01
-3.06414000 7.98110000e-01
-3.03414000 8.66115000e-01
-3.00414000 1.10053000e+00
-2.97414000 1.59984000e+00
-2.94414000 2.58983000e+00
-2.91414000 3.97834000e+00
-2.88414000 4.18150000e+00
-2.85414000 3.90890000e+00
-2.82414000 4.96211000e+00
-2.79414000 6.95312000e+00
-2.76414000 6.21033000e+00
-2.73414000 3.72507000e+00
-2.70414000 2.23688000e+00
-2.67414000 1.55581000e+00
-2.64414000 1.25235000e+00
-2.61414000 9.98384000e-01
-2.58414000 7.86559000e-01
-2.55414000 5.87465000e-01
-2.52414000 4.35605000e-01
-2.46808000 2.85986000e-01
-2.43808000 2.41746000e-01
-2.40808000 2.10093000e-01
-2.37808000 1.86841000e-01
-2.34808000 1.69653000e-01
-2.31808000 1.57251000e-01
-2.28808000 1.49171000e-01
-2.25808000 1.45708000e-01
-2.22808000 1.45700000e-01
-2.19808000 1.41900000e-01
-2.16808000 1.36988000e-01
-2.13808000 1.36335000e-01
-2.10808000 1.39752000e-01
-2.07808000 1.46993000e-01
-2.04808000 1.58548000e-01
-2.01808000 1.75610000e-01
-1.98808000 2.00296000e-01
-1.95808000 2.36243000e-01
-1.92808000 2.89913000e-01
-1.89808000 3.73451000e-01
-1.86808000 5.10800000e-01
-1.81201000 1.06044000e+00
-1.78201000 1.68165000e+00
-1.75201000 2.91374000e+00
-1.72201000 4.24553000e+00
-1.69201000 3.43552000e+00
-1.66201000 1.96168000e+00
-1.63201000 1.13244000e+00
-1.60201000 7.15962000e-01
-1.57201000 4.92153000e-01
-1.54201000 3.61603000e-01
-1.51201000 2.80085000e-01
-1.48201000 2.26479000e-01
-1.45201000 1.89929000e-01
-1.42201000 1.64500000e-01
-1.39201000 1.46823000e-01
-1.36201000 1.34979000e-01
-1.33201000 1.27979000e-01
-1.30201000 1.25545000e-01
-1.27201000 1.28130000e-01
-1.24201000 1.37201000e-01
-1.21201000 1.56011000e-01
-1.15594000 2.47530000e-01
-1.12594000 3.70810000e-01
-1.09594000 6.19880000e-01
-1.06594000 9.82583000e-01
-1.03594000 9.59572000e-01
-1.00594000 5.95553000e-01
-0.97593700 3.54492000e-01
-0.94593700 2.29681000e-01
-0.91593700 1.63534000e-01
-0.88593700 1.25880000e-01
-0.85593700 1.03014000e-01
-0.82593700 8.87034000e-02
-0.79593700 8.02004000e-02
-0.76593700 7.68879000e-02
-0.73593700 8.02307000e-02
-0.70593700 9.14052000e-02
-0.67593700 9.34371000e-02
-0.64593700 7.58909000e-02
-0.61593700 6.13269000e-02
-0.58593700 5.26277000e-02
-0.55593700 4.74189000e-02
-0.49986800 4.19663000e-02
-0.46986800 4.01528000e-02
-0.43986800 3.87642000e-02
-0.40986800 3.76815000e-02
-0.37986800 3.68385000e-02
-0.34986800 3.62019000e-02
-0.31986800 3.57639000e-02
-0.28986800 3.55457000e-02
-0.25986800 3.56151000e-02
-0.22986800 3.61346000e-02
-0.19986800 3.74834000e-02
-0.16986800 4.05176000e-02
-0.13986800 4.62581000e-02
-0.10986800 5.00411000e-02
-0.07986820 4.53772000e-02
-0.04986820 4.13033000e-02
-0.01986820 4.04898000e-02
0.01013180 3.96023000e-02
0.04013180 3.72437000e-02
0.07013180 3.58602000e-02
0.10013200 3.56753000e-02
0.15620100 3.64837000e-02
0.18620100 3.56597000e-02
0.21620100 3.51670000e-02
0.24620100 3.51893000e-02
0.27620100 3.55520000e-02
0.30620100 3.61837000e-02
0.33620100 3.70931000e-02
0.36620100 3.83522000e-02
0.39620100 4.01182000e-02
0.42620100 4.27076000e-02
0.45620100 4.67369000e-02
0.48620100 5.33259000e-02
0.51620100 6.35791000e-02
0.54620100 7.20528000e-02
0.57620100 7.90068000e-02
0.60620100 9.80445000e-02
0.63620100 1.22697000e-01
0.66620100 1.15168000e-01
0.69620100 9.80972000e-02
0.72620100 9.59069000e-02
0.75620100 1.06813000e-01
