# E(MeV)  S_NSDRNSDR(K=0) for Pr151_DDPCX
-3.99320000 6.30383000e-01
-3.96320000 8.43255000e-01
-3.93320000 1.17321000e+00
-3.90320000 1.71927000e+00
-3.87320000 2.69773000e+00
-3.84320000 4.60213000e+00
-3.81320000 8.33341000e+00
-3.78320000 1.28311000e+01
-3.75320000 1.10209000e+01
-3.72320000 6.31018000e+00
-3.69320000 3.55117000e+00
-3.66320000 2.16974000e+00
-3.63320000 1.43390000e+00
-3.60320000 1.00762000e+00
-3.57320000 7.42098000e-01
-3.54320000 5.66784000e-01
-3.51265000 4.43652000e-01
-3.48265000 3.57022000e-01
-3.45265000 2.92809000e-01
-3.42265000 2.43985000e-01
-3.39265000 2.06061000e-01
-3.36265000 1.76066000e-01
-3.33265000 1.51973000e-01
-3.30265000 1.32362000e-01
-3.27265000 1.16216000e-01
-3.24265000 1.02791000e-01
-3.21265000 9.15320000e-02
-3.18265000 8.20203000e-02
-3.15265000 7.39347000e-02
-3.12265000 6.70259000e-02
-3.09265000 6.10983000e-02
-3.06265000 5.59973000e-02
-3.03210000 5.15254000e-02
-3.00210000 4.77428000e-02
-2.97210000 4.44846000e-02
-2.94210000 4.16881000e-02
-2.91210000 3.93035000e-02
-2.88210000 3.72924000e-02
-2.85210000 3.56264000e-02
-2.82210000 3.42866000e-02
-2.79210000 3.32632000e-02
-2.76210000 3.25567000e-02
-2.73210000 3.21792000e-02
-2.70210000 3.21570000e-02
-2.67210000 3.25357000e-02
-2.64210000 3.33872000e-02
-2.61210000 3.48225000e-02
-2.58210000 3.70124000e-02
-2.55156000 4.02939000e-02
-2.52156000 4.49862000e-02
-2.49156000 5.18571000e-02
-2.46156000 6.21642000e-02
-2.43156000 7.82411000e-02
-2.40156000 1.04735000e-01
-2.37156000 1.51645000e-01
-2.34156000 2.41770000e-01
-2.31156000 4.21330000e-01
-2.28156000 6.84219000e-01
-2.25156000 6.73475000e-01
-2.22156000 4.09844000e-01
-2.19156000 2.36209000e-01
-2.16156000 1.49334000e-01
-2.13156000 1.04060000e-01
-2.10156000 7.85082000e-02
-2.07101000 6.28561000e-02
-2.04101000 5.31457000e-02
-2.01101000 4.68016000e-02
-1.98101000 4.26291000e-02
-1.95101000 3.99539000e-02
-1.92101000 3.83861000e-02
-1.89101000 3.77040000e-02
-1.86101000 3.77979000e-02
-1.83101000 3.86452000e-02
-1.80101000 4.03088000e-02
-1.77101000 4.29584000e-02
-1.74101000 4.69289000e-02
-1.71101000 5.28493000e-02
-1.68101000 6.19352000e-02
-1.65101000 7.66864000e-02
-1.62101000 1.02626000e-01
-1.59046000 1.53447000e-01
-1.56046000 2.45981000e-01
-1.53046000 3.25703000e-01
-1.50046000 2.60672000e-01
-1.47046000 1.77563000e-01
-1.44046000 1.39081000e-01
-1.41046000 1.29090000e-01
-1.38046000 1.38042000e-01
-1.35046000 1.67530000e-01
-1.32046000 2.30467000e-01
-1.29046000 3.36530000e-01
-1.26046000 3.85597000e-01
-1.23046000 3.23889000e-01
-1.20046000 2.94668000e-01
-1.17046000 3.23757000e-01
-1.14046000 4.11830000e-01
-1.10992000 5.93125000e-01
-1.07992000 9.48355000e-01
-1.04992000 1.66373000e+00
-1.01992000 2.73934000e+00
-0.98991600 2.75665000e+00
-0.95991600 1.68899000e+00
-0.92991600 9.74234000e-01
-0.89991600 6.25945000e-01
-0.86991600 4.61419000e-01
-0.83991600 3.98304000e-01
-0.80991600 4.17469000e-01
-0.77991600 5.42543000e-01
-0.74991600 7.64206000e-01
-0.71991600 8.11978000e-01
-0.68991600 5.85458000e-01
-0.65991600 3.62822000e-01
-0.62937000 2.36515000e-01
-0.59937000 1.71845000e-01
-0.56937000 1.36895000e-01
-0.53937000 1.19340000e-01
-0.50937000 1.16217000e-01
-0.47937000 1.30831000e-01
-0.44937000 1.55747000e-01
-0.41937000 1.38800000e-01
-0.38937000 9.89427000e-02
-0.35937000 7.39868000e-02
-0.32937000 6.02313000e-02
-0.29937000 5.19857000e-02
-0.26937000 4.65652000e-02
-0.23937000 4.27484000e-02
-0.20937000 3.99350000e-02
-0.17937000 3.78044000e-02
-0.14882300 3.61475000e-02
-0.11882300 3.49147000e-02
-0.08882310 3.40109000e-02
-0.05882310 3.34097000e-02
-0.02882310 3.31197000e-02
0.00117690 3.32024000e-02
0.03117690 3.38243000e-02
0.06117690 3.53600000e-02
0.09117690 3.81490000e-02
0.12117700 3.99536000e-02
0.15117700 3.90960000e-02
0.18117700 3.92642000e-02
0.21117700 4.14167000e-02
0.24117700 4.58455000e-02
0.27117700 5.38240000e-02
0.30117700 6.86251000e-02
0.33172300 9.84669000e-02
0.36172300 1.51521000e-01
0.39172300 1.86521000e-01
0.42172300 1.43278000e-01
0.45172300 1.00285000e-01
0.48172300 8.16623000e-02
0.51172300 7.85776000e-02
0.54172300 8.53649000e-02
0.57172300 9.41978000e-02
0.60172300 1.09432000e-01
0.63172300 1.46573000e-01
0.66172300 2.26785000e-01
0.69172300 3.71282000e-01
0.72172300 4.49429000e-01
0.75172300 3.22212000e-01
0.78172300 2.09490000e-01
