# E(MeV)  S_GAMTGAMT(K=0) for Pt229_DDPCX
-11.02350000 3.23718000e-03
-10.99350000 3.18602000e-03
-10.96350000 3.16327000e-03
-10.93350000 3.15485000e-03
-10.90350000 3.15429000e-03
-10.87350000 3.15837000e-03
-10.84350000 3.16536000e-03
-10.81350000 3.17429000e-03
-10.78350000 3.18457000e-03
-10.75350000 3.19584000e-03
-10.72350000 3.20785000e-03
-10.69350000 3.22044000e-03
-10.66350000 3.23351000e-03
-10.63350000 3.24697000e-03
-10.60350000 3.26077000e-03
-10.57350000 3.27488000e-03
-10.54350000 3.28925000e-03
-10.51350000 3.30388000e-03
-10.48350000 3.31874000e-03
-10.45350000 3.33382000e-03
-10.42350000 3.34911000e-03
-10.39350000 3.36462000e-03
-10.36350000 3.38032000e-03
-10.33350000 3.39623000e-03
-10.30350000 3.41234000e-03
-10.27350000 3.42866000e-03
-10.24350000 3.44517000e-03
-10.21350000 3.46189000e-03
-10.18350000 3.47882000e-03
-10.15350000 3.49595000e-03
-10.12350000 3.51331000e-03
-10.09350000 3.53088000e-03
-10.06350000 3.54869000e-03
-10.03350000 3.56672000e-03
-10.00350000 3.58500000e-03
-9.97350000 3.60353000e-03
-9.94350000 3.62231000e-03
-9.91350000 3.64137000e-03
-9.88350000 3.66071000e-03
-9.83992000 3.68934000e-03
-9.80992000 3.70945000e-03
-9.77992000 3.72989000e-03
-9.74992000 3.75071000e-03
-9.71992000 3.77193000e-03
-9.68992000 3.79358000e-03
-9.65992000 3.81572000e-03
-9.62992000 3.83840000e-03
-9.59992000 3.86169000e-03
-9.56992000 3.88570000e-03
-9.53992000 3.91057000e-03
-9.50992000 3.93647000e-03
-9.47992000 3.96369000e-03
-9.44992000 3.99264000e-03
-9.41992000 4.02394000e-03
-9.38992000 4.05866000e-03
-9.35992000 4.09864000e-03
-9.32992000 4.14732000e-03
-9.29992000 4.21175000e-03
-9.26992000 4.30737000e-03
-9.23992000 4.46804000e-03
-9.20992000 4.73180000e-03
-9.17992000 4.91399000e-03
-9.14992000 4.79374000e-03
-9.11992000 4.72549000e-03
-9.08992000 4.84311000e-03
-9.05992000 5.15921000e-03
-9.02992000 5.36142000e-03
-8.99992000 5.07153000e-03
-8.96992000 4.79576000e-03
-8.93992000 4.66727000e-03
-8.90992000 4.61773000e-03
-8.87992000 4.60596000e-03
-8.84992000 4.61379000e-03
-8.81992000 4.63299000e-03
-8.78992000 4.65958000e-03
-8.75992000 4.69154000e-03
-8.72992000 4.72788000e-03
-8.69992000 4.76816000e-03
-8.65635000 4.83375000e-03
-8.62635000 4.88450000e-03
-8.59635000 4.94128000e-03
-8.56635000 5.00702000e-03
-8.53635000 5.08678000e-03
-8.50635000 5.17557000e-03
-8.47635000 5.24035000e-03
-8.44635000 5.30133000e-03
-8.41635000 5.38343000e-03
-8.38635000 5.48722000e-03
-8.35635000 5.61449000e-03
-8.32635000 5.77173000e-03
-8.29635000 5.97110000e-03
-8.26635000 6.23377000e-03
-8.23635000 6.59770000e-03
-8.20635000 7.13518000e-03
-8.17635000 7.99490000e-03
-8.14635000 9.50665000e-03
-8.11635000 1.24076000e-02
-8.08635000 1.76640000e-02
-8.05635000 2.15783000e-02
-8.02635000 1.75420000e-02
-7.99635000 1.31446000e-02
-7.96635000 1.12535000e-02
-7.93635000 1.10617000e-02
-7.90635000 1.23594000e-02
-7.87635000 1.53595000e-02
-7.84635000 1.80104000e-02
-7.81635000 1.92443000e-02
-7.78635000 2.08965000e-02
-7.75635000 1.79368000e-02
-7.72635000 1.44829000e-02
-7.69635000 1.35003000e-02
-7.66635000 1.42435000e-02
-7.63635000 1.68538000e-02
-7.60635000 2.00986000e-02
-7.57635000 1.76061000e-02
-7.54635000 1.33954000e-02
-7.51635000 1.10937000e-02
-7.47277000 9.77723000e-03
-7.44277000 9.52181000e-03
-7.41277000 9.58995000e-03
-7.38277000 9.98401000e-03
-7.35277000 1.06816000e-02
-7.32277000 1.11112000e-02
-7.29277000 1.13988000e-02
-7.26277000 1.22004000e-02
-7.23277000 1.27374000e-02
-7.20277000 1.27221000e-02
-7.17277000 1.31673000e-02
-7.14277000 1.41056000e-02
-7.11277000 1.53253000e-02
-7.08277000 1.71759000e-02
-7.05277000 2.00685000e-02
-7.02277000 2.42932000e-02
-6.99277000 3.03423000e-02
-6.96277000 4.07527000e-02
-6.93277000 6.05597000e-02
-6.90277000 9.98712000e-02
-6.87277000 1.64595000e-01
-6.84277000 1.83822000e-01
-6.81277000 1.24563000e-01
-6.78277000 8.04715000e-02
-6.75277000 6.20693000e-02
-6.72277000 6.04166000e-02
-6.69277000 7.40084000e-02
-6.66277000 1.03032000e-01
-6.63277000 1.32136000e-01
-6.60277000 1.10883000e-01
-6.57277000 7.40418000e-02
-6.54277000 5.74619000e-02
-6.51277000 5.68616000e-02
-6.48277000 5.52775000e-02
-6.45277000 4.08751000e-02
-6.42277000 2.94226000e-02
-6.39277000 2.31694000e-02
-6.36277000 1.96476000e-02
-6.33277000 1.75712000e-02
-6.28919000 1.59691000e-02
-6.25919000 1.55049000e-02
-6.22919000 1.55154000e-02
-6.19919000 1.60232000e-02
-6.16919000 1.67775000e-02
-6.13919000 1.82700000e-02
-6.10919000 2.09381000e-02
-6.07919000 2.12370000e-02
-6.04919000 1.92233000e-02
-6.01919000 1.83194000e-02
-5.98919000 1.73809000e-02
-5.95919000 1.64812000e-02
-5.92919000 1.62364000e-02
-5.89919000 1.65057000e-02
-5.86919000 1.71316000e-02
-5.83919000 1.82905000e-02
-5.80919000 2.04297000e-02
-5.77919000 2.33963000e-02
-5.74919000 2.41138000e-02
-5.71919000 2.31843000e-02
-5.68919000 2.35551000e-02
-5.65919000 2.53005000e-02
-5.62919000 2.70022000e-02
-5.59919000 2.88840000e-02
-5.56919000 3.21740000e-02
-5.53919000 3.61707000e-02
-5.50919000 4.19373000e-02
-5.47919000 5.24154000e-02
-5.44919000 7.21762000e-02
-5.41919000 1.10936000e-01
-5.38919000 1.75786000e-01
-5.35919000 2.02517000e-01
-5.32919000 1.49957000e-01
-5.29919000 1.01874000e-01
-5.26919000 7.77314000e-02
-5.23919000 6.82135000e-02
-5.20919000 6.66072000e-02
-5.17919000 7.03260000e-02
-5.14919000 7.89397000e-02
-5.10562000 9.97432000e-02
-5.07562000 1.21523000e-01
-5.04562000 1.56920000e-01
-5.01562000 2.16126000e-01
-4.98562000 3.19639000e-01
-4.95562000 5.17165000e-01
-4.92562000 9.12248000e-01
-4.89562000 1.51144000e+00
-4.86562000 1.53752000e+00
-4.83562000 9.44870000e-01
-4.80562000 5.40682000e-01
-4.77562000 3.42262000e-01
-4.74562000 2.48846000e-01
-4.71562000 2.05040000e-01
-4.68562000 1.62957000e-01
-4.65562000 1.23998000e-01
-4.62562000 1.00301000e-01
-4.59562000 8.90655000e-02
-4.56562000 8.61333000e-02
-4.53562000 8.03880000e-02
-4.50562000 6.76666000e-02
-4.47562000 5.74995000e-02
-4.44562000 5.15082000e-02
-4.41562000 4.80792000e-02
-4.38562000 4.64968000e-02
-4.35562000 4.64007000e-02
-4.32562000 4.67728000e-02
-4.29562000 4.71786000e-02
-4.26562000 4.90084000e-02
-4.23562000 5.30539000e-02
-4.20562000 6.06126000e-02
-4.17562000 7.47375000e-02
-4.14562000 9.91888000e-02
-4.11562000 1.21868000e-01
-4.08562000 1.34683000e-01
-4.05562000 1.62230000e-01
-4.02562000 1.60895000e-01
-3.99562000 1.25243000e-01
-3.96562000 1.04961000e-01
-3.92204000 1.04084000e-01
-3.89204000 1.18469000e-01
-3.86204000 1.43486000e-01
-3.83204000 1.59744000e-01
-3.80204000 1.68428000e-01
-3.77204000 1.93681000e-01
-3.74204000 2.43227000e-01
-3.71204000 3.28765000e-01
-3.68204000 4.76274000e-01
-3.65204000 7.34091000e-01
-3.62204000 1.22336000e+00
-3.59204000 2.10827000e+00
-3.56204000 2.70101000e+00
-3.53204000 2.02953000e+00
-3.50204000 1.18937000e+00
-3.47204000 7.03270000e-01
-3.44204000 4.58163000e-01
-3.41204000 3.28918000e-01
-3.38204000 2.54952000e-01
-3.35204000 2.15677000e-01
-3.32204000 1.97268000e-01
-3.29204000 1.94287000e-01
-3.26204000 1.97731000e-01
-3.23204000 1.90172000e-01
-3.20204000 2.02739000e-01
-3.17204000 2.35162000e-01
-3.14204000 2.23375000e-01
-3.11204000 1.72626000e-01
-3.08204000 1.44856000e-01
-3.05204000 1.34652000e-01
-3.02204000 1.41781000e-01
-2.99204000 1.59939000e-01
-2.96204000 1.59160000e-01
-2.93204000 1.50091000e-01
-2.90204000 1.22850000e-01
-2.87204000 9.85280000e-02
-2.84204000 8.68129000e-02
-2.81204000 8.28624000e-02
-2.78204000 8.38974000e-02
-2.73846000 9.12325000e-02
-2.70846000 9.53999000e-02
-2.67846000 1.01397000e-01
-2.64846000 1.11419000e-01
-2.61846000 1.25528000e-01
-2.58846000 1.45782000e-01
-2.55846000 1.75116000e-01
-2.52846000 2.18909000e-01
-2.49846000 2.86869000e-01
-2.46846000 3.98108000e-01
-2.43846000 5.93962000e-01
-2.40846000 9.52850000e-01
-2.37846000 1.59017000e+00
-2.34846000 2.58063000e+00
-2.31846000 2.79568000e+00
-2.28846000 1.81416000e+00
-2.25846000 1.03580000e+00
-2.22846000 6.34699000e-01
-2.19846000 4.29007000e-01
-2.16846000 3.15819000e-01
-2.13846000 2.49195000e-01
-2.10846000 2.07912000e-01
-2.07846000 1.82409000e-01
-2.04846000 1.67610000e-01
-2.01846000 1.60740000e-01
-1.98846000 1.60337000e-01
-1.95846000 1.66261000e-01
-1.92846000 1.79292000e-01
-1.89846000 1.99099000e-01
-1.86846000 2.28960000e-01
-1.83846000 2.76759000e-01
-1.80846000 3.53121000e-01
-1.77846000 4.77126000e-01
-1.74846000 6.94977000e-01
-1.71846000 1.09399000e+00
-1.68846000 1.83854000e+00
-1.65846000 3.03471000e+00
-1.62846000 3.27414000e+00
-1.59846000 2.09612000e+00
-1.55488000 1.01315000e+00
-1.52488000 7.33498000e-01
-1.49488000 6.39746000e-01
-1.46488000 6.87395000e-01
-1.43488000 9.13314000e-01
-1.40488000 1.38483000e+00
-1.37488000 1.76569000e+00
-1.34488000 1.37316000e+00
-1.31488000 8.16437000e-01
-1.28488000 5.04122000e-01
-1.25488000 3.44569000e-01
-1.22488000 2.57776000e-01
-1.19488000 2.03774000e-01
-1.16488000 1.65358000e-01
-1.13488000 1.37210000e-01
-1.10488000 1.16420000e-01
-1.07488000 1.01552000e-01
-1.04488000 9.07507000e-02
-1.01488000 8.30472000e-02
-0.98488400 7.76932000e-02
-0.95488400 7.40187000e-02
-0.92488400 7.10501000e-02
-0.89488400 6.94406000e-02
-0.86488400 7.04659000e-02
-0.83488400 7.41852000e-02
-0.80488400 7.68871000e-02
-0.77488400 8.13829000e-02
-0.74488400 9.44733000e-02
-0.71488400 1.17374000e-01
-0.68488400 1.35630000e-01
-0.65488400 1.34660000e-01
-0.62488400 1.44887000e-01
-0.59488400 1.39851000e-01
-0.56488400 1.12390000e-01
-0.53488400 9.78709000e-02
-0.50488400 9.82395000e-02
-0.47488400 1.12226000e-01
-0.44488400 1.45329000e-01
-0.41488400 2.05429000e-01
-0.37130700 2.60895000e-01
-0.34130700 2.33605000e-01
-0.31130700 2.50835000e-01
-0.28130700 3.42902000e-01
-0.25130700 5.07929000e-01
-0.22130700 6.13343000e-01
-0.19130700 5.67493000e-01
-0.16130700 3.93558000e-01
-0.13130700 2.52983000e-01
-0.10130700 1.71888000e-01
-0.07130700 1.27248000e-01
-0.04130700 1.03635000e-01
-0.01130700 9.18146000e-02
0.01869300 8.62117000e-02
0.04869300 8.49647000e-02
0.07869300 8.94012000e-02
0.10869300 9.63848000e-02
0.13869300 9.71121000e-02
0.16869300 1.01850000e-01
0.19869300 1.17123000e-01
0.22869300 1.47948000e-01
0.25869300 2.13366000e-01
0.28869300 3.37882000e-01
0.31869300 4.50524000e-01
0.34869300 3.95884000e-01
0.37869300 3.31658000e-01
0.40869300 3.06701000e-01
0.43869300 2.28254000e-01
0.46869300 1.61977000e-01
0.49869300 1.30576000e-01
0.52869300 1.17383000e-01
0.55869300 1.17761000e-01
0.58869300 1.20755000e-01
0.61869300 1.12415000e-01
0.64869300 1.07958000e-01
0.67869300 1.16601000e-01
0.70869300 1.43226000e-01
0.73869300 1.97316000e-01
0.76869300 2.59954000e-01
