# E(MeV)  S_GAMTGAMT(Total=K0+2*K1) for Pt229_DDPCX
-11.02350000 9.29104000e-03
-10.99350000 9.26520000e-03
-10.96350000 9.26793000e-03
-10.93350000 9.28519000e-03
-10.90350000 9.31049000e-03
-10.87350000 9.34063000e-03
-10.84350000 9.37386000e-03
-10.81350000 9.40923000e-03
-10.78350000 9.44615000e-03
-10.75350000 9.48426000e-03
-10.72350000 9.52333000e-03
-10.69350000 9.56318000e-03
-10.66350000 9.60373000e-03
-10.63350000 9.64487000e-03
-10.60350000 9.68659000e-03
-10.57350000 9.72884000e-03
-10.54350000 9.77159000e-03
-10.51350000 9.81484000e-03
-10.48350000 9.85856000e-03
-10.45350000 9.90276000e-03
-10.42350000 9.94745000e-03
-10.39350000 9.99262000e-03
-10.36350000 1.00383000e-02
-10.33350000 1.00845100e-02
-10.30350000 1.01313400e-02
-10.27350000 1.01789000e-02
-10.24350000 1.02274700e-02
-10.21350000 1.02776700e-02
-10.18350000 1.03302800e-02
-10.15350000 1.03820300e-02
-10.12350000 1.04278300e-02
-10.09350000 1.04739400e-02
-10.06350000 1.05224700e-02
-10.03350000 1.05725600e-02
-10.00350000 1.06237200e-02
-9.97350000 1.06757300e-02
-9.94350000 1.07284900e-02
-9.91350000 1.07819900e-02
-9.88350000 1.08362300e-02
-9.83992000 1.09164000e-02
-9.80992000 1.09725900e-02
-9.77992000 1.10296100e-02
-9.74992000 1.10875900e-02
-9.71992000 1.11465500e-02
-9.68992000 1.12066000e-02
-9.65992000 1.12678600e-02
-9.62992000 1.13304600e-02
-9.59992000 1.13946300e-02
-9.56992000 1.14606200e-02
-9.53992000 1.15287900e-02
-9.50992000 1.15996500e-02
-9.47992000 1.16739500e-02
-9.44992000 1.17527800e-02
-9.41992000 1.18379000e-02
-9.38992000 1.19321800e-02
-9.35992000 1.20406600e-02
-9.32992000 1.21726400e-02
-9.29992000 1.23468500e-02
-9.26992000 1.26038900e-02
-9.23992000 1.30342800e-02
-9.20992000 1.37871000e-02
-9.17992000 1.46539900e-02
-9.14992000 1.45355800e-02
-9.11992000 1.38694700e-02
-9.08992000 1.36149300e-02
-9.05992000 1.37698100e-02
-9.02992000 1.39123400e-02
-8.99992000 1.36118100e-02
-8.96992000 1.33518000e-02
-8.93992000 1.32551500e-02
-8.90992000 1.32447700e-02
-8.87992000 1.32745600e-02
-8.84992000 1.33296500e-02
-8.81992000 1.34017900e-02
-8.78992000 1.34862600e-02
-8.75992000 1.35811400e-02
-8.72992000 1.36865600e-02
-8.69992000 1.38050600e-02
-8.65635000 1.40132700e-02
-8.62635000 1.41735000e-02
-8.59635000 1.43027000e-02
-8.56635000 1.44438400e-02
-8.53635000 1.46375600e-02
-8.50635000 1.48975100e-02
-8.47635000 1.52338700e-02
-8.44635000 1.56688700e-02
-8.41635000 1.58770300e-02
-8.38635000 1.58470800e-02
-8.35635000 1.59486700e-02
-8.32635000 1.61915100e-02
-8.29635000 1.65501400e-02
-8.26635000 1.70507500e-02
-8.23635000 1.77535600e-02
-8.20635000 1.87844800e-02
-8.17635000 2.04081800e-02
-8.14635000 2.31942300e-02
-8.11635000 2.83172200e-02
-8.08635000 3.75348600e-02
-8.05635000 4.69453000e-02
-8.02635000 4.34560000e-02
-7.99635000 3.54012000e-02
-7.96635000 3.03887000e-02
-7.93635000 2.78704600e-02
-7.90635000 2.84145000e-02
-7.87635000 3.20636200e-02
-7.84635000 3.68489200e-02
-7.81635000 4.14763000e-02
-7.78635000 4.76527000e-02
-7.75635000 4.72848000e-02
-7.72635000 4.03231000e-02
-7.69635000 3.46733000e-02
-7.66635000 3.28310200e-02
-7.63635000 3.39807800e-02
-7.60635000 3.69286600e-02
-7.57635000 3.51818000e-02
-7.54635000 3.15232200e-02
-7.51635000 2.88714600e-02
-7.47277000 2.84498100e-02
-7.44277000 3.05224100e-02
-7.41277000 3.54429500e-02
-7.38277000 4.55242100e-02
-7.35277000 5.92202000e-02
-7.32277000 5.73720000e-02
-7.29277000 4.57460000e-02
-7.26277000 4.03156000e-02
-7.23277000 3.98780000e-02
-7.20277000 4.08821000e-02
-7.17277000 3.93063000e-02
-7.14277000 3.80764000e-02
-7.11277000 3.88295000e-02
-7.08277000 4.13319000e-02
-7.05277000 4.63811000e-02
-7.02277000 5.48250000e-02
-6.99277000 6.84343000e-02
-6.96277000 9.22257000e-02
-6.93277000 1.27369300e-01
-6.90277000 1.70157000e-01
-6.87277000 2.40108200e-01
-6.84277000 2.80696000e-01
-6.81277000 2.25688600e-01
-6.78277000 1.52807700e-01
-6.75277000 1.12986100e-01
-6.72277000 1.01327600e-01
-6.69277000 1.11209400e-01
-6.66277000 1.40389400e-01
-6.63277000 1.73332000e-01
-6.60277000 1.59590600e-01
-6.57277000 1.32697400e-01
-6.54277000 1.35336500e-01
-6.51277000 1.76446400e-01
-6.48277000 2.34393100e-01
-6.45277000 2.12991300e-01
-6.42277000 1.43042400e-01
-6.39277000 1.00672200e-01
-6.36277000 8.17796000e-02
-6.33277000 7.61604000e-02
-6.28919000 8.74513000e-02
-6.25919000 1.15645100e-01
-6.22919000 1.68798600e-01
-6.19919000 2.04506400e-01
-6.16919000 1.66560300e-01
-6.13919000 1.20551600e-01
-6.10919000 9.19213000e-02
-6.07919000 7.50832000e-02
-6.04919000 6.32067000e-02
-6.01919000 5.74352000e-02
-5.98919000 5.53389000e-02
-5.95919000 5.60538000e-02
-5.92919000 5.63388000e-02
-5.89919000 5.45335000e-02
-5.86919000 5.49188000e-02
-5.83919000 5.91357000e-02
-5.80919000 6.86239000e-02
-5.77919000 8.65857000e-02
-5.74919000 1.16551000e-01
-5.71919000 1.51849300e-01
-5.68919000 1.59058500e-01
-5.65919000 1.27255500e-01
-5.62919000 9.53326000e-02
-5.59919000 7.94864000e-02
-5.56919000 7.41926000e-02
-5.53919000 7.41325000e-02
-5.50919000 7.84189000e-02
-5.47919000 8.93374000e-02
-5.44919000 1.11603200e-01
-5.41919000 1.55883000e-01
-5.38919000 2.30555600e-01
-5.35919000 2.70085200e-01
-5.32919000 2.29769600e-01
-5.29919000 2.07755600e-01
-5.26919000 2.28698200e-01
-5.23919000 2.27869500e-01
-5.20919000 1.89571000e-01
-5.17919000 1.61258600e-01
-5.14919000 1.52974500e-01
-5.10562000 1.71155200e-01
-5.07562000 1.84956000e-01
-5.04562000 2.07852200e-01
-5.01562000 2.59566400e-01
-4.98562000 3.59551600e-01
-4.95562000 5.55648200e-01
-4.92562000 9.50749200e-01
-4.89562000 1.55130260e+00
-4.86562000 1.58063500e+00
-4.83562000 9.92821800e-01
-4.80562000 5.90483000e-01
-4.77562000 3.90795400e-01
-4.74562000 2.98533600e-01
-4.71562000 2.59235600e-01
-4.68562000 2.25860000e-01
-4.65562000 2.03212200e-01
-4.62562000 2.10656400e-01
-4.59562000 2.41910500e-01
-4.56562000 2.40800300e-01
-4.53562000 2.12706600e-01
-4.50562000 1.85925400e-01
-4.47562000 1.74351500e-01
-4.44562000 1.80981200e-01
-4.41562000 1.98224600e-01
-4.38562000 2.43779400e-01
-4.35562000 3.38788700e-01
-4.32562000 4.97824800e-01
-4.29562000 6.08218600e-01
-4.26562000 4.68646400e-01
-4.23562000 3.09807900e-01
-4.20562000 2.32563600e-01
-4.17562000 2.07765900e-01
-4.14562000 2.18944600e-01
-4.11562000 2.48844800e-01
-4.08562000 2.81973000e-01
-4.05562000 3.06905600e-01
-4.02562000 2.92541800e-01
-3.99562000 2.43166800e-01
-3.96562000 1.99653800e-01
-3.92204000 1.79384200e-01
-3.89204000 1.88748200e-01
-3.86204000 2.12236000e-01
-3.83204000 2.29633400e-01
-3.80204000 2.42283600e-01
-3.77204000 2.75789400e-01
-3.74204000 3.40674400e-01
-3.71204000 4.43288200e-01
-3.68204000 5.98139400e-01
-3.65204000 8.72290800e-01
-3.62204000 1.37994280e+00
-3.59204000 2.25322740e+00
-3.56204000 2.82624900e+00
-3.53204000 2.13943960e+00
-3.50204000 1.28960620e+00
-3.47204000 7.99905400e-01
-3.44204000 5.55695600e-01
-3.41204000 4.29820200e-01
-3.38204000 3.59576600e-01
-3.35204000 3.25951200e-01
-3.32204000 3.15642800e-01
-3.29204000 3.21269600e-01
-3.26204000 3.33556800e-01
-3.23204000 3.37004000e-01
-3.20204000 3.64330200e-01
-3.17204000 4.16415600e-01
-3.14204000 4.30917000e-01
-3.11204000 4.16442000e-01
-3.08204000 4.40704000e-01
-3.05204000 5.05468000e-01
-3.02204000 6.08819000e-01
-2.99204000 7.67569000e-01
-2.96204000 1.02079200e+00
-2.93204000 1.46530100e+00
-2.90204000 2.19507000e+00
-2.87204000 3.23582800e+00
-2.84204000 3.70767290e+00
-2.81204000 3.26290240e+00
-2.78204000 2.58819740e+00
-2.73846000 1.93180450e+00
-2.70846000 1.83943590e+00
-2.67846000 1.56480900e+00
-2.64846000 1.13053500e+00
-2.61846000 8.81498000e-01
-2.58846000 7.65634000e-01
-2.55846000 7.37492000e-01
-2.52846000 7.83403000e-01
-2.49846000 9.08183000e-01
-2.46846000 1.13750600e+00
-2.43846000 1.54356400e+00
-2.40846000 2.12293600e+00
-2.37846000 2.77953800e+00
-2.34846000 3.66968800e+00
-2.31846000 3.91052200e+00
-2.28846000 3.13845600e+00
-2.25846000 2.80138400e+00
-2.22846000 3.16745900e+00
-2.19846000 3.68618700e+00
-2.16846000 3.90641900e+00
-2.13846000 4.84489500e+00
-2.10846000 7.39699200e+00
-2.07846000 1.16659690e+01
-2.04846000 1.29627900e+01
-2.01846000 8.59502000e+00
-1.98846000 5.03823700e+00
-1.95846000 3.25026100e+00
-1.92846000 2.31231200e+00
-1.89846000 1.76666300e+00
-1.86846000 1.47038800e+00
-1.83846000 1.32190700e+00
-1.80846000 1.27219300e+00
-1.77846000 1.33504200e+00
-1.74846000 1.55118500e+00
-1.71846000 2.01169800e+00
-1.68846000 2.89618000e+00
-1.65846000 4.35694800e+00
-1.62846000 5.10367000e+00
-1.59846000 4.93792000e+00
-1.55488000 6.96261000e+00
-1.52488000 7.69287800e+00
-1.49488000 5.53392600e+00
-1.46488000 3.89949500e+00
-1.43488000 3.50407400e+00
-1.40488000 4.15029000e+00
-1.37488000 5.53311000e+00
-1.34488000 6.45528000e+00
-1.31488000 5.52895700e+00
-1.28488000 4.07798200e+00
-1.25488000 3.75844900e+00
-1.22488000 4.39091600e+00
-1.19488000 4.13293400e+00
-1.16488000 2.77257800e+00
-1.13488000 1.77773400e+00
-1.10488000 1.24179000e+00
-1.07488000 9.53882000e-01
-1.04488000 8.03900700e-01
-1.01488000 7.50101200e-01
-0.98488400 7.61935200e-01
-0.95488400 7.57634700e-01
-0.92488400 7.23282100e-01
-0.89488400 6.59826600e-01
-0.86488400 6.31795900e-01
-0.83488400 6.21877200e-01
-0.80488400 6.05967100e-01
-0.77488400 6.43948900e-01
-0.74488400 7.01879300e-01
-0.71488400 6.89262000e-01
-0.68488400 6.83978000e-01
-0.65488400 6.21282000e-01
-0.62488400 5.73853000e-01
-0.59488400 5.74753000e-01
-0.56488400 6.25670000e-01
-0.53488400 6.88102900e-01
-0.50488400 6.06575500e-01
-0.47488400 5.32812000e-01
-0.44488400 5.52765000e-01
-0.41488400 6.41291000e-01
-0.37130700 8.47223000e-01
-0.34130700 1.10097300e+00
-0.31130700 1.54249500e+00
-0.28130700 1.64331600e+00
-0.25130700 1.48362900e+00
-0.22130700 1.49342100e+00
-0.19130700 1.54675700e+00
-0.16130700 1.28978600e+00
-0.13130700 9.46273000e-01
-0.10130700 8.10456000e-01
-0.07130700 8.58834000e-01
-0.04130700 9.18013000e-01
-0.01130700 9.18804600e-01
0.01869300 1.07371570e+00
0.04869300 1.37519870e+00
0.07869300 1.72527120e+00
0.10869300 1.68666280e+00
0.13869300 1.48380610e+00
0.16869300 1.23773200e+00
0.19869300 9.53097000e-01
0.22869300 7.40942000e-01
0.25869300 6.59382000e-01
0.28869300 6.84092000e-01
0.31869300 7.39688000e-01
0.34869300 6.41328000e-01
0.37869300 5.47796000e-01
0.40869300 5.07373000e-01
0.43869300 4.21363800e-01
0.46869300 3.47580400e-01
0.49869300 3.09301000e-01
0.52869300 2.96298000e-01
0.55869300 3.03807600e-01
0.58869300 3.23841000e-01
0.61869300 3.58261000e-01
0.64869300 4.39910000e-01
0.67869300 5.38535000e-01
0.70869300 5.38012000e-01
0.73869300 5.41266000e-01
0.76869300 6.23652000e-01
