# E(MeV)  S_NSDRNSDR(K=0) for Pt229_DDPCX
-11.02350000 9.75744000e-02
-10.99350000 9.96087000e-02
-10.96350000 1.01655000e-01
-10.93350000 1.03714000e-01
-10.90350000 1.05787000e-01
-10.87350000 1.07876000e-01
-10.84350000 1.09981000e-01
-10.81350000 1.12105000e-01
-10.78350000 1.14247000e-01
-10.75350000 1.16410000e-01
-10.72350000 1.18594000e-01
-10.69350000 1.20802000e-01
-10.66350000 1.23034000e-01
-10.63350000 1.25292000e-01
-10.60350000 1.27576000e-01
-10.57350000 1.29890000e-01
-10.54350000 1.32234000e-01
-10.51350000 1.34609000e-01
-10.48350000 1.37018000e-01
-10.45350000 1.39461000e-01
-10.42350000 1.41941000e-01
-10.39350000 1.44460000e-01
-10.36350000 1.47018000e-01
-10.33350000 1.49619000e-01
-10.30350000 1.52263000e-01
-10.27350000 1.54954000e-01
-10.24350000 1.57692000e-01
-10.21350000 1.60481000e-01
-10.18350000 1.63322000e-01
-10.15350000 1.66218000e-01
-10.12350000 1.69171000e-01
-10.09350000 1.72184000e-01
-10.06350000 1.75260000e-01
-10.03350000 1.78401000e-01
-10.00350000 1.81610000e-01
-9.97350000 1.84891000e-01
-9.94350000 1.88247000e-01
-9.91350000 1.91682000e-01
-9.88350000 1.95198000e-01
-9.83992000 2.00459000e-01
-9.80992000 2.04193000e-01
-9.77992000 2.08024000e-01
-9.74992000 2.11955000e-01
-9.71992000 2.15992000e-01
-9.68992000 2.20141000e-01
-9.65992000 2.24407000e-01
-9.62992000 2.28796000e-01
-9.59992000 2.33315000e-01
-9.56992000 2.37971000e-01
-9.53992000 2.42772000e-01
-9.50992000 2.47727000e-01
-9.47992000 2.52843000e-01
-9.44992000 2.58133000e-01
-9.41992000 2.63606000e-01
-9.38992000 2.69276000e-01
-9.35992000 2.75157000e-01
-9.32992000 2.81267000e-01
-9.29992000 2.87627000e-01
-9.26992000 2.94261000e-01
-9.23992000 3.01204000e-01
-9.20992000 3.08500000e-01
-9.17992000 3.16218000e-01
-9.14992000 3.24466000e-01
-9.11992000 3.33429000e-01
-9.08992000 3.43469000e-01
-9.05992000 3.55355000e-01
-9.02992000 3.70805000e-01
-8.99992000 3.92792000e-01
-8.96992000 4.16651000e-01
-8.93992000 4.19592000e-01
-8.90992000 4.15487000e-01
-8.87992000 4.18450000e-01
-8.84992000 4.26331000e-01
-8.81992000 4.36919000e-01
-8.78992000 4.49258000e-01
-8.75992000 4.62973000e-01
-8.72992000 4.77945000e-01
-8.69992000 4.94174000e-01
-8.65635000 5.20151000e-01
-8.62635000 5.39878000e-01
-8.59635000 5.61322000e-01
-8.56635000 5.84730000e-01
-8.53635000 6.10412000e-01
-8.50635000 6.38770000e-01
-8.47635000 6.70332000e-01
-8.44635000 7.05815000e-01
-8.41635000 7.46241000e-01
-8.38635000 7.93173000e-01
-8.35635000 8.49228000e-01
-8.32635000 9.19249000e-01
-8.29635000 1.01210000e+00
-8.26635000 1.13275000e+00
-8.23635000 1.25410000e+00
-8.20635000 1.37351000e+00
-8.17635000 1.49307000e+00
-8.14635000 1.68173000e+00
-8.11635000 2.01257000e+00
-8.08635000 2.58363000e+00
-8.05635000 3.33735000e+00
-8.02635000 3.56701000e+00
-7.99635000 3.57979000e+00
-7.96635000 4.04368000e+00
-7.93635000 5.10878000e+00
-7.90635000 7.10582000e+00
-7.87635000 1.09226000e+01
-7.84635000 1.85080000e+01
-7.81635000 3.10195000e+01
-7.78635000 3.68055000e+01
-7.75635000 2.70512000e+01
-7.72635000 1.58909000e+01
-7.69635000 9.73113000e+00
-7.66635000 6.61959000e+00
-7.63635000 4.94983000e+00
-7.60635000 3.99304000e+00
-7.57635000 3.42128000e+00
-7.54635000 3.07710000e+00
-7.51635000 2.88097000e+00
-7.47277000 2.78634000e+00
-7.44277000 2.84406000e+00
-7.41277000 3.01203000e+00
-7.38277000 3.16715000e+00
-7.35277000 3.18001000e+00
-7.32277000 3.25328000e+00
-7.29277000 3.44010000e+00
-7.26277000 3.72795000e+00
-7.23277000 4.12278000e+00
-7.20277000 4.65112000e+00
-7.17277000 5.36327000e+00
-7.14277000 6.34714000e+00
-7.11277000 7.76012000e+00
-7.08277000 9.90175000e+00
-7.05277000 1.33875000e+01
-7.02277000 1.95725000e+01
-6.99277000 3.13255000e+01
-6.96277000 5.08434000e+01
-6.93277000 6.21731000e+01
-6.90277000 5.71514000e+01
-6.87277000 4.70926000e+01
-6.84277000 3.79054000e+01
-6.81277000 3.83815000e+01
-6.78277000 5.05990000e+01
-6.75277000 7.98655000e+01
-6.72277000 1.11324000e+02
-6.69277000 9.09497000e+01
-6.66277000 5.72825000e+01
-6.63277000 4.11819000e+01
-6.60277000 3.46548000e+01
-6.57277000 2.78900000e+01
-6.54277000 2.35674000e+01
-6.51277000 2.33436000e+01
-6.48277000 2.69140000e+01
-6.45277000 3.37789000e+01
-6.42277000 4.68986000e+01
-6.39277000 7.48610000e+01
-6.36277000 1.08515000e+02
-6.33277000 9.35482000e+01
-6.28919000 4.85832000e+01
-6.25919000 3.63384000e+01
-6.22919000 3.34977000e+01
-6.19919000 3.42446000e+01
-6.16919000 3.31443000e+01
-6.13919000 3.48785000e+01
-6.10919000 4.27963000e+01
-6.07919000 6.02567000e+01
-6.04919000 9.60389000e+01
-6.01919000 1.66301000e+02
-5.98919000 2.49116000e+02
-5.95919000 2.15030000e+02
-5.92919000 1.34487000e+02
-5.89919000 9.66196000e+01
-5.86919000 9.09994000e+01
-5.83919000 8.03878000e+01
-5.80919000 5.36748000e+01
-5.77919000 3.57849000e+01
-5.74919000 2.72459000e+01
-5.71919000 2.39614000e+01
-5.68919000 2.07605000e+01
-5.65919000 1.58241000e+01
-5.62919000 1.23249000e+01
-5.59919000 1.02789000e+01
-5.56919000 9.10248000e+00
-5.53919000 8.54848000e+00
-5.50919000 8.62491000e+00
-5.47919000 9.46332000e+00
-5.44919000 1.08062000e+01
-5.41919000 1.21532000e+01
-5.38919000 1.11577000e+01
-5.35919000 9.33555000e+00
-5.32919000 8.81596000e+00
-5.29919000 9.59740000e+00
-5.26919000 1.13062000e+01
-5.23919000 1.29360000e+01
-5.20919000 1.36865000e+01
-5.17919000 1.50883000e+01
-5.14919000 2.00477000e+01
-5.10562000 2.86998000e+01
-5.07562000 2.33898000e+01
-5.04562000 1.80332000e+01
-5.01562000 1.64245000e+01
-4.98562000 1.74919000e+01
-4.95562000 2.09625000e+01
-4.92562000 2.77427000e+01
-4.89562000 4.05102000e+01
-4.86562000 6.55934000e+01
-4.83562000 1.14156000e+02
-4.80562000 1.73574000e+02
-4.77562000 1.53481000e+02
-4.74562000 9.38111000e+01
-4.71562000 6.06884000e+01
-4.68562000 4.89699000e+01
-4.65562000 5.21737000e+01
-4.62562000 7.02603000e+01
-4.59562000 8.75915000e+01
-4.56562000 6.72433000e+01
-4.53562000 4.19481000e+01
-4.50562000 2.85411000e+01
-4.47562000 2.14740000e+01
-4.44562000 1.85879000e+01
-4.41562000 1.73815000e+01
-4.38562000 1.46250000e+01
-4.35562000 1.15223000e+01
-4.32562000 9.81340000e+00
-4.29562000 9.38948000e+00
-4.26562000 1.01932000e+01
-4.23562000 1.22489000e+01
-4.20562000 1.35463000e+01
-4.17562000 1.38733000e+01
-4.14562000 1.68251000e+01
-4.11562000 2.48506000e+01
-4.08562000 3.78791000e+01
-4.05562000 3.96823000e+01
-4.02562000 2.83443000e+01
-3.99562000 2.04603000e+01
-3.96562000 1.87146000e+01
-3.92204000 2.58845000e+01
-3.89204000 2.98031000e+01
-3.86204000 2.56978000e+01
-3.83204000 2.57596000e+01
-3.80204000 2.81285000e+01
-3.77204000 2.17716000e+01
-3.74204000 1.40322000e+01
-3.71204000 9.74739000e+00
-3.68204000 7.99339000e+00
-3.65204000 7.64095000e+00
-3.62204000 6.74544000e+00
-3.59204000 5.15649000e+00
-3.56204000 4.13412000e+00
-3.53204000 3.57211000e+00
-3.50204000 3.17335000e+00
-3.47204000 2.90527000e+00
-3.44204000 2.75836000e+00
-3.41204000 2.70143000e+00
-3.38204000 2.72076000e+00
-3.35204000 2.81655000e+00
-3.32204000 3.00173000e+00
-3.29204000 3.30243000e+00
-3.26204000 3.75605000e+00
-3.23204000 4.44813000e+00
-3.20204000 5.55441000e+00
-3.17204000 7.40536000e+00
-3.14204000 1.07209000e+01
-3.11204000 1.71335000e+01
-3.08204000 2.97532000e+01
-3.05204000 4.61648000e+01
-3.02204000 4.19637000e+01
-2.99204000 2.58424000e+01
-2.96204000 1.65883000e+01
-2.93204000 1.20636000e+01
-2.90204000 9.85537000e+00
-2.87204000 9.18559000e+00
-2.84204000 9.58277000e+00
-2.81204000 1.21351000e+01
-2.78204000 1.55540000e+01
-2.73846000 1.36693000e+01
-2.70846000 1.20089000e+01
-2.67846000 9.40697000e+00
-2.64846000 7.31465000e+00
-2.61846000 6.79634000e+00
-2.58846000 7.37751000e+00
-2.55846000 8.86183000e+00
-2.52846000 1.00378000e+01
-2.49846000 8.70755000e+00
-2.46846000 7.02569000e+00
-2.43846000 6.47256000e+00
-2.40846000 7.09286000e+00
-2.37846000 9.20832000e+00
-2.34846000 1.39961000e+01
-2.31846000 2.32781000e+01
-2.28846000 3.20199000e+01
-2.25846000 2.59574000e+01
-2.22846000 1.62494000e+01
-2.19846000 1.05942000e+01
-2.16846000 8.09442000e+00
-2.13846000 7.57256000e+00
-2.10846000 8.57909000e+00
-2.07846000 1.15856000e+01
-2.04846000 1.38451000e+01
-2.01846000 1.03872000e+01
-1.98846000 6.71567000e+00
-1.95846000 4.83928000e+00
-1.92846000 4.09800000e+00
-1.89846000 3.91826000e+00
-1.86846000 3.68440000e+00
-1.83846000 3.37202000e+00
-1.80846000 3.24637000e+00
-1.77846000 3.28548000e+00
-1.74846000 3.69532000e+00
-1.71846000 4.68127000e+00
-1.68846000 6.66575000e+00
-1.65846000 1.02484000e+01
-1.62846000 1.58259000e+01
-1.59846000 2.07737000e+01
-1.55488000 1.67559000e+01
-1.52488000 1.51775000e+01
-1.49488000 1.19006000e+01
-1.46488000 8.42579000e+00
-1.43488000 5.85295000e+00
-1.40488000 3.95642000e+00
-1.37488000 2.86636000e+00
-1.34488000 2.25825000e+00
-1.31488000 1.91209000e+00
-1.28488000 1.71368000e+00
-1.25488000 1.65902000e+00
-1.22488000 1.81366000e+00
-1.19488000 2.06232000e+00
-1.16488000 1.85065000e+00
-1.13488000 1.40033000e+00
-1.10488000 1.12161000e+00
-1.07488000 9.77596000e-01
-1.04488000 9.15703000e-01
-1.01488000 9.22165000e-01
-0.98488400 9.67482000e-01
-0.95488400 1.05573000e+00
-0.92488400 1.02153000e+00
-0.89488400 8.29505000e-01
-0.86488400 6.94491000e-01
-0.83488400 6.17444000e-01
-0.80488400 5.73000000e-01
-0.77488400 5.49429000e-01
-0.74488400 5.38201000e-01
-0.71488400 5.35384000e-01
-0.68488400 5.39613000e-01
-0.65488400 5.53335000e-01
-0.62488400 5.93859000e-01
-0.59488400 6.62971000e-01
-0.56488400 7.02663000e-01
-0.53488400 7.31469000e-01
-0.50488400 8.33971000e-01
-0.47488400 1.05768000e+00
-0.44488400 1.36892000e+00
-0.41488400 1.65389000e+00
-0.37130700 2.73409000e+00
-0.34130700 3.33049000e+00
-0.31130700 2.53528000e+00
-0.28130700 1.69807000e+00
-0.25130700 1.15256000e+00
-0.22130700 8.36562000e-01
-0.19130700 6.68114000e-01
-0.16130700 5.79262000e-01
-0.13130700 5.41848000e-01
-0.10130700 5.49342000e-01
-0.07130700 5.65860000e-01
-0.04130700 5.14085000e-01
-0.01130700 4.52799000e-01
0.01869300 4.25045000e-01
0.04869300 4.27544000e-01
0.07869300 4.57006000e-01
0.10869300 4.73111000e-01
0.13869300 4.56272000e-01
0.16869300 4.48842000e-01
0.19869300 4.43846000e-01
0.22869300 4.63641000e-01
0.25869300 5.10856000e-01
0.28869300 5.22811000e-01
0.31869300 5.22922000e-01
0.34869300 5.87214000e-01
0.37869300 7.33136000e-01
0.40869300 8.67040000e-01
0.43869300 9.70838000e-01
0.46869300 1.03959000e+00
0.49869300 9.51362000e-01
0.52869300 8.44342000e-01
0.55869300 8.47868000e-01
0.58869300 1.03148000e+00
0.61869300 1.41863000e+00
0.64869300 1.64308000e+00
0.67869300 1.48318000e+00
0.70869300 1.25147000e+00
0.73869300 1.03101000e+00
0.76869300 9.69870000e-01
