# E(MeV)  S_NSDRNSDR(K=0) for Pu271_DDPCX
-6.39589000 3.51894000e-01
-6.36589000 3.57315000e-01
-6.33589000 3.62922000e-01
-6.30589000 3.68747000e-01
-6.27589000 3.74845000e-01
-6.24589000 3.81311000e-01
-6.21589000 3.88342000e-01
-6.18589000 3.96361000e-01
-6.15589000 4.06319000e-01
-6.12589000 4.19585000e-01
-6.09589000 4.31928000e-01
-6.06589000 4.33542000e-01
-6.03589000 4.33974000e-01
-6.00589000 4.37764000e-01
-5.97589000 4.43582000e-01
-5.94589000 4.50479000e-01
-5.91589000 4.58041000e-01
-5.88589000 4.66090000e-01
-5.85589000 4.74547000e-01
-5.82589000 4.83379000e-01
-5.79589000 4.92575000e-01
-5.76589000 5.02137000e-01
-5.73589000 5.12073000e-01
-5.70589000 5.22398000e-01
-5.67507000 5.33426000e-01
-5.64507000 5.44596000e-01
-5.61507000 5.56217000e-01
-5.58507000 5.68316000e-01
-5.55507000 5.80922000e-01
-5.52507000 5.94070000e-01
-5.49507000 6.07795000e-01
-5.46507000 6.22138000e-01
-5.43507000 6.37145000e-01
-5.40507000 6.52866000e-01
-5.37507000 6.69361000e-01
-5.34507000 6.86700000e-01
-5.31507000 7.04969000e-01
-5.28507000 7.24284000e-01
-5.25507000 7.44826000e-01
-5.22507000 7.66884000e-01
-5.19507000 7.90528000e-01
-5.16507000 8.14387000e-01
-5.13507000 8.38745000e-01
-5.10507000 8.65169000e-01
-5.07507000 8.93831000e-01
-5.04507000 9.24775000e-01
-5.01507000 9.58187000e-01
-4.98507000 9.94357000e-01
-4.95426000 1.03479000e+00
-4.92426000 1.07784000e+00
-4.89426000 1.12516000e+00
-4.86426000 1.17755000e+00
-4.83426000 1.23605000e+00
-4.80426000 1.30203000e+00
-4.77426000 1.37738000e+00
-4.74426000 1.46473000e+00
-4.71426000 1.56788000e+00
-4.68426000 1.69252000e+00
-4.65426000 1.84760000e+00
-4.62426000 2.04777000e+00
-4.59426000 2.31867000e+00
-4.56426000 2.70823000e+00
-4.53426000 3.31343000e+00
-4.50426000 4.34681000e+00
-4.47426000 6.28858000e+00
-4.44426000 9.90884000e+00
-4.41426000 1.34878000e+01
-4.38426000 1.13353000e+01
-4.35426000 7.97794000e+00
-4.32426000 6.30741000e+00
-4.29426000 5.40270000e+00
-4.26426000 5.05922000e+00
-4.23344000 5.19195000e+00
-4.20344000 5.71543000e+00
-4.17344000 6.67379000e+00
-4.14344000 8.23109000e+00
-4.11344000 1.08432000e+01
-4.08344000 1.55829000e+01
-4.05344000 2.48432000e+01
-4.02344000 4.21093000e+01
-3.99344000 5.71927000e+01
-3.96344000 4.40317000e+01
-3.93344000 2.66018000e+01
-3.90344000 1.74020000e+01
-3.87344000 1.30226000e+01
-3.84344000 1.09421000e+01
-3.81344000 1.00563000e+01
-3.78344000 9.89553000e+00
-3.75344000 1.02682000e+01
-3.72344000 1.11272000e+01
-3.69344000 1.25274000e+01
-3.66344000 1.46356000e+01
-3.63344000 1.77959000e+01
-3.60344000 2.27014000e+01
-3.57344000 3.08024000e+01
-3.54344000 4.49198000e+01
-3.51263000 6.78736000e+01
-3.48263000 8.64418000e+01
-3.45263000 9.51201000e+01
-3.42263000 1.26140000e+02
-3.39263000 2.05833000e+02
-3.36263000 3.40414000e+02
-3.33263000 3.64854000e+02
-3.30263000 2.29165000e+02
-3.27263000 1.28893000e+02
-3.24263000 7.79196000e+01
-3.21263000 5.14844000e+01
-3.18263000 3.66490000e+01
-3.15263000 2.77143000e+01
-3.12263000 2.20726000e+01
-3.09263000 1.85216000e+01
-3.06263000 1.65279000e+01
-3.03263000 1.54045000e+01
-3.00263000 1.37536000e+01
-2.97263000 1.23241000e+01
-2.94263000 1.18460000e+01
-2.91263000 1.23738000e+01
-2.88263000 1.36380000e+01
-2.85263000 1.51700000e+01
-2.82263000 1.89758000e+01
-2.79181000 2.82046000e+01
-2.76181000 4.12640000e+01
-2.73181000 3.92459000e+01
-2.70181000 2.54753000e+01
-2.67181000 1.67568000e+01
-2.64181000 1.24602000e+01
-2.61181000 1.02853000e+01
-2.58181000 9.17582000e+00
-2.55181000 8.69511000e+00
-2.52181000 8.66473000e+00
-2.49181000 9.05964000e+00
-2.46181000 9.98594000e+00
-2.43181000 1.17656000e+01
-2.40181000 1.51524000e+01
-2.37181000 2.05706000e+01
-2.34181000 2.65996000e+01
-2.31181000 3.14585000e+01
-2.28181000 2.71182000e+01
-2.25181000 2.06359000e+01
-2.22181000 1.79575000e+01
-2.19181000 1.81352000e+01
-2.16181000 2.06807000e+01
-2.13181000 2.63462000e+01
-2.10181000 3.73562000e+01
-2.07099000 5.42538000e+01
-2.04099000 5.85063000e+01
-2.01099000 4.72024000e+01
-1.98099000 3.90635000e+01
-1.95099000 3.81246000e+01
-1.92099000 4.26549000e+01
-1.89099000 5.28145000e+01
-1.86099000 7.06638000e+01
-1.83099000 9.66432000e+01
-1.80099000 1.36430000e+02
-1.77099000 2.17593000e+02
-1.74099000 3.79098000e+02
-1.71099000 5.62975000e+02
-1.68099000 4.90229000e+02
-1.65099000 3.40047000e+02
-1.62099000 2.53540000e+02
-1.59099000 1.78213000e+02
-1.56099000 1.41046000e+02
-1.53099000 1.47538000e+02
-1.50099000 1.89437000e+02
-1.47099000 1.89948000e+02
-1.44099000 1.25024000e+02
-1.41099000 7.75287000e+01
-1.38099000 5.25770000e+01
-1.35018000 3.90903000e+01
-1.32018000 3.17478000e+01
-1.29018000 2.68690000e+01
-1.26018000 2.38307000e+01
-1.23018000 2.28976000e+01
-1.20018000 2.37459000e+01
-1.17018000 2.63969000e+01
-1.14018000 3.14230000e+01
-1.11018000 3.26185000e+01
-1.08018000 3.31801000e+01
-1.05018000 3.93263000e+01
-1.02018000 4.62112000e+01
-0.99017800 5.33212000e+01
-0.96017800 4.83180000e+01
-0.93017800 3.42998000e+01
-0.90017800 2.60887000e+01
-0.87017800 2.31874000e+01
-0.84017800 2.34640000e+01
-0.81017800 2.77490000e+01
-0.78017800 3.84214000e+01
-0.75017800 5.04209000e+01
-0.72017800 4.46887000e+01
-0.69017800 3.16208000e+01
-0.66017800 2.47642000e+01
-0.62936200 2.29354000e+01
-0.59936200 2.45700000e+01
-0.56936200 2.97268000e+01
-0.53936200 4.09647000e+01
-0.50936200 6.42913000e+01
-0.47936200 1.01541000e+02
-0.44936200 1.08346000e+02
-0.41936200 7.53394000e+01
-0.38936200 5.46254000e+01
-0.35936200 5.07019000e+01
-0.32936200 5.70977000e+01
-0.29936200 6.02214000e+01
-0.26936200 5.41298000e+01
-0.23936200 5.32396000e+01
-0.20936200 6.34998000e+01
-0.17936200 8.95253000e+01
-0.14936200 1.44420000e+02
-0.11936200 2.40980000e+02
-0.08936210 2.90805000e+02
-0.05936210 2.12835000e+02
-0.02936210 1.54583000e+02
0.00063795 1.54528000e+02
0.03063790 2.03556000e+02
0.06063790 2.22754000e+02
0.09145400 1.49630000e+02
0.12145400 9.23520000e+01
0.15145400 6.52667000e+01
0.18145400 5.51383000e+01
0.21145400 4.94540000e+01
0.24145400 4.50140000e+01
0.27145400 5.04292000e+01
0.30145400 6.37361000e+01
0.33145400 5.79990000e+01
0.36145400 3.85302000e+01
0.39145400 2.70715000e+01
0.42145400 2.17924000e+01
0.45145400 1.71166000e+01
0.48145400 1.31477000e+01
0.51145400 1.06786000e+01
0.54145400 8.95418000e+00
0.57145400 7.63109000e+00
0.60145400 6.77691000e+00
0.63145400 6.34930000e+00
0.66145400 6.26351000e+00
0.69145400 5.86273000e+00
0.72145400 5.06499000e+00
0.75145400 4.51894000e+00
0.78145400 4.16200000e+00
