# E(MeV)  S_NSDRNSDR(K=1) for Pu271_DDPCX
-6.39589000 3.66420000e-01
-6.36589000 3.72329000e-01
-6.33589000 3.78508000e-01
-6.30589000 3.85023000e-01
-6.27589000 3.91982000e-01
-6.24589000 3.99564000e-01
-6.21589000 4.08096000e-01
-6.18589000 4.18221000e-01
-6.15589000 4.31302000e-01
-6.12589000 4.50385000e-01
-6.09589000 4.81321000e-01
-6.06589000 5.25226000e-01
-6.03589000 5.39413000e-01
-6.00589000 5.10102000e-01
-5.97589000 4.90583000e-01
-5.94589000 4.84843000e-01
-5.91589000 4.86029000e-01
-5.88589000 4.90616000e-01
-5.85589000 4.97067000e-01
-5.82589000 5.04679000e-01
-5.79589000 5.13110000e-01
-5.76589000 5.22185000e-01
-5.73589000 5.31811000e-01
-5.70589000 5.41943000e-01
-5.67507000 5.52853000e-01
-5.64507000 5.63958000e-01
-5.61507000 5.75548000e-01
-5.58507000 5.87634000e-01
-5.55507000 6.00237000e-01
-5.52507000 6.13379000e-01
-5.49507000 6.27090000e-01
-5.46507000 6.41403000e-01
-5.43507000 6.56354000e-01
-5.40507000 6.71986000e-01
-5.37507000 6.88350000e-01
-5.34507000 7.05503000e-01
-5.31507000 7.23520000e-01
-5.28507000 7.42501000e-01
-5.25507000 7.62601000e-01
-5.22507000 7.83942000e-01
-5.19507000 8.06099000e-01
-5.16507000 8.28895000e-01
-5.13507000 8.52902000e-01
-5.10507000 8.78538000e-01
-5.07507000 9.05916000e-01
-5.04507000 9.35130000e-01
-5.01507000 9.66335000e-01
-4.98507000 9.99741000e-01
-4.95426000 1.03662000e+00
-4.92426000 1.07533000e+00
-4.89426000 1.11721000e+00
-4.86426000 1.16272000e+00
-4.83426000 1.21246000e+00
-4.80426000 1.26715000e+00
-4.77426000 1.32778000e+00
-4.74426000 1.39560000e+00
-4.71426000 1.47237000e+00
-4.68426000 1.56055000e+00
-4.65426000 1.66373000e+00
-4.62426000 1.78744000e+00
-4.59426000 1.94061000e+00
-4.56426000 2.13866000e+00
-4.53426000 2.41021000e+00
-4.50426000 2.81312000e+00
-4.47426000 3.47388000e+00
-4.44426000 4.66705000e+00
-4.41426000 6.67733000e+00
-4.38426000 7.99892000e+00
-4.35426000 7.24600000e+00
-4.32426000 7.19072000e+00
-4.29426000 7.69970000e+00
-4.26426000 7.08389000e+00
-4.23344000 6.23314000e+00
-4.20344000 6.25421000e+00
-4.17344000 7.11830000e+00
-4.14344000 8.27281000e+00
-4.11344000 9.41752000e+00
-4.08344000 1.16042000e+01
-4.05344000 1.40882000e+01
-4.02344000 1.62878000e+01
-3.99344000 2.03091000e+01
-3.96344000 2.71014000e+01
-3.93344000 2.97621000e+01
-3.90344000 2.69083000e+01
-3.87344000 2.32405000e+01
-3.84344000 2.43652000e+01
-3.81344000 3.19744000e+01
-3.78344000 4.71342000e+01
-3.75344000 5.59585000e+01
-3.72344000 4.86767000e+01
-3.69344000 4.57440000e+01
-3.66344000 5.00834000e+01
-3.63344000 6.00018000e+01
-3.60344000 6.96332000e+01
-3.57344000 7.25355000e+01
-3.54344000 8.66569000e+01
-3.51263000 1.24901000e+02
-3.48263000 1.59544000e+02
-3.45263000 1.82061000e+02
-3.42263000 2.06280000e+02
-3.39263000 1.71768000e+02
-3.36263000 1.12393000e+02
-3.33263000 8.33340000e+01
-3.30263000 8.31018000e+01
-3.27263000 9.50346000e+01
-3.24263000 7.74680000e+01
-3.21263000 4.88887000e+01
-3.18263000 3.22107000e+01
-3.15263000 2.35250000e+01
-3.12263000 1.82791000e+01
-3.09263000 1.47670000e+01
-3.06263000 1.24477000e+01
-3.03263000 1.09624000e+01
-3.00263000 1.00558000e+01
-2.97263000 9.60901000e+00
-2.94263000 9.59376000e+00
-2.91263000 9.85256000e+00
-2.88263000 1.02649000e+01
-2.85263000 1.12125000e+01
-2.82263000 1.32338000e+01
-2.79181000 1.74057000e+01
-2.76181000 2.55858000e+01
-2.73181000 4.14464000e+01
-2.70181000 5.84024000e+01
-2.67181000 4.84510000e+01
-2.64181000 3.03297000e+01
-2.61181000 2.04322000e+01
-2.58181000 1.59233000e+01
-2.55181000 1.42206000e+01
-2.52181000 1.39730000e+01
-2.49181000 1.50472000e+01
-2.46181000 1.82776000e+01
-2.43181000 2.27885000e+01
-2.40181000 2.72485000e+01
-2.37181000 3.41404000e+01
-2.34181000 3.67582000e+01
-2.31181000 3.22570000e+01
-2.28181000 3.00112000e+01
-2.25181000 2.73121000e+01
-2.22181000 2.39076000e+01
-2.19181000 2.11773000e+01
-2.16181000 1.93250000e+01
-2.13181000 1.94789000e+01
-2.10181000 2.17699000e+01
-2.07099000 2.62807000e+01
-2.04099000 3.05649000e+01
-2.01099000 3.14903000e+01
-1.98099000 3.33532000e+01
-1.95099000 3.86590000e+01
-1.92099000 4.84540000e+01
-1.89099000 6.52832000e+01
-1.86099000 9.45981000e+01
-1.83099000 1.41547000e+02
-1.80099000 2.03899000e+02
-1.77099000 2.73994000e+02
-1.74099000 3.80718000e+02
-1.71099000 5.23956000e+02
-1.68099000 4.97148000e+02
-1.65099000 3.47476000e+02
-1.62099000 2.94083000e+02
-1.59099000 3.17360000e+02
-1.56099000 2.86807000e+02
-1.53099000 2.28631000e+02
-1.50099000 1.69132000e+02
-1.47099000 1.08922000e+02
-1.44099000 7.34866000e+01
-1.41099000 5.48355000e+01
-1.38099000 4.46473000e+01
-1.35018000 3.91694000e+01
-1.32018000 3.55458000e+01
-1.29018000 3.26272000e+01
-1.26018000 3.01592000e+01
-1.23018000 2.70961000e+01
-1.20018000 2.43942000e+01
-1.17018000 2.32810000e+01
-1.14018000 2.43252000e+01
-1.11018000 2.70060000e+01
-1.08018000 3.27964000e+01
-1.05018000 4.06702000e+01
-1.02018000 4.88183000e+01
-0.99017800 6.22038000e+01
-0.96017800 7.87287000e+01
-0.93017800 8.24297000e+01
-0.90017800 7.32173000e+01
-0.87017800 8.05242000e+01
-0.84017800 1.01506000e+02
-0.81017800 9.28801000e+01
-0.78017800 6.70560000e+01
-0.75017800 5.54266000e+01
-0.72017800 5.39808000e+01
-0.69017800 5.25552000e+01
-0.66017800 5.46623000e+01
-0.62936200 5.97618000e+01
-0.59936200 6.99707000e+01
-0.56936200 8.74520000e+01
-0.53936200 9.16575000e+01
-0.50936200 6.63087000e+01
-0.47936200 4.67997000e+01
-0.44936200 3.91143000e+01
-0.41936200 3.74783000e+01
-0.38936200 3.72925000e+01
-0.35936200 4.04737000e+01
-0.32936200 4.75633000e+01
-0.29936200 5.68417000e+01
-0.26936200 7.21614000e+01
-0.23936200 1.03958000e+02
-0.20936200 1.68255000e+02
-0.17936200 2.85122000e+02
-0.14936200 4.04187000e+02
-0.11936200 4.10490000e+02
-0.08936210 2.75488000e+02
-0.05936210 1.64327000e+02
-0.02936210 1.12571000e+02
0.00063795 9.11476000e+01
0.03063790 7.29528000e+01
0.06063790 5.85511000e+01
0.09145400 4.86567000e+01
0.12145400 4.65596000e+01
0.15145400 5.04634000e+01
0.18145400 5.41080000e+01
0.21145400 6.26691000e+01
0.24145400 5.98227000e+01
0.27145400 4.73838000e+01
0.30145400 3.77964000e+01
0.33145400 2.68491000e+01
0.36145400 1.93720000e+01
0.39145400 1.53435000e+01
0.42145400 1.25498000e+01
0.45145400 1.06150000e+01
0.48145400 9.20260000e+00
0.51145400 8.28712000e+00
0.54145400 7.76548000e+00
0.57145400 7.67279000e+00
0.60145400 8.38630000e+00
0.63145400 9.02194000e+00
0.66145400 7.66457000e+00
0.69145400 6.16792000e+00
0.72145400 5.36481000e+00
0.75145400 4.98204000e+00
0.78145400 4.85439000e+00
