# E(MeV)  S_NSDRNSDR(K=0) for Pu291_DDPCX
-12.78900000 2.60886000e-01
-12.75900000 3.11848000e-01
-12.72900000 3.18190000e-01
-12.69900000 2.72828000e-01
-12.66900000 2.42059000e-01
-12.63900000 2.27825000e-01
-12.60900000 2.21607000e-01
-12.57900000 2.19169000e-01
-12.54900000 2.18659000e-01
-12.51900000 2.19221000e-01
-12.48900000 2.20428000e-01
-12.45900000 2.22053000e-01
-12.42900000 2.23967000e-01
-12.39900000 2.26094000e-01
-12.36900000 2.28390000e-01
-12.33900000 2.30825000e-01
-12.30900000 2.33382000e-01
-12.27900000 2.36051000e-01
-12.24900000 2.38825000e-01
-12.21900000 2.41702000e-01
-12.18900000 2.44681000e-01
-12.15900000 2.47763000e-01
-12.12900000 2.50951000e-01
-12.09900000 2.54249000e-01
-12.06900000 2.57660000e-01
-12.03900000 2.61191000e-01
-12.00900000 2.64848000e-01
-11.97900000 2.68638000e-01
-11.94900000 2.72568000e-01
-11.91900000 2.76648000e-01
-11.88900000 2.80887000e-01
-11.85900000 2.85296000e-01
-11.82900000 2.89888000e-01
-11.79900000 2.94674000e-01
-11.76900000 2.99669000e-01
-11.73900000 3.04888000e-01
-11.70900000 3.10351000e-01
-11.67900000 3.16074000e-01
-11.64900000 3.22081000e-01
-11.61900000 3.28394000e-01
-11.58900000 3.35040000e-01
-11.55900000 3.42049000e-01
-11.52900000 3.49453000e-01
-11.49900000 3.57290000e-01
-11.46900000 3.65600000e-01
-11.42880000 3.77538000e-01
-11.39880000 3.87151000e-01
-11.36880000 3.97421000e-01
-11.33880000 4.08420000e-01
-11.30880000 4.20230000e-01
-11.27880000 4.32948000e-01
-11.24880000 4.46683000e-01
-11.21880000 4.61562000e-01
-11.18880000 4.77736000e-01
-11.15880000 4.95381000e-01
-11.12880000 5.14703000e-01
-11.09880000 5.35948000e-01
-11.06880000 5.59414000e-01
-11.03880000 5.85457000e-01
-11.00880000 6.14510000e-01
-10.97880000 6.47111000e-01
-10.94880000 6.83925000e-01
-10.91880000 7.25794000e-01
-10.88880000 7.73801000e-01
-10.85880000 8.29362000e-01
-10.82880000 8.94388000e-01
-10.79880000 9.71544000e-01
-10.76880000 1.06474000e+00
-10.73880000 1.18009000e+00
-10.70880000 1.32808000e+00
-10.67880000 1.52863000e+00
-10.64880000 1.82047000e+00
-10.61880000 2.23814000e+00
-10.58880000 2.59455000e+00
-10.55880000 2.78335000e+00
-10.52880000 3.13882000e+00
-10.49880000 3.77276000e+00
-10.46880000 4.77347000e+00
-10.43880000 6.35708000e+00
-10.40880000 8.99364000e+00
-10.37880000 1.36767000e+01
-10.34880000 2.20031000e+01
-10.31880000 3.52403000e+01
-10.28880000 5.69192000e+01
-10.25880000 6.83780000e+01
-10.22880000 4.63423000e+01
-10.19880000 2.60700000e+01
-10.16880000 1.56746000e+01
-10.13880000 1.05431000e+01
-10.10880000 7.99376000e+00
-10.06870000 5.89241000e+00
-10.03870000 4.46974000e+00
-10.00870000 3.51684000e+00
-9.97871000 2.94143000e+00
-9.94871000 2.59128000e+00
-9.91871000 2.27274000e+00
-9.88871000 1.97509000e+00
-9.85871000 1.77040000e+00
-9.82871000 1.64218000e+00
-9.79871000 1.57652000e+00
-9.76871000 1.57933000e+00
-9.73871000 1.67402000e+00
-9.70871000 1.89578000e+00
-9.67871000 2.21697000e+00
-9.64871000 2.31763000e+00
-9.61871000 2.33788000e+00
-9.58871000 2.16586000e+00
-9.55871000 2.05845000e+00
-9.52871000 2.24310000e+00
-9.49871000 2.37438000e+00
-9.46871000 2.46291000e+00
-9.43871000 2.90333000e+00
-9.40871000 3.21048000e+00
-9.37871000 2.62965000e+00
-9.34871000 2.01074000e+00
-9.31871000 1.71020000e+00
-9.28871000 1.59850000e+00
-9.25871000 1.59072000e+00
-9.22871000 1.65479000e+00
-9.19871000 1.78548000e+00
-9.16871000 1.99548000e+00
-9.13871000 2.31773000e+00
-9.10871000 2.81927000e+00
-9.07871000 3.63750000e+00
-9.04871000 5.07104000e+00
-9.01871000 7.78803000e+00
-8.98871000 1.28847000e+01
-8.95871000 1.83878000e+01
-8.92871000 1.75106000e+01
-8.89871000 1.59388000e+01
-8.86871000 1.45627000e+01
-8.83871000 1.44200000e+01
-8.80871000 1.73592000e+01
-8.77871000 1.58755000e+01
-8.74871000 1.02810000e+01
-8.70859000 6.19292000e+00
-8.67859000 5.26128000e+00
-8.64859000 5.46853000e+00
-8.61859000 5.96840000e+00
-8.58859000 5.28333000e+00
-8.55859000 4.15841000e+00
-8.52859000 3.59745000e+00
-8.49859000 3.37256000e+00
-8.46859000 3.53053000e+00
-8.43859000 4.23965000e+00
-8.40859000 5.64399000e+00
-8.37859000 6.67615000e+00
-8.34859000 5.15251000e+00
-8.31859000 3.53681000e+00
-8.28859000 2.74931000e+00
-8.25859000 2.50464000e+00
-8.22859000 2.65688000e+00
-8.19859000 2.87976000e+00
-8.16859000 2.52410000e+00
-8.13859000 2.12690000e+00
-8.10859000 2.01026000e+00
-8.07859000 2.15704000e+00
-8.04859000 2.56660000e+00
-8.01859000 2.93942000e+00
-7.98859000 2.53284000e+00
-7.95859000 1.99384000e+00
-7.92859000 1.70549000e+00
-7.89859000 1.56805000e+00
-7.86859000 1.50483000e+00
-7.83859000 1.48160000e+00
-7.80859000 1.47970000e+00
-7.77859000 1.48592000e+00
-7.74859000 1.50612000e+00
-7.71859000 1.54613000e+00
-7.68859000 1.61394000e+00
-7.65859000 1.71121000e+00
-7.62859000 1.76480000e+00
-7.59859000 1.76359000e+00
-7.56859000 1.79409000e+00
-7.53859000 1.86865000e+00
-7.50859000 1.99629000e+00
-7.47859000 2.20463000e+00
-7.44859000 2.43872000e+00
-7.41859000 2.47131000e+00
-7.38859000 2.47419000e+00
-7.34847000 2.69421000e+00
-7.31847000 3.08679000e+00
-7.28847000 3.79911000e+00
-7.25847000 4.51533000e+00
-7.22847000 4.24647000e+00
-7.19847000 3.79087000e+00
-7.16847000 3.66445000e+00
-7.13847000 3.76868000e+00
-7.10847000 4.04301000e+00
-7.07847000 4.48625000e+00
-7.04847000 5.15375000e+00
-7.01847000 6.18267000e+00
-6.98847000 7.87767000e+00
-6.95847000 1.09320000e+01
-6.92847000 1.68251000e+01
-6.89847000 2.63344000e+01
-6.86847000 2.91032000e+01
-6.83847000 2.10666000e+01
-6.80847000 1.55828000e+01
-6.77847000 1.38365000e+01
-6.74847000 1.36267000e+01
-6.71847000 1.49174000e+01
-6.68847000 1.88422000e+01
-6.65847000 2.69247000e+01
-6.62847000 3.73797000e+01
-6.59847000 3.69714000e+01
-6.56847000 2.66844000e+01
-6.53847000 2.03759000e+01
-6.50847000 1.82671000e+01
-6.47847000 1.86375000e+01
-6.44847000 2.06146000e+01
-6.41847000 2.44450000e+01
-6.38847000 3.15858000e+01
-6.35847000 4.19499000e+01
-6.32847000 4.92764000e+01
-6.29847000 5.58934000e+01
-6.26847000 6.98009000e+01
-6.23847000 9.32235000e+01
-6.20847000 1.41707000e+02
-6.17847000 2.40337000e+02
-6.14847000 3.81021000e+02
-6.11847000 3.87997000e+02
-6.08847000 2.92263000e+02
-6.05847000 2.66215000e+02
-6.02847000 2.31234000e+02
-5.98834000 1.24141000e+02
-5.95834000 7.77214000e+01
-5.92834000 5.31491000e+01
-5.89834000 3.92857000e+01
-5.86834000 3.09040000e+01
-5.83834000 2.55993000e+01
-5.80834000 2.21957000e+01
-5.77834000 2.01092000e+01
-5.74834000 1.90341000e+01
-5.71834000 1.87919000e+01
-5.68834000 1.95117000e+01
-5.65834000 2.15785000e+01
-5.62834000 2.57674000e+01
-5.59834000 3.38424000e+01
-5.56834000 4.98552000e+01
-5.53834000 8.13514000e+01
-5.50834000 1.23532000e+02
-5.47834000 1.32569000e+02
-5.44834000 1.01412000e+02
-5.41834000 6.25520000e+01
-5.38834000 4.01651000e+01
-5.35834000 2.90805000e+01
-5.32834000 2.34916000e+01
-5.29834000 2.04602000e+01
-5.26834000 1.91902000e+01
-5.23834000 1.96199000e+01
-5.20834000 2.18110000e+01
-5.17834000 2.46839000e+01
-5.14834000 2.58091000e+01
-5.11834000 2.82286000e+01
-5.08834000 3.43093000e+01
-5.05834000 4.63405000e+01
-5.02834000 7.09215000e+01
-4.99834000 1.10068000e+02
-4.96834000 1.17540000e+02
-4.93834000 8.71353000e+01
-4.90834000 6.96173000e+01
-4.87834000 5.75436000e+01
-4.84834000 4.85584000e+01
-4.81834000 4.79190000e+01
-4.78834000 5.57148000e+01
-4.75834000 7.49711000e+01
-4.72834000 1.12227000e+02
-4.69834000 1.56615000e+02
-4.66834000 1.91979000e+02
-4.62822000 2.81476000e+02
-4.59822000 2.84691000e+02
-4.56822000 2.08913000e+02
-4.53822000 1.36959000e+02
-4.50822000 1.02076000e+02
-4.47822000 9.54284000e+01
-4.44822000 1.06545000e+02
-4.41822000 1.10154000e+02
-4.38822000 9.94979000e+01
-4.35822000 1.03574000e+02
-4.32822000 1.16738000e+02
-4.29822000 1.18586000e+02
-4.26822000 1.04870000e+02
-4.23822000 8.58238000e+01
-4.20822000 8.41454000e+01
-4.17822000 1.00858000e+02
-4.14822000 1.17169000e+02
-4.11822000 1.24479000e+02
-4.08822000 1.56443000e+02
-4.05822000 2.27963000e+02
-4.02822000 3.29616000e+02
-3.99822000 3.83170000e+02
-3.96822000 3.13603000e+02
-3.93822000 2.61335000e+02
-3.90822000 2.08915000e+02
-3.87822000 1.49436000e+02
-3.84822000 1.05612000e+02
-3.81822000 8.59701000e+01
-3.78822000 7.89684000e+01
-3.75822000 8.31358000e+01
-3.72822000 9.22982000e+01
-3.69822000 8.91282000e+01
-3.66822000 8.23853000e+01
-3.63822000 8.47113000e+01
-3.60822000 1.03768000e+02
-3.57822000 1.49078000e+02
-3.54822000 2.42696000e+02
-3.51822000 3.90293000e+02
-3.48822000 4.69249000e+02
-3.45822000 3.47551000e+02
-3.42822000 2.06952000e+02
-3.39822000 1.33217000e+02
-3.36822000 1.01015000e+02
-3.33822000 8.60714000e+01
-3.30822000 7.78141000e+01
-3.26810000 8.99999000e+01
-3.23810000 1.06038000e+02
-3.20810000 1.09368000e+02
-3.17810000 1.23791000e+02
-3.14810000 1.17942000e+02
-3.11810000 7.96764000e+01
-3.08810000 5.16042000e+01
-3.05810000 3.64274000e+01
-3.02810000 2.82446000e+01
-2.99810000 2.40111000e+01
-2.96810000 2.25701000e+01
-2.93810000 2.38387000e+01
-2.90810000 2.77969000e+01
-2.87810000 3.54257000e+01
-2.84810000 4.02538000e+01
-2.81810000 3.68894000e+01
-2.78810000 3.42577000e+01
-2.75810000 3.04501000e+01
-2.72810000 2.82092000e+01
-2.69810000 2.25036000e+01
-2.66810000 1.63421000e+01
-2.63810000 1.30196000e+01
-2.60810000 1.16635000e+01
-2.57810000 1.17483000e+01
-2.54810000 1.34695000e+01
-2.51810000 1.65821000e+01
-2.48810000 1.80817000e+01
-2.45810000 1.97232000e+01
-2.42810000 2.23913000e+01
-2.39810000 2.12076000e+01
-2.36810000 1.92623000e+01
-2.33810000 2.03723000e+01
-2.30810000 2.42830000e+01
-2.27810000 2.77261000e+01
-2.24810000 2.95655000e+01
-2.21810000 2.39697000e+01
-2.18810000 1.68132000e+01
-2.15810000 1.27127000e+01
-2.12810000 1.04293000e+01
-2.09810000 8.65223000e+00
-2.06810000 7.70954000e+00
-2.03810000 7.52129000e+00
-2.00810000 7.63604000e+00
-1.97810000 7.85486000e+00
-1.94810000 8.58632000e+00
-1.90798000 9.94124000e+00
-1.87798000 1.14403000e+01
-1.84798000 1.45154000e+01
-1.81798000 2.05172000e+01
-1.78798000 3.24876000e+01
-1.75798000 5.58889000e+01
-1.72798000 8.23729000e+01
-1.69798000 6.97071000e+01
-1.66798000 4.24433000e+01
-1.63798000 2.67370000e+01
-1.60798000 1.93500000e+01
-1.57798000 1.64360000e+01
-1.54798000 1.66149000e+01
-1.51798000 1.92078000e+01
-1.48798000 2.24403000e+01
-1.45798000 2.28224000e+01
-1.42798000 1.96000000e+01
-1.39798000 1.72216000e+01
-1.36798000 1.64247000e+01
-1.33798000 1.88911000e+01
-1.30798000 2.32355000e+01
-1.27798000 2.62422000e+01
-1.24798000 3.31852000e+01
-1.21798000 3.91314000e+01
-1.18798000 3.30006000e+01
-1.15798000 2.74622000e+01
-1.12798000 2.41606000e+01
-1.09798000 2.34145000e+01
-1.06798000 2.47260000e+01
-1.03798000 3.02589000e+01
-1.00798000 3.76933000e+01
-0.97797600 4.04827000e+01
-0.94797600 4.20871000e+01
-0.91797600 3.52758000e+01
-0.88797600 2.39899000e+01
-0.85797600 1.79819000e+01
-0.82797600 1.43092000e+01
-0.79797600 1.16176000e+01
-0.76797600 1.09196000e+01
-0.73797600 1.24808000e+01
-0.70797600 1.55121000e+01
-0.67797600 1.43836000e+01
-0.64797600 1.00859000e+01
-0.61797600 7.48465000e+00
-0.58797600 6.48813000e+00
-0.54785300 6.62674000e+00
-0.51785300 7.96510000e+00
-0.48785300 1.04156000e+01
-0.45785300 1.11690000e+01
-0.42785300 9.07977000e+00
-0.39785300 7.86844000e+00
-0.36785300 7.61661000e+00
-0.33785300 8.33743000e+00
-0.30785300 1.04265000e+01
-0.27785300 1.34710000e+01
-0.24785300 1.75271000e+01
-0.21785300 2.02122000e+01
-0.18785300 1.79987000e+01
-0.15785300 1.32539000e+01
-0.12785300 1.06823000e+01
-0.09785290 9.46988000e+00
-0.06785290 7.49253000e+00
-0.03785290 6.20617000e+00
-0.00785293 5.64388000e+00
0.02214710 4.98419000e+00
0.05214710 4.28252000e+00
0.08214710 4.21348000e+00
0.11214700 4.73524000e+00
0.14214700 5.48767000e+00
0.17214700 5.91357000e+00
0.20214700 5.98597000e+00
0.23214700 6.08185000e+00
0.26214700 4.85277000e+00
0.29214700 3.71863000e+00
0.32214700 3.30825000e+00
0.35214700 3.44740000e+00
0.38214700 4.00473000e+00
0.41214700 4.82917000e+00
0.44214700 5.89990000e+00
0.47214700 6.47954000e+00
0.50214700 5.17357000e+00
0.53214700 4.07966000e+00
0.56214700 3.93392000e+00
0.59214700 4.51412000e+00
0.62214700 4.57626000e+00
0.65214700 4.10439000e+00
0.68214700 4.32561000e+00
0.71214700 5.03874000e+00
0.74214700 5.15384000e+00
0.77214700 4.84113000e+00
