# E(MeV)  S_NSDRNSDR(K=1) for Pu291_DDPCX
-12.78900000 5.65425000e-01
-12.75900000 7.34230000e-01
-12.72900000 1.03588000e+00
-12.69900000 1.62296000e+00
-12.66900000 2.75779000e+00
-12.63900000 3.99416000e+00
-12.60900000 3.30499000e+00
-12.57900000 1.97538000e+00
-12.54900000 1.22429000e+00
-12.51900000 8.49029000e-01
-12.48900000 6.49107000e-01
-12.45900000 5.33782000e-01
-12.42900000 4.62725000e-01
-12.39900000 4.16707000e-01
-12.36900000 3.85851000e-01
-12.33900000 3.64780000e-01
-12.30900000 3.50524000e-01
-12.27900000 3.41646000e-01
-12.24900000 3.37700000e-01
-12.21900000 3.35703000e-01
-12.18900000 3.29079000e-01
-12.15900000 3.22641000e-01
-12.12900000 3.19093000e-01
-12.09900000 3.17475000e-01
-12.06900000 3.17054000e-01
-12.03900000 3.17457000e-01
-12.00900000 3.18481000e-01
-11.97900000 3.20007000e-01
-11.94900000 3.21955000e-01
-11.91900000 3.24272000e-01
-11.88900000 3.26921000e-01
-11.85900000 3.29875000e-01
-11.82900000 3.33116000e-01
-11.79900000 3.36633000e-01
-11.76900000 3.40418000e-01
-11.73900000 3.44469000e-01
-11.70900000 3.48787000e-01
-11.67900000 3.53377000e-01
-11.64900000 3.58248000e-01
-11.61900000 3.63410000e-01
-11.58900000 3.68879000e-01
-11.55900000 3.74672000e-01
-11.52900000 3.80813000e-01
-11.49900000 3.87328000e-01
-11.46900000 3.94250000e-01
-11.42880000 4.04195000e-01
-11.39880000 4.12192000e-01
-11.36880000 4.20741000e-01
-11.33880000 4.29902000e-01
-11.30880000 4.39747000e-01
-11.27880000 4.50360000e-01
-11.24880000 4.61840000e-01
-11.21880000 4.74310000e-01
-11.18880000 4.87912000e-01
-11.15880000 5.02823000e-01
-11.12880000 5.19258000e-01
-11.09880000 5.37479000e-01
-11.06880000 5.57815000e-01
-11.03880000 5.80678000e-01
-11.00880000 6.06591000e-01
-10.97880000 6.36228000e-01
-10.94880000 6.70468000e-01
-10.91880000 7.10479000e-01
-10.88880000 7.57837000e-01
-10.85880000 8.14717000e-01
-10.82880000 8.84190000e-01
-10.79880000 9.70719000e-01
-10.76880000 1.08101000e+00
-10.73880000 1.22551000e+00
-10.70880000 1.42068000e+00
-10.67880000 1.69078000e+00
-10.64880000 2.08205000e+00
-10.61880000 2.69147000e+00
-10.58880000 3.71162000e+00
-10.55880000 5.56536000e+00
-10.52880000 9.10237000e+00
-10.49880000 1.45133000e+01
-10.46880000 1.78569000e+01
-10.43880000 1.99538000e+01
-10.40880000 1.73817000e+01
-10.37880000 1.07407000e+01
-10.34880000 6.50863000e+00
-10.31880000 4.36489000e+00
-10.28880000 3.25311000e+00
-10.25880000 2.66610000e+00
-10.22880000 2.36885000e+00
-10.19880000 2.21061000e+00
-10.16880000 2.21052000e+00
-10.13880000 2.40391000e+00
-10.10880000 2.88487000e+00
-10.06870000 4.43621000e+00
-10.03870000 5.06498000e+00
-10.00870000 3.78338000e+00
-9.97871000 2.63600000e+00
-9.94871000 2.07267000e+00
-9.91871000 1.83939000e+00
-9.88871000 1.78687000e+00
-9.85871000 1.75375000e+00
-9.82871000 1.68398000e+00
-9.79871000 1.70619000e+00
-9.76871000 1.83892000e+00
-9.73871000 1.94366000e+00
-9.70871000 1.99251000e+00
-9.67871000 2.16406000e+00
-9.64871000 2.26297000e+00
-9.61871000 2.20105000e+00
-9.58871000 2.25227000e+00
-9.55871000 2.45857000e+00
-9.52871000 2.69512000e+00
-9.49871000 2.82998000e+00
-9.46871000 3.05295000e+00
-9.43871000 3.44286000e+00
-9.40871000 4.03410000e+00
-9.37871000 4.91343000e+00
-9.34871000 6.18963000e+00
-9.31871000 7.93276000e+00
-9.28871000 1.07405000e+01
-9.25871000 1.58945000e+01
-9.22871000 2.59800000e+01
-9.19871000 4.54264000e+01
-9.16871000 6.74753000e+01
-9.13871000 5.77165000e+01
-9.10871000 3.47523000e+01
-9.07871000 2.17579000e+01
-9.04871000 1.60982000e+01
-9.01871000 1.46498000e+01
-8.98871000 1.55067000e+01
-8.95871000 1.52153000e+01
-8.92871000 1.53691000e+01
-8.89871000 1.87915000e+01
-8.86871000 2.13811000e+01
-8.83871000 1.87619000e+01
-8.80871000 1.83435000e+01
-8.77871000 2.19649000e+01
-8.74871000 2.39002000e+01
-8.70859000 2.01131000e+01
-8.67859000 2.01633000e+01
-8.64859000 2.41099000e+01
-8.61859000 3.41937000e+01
-8.58859000 5.50169000e+01
-8.55859000 8.76086000e+01
-8.52859000 9.01078000e+01
-8.49859000 5.65786000e+01
-8.46859000 3.33417000e+01
-8.43859000 2.23365000e+01
-8.40859000 1.77752000e+01
-8.37859000 1.55966000e+01
-8.34859000 1.39238000e+01
-8.31859000 1.31838000e+01
-8.28859000 1.34248000e+01
-8.25859000 1.14412000e+01
-8.22859000 8.31156000e+00
-8.19859000 6.45765000e+00
-8.16859000 5.55764000e+00
-8.13859000 5.20590000e+00
-8.10859000 5.20764000e+00
-8.07859000 5.52580000e+00
-8.04859000 6.34677000e+00
-8.01859000 8.06870000e+00
-7.98859000 1.14070000e+01
-7.95859000 1.71029000e+01
-7.92859000 2.36818000e+01
-7.89859000 2.62232000e+01
-7.86859000 1.98148000e+01
-7.83859000 1.26140000e+01
-7.80859000 8.93652000e+00
-7.77859000 7.60246000e+00
-7.74859000 7.96265000e+00
-7.71859000 9.94863000e+00
-7.68859000 1.10414000e+01
-7.65859000 8.68293000e+00
-7.62859000 6.27063000e+00
-7.59859000 4.77059000e+00
-7.56859000 3.97855000e+00
-7.53859000 3.56496000e+00
-7.50859000 3.35496000e+00
-7.47859000 3.27048000e+00
-7.44859000 3.27642000e+00
-7.41859000 3.36072000e+00
-7.38859000 3.52448000e+00
-7.34847000 3.88307000e+00
-7.31847000 4.29975000e+00
-7.28847000 4.92436000e+00
-7.25847000 5.91499000e+00
-7.22847000 7.56967000e+00
-7.19847000 1.04023000e+01
-7.16847000 1.51852000e+01
-7.13847000 2.19708000e+01
-7.10847000 2.97349000e+01
-7.07847000 3.05161000e+01
-7.04847000 2.48409000e+01
-7.01847000 2.02671000e+01
-6.98847000 2.00060000e+01
-6.95847000 2.42016000e+01
-6.92847000 2.58790000e+01
-6.89847000 1.92673000e+01
-6.86847000 1.40615000e+01
-6.83847000 1.19434000e+01
-6.80847000 1.17828000e+01
-6.77847000 1.32040000e+01
-6.74847000 1.67402000e+01
-6.71847000 2.21254000e+01
-6.68847000 2.38469000e+01
-6.65847000 2.30994000e+01
-6.62847000 2.52432000e+01
-6.59847000 3.16297000e+01
-6.56847000 4.43210000e+01
-6.53847000 6.99146000e+01
-6.50847000 1.17929000e+02
-6.47847000 1.55996000e+02
-6.44847000 1.25460000e+02
-6.41847000 7.74750000e+01
-6.38847000 4.76186000e+01
-6.35847000 3.22373000e+01
-6.32847000 2.38208000e+01
-6.29847000 1.93565000e+01
-6.26847000 1.71431000e+01
-6.23847000 1.59631000e+01
-6.20847000 1.57362000e+01
-6.17847000 1.67721000e+01
-6.14847000 1.92828000e+01
-6.11847000 2.47777000e+01
-6.08847000 3.57779000e+01
-6.05847000 4.94749000e+01
-6.02847000 5.11897000e+01
-5.98834000 5.79958000e+01
-5.95834000 8.54422000e+01
-5.92834000 1.22411000e+02
-5.89834000 1.12899000e+02
-5.86834000 7.09843000e+01
-5.83834000 4.35712000e+01
-5.80834000 3.01604000e+01
-5.77834000 2.29657000e+01
-5.74834000 1.90107000e+01
-5.71834000 1.75896000e+01
-5.68834000 1.83314000e+01
-5.65834000 2.11918000e+01
-5.62834000 2.49685000e+01
-5.59834000 2.55305000e+01
-5.56834000 2.66504000e+01
-5.53834000 2.64612000e+01
-5.50834000 2.43761000e+01
-5.47834000 2.32880000e+01
-5.44834000 2.36401000e+01
-5.41834000 2.39499000e+01
-5.38834000 2.35786000e+01
-5.35834000 2.65617000e+01
-5.32834000 3.51847000e+01
-5.29834000 5.22840000e+01
-5.26834000 7.54776000e+01
-5.23834000 7.97787000e+01
-5.20834000 6.23771000e+01
-5.17834000 4.89827000e+01
-5.14834000 4.31204000e+01
-5.11834000 4.64752000e+01
-5.08834000 5.94500000e+01
-5.05834000 8.02470000e+01
-5.02834000 9.53855000e+01
-4.99834000 1.11975000e+02
-4.96834000 1.22968000e+02
-4.93834000 1.09005000e+02
-4.90834000 8.49074000e+01
-4.87834000 7.28824000e+01
-4.84834000 7.95811000e+01
-4.81834000 1.06704000e+02
-4.78834000 1.51395000e+02
-4.75834000 1.80868000e+02
-4.72834000 1.56483000e+02
-4.69834000 1.24701000e+02
-4.66834000 1.06358000e+02
-4.62822000 1.15206000e+02
-4.59822000 1.49338000e+02
-4.56822000 2.12278000e+02
-4.53822000 2.40626000e+02
-4.50822000 1.91225000e+02
-4.47822000 1.60564000e+02
-4.44822000 1.64405000e+02
-4.41822000 2.09555000e+02
-4.38822000 2.41928000e+02
-4.35822000 2.17819000e+02
-4.32822000 1.94201000e+02
-4.29822000 1.72533000e+02
-4.26822000 1.87864000e+02
-4.23822000 2.55660000e+02
-4.20822000 3.02115000e+02
-4.17822000 2.37694000e+02
-4.14822000 1.77816000e+02
-4.11822000 1.58378000e+02
-4.08822000 1.74490000e+02
-4.05822000 2.21109000e+02
-4.02822000 3.09879000e+02
-3.99822000 3.34412000e+02
-3.96822000 2.40541000e+02
-3.93822000 1.78860000e+02
-3.90822000 1.66130000e+02
-3.87822000 1.52556000e+02
-3.84822000 1.30176000e+02
-3.81822000 1.20815000e+02
-3.78822000 1.02025000e+02
-3.75822000 8.29408000e+01
-3.72822000 8.00840000e+01
-3.69822000 9.29865000e+01
-3.66822000 1.07236000e+02
-3.63822000 1.15116000e+02
-3.60822000 1.22482000e+02
-3.57822000 1.27953000e+02
-3.54822000 1.47350000e+02
-3.51822000 2.02093000e+02
-3.48822000 2.65224000e+02
-3.45822000 3.09044000e+02
-3.42822000 3.32704000e+02
-3.39822000 3.01355000e+02
-3.36822000 2.69156000e+02
-3.33822000 2.38927000e+02
-3.30822000 2.03385000e+02
-3.26810000 1.36273000e+02
-3.23810000 9.85586000e+01
-3.20810000 8.45893000e+01
-3.17810000 7.66344000e+01
-3.14810000 5.94257000e+01
-3.11810000 4.61316000e+01
-3.08810000 3.93533000e+01
-3.05810000 3.66157000e+01
-3.02810000 3.73271000e+01
-2.99810000 4.21236000e+01
-2.96810000 5.29051000e+01
-2.93810000 7.08793000e+01
-2.90810000 9.52794000e+01
-2.87810000 1.27085000e+02
-2.84810000 1.34020000e+02
-2.81810000 1.43691000e+02
-2.78810000 1.95407000e+02
-2.75810000 2.38699000e+02
-2.72810000 1.78278000e+02
-2.69810000 1.13936000e+02
-2.66810000 8.62223000e+01
-2.63810000 8.04931000e+01
-2.60810000 7.66531000e+01
-2.57810000 6.84169000e+01
-2.54810000 6.25518000e+01
-2.51810000 6.23438000e+01
-2.48810000 6.36624000e+01
-2.45810000 7.29660000e+01
-2.42810000 1.00456000e+02
-2.39810000 1.24704000e+02
-2.36810000 1.04181000e+02
-2.33810000 7.93743000e+01
-2.30810000 7.21870000e+01
-2.27810000 7.06028000e+01
-2.24810000 7.32385000e+01
-2.21810000 7.28895000e+01
-2.18810000 6.49104000e+01
-2.15810000 5.96471000e+01
-2.12810000 5.39857000e+01
-2.09810000 5.33609000e+01
-2.06810000 5.64881000e+01
-2.03810000 6.57159000e+01
-2.00810000 7.24334000e+01
-1.97810000 6.94304000e+01
-1.94810000 6.51465000e+01
-1.90798000 5.58068000e+01
-1.87798000 4.06165000e+01
-1.84798000 2.80588000e+01
-1.81798000 2.15980000e+01
-1.78798000 1.86236000e+01
-1.75798000 1.74914000e+01
-1.72798000 1.69457000e+01
-1.69798000 1.64264000e+01
-1.66798000 1.71998000e+01
-1.63798000 2.05584000e+01
-1.60798000 2.73402000e+01
-1.57798000 3.61345000e+01
-1.54798000 4.80894000e+01
-1.51798000 5.44391000e+01
-1.48798000 4.53530000e+01
-1.45798000 3.64955000e+01
-1.42798000 2.92867000e+01
-1.39798000 2.82653000e+01
-1.36798000 3.48928000e+01
-1.33798000 4.30868000e+01
-1.30798000 3.64011000e+01
-1.27798000 2.70452000e+01
-1.24798000 2.41024000e+01
-1.21798000 2.72553000e+01
-1.18798000 3.54530000e+01
-1.15798000 3.96818000e+01
-1.12798000 3.98373000e+01
-1.09798000 4.47096000e+01
-1.06798000 5.21126000e+01
-1.03798000 5.64585000e+01
-1.00798000 5.17043000e+01
-0.97797600 4.94486000e+01
-0.94797600 4.60230000e+01
-0.91797600 4.65166000e+01
-0.88797600 6.12091000e+01
-0.85797600 8.86878000e+01
-0.82797600 8.99331000e+01
-0.79797600 5.80426000e+01
-0.76797600 3.56507000e+01
-0.73797600 2.50185000e+01
-0.70797600 2.07309000e+01
-0.67797600 1.93129000e+01
-0.64797600 1.78101000e+01
-0.61797600 1.68935000e+01
-0.58797600 1.80625000e+01
-0.54785300 2.41535000e+01
-0.51785300 3.30784000e+01
-0.48785300 3.74084000e+01
-0.45785300 2.85446000e+01
-0.42785300 1.95722000e+01
-0.39785300 1.46411000e+01
-0.36785300 1.26087000e+01
-0.33785300 1.11206000e+01
-0.30785300 1.04861000e+01
-0.27785300 1.03990000e+01
-0.24785300 9.21544000e+00
-0.21785300 8.47834000e+00
-0.18785300 8.82491000e+00
-0.15785300 1.04011000e+01
-0.12785300 1.39395000e+01
-0.09785290 1.72824000e+01
-0.06785290 1.48540000e+01
-0.03785290 1.19022000e+01
-0.00785293 1.14590000e+01
0.02214710 1.26143000e+01
0.05214710 1.39852000e+01
0.08214710 1.33188000e+01
0.11214700 1.18437000e+01
0.14214700 1.20399000e+01
0.17214700 1.45972000e+01
0.20214700 1.87138000e+01
0.23214700 2.40737000e+01
0.26214700 2.39036000e+01
0.29214700 1.71357000e+01
0.32214700 1.25613000e+01
0.35214700 1.11108000e+01
0.38214700 1.23854000e+01
0.41214700 1.66746000e+01
0.44214700 1.99739000e+01
0.47214700 1.60171000e+01
0.50214700 1.15666000e+01
0.53214700 9.36318000e+00
0.56214700 8.46166000e+00
0.59214700 8.13975000e+00
0.62214700 8.85724000e+00
0.65214700 1.08507000e+01
0.68214700 1.44139000e+01
0.71214700 2.04997000e+01
0.74214700 2.86630000e+01
0.77214700 3.09850000e+01
