# E(MeV)  S_NSDRNSDR(Total=K0+2*K1) for Pu291_DDPCX
-12.78900000 1.39173600e+00
-12.75900000 1.78030800e+00
-12.72900000 2.38995000e+00
-12.69900000 3.51874800e+00
-12.66900000 5.75763900e+00
-12.63900000 8.21614500e+00
-12.60900000 6.83158700e+00
-12.57900000 4.16992900e+00
-12.54900000 2.66723900e+00
-12.51900000 1.91727900e+00
-12.48900000 1.51864200e+00
-12.45900000 1.28961700e+00
-12.42900000 1.14941700e+00
-12.39900000 1.05950800e+00
-12.36900000 1.00009200e+00
-12.33900000 9.60385000e-01
-12.30900000 9.34430000e-01
-12.27900000 9.19343000e-01
-12.24900000 9.14225000e-01
-12.21900000 9.13108000e-01
-12.18900000 9.02839000e-01
-12.15900000 8.93045000e-01
-12.12900000 8.89137000e-01
-12.09900000 8.89199000e-01
-12.06900000 8.91768000e-01
-12.03900000 8.96105000e-01
-12.00900000 9.01810000e-01
-11.97900000 9.08652000e-01
-11.94900000 9.16478000e-01
-11.91900000 9.25192000e-01
-11.88900000 9.34729000e-01
-11.85900000 9.45046000e-01
-11.82900000 9.56120000e-01
-11.79900000 9.67940000e-01
-11.76900000 9.80505000e-01
-11.73900000 9.93826000e-01
-11.70900000 1.00792500e+00
-11.67900000 1.02282800e+00
-11.64900000 1.03857700e+00
-11.61900000 1.05521400e+00
-11.58900000 1.07279800e+00
-11.55900000 1.09139300e+00
-11.52900000 1.11107900e+00
-11.49900000 1.13194600e+00
-11.46900000 1.15410000e+00
-11.42880000 1.18592800e+00
-11.39880000 1.21153500e+00
-11.36880000 1.23890300e+00
-11.33880000 1.26822400e+00
-11.30880000 1.29972400e+00
-11.27880000 1.33366800e+00
-11.24880000 1.37036300e+00
-11.21880000 1.41018200e+00
-11.18880000 1.45356000e+00
-11.15880000 1.50102700e+00
-11.12880000 1.55321900e+00
-11.09880000 1.61090600e+00
-11.06880000 1.67504400e+00
-11.03880000 1.74681300e+00
-11.00880000 1.82769200e+00
-10.97880000 1.91956700e+00
-10.94880000 2.02486100e+00
-10.91880000 2.14675200e+00
-10.88880000 2.28947500e+00
-10.85880000 2.45879600e+00
-10.82880000 2.66276800e+00
-10.79880000 2.91298200e+00
-10.76880000 3.22676000e+00
-10.73880000 3.63111000e+00
-10.70880000 4.16944000e+00
-10.67880000 4.91019000e+00
-10.64880000 5.98457000e+00
-10.61880000 7.62108000e+00
-10.58880000 1.00177900e+01
-10.55880000 1.39140700e+01
-10.52880000 2.13435600e+01
-10.49880000 3.27993600e+01
-10.46880000 4.04872700e+01
-10.43880000 4.62646800e+01
-10.40880000 4.37570400e+01
-10.37880000 3.51581000e+01
-10.34880000 3.50203600e+01
-10.31880000 4.39700800e+01
-10.28880000 6.34254200e+01
-10.25880000 7.37102000e+01
-10.22880000 5.10800000e+01
-10.19880000 3.04912200e+01
-10.16880000 2.00956400e+01
-10.13880000 1.53509200e+01
-10.10880000 1.37635000e+01
-10.06870000 1.47648300e+01
-10.03870000 1.45997000e+01
-10.00870000 1.10836000e+01
-9.97871000 8.21343000e+00
-9.94871000 6.73662000e+00
-9.91871000 5.95152000e+00
-9.88871000 5.54883000e+00
-9.85871000 5.27790000e+00
-9.82871000 5.01014000e+00
-9.79871000 4.98890000e+00
-9.76871000 5.25717000e+00
-9.73871000 5.56134000e+00
-9.70871000 5.88080000e+00
-9.67871000 6.54509000e+00
-9.64871000 6.84357000e+00
-9.61871000 6.73998000e+00
-9.58871000 6.67040000e+00
-9.55871000 6.97559000e+00
-9.52871000 7.63334000e+00
-9.49871000 8.03434000e+00
-9.46871000 8.56881000e+00
-9.43871000 9.78905000e+00
-9.40871000 1.12786800e+01
-9.37871000 1.24565100e+01
-9.34871000 1.43900000e+01
-9.31871000 1.75757200e+01
-9.28871000 2.30795000e+01
-9.25871000 3.33797200e+01
-9.22871000 5.36147900e+01
-9.19871000 9.26382800e+01
-9.16871000 1.36946080e+02
-9.13871000 1.17750730e+02
-9.10871000 7.23238700e+01
-9.07871000 4.71533000e+01
-9.04871000 3.72674400e+01
-9.01871000 3.70876300e+01
-8.98871000 4.38981000e+01
-8.95871000 4.88184000e+01
-8.92871000 4.82488000e+01
-8.89871000 5.35218000e+01
-8.86871000 5.73249000e+01
-8.83871000 5.19438000e+01
-8.80871000 5.40462000e+01
-8.77871000 5.98053000e+01
-8.74871000 5.80814000e+01
-8.70859000 4.64191200e+01
-8.67859000 4.55878800e+01
-8.64859000 5.36883300e+01
-8.61859000 7.43558000e+01
-8.58859000 1.15317130e+02
-8.55859000 1.79375610e+02
-8.52859000 1.83813050e+02
-8.49859000 1.16529760e+02
-8.46859000 7.02139300e+01
-8.43859000 4.89126500e+01
-8.40859000 4.11943900e+01
-8.37859000 3.78693500e+01
-8.34859000 3.30001100e+01
-8.31859000 2.99044100e+01
-8.28859000 2.95989100e+01
-8.25859000 2.53870400e+01
-8.22859000 1.92800000e+01
-8.19859000 1.57950600e+01
-8.16859000 1.36393800e+01
-8.13859000 1.25387000e+01
-8.10859000 1.24255400e+01
-8.07859000 1.32086400e+01
-8.04859000 1.52601400e+01
-8.01859000 1.90768200e+01
-7.98859000 2.53468400e+01
-7.95859000 3.61996400e+01
-7.92859000 4.90690900e+01
-7.89859000 5.40144500e+01
-7.86859000 4.11344300e+01
-7.83859000 2.67096000e+01
-7.80859000 1.93527400e+01
-7.77859000 1.66908400e+01
-7.74859000 1.74314200e+01
-7.71859000 2.14433900e+01
-7.68859000 2.36967400e+01
-7.65859000 1.90770700e+01
-7.62859000 1.43060600e+01
-7.59859000 1.13047700e+01
-7.56859000 9.75119000e+00
-7.53859000 8.99857000e+00
-7.50859000 8.70621000e+00
-7.47859000 8.74559000e+00
-7.44859000 8.99156000e+00
-7.41859000 9.19275000e+00
-7.38859000 9.52315000e+00
-7.34847000 1.04603500e+01
-7.31847000 1.16862900e+01
-7.28847000 1.36478300e+01
-7.25847000 1.63453100e+01
-7.22847000 1.93858100e+01
-7.19847000 2.45954700e+01
-7.16847000 3.40348500e+01
-7.13847000 4.77102800e+01
-7.10847000 6.35128100e+01
-7.07847000 6.55184500e+01
-7.04847000 5.48355500e+01
-7.01847000 4.67168700e+01
-6.98847000 4.78896700e+01
-6.95847000 5.93352000e+01
-6.92847000 6.85831000e+01
-6.89847000 6.48690000e+01
-6.86847000 5.72262000e+01
-6.83847000 4.49534000e+01
-6.80847000 3.91484000e+01
-6.77847000 4.02445000e+01
-6.74847000 4.71071000e+01
-6.71847000 5.91682000e+01
-6.68847000 6.65360000e+01
-6.65847000 7.31235000e+01
-6.62847000 8.78661000e+01
-6.59847000 1.00230800e+02
-6.56847000 1.15326400e+02
-6.53847000 1.60205100e+02
-6.50847000 2.54125100e+02
-6.47847000 3.30629500e+02
-6.44847000 2.71534600e+02
-6.41847000 1.79395000e+02
-6.38847000 1.26823000e+02
-6.35847000 1.06424500e+02
-6.32847000 9.69180000e+01
-6.29847000 9.46064000e+01
-6.26847000 1.04087100e+02
-6.23847000 1.25149700e+02
-6.20847000 1.73179400e+02
-6.17847000 2.73881200e+02
-6.14847000 4.19586600e+02
-6.11847000 4.37552400e+02
-6.08847000 3.63818800e+02
-6.05847000 3.65164800e+02
-6.02847000 3.33613400e+02
-5.98834000 2.40132600e+02
-5.95834000 2.48605800e+02
-5.92834000 2.97971100e+02
-5.89834000 2.65083700e+02
-5.86834000 1.72872600e+02
-5.83834000 1.12741700e+02
-5.80834000 8.25165000e+01
-5.77834000 6.60406000e+01
-5.74834000 5.70555000e+01
-5.71834000 5.39711000e+01
-5.68834000 5.61745000e+01
-5.65834000 6.39621000e+01
-5.62834000 7.57044000e+01
-5.59834000 8.49034000e+01
-5.56834000 1.03156000e+02
-5.53834000 1.34273800e+02
-5.50834000 1.72284200e+02
-5.47834000 1.79145000e+02
-5.44834000 1.48692200e+02
-5.41834000 1.10451800e+02
-5.38834000 8.73223000e+01
-5.35834000 8.22039000e+01
-5.32834000 9.38610000e+01
-5.29834000 1.25028200e+02
-5.26834000 1.70145400e+02
-5.23834000 1.79177300e+02
-5.20834000 1.46565200e+02
-5.17834000 1.22649300e+02
-5.14834000 1.12049900e+02
-5.11834000 1.21179000e+02
-5.08834000 1.53209300e+02
-5.05834000 2.06834500e+02
-5.02834000 2.61692500e+02
-4.99834000 3.34018000e+02
-4.96834000 3.63476000e+02
-4.93834000 3.05145300e+02
-4.90834000 2.39432100e+02
-4.87834000 2.03308400e+02
-4.84834000 2.07720600e+02
-4.81834000 2.61327000e+02
-4.78834000 3.58504800e+02
-4.75834000 4.36707100e+02
-4.72834000 4.25193000e+02
-4.69834000 4.06017000e+02
-4.66834000 4.04695000e+02
-4.62822000 5.11888000e+02
-4.59822000 5.83367000e+02
-4.56822000 6.33469000e+02
-4.53822000 6.18211000e+02
-4.50822000 4.84526000e+02
-4.47822000 4.16556400e+02
-4.44822000 4.35355000e+02
-4.41822000 5.29264000e+02
-4.38822000 5.83353900e+02
-4.35822000 5.39212000e+02
-4.32822000 5.05140000e+02
-4.29822000 4.63652000e+02
-4.26822000 4.80598000e+02
-4.23822000 5.97143800e+02
-4.20822000 6.88375400e+02
-4.17822000 5.76246000e+02
-4.14822000 4.72801000e+02
-4.11822000 4.41235000e+02
-4.08822000 5.05423000e+02
-4.05822000 6.70181000e+02
-4.02822000 9.49374000e+02
-3.99822000 1.05199400e+03
-3.96822000 7.94685000e+02
-3.93822000 6.19055000e+02
-3.90822000 5.41175000e+02
-3.87822000 4.54548000e+02
-3.84822000 3.65964000e+02
-3.81822000 3.27600100e+02
-3.78822000 2.83018400e+02
-3.75822000 2.49017400e+02
-3.72822000 2.52466200e+02
-3.69822000 2.75101200e+02
-3.66822000 2.96857300e+02
-3.63822000 3.14943300e+02
-3.60822000 3.48732000e+02
-3.57822000 4.04984000e+02
-3.54822000 5.37396000e+02
-3.51822000 7.94479000e+02
-3.48822000 9.99697000e+02
-3.45822000 9.65639000e+02
-3.42822000 8.72360000e+02
-3.39822000 7.35927000e+02
-3.36822000 6.39327000e+02
-3.33822000 5.63925400e+02
-3.30822000 4.84584100e+02
-3.26810000 3.62545900e+02
-3.23810000 3.03155200e+02
-3.20810000 2.78546600e+02
-3.17810000 2.77059800e+02
-3.14810000 2.36793400e+02
-3.11810000 1.71939600e+02
-3.08810000 1.30310800e+02
-3.05810000 1.09658800e+02
-3.02810000 1.02898800e+02
-2.99810000 1.08258300e+02
-2.96810000 1.28380300e+02
-2.93810000 1.65597300e+02
-2.90810000 2.18355700e+02
-2.87810000 2.89595700e+02
-2.84810000 3.08293800e+02
-2.81810000 3.24271400e+02
-2.78810000 4.25071700e+02
-2.75810000 5.07848100e+02
-2.72810000 3.84765200e+02
-2.69810000 2.50375600e+02
-2.66810000 1.88786700e+02
-2.63810000 1.74005800e+02
-2.60810000 1.64969700e+02
-2.57810000 1.48582100e+02
-2.54810000 1.38573100e+02
-2.51810000 1.41269700e+02
-2.48810000 1.45406500e+02
-2.45810000 1.65655200e+02
-2.42810000 2.23303300e+02
-2.39810000 2.70615600e+02
-2.36810000 2.27624300e+02
-2.33810000 1.79120900e+02
-2.30810000 1.68657000e+02
-2.27810000 1.68931700e+02
-2.24810000 1.76042500e+02
-2.21810000 1.69748700e+02
-2.18810000 1.46634000e+02
-2.15810000 1.32006900e+02
-2.12810000 1.18400700e+02
-2.09810000 1.15374030e+02
-2.06810000 1.20685740e+02
-2.03810000 1.38953090e+02
-2.00810000 1.52502840e+02
-1.97810000 1.46715660e+02
-1.94810000 1.38879320e+02
-1.90798000 1.21554840e+02
-1.87798000 9.26733000e+01
-1.84798000 7.06330000e+01
-1.81798000 6.37132000e+01
-1.78798000 6.97348000e+01
-1.75798000 9.08717000e+01
-1.72798000 1.16264300e+02
-1.69798000 1.02559900e+02
-1.66798000 7.68429000e+01
-1.63798000 6.78538000e+01
-1.60798000 7.40304000e+01
-1.57798000 8.87050000e+01
-1.54798000 1.12793700e+02
-1.51798000 1.28086000e+02
-1.48798000 1.13146300e+02
-1.45798000 9.58134000e+01
-1.42798000 7.81734000e+01
-1.39798000 7.37522000e+01
-1.36798000 8.62103000e+01
-1.33798000 1.05064700e+02
-1.30798000 9.60377000e+01
-1.27798000 8.03326000e+01
-1.24798000 8.13900000e+01
-1.21798000 9.36420000e+01
-1.18798000 1.03906600e+02
-1.15798000 1.06825800e+02
-1.12798000 1.03835200e+02
-1.09798000 1.12833700e+02
-1.06798000 1.28951200e+02
-1.03798000 1.43175900e+02
-1.00798000 1.41101900e+02
-0.97797600 1.39379900e+02
-0.94797600 1.34133100e+02
-0.91797600 1.28309000e+02
-0.88797600 1.46408100e+02
-0.85797600 1.95357500e+02
-0.82797600 1.94175400e+02
-0.79797600 1.27702800e+02
-0.76797600 8.22210000e+01
-0.73797600 6.25178000e+01
-0.70797600 5.69739000e+01
-0.67797600 5.30094000e+01
-0.64797600 4.57061000e+01
-0.61797600 4.12716500e+01
-0.58797600 4.26131300e+01
-0.54785300 5.49337400e+01
-0.51785300 7.41219000e+01
-0.48785300 8.52324000e+01
-0.45785300 6.82582000e+01
-0.42785300 4.82241700e+01
-0.39785300 3.71506400e+01
-0.36785300 3.28340100e+01
-0.33785300 3.05786300e+01
-0.30785300 3.13987000e+01
-0.27785300 3.42690000e+01
-0.24785300 3.59579800e+01
-0.21785300 3.71688800e+01
-0.18785300 3.56485200e+01
-0.15785300 3.40561000e+01
-0.12785300 3.85613000e+01
-0.09785290 4.40346800e+01
-0.06785290 3.72005300e+01
-0.03785290 3.00105700e+01
-0.00785293 2.85618800e+01
0.02214710 3.02127900e+01
0.05214710 3.22529200e+01
0.08214710 3.08510800e+01
0.11214700 2.84226400e+01
0.14214700 2.95674700e+01
0.17214700 3.51079700e+01
0.20214700 4.34135700e+01
0.23214700 5.42292500e+01
0.26214700 5.26599700e+01
0.29214700 3.79900300e+01
0.32214700 2.84308500e+01
0.35214700 2.56690000e+01
0.38214700 2.87755300e+01
0.41214700 3.81783700e+01
0.44214700 4.58477000e+01
0.47214700 3.85137400e+01
0.50214700 2.83067700e+01
0.53214700 2.28060200e+01
0.56214700 2.08572400e+01
0.59214700 2.07936200e+01
0.62214700 2.22907400e+01
0.65214700 2.58057900e+01
0.68214700 3.31534100e+01
0.71214700 4.60381400e+01
0.74214700 6.24798400e+01
0.77214700 6.68111300e+01
