# E(MeV)  S_GAMTGAMT(K=1) for Pu291_DDPCX
-12.78900000 3.12118000e-03
-12.75900000 3.13494000e-03
-12.72900000 3.15123000e-03
-12.69900000 3.17158000e-03
-12.66900000 3.18854000e-03
-12.63900000 3.19195000e-03
-12.60900000 3.19545000e-03
-12.57900000 3.20292000e-03
-12.54900000 3.21260000e-03
-12.51900000 3.22344000e-03
-12.48900000 3.23467000e-03
-12.45900000 3.24577000e-03
-12.42900000 3.25713000e-03
-12.39900000 3.26879000e-03
-12.36900000 3.28065000e-03
-12.33900000 3.29267000e-03
-12.30900000 3.30482000e-03
-12.27900000 3.31709000e-03
-12.24900000 3.32948000e-03
-12.21900000 3.34198000e-03
-12.18900000 3.35459000e-03
-12.15900000 3.36732000e-03
-12.12900000 3.38016000e-03
-12.09900000 3.39313000e-03
-12.06900000 3.40623000e-03
-12.03900000 3.41945000e-03
-12.00900000 3.43281000e-03
-11.97900000 3.44631000e-03
-11.94900000 3.45996000e-03
-11.91900000 3.47377000e-03
-11.88900000 3.48773000e-03
-11.85900000 3.50187000e-03
-11.82900000 3.51619000e-03
-11.79900000 3.53071000e-03
-11.76900000 3.54542000e-03
-11.73900000 3.56036000e-03
-11.70900000 3.57552000e-03
-11.67900000 3.59093000e-03
-11.64900000 3.60661000e-03
-11.61900000 3.62257000e-03
-11.58900000 3.63885000e-03
-11.55900000 3.65546000e-03
-11.52900000 3.67243000e-03
-11.49900000 3.68981000e-03
-11.46900000 3.70763000e-03
-11.42880000 3.73223000e-03
-11.39880000 3.75129000e-03
-11.36880000 3.77098000e-03
-11.33880000 3.79139000e-03
-11.30880000 3.81264000e-03
-11.27880000 3.83485000e-03
-11.24880000 3.85821000e-03
-11.21880000 3.88296000e-03
-11.18880000 3.90948000e-03
-11.15880000 3.93840000e-03
-11.12880000 3.97084000e-03
-11.09880000 4.00771000e-03
-11.06880000 4.04434000e-03
-11.03880000 4.07918000e-03
-11.00880000 4.12044000e-03
-10.97880000 4.17073000e-03
-10.94880000 4.23207000e-03
-10.91880000 4.30874000e-03
-10.88880000 4.40873000e-03
-10.85880000 4.54725000e-03
-10.82880000 4.75530000e-03
-10.79880000 5.10061000e-03
-10.76880000 5.72191000e-03
-10.73880000 6.66727000e-03
-10.70880000 7.04086000e-03
-10.67880000 6.81197000e-03
-10.64880000 7.20944000e-03
-10.61880000 8.48860000e-03
-10.58880000 9.97801000e-03
-10.55880000 9.53596000e-03
-10.52880000 8.94039000e-03
-10.49880000 8.93179000e-03
-10.46880000 8.25480000e-03
-10.43880000 7.85656000e-03
-10.40880000 8.33168000e-03
-10.37880000 9.93991000e-03
-10.34880000 1.21022000e-02
-10.31880000 1.32020000e-02
-10.28880000 1.29351000e-02
-10.25880000 1.07199000e-02
-10.22880000 8.68010000e-03
-10.19880000 7.81459000e-03
-10.16880000 7.75749000e-03
-10.13880000 8.19862000e-03
-10.10880000 9.11672000e-03
-10.06870000 1.23818000e-02
-10.03870000 1.59111000e-02
-10.00870000 1.59374000e-02
-9.97871000 1.49164000e-02
-9.94871000 1.47979000e-02
-9.91871000 1.59599000e-02
-9.88871000 1.82594000e-02
-9.85871000 2.08148000e-02
-9.82871000 2.29947000e-02
-9.79871000 2.29404000e-02
-9.76871000 1.99358000e-02
-9.73871000 1.60920000e-02
-9.70871000 1.19360000e-02
-9.67871000 9.34828000e-03
-9.64871000 7.97458000e-03
-9.61871000 7.28598000e-03
-9.58871000 7.02567000e-03
-9.55871000 6.95881000e-03
-9.52871000 6.83424000e-03
-9.49871000 6.90785000e-03
-9.46871000 7.02913000e-03
-9.43871000 6.67353000e-03
-9.40871000 6.29168000e-03
-9.37871000 6.13284000e-03
-9.34871000 6.13344000e-03
-9.31871000 6.26526000e-03
-9.28871000 6.56058000e-03
-9.25871000 7.10012000e-03
-9.22871000 7.90376000e-03
-9.19871000 9.11360000e-03
-9.16871000 1.11744000e-02
-9.13871000 1.39785000e-02
-9.10871000 1.45471000e-02
-9.07871000 1.18820000e-02
-9.04871000 1.01302000e-02
-9.01871000 9.27098000e-03
-8.98871000 9.26643000e-03
-8.95871000 1.00551000e-02
-8.92871000 1.06691000e-02
-8.89871000 1.09117000e-02
-8.86871000 1.05413000e-02
-8.83871000 1.07703000e-02
-8.80871000 1.17124000e-02
-8.77871000 1.27500000e-02
-8.74871000 1.20139000e-02
-8.70859000 1.03315000e-02
-8.67859000 9.58395000e-03
-8.64859000 9.21325000e-03
-8.61859000 9.48521000e-03
-8.58859000 9.61111000e-03
-8.55859000 9.73802000e-03
-8.52859000 1.05838000e-02
-8.49859000 1.15008000e-02
-8.46859000 1.13201000e-02
-8.43859000 9.84562000e-03
-8.40859000 8.73483000e-03
-8.37859000 8.19241000e-03
-8.34859000 8.01900000e-03
-8.31859000 8.21756000e-03
-8.28859000 8.88107000e-03
-8.25859000 1.00308000e-02
-8.22859000 1.12251000e-02
-8.19859000 1.26885000e-02
-8.16859000 1.45444000e-02
-8.13859000 1.56258000e-02
-8.10859000 1.83763000e-02
-8.07859000 2.13382000e-02
-8.04859000 1.96066000e-02
-8.01859000 1.89010000e-02
-7.98859000 1.85537000e-02
-7.95859000 1.50413000e-02
-7.92859000 1.21427000e-02
-7.89859000 1.06161000e-02
-7.86859000 9.92605000e-03
-7.83859000 9.65028000e-03
-7.80859000 9.45675000e-03
-7.77859000 9.33588000e-03
-7.74859000 9.38842000e-03
-7.71859000 9.38804000e-03
-7.68859000 9.47213000e-03
-7.65859000 1.00941000e-02
-7.62859000 1.10368000e-02
-7.59859000 1.21930000e-02
-7.56859000 1.39988000e-02
-7.53859000 1.64097000e-02
-7.50859000 1.92858000e-02
-7.47859000 2.01493000e-02
-7.44859000 1.89544000e-02
-7.41859000 1.63872000e-02
-7.38859000 1.41420000e-02
-7.34847000 1.34894000e-02
-7.31847000 1.51607000e-02
-7.28847000 1.89799000e-02
-7.25847000 2.16472000e-02
-7.22847000 1.93100000e-02
-7.19847000 1.75603000e-02
-7.16847000 1.71377000e-02
-7.13847000 1.69689000e-02
-7.10847000 1.71593000e-02
-7.07847000 1.82962000e-02
-7.04847000 2.03884000e-02
-7.01847000 2.26006000e-02
-6.98847000 2.60123000e-02
-6.95847000 3.23943000e-02
-6.92847000 3.47927000e-02
-6.89847000 2.91594000e-02
-6.86847000 2.36463000e-02
-6.83847000 1.96034000e-02
-6.80847000 1.73747000e-02
-6.77847000 1.61279000e-02
-6.74847000 1.54358000e-02
-6.71847000 1.52374000e-02
-6.68847000 1.51351000e-02
-6.65847000 1.51751000e-02
-6.62847000 1.55979000e-02
-6.59847000 1.54333000e-02
-6.56847000 1.45267000e-02
-6.53847000 1.47168000e-02
-6.50847000 1.59807000e-02
-6.47847000 1.81311000e-02
-6.44847000 2.22623000e-02
-6.41847000 2.98322000e-02
-6.38847000 3.52032000e-02
-6.35847000 3.09821000e-02
-6.32847000 2.84935000e-02
-6.29847000 3.28833000e-02
-6.26847000 4.19798000e-02
-6.23847000 3.91818000e-02
-6.20847000 2.79294000e-02
-6.17847000 2.13223000e-02
-6.14847000 1.85703000e-02
-6.11847000 1.69092000e-02
-6.08847000 1.57650000e-02
-6.05847000 1.58585000e-02
-6.02847000 1.74131000e-02
-5.98834000 1.91167000e-02
-5.95834000 1.79992000e-02
-5.92834000 1.75053000e-02
-5.89834000 1.66007000e-02
-5.86834000 1.61442000e-02
-5.83834000 1.60084000e-02
-5.80834000 1.55441000e-02
-5.77834000 1.48496000e-02
-5.74834000 1.47411000e-02
-5.71834000 1.50424000e-02
-5.68834000 1.52997000e-02
-5.65834000 1.60149000e-02
-5.62834000 1.72338000e-02
-5.59834000 1.76515000e-02
-5.56834000 1.75566000e-02
-5.53834000 1.76661000e-02
-5.50834000 1.86551000e-02
-5.47834000 2.12543000e-02
-5.44834000 2.43593000e-02
-5.41834000 2.76944000e-02
-5.38834000 3.35269000e-02
-5.35834000 3.76370000e-02
-5.32834000 3.38699000e-02
-5.29834000 2.86029000e-02
-5.26834000 2.70455000e-02
-5.23834000 2.95714000e-02
-5.20834000 3.67411000e-02
-5.17834000 4.09658000e-02
-5.14834000 3.39113000e-02
-5.11834000 2.65959000e-02
-5.08834000 2.25056000e-02
-5.05834000 2.06007000e-02
-5.02834000 2.02670000e-02
-4.99834000 2.13699000e-02
-4.96834000 2.42566000e-02
-4.93834000 2.98378000e-02
-4.90834000 3.53861000e-02
-4.87834000 3.59749000e-02
-4.84834000 3.54665000e-02
-4.81834000 3.51146000e-02
-4.78834000 3.59312000e-02
-4.75834000 4.19826000e-02
-4.72834000 4.78250000e-02
-4.69834000 4.27393000e-02
-4.66834000 3.57588000e-02
-4.62822000 3.24703000e-02
-4.59822000 3.39796000e-02
-4.56822000 3.82381000e-02
-4.53822000 4.68892000e-02
-4.50822000 6.49341000e-02
-4.47822000 9.30358000e-02
-4.44822000 1.10901000e-01
-4.41822000 1.05569000e-01
-4.38822000 9.50477000e-02
-4.35822000 8.42645000e-02
-4.32822000 7.48980000e-02
-4.29822000 6.18660000e-02
-4.26822000 5.48510000e-02
-4.23822000 5.29839000e-02
-4.20822000 5.60938000e-02
-4.17822000 6.13836000e-02
-4.14822000 6.73414000e-02
-4.11822000 8.15448000e-02
-4.08822000 9.75617000e-02
-4.05822000 8.80376000e-02
-4.02822000 6.75575000e-02
-3.99822000 5.52494000e-02
-3.96822000 5.09720000e-02
-3.93822000 4.87380000e-02
-3.90822000 4.45544000e-02
-3.87822000 4.23558000e-02
-3.84822000 4.28765000e-02
-3.81822000 4.41049000e-02
-3.78822000 4.84752000e-02
-3.75822000 5.54656000e-02
-3.72822000 5.88459000e-02
-3.69822000 6.43603000e-02
-3.66822000 7.05144000e-02
-3.63822000 6.70818000e-02
-3.60822000 5.97540000e-02
-3.57822000 5.78334000e-02
-3.54822000 6.18667000e-02
-3.51822000 7.10091000e-02
-3.48822000 8.59748000e-02
-3.45822000 1.11331000e-01
-3.42822000 1.55802000e-01
-3.39822000 2.40642000e-01
-3.36822000 3.69321000e-01
-3.33822000 4.09322000e-01
-3.30822000 3.55788000e-01
-3.26810000 3.64406000e-01
-3.23810000 3.44500000e-01
-3.20810000 2.57399000e-01
-3.17810000 1.78427000e-01
-3.14810000 1.28769000e-01
-3.11810000 1.02240000e-01
-3.08810000 8.76467000e-02
-3.05810000 7.97251000e-02
-3.02810000 7.46478000e-02
-2.99810000 7.34134000e-02
-2.96810000 7.62201000e-02
-2.93810000 8.17132000e-02
-2.90810000 9.13531000e-02
-2.87810000 1.00328000e-01
-2.84810000 1.00016000e-01
-2.81810000 1.01763000e-01
-2.78810000 1.08078000e-01
-2.75810000 1.14388000e-01
-2.72810000 1.36497000e-01
-2.69810000 1.82211000e-01
-2.66810000 2.20232000e-01
-2.63810000 1.92153000e-01
-2.60810000 1.46099000e-01
-2.57810000 1.19505000e-01
-2.54810000 1.10028000e-01
-2.51810000 1.15350000e-01
-2.48810000 1.33426000e-01
-2.45810000 1.40777000e-01
-2.42810000 1.29032000e-01
-2.39810000 1.18698000e-01
-2.36810000 1.12564000e-01
-2.33810000 1.11753000e-01
-2.30810000 1.16870000e-01
-2.27810000 1.27133000e-01
-2.24810000 1.41087000e-01
-2.21810000 1.59494000e-01
-2.18810000 1.83337000e-01
-2.15810000 2.17358000e-01
-2.12810000 2.69469000e-01
-2.09810000 3.45078000e-01
-2.06810000 4.68667000e-01
-2.03810000 7.05905000e-01
-2.00810000 1.14461000e+00
-1.97810000 1.56500000e+00
-1.94810000 1.37870000e+00
-1.90798000 1.15019000e+00
-1.87798000 1.32060000e+00
-1.84798000 1.54880000e+00
-1.81798000 1.42543000e+00
-1.78798000 1.20054000e+00
-1.75798000 1.19302000e+00
-1.72798000 1.49308000e+00
-1.69798000 2.26585000e+00
-1.66798000 3.28269000e+00
-1.63798000 3.17665000e+00
-1.60798000 2.33642000e+00
-1.57798000 1.69759000e+00
-1.54798000 1.21776000e+00
-1.51798000 1.01082000e+00
-1.48798000 1.02541000e+00
-1.45798000 1.20897000e+00
-1.42798000 1.60467000e+00
-1.39798000 2.30466000e+00
-1.36798000 2.53410000e+00
-1.33798000 1.86649000e+00
-1.30798000 1.34562000e+00
-1.27798000 1.07612000e+00
-1.24798000 1.01917000e+00
-1.21798000 1.16815000e+00
-1.18798000 1.61338000e+00
-1.15798000 2.57114000e+00
-1.12798000 3.81832000e+00
-1.09798000 3.81399000e+00
-1.06798000 2.85334000e+00
-1.03798000 2.04292000e+00
-1.00798000 1.69529000e+00
-0.97797600 1.39427000e+00
-0.94797600 1.20169000e+00
-0.91797600 1.27954000e+00
-0.88797600 1.49277000e+00
-0.85797600 1.40722000e+00
-0.82797600 1.10402000e+00
-0.79797600 8.85351000e-01
-0.76797600 7.76113000e-01
-0.73797600 7.87004000e-01
-0.70797600 8.60112000e-01
-0.67797600 7.93313000e-01
-0.64797600 6.81886000e-01
-0.61797600 6.23635000e-01
-0.58797600 5.73226000e-01
-0.54785300 6.28089000e-01
-0.51785300 7.48013000e-01
-0.48785300 7.84307000e-01
-0.45785300 7.77194000e-01
-0.42785300 8.70670000e-01
-0.39785300 1.13253000e+00
-0.36785300 1.65737000e+00
-0.33785300 2.67873000e+00
-0.30785300 4.33589000e+00
-0.27785300 4.90726000e+00
-0.24785300 3.44806000e+00
-0.21785300 2.05345000e+00
-0.18785300 1.26967000e+00
-0.15785300 8.51320000e-01
-0.12785300 6.23547000e-01
-0.09785290 4.91051000e-01
-0.06785290 4.06538000e-01
-0.03785290 3.49854000e-01
-0.00785293 3.03521000e-01
0.02214710 2.66541000e-01
0.05214710 2.42523000e-01
0.08214710 2.32272000e-01
0.11214700 2.27569000e-01
0.14214700 2.25029000e-01
0.17214700 2.37102000e-01
0.20214700 2.73011000e-01
0.23214700 3.31495000e-01
0.26214700 3.53294000e-01
0.29214700 3.20894000e-01
0.32214700 2.84978000e-01
0.35214700 2.72998000e-01
0.38214700 2.91565000e-01
0.41214700 3.24328000e-01
0.44214700 3.70194000e-01
0.47214700 4.55219000e-01
0.50214700 5.99397000e-01
0.53214700 8.43891000e-01
0.56214700 1.34619000e+00
0.59214700 2.29816000e+00
0.62214700 3.08960000e+00
0.65214700 2.47888000e+00
0.68214700 1.57536000e+00
0.71214700 9.60593000e-01
0.74214700 6.29074000e-01
0.77214700 4.58753000e-01
