# E(MeV)  S_NSDRNSDR(K=1) for Ra239_DDPCX
-4.50007000 1.94013000e-01
-4.47007000 1.98243000e-01
-4.44007000 2.02601000e-01
-4.41007000 2.07095000e-01
-4.38007000 2.11733000e-01
-4.35007000 2.16526000e-01
-4.32007000 2.21485000e-01
-4.29007000 2.26619000e-01
-4.26007000 2.31943000e-01
-4.23007000 2.37470000e-01
-4.20007000 2.43214000e-01
-4.17007000 2.49193000e-01
-4.14007000 2.55425000e-01
-4.11007000 2.61930000e-01
-4.08007000 2.68732000e-01
-4.05007000 2.75855000e-01
-4.02007000 2.83328000e-01
-3.96884000 2.96995000e-01
-3.93884000 3.05591000e-01
-3.90884000 3.14679000e-01
-3.87884000 3.24312000e-01
-3.84884000 3.34549000e-01
-3.81884000 3.45460000e-01
-3.78884000 3.57124000e-01
-3.75884000 3.69637000e-01
-3.72884000 3.83109000e-01
-3.69884000 3.97673000e-01
-3.66884000 4.13486000e-01
-3.63884000 4.30739000e-01
-3.60884000 4.49665000e-01
-3.57884000 4.70550000e-01
-3.54884000 4.93746000e-01
-3.51884000 5.19702000e-01
-3.48884000 5.48982000e-01
-3.43761000 6.08878000e-01
-3.40761000 6.51524000e-01
-3.37761000 7.01622000e-01
-3.34761000 7.61342000e-01
-3.31761000 8.33737000e-01
-3.28761000 9.23213000e-01
-3.25761000 1.03632000e+00
-3.22761000 1.18315000e+00
-3.19761000 1.37981000e+00
-3.16761000 1.65336000e+00
-3.13761000 2.05169000e+00
-3.10761000 2.66541000e+00
-3.07761000 3.67920000e+00
-3.04761000 5.49978000e+00
-3.01761000 9.05221000e+00
-2.98761000 1.58828000e+01
-2.95761000 2.29961000e+01
-2.90637000 1.27356000e+01
-2.87637000 7.46863000e+00
-2.84637000 4.85673000e+00
-2.81637000 3.51665000e+00
-2.78637000 2.78830000e+00
-2.75637000 2.38735000e+00
-2.72637000 2.19295000e+00
-2.69637000 2.17062000e+00
-2.66637000 2.35774000e+00
-2.63637000 2.80485000e+00
-2.60637000 3.09283000e+00
-2.57637000 2.73750000e+00
-2.54637000 2.33658000e+00
-2.51637000 2.17128000e+00
-2.48637000 2.16312000e+00
-2.45637000 2.24959000e+00
-2.42637000 2.41260000e+00
-2.37514000 2.88274000e+00
-2.34514000 3.30975000e+00
-2.31514000 3.91155000e+00
-2.28514000 4.79067000e+00
-2.25514000 6.14373000e+00
-2.22514000 8.33298000e+00
-2.19514000 1.19799000e+01
-2.16514000 1.88039000e+01
-2.13514000 3.15402000e+01
-2.10514000 4.26708000e+01
-2.07514000 3.41215000e+01
-2.04514000 2.33903000e+01
-2.01514000 1.95286000e+01
-1.98514000 2.11310000e+01
-1.95514000 2.87777000e+01
-1.92514000 4.65046000e+01
-1.89514000 7.39306000e+01
-1.84390000 5.63830000e+01
-1.81390000 3.31563000e+01
-1.78390000 2.06368000e+01
-1.75390000 1.44572000e+01
-1.72390000 1.14892000e+01
-1.69390000 1.05100000e+01
-1.66390000 1.08445000e+01
-1.63390000 1.03107000e+01
-1.60390000 8.87811000e+00
-1.57390000 8.40727000e+00
-1.54390000 9.06238000e+00
-1.51390000 1.10538000e+01
-1.48390000 1.53264000e+01
-1.45390000 2.41010000e+01
-1.42390000 3.93223000e+01
-1.39390000 4.60013000e+01
-1.36390000 3.17864000e+01
-1.31267000 1.52990000e+01
-1.28267000 1.22991000e+01
-1.25267000 1.14881000e+01
-1.22267000 1.13229000e+01
-1.19267000 1.18005000e+01
-1.16267000 1.39515000e+01
-1.13267000 1.89685000e+01
-1.10267000 2.95701000e+01
-1.07267000 4.87219000e+01
-1.04267000 5.97572000e+01
-1.01267000 4.37441000e+01
-0.98266800 2.96706000e+01
-0.95266800 2.29270000e+01
-0.92266800 1.84194000e+01
-0.89266800 1.64955000e+01
-0.86266800 1.72721000e+01
-0.83266800 1.91294000e+01
-0.78143300 2.33826000e+01
-0.75143300 2.96237000e+01
-0.72143300 4.42029000e+01
-0.69143300 6.66511000e+01
-0.66143300 7.21902000e+01
-0.63143300 6.15078000e+01
-0.60143300 5.78497000e+01
-0.57143300 7.17830000e+01
-0.54143300 1.04433000e+02
-0.51143300 1.15586000e+02
-0.48143300 9.11597000e+01
-0.45143300 6.76149000e+01
-0.42143300 5.44433000e+01
-0.39143300 5.59941000e+01
-0.36143300 6.46581000e+01
-0.33143300 6.67260000e+01
-0.30143300 4.97284000e+01
-0.25019900 3.18609000e+01
-0.22019900 2.95623000e+01
-0.19019900 3.39488000e+01
-0.16019900 4.34077000e+01
-0.13019900 4.11953000e+01
-0.10019900 3.16255000e+01
-0.07019900 2.93729000e+01
-0.04019900 2.98232000e+01
-0.01019900 2.39091000e+01
0.01980100 1.83654000e+01
0.04980100 1.61359000e+01
0.07980100 1.67265000e+01
0.10980100 2.03766000e+01
0.13980100 2.89191000e+01
0.16980100 4.35308000e+01
0.19980100 5.28142000e+01
0.22980100 5.18984000e+01
0.28103600 5.28382000e+01
0.31103600 4.81018000e+01
0.34103600 3.61676000e+01
0.37103600 3.05287000e+01
0.40103600 3.28541000e+01
0.43103600 4.48222000e+01
0.46103600 7.22902000e+01
0.49103600 1.07588000e+02
0.52103600 9.58518000e+01
0.55103600 5.84591000e+01
0.58103600 3.65295000e+01
0.61103600 2.74896000e+01
0.64103600 2.40016000e+01
0.67103600 1.84579000e+01
0.70103600 1.30801000e+01
0.73103600 9.93030000e+00
0.76103600 8.22001000e+00
