# E(MeV)  S_NSDRNSDR(K=0) for Ra239_DDPCX
-4.50007000 7.81167000e-02
-4.47007000 8.06357000e-02
-4.44007000 8.32103000e-02
-4.41007000 8.58442000e-02
-4.38007000 8.85414000e-02
-4.35007000 9.13063000e-02
-4.32007000 9.41435000e-02
-4.29007000 9.70583000e-02
-4.26007000 1.00056000e-01
-4.23007000 1.03143000e-01
-4.20007000 1.06325000e-01
-4.17007000 1.09610000e-01
-4.14007000 1.13006000e-01
-4.11007000 1.16521000e-01
-4.08007000 1.20164000e-01
-4.05007000 1.23947000e-01
-4.02007000 1.27880000e-01
-3.96884000 1.34983000e-01
-3.93884000 1.39394000e-01
-3.90884000 1.44011000e-01
-3.87884000 1.48854000e-01
-3.84884000 1.53946000e-01
-3.81884000 1.59312000e-01
-3.78884000 1.64980000e-01
-3.75884000 1.70984000e-01
-3.72884000 1.77361000e-01
-3.69884000 1.84156000e-01
-3.66884000 1.91419000e-01
-3.63884000 1.99210000e-01
-3.60884000 2.07599000e-01
-3.57884000 2.16669000e-01
-3.54884000 2.26520000e-01
-3.51884000 2.37271000e-01
-3.48884000 2.49065000e-01
-3.43761000 2.72145000e-01
-3.40761000 2.87774000e-01
-3.37761000 3.05342000e-01
-3.34761000 3.25253000e-01
-3.31761000 3.48026000e-01
-3.28761000 3.74336000e-01
-3.25761000 4.05077000e-01
-3.22761000 4.41454000e-01
-3.19761000 4.85121000e-01
-3.16761000 5.38397000e-01
-3.13761000 6.04618000e-01
-3.10761000 6.88719000e-01
-3.07761000 7.98237000e-01
-3.04761000 9.45135000e-01
-3.01761000 1.14927000e+00
-2.98761000 1.44536000e+00
-2.95761000 1.89807000e+00
-2.90637000 3.47505000e+00
-2.87637000 5.53419000e+00
-2.84637000 9.63853000e+00
-2.81637000 1.64323000e+01
-2.78637000 1.83647000e+01
-2.75637000 1.17982000e+01
-2.72637000 6.70228000e+00
-2.69637000 4.12912000e+00
-2.66637000 2.81574000e+00
-2.63637000 2.09814000e+00
-2.60637000 1.69177000e+00
-2.57637000 1.47483000e+00
-2.54637000 1.35287000e+00
-2.51637000 1.19656000e+00
-2.48637000 1.05842000e+00
-2.45637000 9.77057000e-01
-2.42637000 9.34598000e-01
-2.37514000 9.17551000e-01
-2.34514000 9.31500000e-01
-2.31514000 9.61005000e-01
-2.28514000 1.00631000e+00
-2.25514000 1.06901000e+00
-2.22514000 1.15212000e+00
-2.19514000 1.26052000e+00
-2.16514000 1.40169000e+00
-2.13514000 1.58712000e+00
-2.10514000 1.83473000e+00
-2.07514000 2.17338000e+00
-2.04514000 2.65155000e+00
-2.01514000 3.35508000e+00
-1.98514000 4.44581000e+00
-1.95514000 6.25253000e+00
-1.92514000 9.49670000e+00
-1.89514000 1.58221000e+01
-1.84390000 3.90339000e+01
-1.81390000 3.89569000e+01
-1.78390000 2.37701000e+01
-1.75390000 1.36429000e+01
-1.72390000 8.60288000e+00
-1.69390000 6.01838000e+00
-1.66390000 4.61050000e+00
-1.63390000 3.82651000e+00
-1.60390000 3.42412000e+00
-1.57390000 3.30902000e+00
-1.54390000 3.48512000e+00
-1.51390000 4.07308000e+00
-1.48390000 5.41617000e+00
-1.45390000 8.25436000e+00
-1.42390000 1.25879000e+01
-1.39390000 1.26465000e+01
-1.36390000 8.28663000e+00
-1.31267000 4.25706000e+00
-1.28267000 3.40291000e+00
-1.25267000 2.98425000e+00
-1.22267000 2.80312000e+00
-1.19267000 2.77864000e+00
-1.16267000 2.88542000e+00
-1.13267000 3.14790000e+00
-1.10267000 3.65676000e+00
-1.07267000 4.57952000e+00
-1.04267000 5.63075000e+00
-1.01267000 5.54907000e+00
-0.98266800 5.20496000e+00
-0.95266800 5.39667000e+00
-0.92266800 6.02565000e+00
-0.89266800 7.11122000e+00
-0.86266800 8.68418000e+00
-0.83266800 1.08157000e+01
-0.78143300 1.82000000e+01
-0.75143300 2.69962000e+01
-0.72143300 4.37247000e+01
-0.69143300 7.54767000e+01
-0.66143300 1.05084000e+02
-0.63143300 8.57415000e+01
-0.60143300 6.11007000e+01
-0.57143300 5.14995000e+01
-0.54143300 4.05203000e+01
-0.51143300 3.27323000e+01
-0.48143300 3.34741000e+01
-0.45143300 4.42681000e+01
-0.42143300 6.63533000e+01
-0.39143300 7.68414000e+01
-0.36143300 6.16481000e+01
-0.33143300 5.00353000e+01
-0.30143300 4.54916000e+01
-0.25019900 2.87561000e+01
-0.22019900 2.23029000e+01
-0.19019900 2.13718000e+01
-0.16019900 2.57475000e+01
-0.13019900 3.46578000e+01
-0.10019900 3.60522000e+01
-0.07019900 3.04417000e+01
-0.04019900 3.05428000e+01
-0.01019900 3.40412000e+01
0.01980100 4.08120000e+01
0.04980100 4.50487000e+01
0.07980100 4.12281000e+01
0.10980100 4.65730000e+01
0.13980100 6.30137000e+01
0.16980100 6.23675000e+01
0.19980100 4.41383000e+01
0.22980100 3.60861000e+01
0.28103600 4.70030000e+01
0.31103600 4.14445000e+01
0.34103600 2.62955000e+01
0.37103600 1.70743000e+01
0.40103600 1.26497000e+01
0.43103600 1.08637000e+01
0.46103600 1.10438000e+01
0.49103600 1.37256000e+01
0.52103600 1.93006000e+01
0.55103600 2.06397000e+01
0.58103600 1.41162000e+01
0.61103600 9.06416000e+00
0.64103600 6.53070000e+00
0.67103600 5.35985000e+00
0.70103600 4.77851000e+00
0.73103600 4.34116000e+00
0.76103600 4.31585000e+00
