# E(MeV)  S_GAMTGAMT(K=1) for Ra239_DDPCX
-4.50007000 3.88835000e-03
-4.47007000 3.91823000e-03
-4.44007000 3.95319000e-03
-4.41007000 3.99792000e-03
-4.38007000 4.06313000e-03
-4.35007000 4.16975000e-03
-4.32007000 4.30703000e-03
-4.29007000 4.31061000e-03
-4.26007000 4.22012000e-03
-4.23007000 4.17326000e-03
-4.20007000 4.16274000e-03
-4.17007000 4.16966000e-03
-4.14007000 4.18511000e-03
-4.11007000 4.20517000e-03
-4.08007000 4.22802000e-03
-4.05007000 4.25273000e-03
-4.02007000 4.27883000e-03
-3.96884000 4.32590000e-03
-3.93884000 4.35472000e-03
-3.90884000 4.38438000e-03
-3.87884000 4.41489000e-03
-3.84884000 4.44624000e-03
-3.81884000 4.47845000e-03
-3.78884000 4.51156000e-03
-3.75884000 4.54563000e-03
-3.72884000 4.58071000e-03
-3.69884000 4.61687000e-03
-3.66884000 4.65422000e-03
-3.63884000 4.69285000e-03
-3.60884000 4.73290000e-03
-3.57884000 4.77451000e-03
-3.54884000 4.81789000e-03
-3.51884000 4.86324000e-03
-3.48884000 4.91084000e-03
-3.43761000 4.99834000e-03
-3.40761000 5.05399000e-03
-3.37761000 5.11363000e-03
-3.34761000 5.17811000e-03
-3.31761000 5.24851000e-03
-3.28761000 5.32629000e-03
-3.25761000 5.41349000e-03
-3.22761000 5.51296000e-03
-3.19761000 5.62888000e-03
-3.16761000 5.76752000e-03
-3.13761000 5.93869000e-03
-3.10761000 6.15841000e-03
-3.07761000 6.45431000e-03
-3.04761000 6.87701000e-03
-3.01761000 7.52639000e-03
-2.98761000 8.61561000e-03
-2.95761000 1.06284000e-02
-2.90637000 1.87770000e-02
-2.87637000 2.17946000e-02
-2.84637000 1.70955000e-02
-2.81637000 1.26805000e-02
-2.78637000 1.05360000e-02
-2.75637000 9.87307000e-03
-2.72637000 9.86859000e-03
-2.69637000 9.85732000e-03
-2.66637000 9.74919000e-03
-2.63637000 9.49274000e-03
-2.60637000 9.57532000e-03
-2.57637000 9.86270000e-03
-2.54637000 9.89101000e-03
-2.51637000 1.01382000e-02
-2.48637000 1.12453000e-02
-2.45637000 1.37400000e-02
-2.42637000 1.70367000e-02
-2.37514000 1.42866000e-02
-2.34514000 1.24272000e-02
-2.31514000 1.18726000e-02
-2.28514000 1.20902000e-02
-2.25514000 1.28704000e-02
-2.22514000 1.42386000e-02
-2.19514000 1.64171000e-02
-2.16514000 1.99174000e-02
-2.13514000 2.58438000e-02
-2.10514000 3.66812000e-02
-2.07514000 5.79809000e-02
-2.04514000 9.66207000e-02
-2.01514000 1.23629000e-01
-1.98514000 9.50433000e-02
-1.95514000 6.61307000e-02
-1.92514000 4.76527000e-02
-1.89514000 3.55342000e-02
-1.84390000 3.01043000e-02
-1.81390000 3.42096000e-02
-1.78390000 4.61343000e-02
-1.75390000 6.93611000e-02
-1.72390000 8.90362000e-02
-1.69390000 6.93978000e-02
-1.66390000 4.35162000e-02
-1.63390000 2.95102000e-02
-1.60390000 2.25031000e-02
-1.57390000 1.88214000e-02
-1.54390000 1.68435000e-02
-1.51390000 1.58730000e-02
-1.48390000 1.56288000e-02
-1.45390000 1.60480000e-02
-1.42390000 1.71877000e-02
-1.39390000 1.94027000e-02
-1.36390000 2.36816000e-02
-1.31267000 4.32357000e-02
-1.28267000 6.82435000e-02
-1.25267000 8.04915000e-02
-1.22267000 5.72018000e-02
-1.19267000 3.62451000e-02
-1.16267000 2.54979000e-02
-1.13267000 2.01039000e-02
-1.10267000 1.72355000e-02
-1.07267000 1.55686000e-02
-1.04267000 1.45740000e-02
-1.01267000 1.40840000e-02
-0.98266800 1.40112000e-02
-0.95266800 1.43902000e-02
-0.92266800 1.53348000e-02
-0.89266800 1.65548000e-02
-0.86266800 1.80794000e-02
-0.83266800 2.15689000e-02
-0.78143300 3.32462000e-02
-0.75143300 3.00350000e-02
-0.72143300 2.26794000e-02
-0.69143300 1.86414000e-02
-0.66143300 1.69649000e-02
-0.63143300 1.66176000e-02
-0.60143300 1.70950000e-02
-0.57143300 1.74993000e-02
-0.54143300 1.72139000e-02
-0.51143300 1.72396000e-02
-0.48143300 1.79624000e-02
-0.45143300 1.94413000e-02
-0.42143300 2.19269000e-02
-0.39143300 2.60218000e-02
-0.36143300 3.32565000e-02
-0.33143300 4.70727000e-02
-0.30143300 7.00068000e-02
-0.25019900 8.05560000e-02
-0.22019900 5.87115000e-02
-0.19019900 4.20191000e-02
-0.16019900 3.50106000e-02
-0.13019900 3.46961000e-02
-0.10019900 4.01650000e-02
-0.07019900 4.45115000e-02
-0.04019900 3.71485000e-02
-0.01019900 2.95657000e-02
0.01980100 2.57746000e-02
0.04980100 2.41252000e-02
0.07980100 2.35805000e-02
0.10980100 2.37824000e-02
0.13980100 2.45959000e-02
0.16980100 2.55598000e-02
0.19980100 2.65190000e-02
0.22980100 2.81158000e-02
0.28103600 3.31966000e-02
0.31103600 3.81917000e-02
0.34103600 4.58803000e-02
0.37103600 5.84172000e-02
0.40103600 7.94359000e-02
0.43103600 1.11056000e-01
0.46103600 1.60240000e-01
0.49103600 2.02754000e-01
0.52103600 1.78738000e-01
0.55103600 1.47408000e-01
0.58103600 1.11800000e-01
0.61103600 8.24589000e-02
0.64103600 6.94651000e-02
0.67103600 6.59853000e-02
0.70103600 6.22616000e-02
0.73103600 5.81333000e-02
0.76103600 5.56047000e-02
