# E(MeV)  S_GAMTGAMT(K=0) for Ra239_DDPCX
-4.50007000 4.05681000e-03
-4.47007000 4.08393000e-03
-4.44007000 4.11151000e-03
-4.41007000 4.13957000e-03
-4.38007000 4.16813000e-03
-4.35007000 4.19720000e-03
-4.32007000 4.22681000e-03
-4.29007000 4.25698000e-03
-4.26007000 4.28774000e-03
-4.23007000 4.31911000e-03
-4.20007000 4.35113000e-03
-4.17007000 4.38382000e-03
-4.14007000 4.41722000e-03
-4.11007000 4.45136000e-03
-4.08007000 4.48629000e-03
-4.05007000 4.52205000e-03
-4.02007000 4.55868000e-03
-3.96884000 4.62343000e-03
-3.93884000 4.66272000e-03
-3.90884000 4.70311000e-03
-3.87884000 4.74469000e-03
-3.84884000 4.78753000e-03
-3.81884000 4.83174000e-03
-3.78884000 4.87742000e-03
-3.75884000 4.92471000e-03
-3.72884000 4.97375000e-03
-3.69884000 5.02471000e-03
-3.66884000 5.07779000e-03
-3.63884000 5.13323000e-03
-3.60884000 5.19131000e-03
-3.57884000 5.25239000e-03
-3.54884000 5.31689000e-03
-3.51884000 5.38539000e-03
-3.48884000 5.45860000e-03
-3.43761000 5.59758000e-03
-3.40761000 5.68986000e-03
-3.37761000 5.79355000e-03
-3.34761000 5.91348000e-03
-3.31761000 6.05848000e-03
-3.28761000 6.24624000e-03
-3.25761000 6.51535000e-03
-3.22761000 6.94786000e-03
-3.19761000 7.60367000e-03
-3.16761000 7.94817000e-03
-3.13761000 7.65898000e-03
-3.10761000 7.50110000e-03
-3.07761000 7.58815000e-03
-3.04761000 7.84686000e-03
-3.01761000 8.26307000e-03
-2.98761000 8.88025000e-03
-2.95761000 9.81249000e-03
-2.90637000 1.29886000e-02
-2.87637000 1.70938000e-02
-2.84637000 2.50061000e-02
-2.81637000 3.52751000e-02
-2.78637000 3.30130000e-02
-2.75637000 2.33860000e-02
-2.72637000 1.79474000e-02
-2.69637000 1.58832000e-02
-2.66637000 1.57158000e-02
-2.63637000 1.69908000e-02
-2.60637000 1.97990000e-02
-2.57637000 2.47129000e-02
-2.54637000 3.46620000e-02
-2.51637000 5.47649000e-02
-2.48637000 8.03770000e-02
-2.45637000 7.30726000e-02
-2.42637000 4.69632000e-02
-2.37514000 2.55126000e-02
-2.34514000 2.11785000e-02
-2.31514000 1.93396000e-02
-2.28514000 1.90103000e-02
-2.25514000 1.98889000e-02
-2.22514000 2.20983000e-02
-2.19514000 2.62290000e-02
-2.16514000 3.37139000e-02
-2.13514000 4.78832000e-02
-2.10514000 7.62691000e-02
-2.07514000 1.28411000e-01
-2.04514000 1.64603000e-01
-2.01514000 1.19582000e-01
-1.98514000 7.15041000e-02
-1.95514000 4.69082000e-02
-1.92514000 3.47617000e-02
-1.89514000 2.77912000e-02
-1.84390000 2.13780000e-02
-1.81390000 1.85844000e-02
-1.78390000 1.68209000e-02
-1.75390000 1.57803000e-02
-1.72390000 1.52083000e-02
-1.69390000 1.50118000e-02
-1.66390000 1.52129000e-02
-1.63390000 1.56469000e-02
-1.60390000 1.54845000e-02
-1.57390000 1.51017000e-02
-1.54390000 1.50619000e-02
-1.51390000 1.53255000e-02
-1.48390000 1.57672000e-02
-1.45390000 1.62607000e-02
-1.42390000 1.70513000e-02
-1.39390000 1.84497000e-02
-1.36390000 2.04813000e-02
-1.31267000 2.07376000e-02
-1.28267000 2.03607000e-02
-1.25267000 2.07066000e-02
-1.22267000 2.15215000e-02
-1.19267000 2.26747000e-02
-1.16267000 2.41431000e-02
-1.13267000 2.59669000e-02
-1.10267000 2.82436000e-02
-1.07267000 3.11611000e-02
-1.04267000 3.50896000e-02
-1.01267000 4.07585000e-02
-0.98266800 4.89676000e-02
-0.95266800 5.68708000e-02
-0.92266800 6.16222000e-02
-0.89266800 6.99168000e-02
-0.86266800 8.62129000e-02
-0.83266800 1.16001000e-01
-0.78143300 2.03174000e-01
-0.75143300 2.08762000e-01
-0.72143300 2.07757000e-01
-0.69143300 2.46547000e-01
-0.66143300 3.35510000e-01
-0.63143300 5.12039000e-01
-0.60143300 8.71336000e-01
-0.57143300 1.42388000e+00
-0.54143300 1.53006000e+00
-0.51143300 1.18844000e+00
-0.48143300 9.23374000e-01
-0.45143300 7.41114000e-01
-0.42143300 5.22225000e-01
-0.39143300 3.27996000e-01
-0.36143300 2.17686000e-01
-0.33143300 1.56410000e-01
-0.30143300 1.19887000e-01
-0.25019900 8.52328000e-02
-0.22019900 7.37154000e-02
-0.19019900 6.63401000e-02
-0.16019900 6.26358000e-02
-0.13019900 6.30931000e-02
-0.10019900 6.90004000e-02
-0.07019900 7.37297000e-02
-0.04019900 6.56478000e-02
-0.01019900 5.58952000e-02
0.01980100 5.01093000e-02
0.04980100 4.86340000e-02
0.07980100 4.87239000e-02
0.10980100 4.78763000e-02
0.13980100 4.81416000e-02
0.16980100 4.85807000e-02
0.19980100 4.98787000e-02
0.22980100 5.43393000e-02
0.28103600 7.55805000e-02
0.31103600 1.04740000e-01
0.34103600 1.46031000e-01
0.37103600 1.51724000e-01
0.40103600 1.14903000e-01
0.43103600 9.14617000e-02
0.46103600 8.47739000e-02
0.49103600 8.76863000e-02
0.52103600 9.31779000e-02
0.55103600 1.04203000e-01
0.58103600 1.26811000e-01
0.61103600 1.49554000e-01
0.64103600 1.62269000e-01
0.67103600 1.90492000e-01
0.70103600 2.20243000e-01
0.73103600 2.34600000e-01
0.76103600 2.68759000e-01
