# E(MeV)  S_NSDRNSDR(Total=K0+2*K1) for Rb90_DDPCX
-7.75699000 -4.61845400e+00
-7.72699000 -3.48484400e+00
-7.69699000 -2.83517600e+00
-7.66699000 -2.46008600e+00
-7.63699000 -2.26269000e+00
-7.60699000 -2.20121000e+00
-7.57699000 -2.26784100e+00
-7.54699000 -2.48577700e+00
-7.51699000 -2.92217200e+00
-7.48699000 -3.72873300e+00
-7.45699000 -5.24790600e+00
-7.42699000 -8.26808600e+00
-7.39699000 -1.42333320e+01
-7.36699000 -2.14676570e+01
-7.33699000 -1.86901170e+01
-7.30699000 -1.13907280e+01
-7.27699000 -7.47080000e+00
-7.24699000 -6.09304000e+00
-7.21699000 -5.13759000e+00
-7.18699000 -3.62697800e+00
-7.15699000 -2.56531600e+00
-7.12699000 -1.96669200e+00
-7.09699000 -1.61667700e+00
-7.06699000 -1.40216400e+00
-7.03699000 -1.27092500e+00
-7.00699000 -1.19948500e+00
-6.97699000 -1.18086400e+00
-6.94699000 -1.22234100e+00
-6.90007000 -1.41508200e+00
-6.87007000 -1.51527000e+00
-6.84007000 -1.67883300e+00
-6.81007000 -2.04220000e+00
-6.78007000 -2.74461300e+00
-6.75007000 -4.11480800e+00
-6.72007000 -6.89078300e+00
-6.69007000 -1.16887450e+01
-6.66007000 -1.36559140e+01
-6.63007000 -9.06940200e+00
-6.60007000 -5.19268500e+00
-6.57007000 -3.20939700e+00
-6.54007000 -2.19343400e+00
-6.51007000 -1.63343500e+00
-6.48007000 -1.30151700e+00
-6.45007000 -1.07799400e+00
-6.42007000 -9.20963000e-01
-6.39007000 -8.15052000e-01
-6.36007000 -7.44065000e-01
-6.33007000 -6.97989000e-01
-6.30007000 -6.71675000e-01
-6.27007000 -6.63297000e-01
-6.24007000 -6.74077000e-01
-6.21007000 -7.09495000e-01
-6.18007000 -7.83104000e-01
-6.15007000 -9.24296000e-01
-6.12007000 -1.16555600e+00
-6.09007000 -1.39654100e+00
-6.04314000 -1.69927200e+00
-6.01314000 -2.33384400e+00
-5.98314000 -3.08218400e+00
-5.95314000 -2.80415000e+00
-5.92314000 -2.29215800e+00
-5.89314000 -2.25045400e+00
-5.86314000 -2.66796700e+00
-5.83314000 -3.67060600e+00
-5.80314000 -5.75016300e+00
-5.77314000 -9.99963100e+00
-5.74314000 -1.64374850e+01
-5.71314000 -1.65456750e+01
-5.68314000 -1.00381110e+01
-5.65314000 -5.60908390e+00
-5.62314000 -3.34265400e+00
-5.59314000 -2.08331510e+00
-5.56314000 -1.21937580e+00
-5.53314000 -4.21718800e-01
-5.50314000 1.14170300e-01
-5.47314000 -4.01202100e-01
-5.44314000 -6.45841800e-01
-5.41314000 -5.55835100e-01
-5.38314000 -4.76445300e-01
-5.35314000 -4.25611500e-01
-5.32314000 -3.93061500e-01
-5.29314000 -3.75155800e-01
-5.26314000 -3.73609100e-01
-5.23314000 -3.96366300e-01
-5.18622000 -5.40121100e-01
-5.15622000 -8.15990800e-01
-5.12622000 -1.22125970e+00
-5.09622000 -1.03548270e+00
-5.06622000 -6.00144000e-01
-5.03622000 -3.24139700e-01
-5.00622000 -1.39255800e-01
-4.97622000 4.10971000e-02
-4.94622000 3.00833600e-01
-4.91622000 7.18053700e-01
-4.88622000 9.87351000e-01
-4.85622000 6.77583000e-01
-4.82622000 3.66477300e-01
-4.79622000 2.22574700e-01
-4.76622000 1.73743500e-01
-4.73622000 1.79394530e-01
-4.70622000 2.30415300e-01
-4.67622000 3.38108900e-01
-4.64622000 5.10083100e-01
-4.61622000 7.27545600e-01
-4.58622000 1.13921180e+00
-4.55622000 2.01308119e+00
-4.52622000 3.31169697e+00
-4.49622000 3.45909000e+00
-4.46622000 2.15175090e+00
-4.43622000 1.18042380e+00
-4.40622000 6.90182300e-01
-4.37622000 4.39301000e-01
-4.32929000 2.52199000e-01
-4.29929000 1.94042400e-01
-4.26929000 1.61417800e-01
-4.23929000 1.46469500e-01
-4.20929000 1.45970700e-01
-4.17929000 1.59883200e-01
-4.14929000 1.91023200e-01
-4.11929000 2.46295500e-01
-4.08929000 3.42908100e-01
-4.05929000 5.17792400e-01
-4.02929000 8.54397700e-01
-3.99929000 1.53169530e+00
-3.96929000 2.64096820e+00
-3.93929000 2.90652410e+00
-3.90929000 1.82146130e+00
-3.87929000 1.00017610e+00
-3.84929000 5.85115700e-01
-3.81929000 3.71420600e-01
-3.78929000 2.52609560e-01
-3.75929000 1.82286030e-01
-3.72929000 1.38499100e-01
-3.69929000 1.08264280e-01
-3.66929000 8.74769100e-02
-3.63929000 7.46294800e-02
-3.60929000 6.80351500e-02
-3.57929000 6.71136000e-02
-3.54929000 7.25970000e-02
-3.51929000 8.71547000e-02
-3.47236000 1.46550400e-01
-3.44236000 2.37882400e-01
-3.41236000 3.94882200e-01
-3.38236000 4.69228200e-01
-3.35236000 3.64698800e-01
-3.32236000 3.20032800e-01
-3.29236000 3.98174300e-01
-3.26236000 5.06722900e-01
-3.23236000 3.97435000e-01
-3.20236000 2.35197200e-01
-3.17236000 1.45420700e-01
-3.14236000 1.00655540e-01
-3.11236000 7.75085800e-02
-3.08236000 6.54526600e-02
-3.05236000 5.98328000e-02
-3.02236000 5.85336700e-02
-2.99236000 6.06642300e-02
-2.96236000 6.60603800e-02
-2.93236000 7.51662000e-02
-2.90236000 8.91819000e-02
-2.87236000 1.10594400e-01
-2.84236000 1.44509900e-01
-2.81236000 2.01904800e-01
-2.78236000 3.05445200e-01
-2.75236000 4.73147000e-01
-2.72236000 6.21146000e-01
-2.69236000 7.88012000e-01
-2.66236000 9.84496300e-01
-2.61544000 6.89877100e-01
-2.58544000 5.80007400e-01
-2.55544000 6.05767400e-01
-2.52544000 6.98333900e-01
-2.49544000 9.65530300e-01
-2.46544000 1.57599860e+00
-2.43544000 2.31884126e+00
-2.40544000 2.00090270e+00
-2.37544000 1.24987509e+00
-2.34544000 8.67872950e-01
-2.31544000 7.88673700e-01
-2.28544000 9.01856900e-01
-2.25544000 1.02963010e+00
-2.22544000 1.06090910e+00
-2.19544000 7.77141700e-01
-2.16544000 5.01803200e-01
-2.13544000 3.59080800e-01
-2.10544000 2.93197300e-01
-2.07544000 2.69751100e-01
-2.04544000 2.77710600e-01
-2.01544000 3.21159800e-01
-1.98544000 4.13150000e-01
-1.95544000 5.50803000e-01
-1.92544000 6.58209000e-01
-1.89544000 6.47901000e-01
-1.86544000 7.13221000e-01
-1.83544000 9.66354000e-01
-1.80544000 1.30792900e+00
-1.75851000 1.74624600e+00
-1.72851000 2.37603400e+00
-1.69851000 2.56834200e+00
-1.66851000 1.90567300e+00
-1.63851000 1.47218000e+00
-1.60851000 1.55721800e+00
-1.57851000 2.18628440e+00
-1.54851000 2.87262290e+00
-1.51851000 2.25903120e+00
-1.48851000 1.37195520e+00
-1.45851000 9.13808000e-01
-1.42851000 7.01411000e-01
-1.39851000 5.40412000e-01
-1.36851000 4.34862400e-01
-1.33851000 3.97357400e-01
-1.30851000 4.22886500e-01
-1.27851000 5.25926000e-01
-1.24851000 6.75925000e-01
-1.21851000 7.17072000e-01
-1.18851000 7.46430000e-01
-1.15851000 9.64260000e-01
-1.12851000 1.22341300e+00
-1.09851000 1.24297800e+00
-1.06851000 1.08372700e+00
-1.03851000 9.06694000e-01
-1.00851000 9.58181000e-01
-0.97850900 1.25225480e+00
-0.94850900 1.22829440e+00
-0.90158300 5.94075000e-01
-0.87158300 3.84814900e-01
-0.84158300 2.77316000e-01
-0.81158300 2.19076600e-01
-0.78158300 1.87355800e-01
-0.75158300 1.73485600e-01
-0.72158300 1.76866700e-01
-0.69158300 2.02022000e-01
-0.66158300 2.29452800e-01
-0.63158300 2.05583700e-01
-0.60158300 1.75805000e-01
-0.57158300 1.68798000e-01
-0.54158300 1.81507100e-01
-0.51158300 2.08856800e-01
-0.48158300 2.36714100e-01
-0.45158300 2.83162400e-01
-0.42158300 3.80168000e-01
-0.39158300 5.35541000e-01
-0.36158300 7.00384000e-01
-0.33158300 9.67474000e-01
-0.30158300 1.51245530e+00
-0.27158300 2.08707760e+00
-0.24158300 1.67695210e+00
-0.21158300 1.01733160e+00
-0.18158300 6.79757800e-01
-0.15158300 5.57929000e-01
-0.12158300 5.21362000e-01
-0.09158290 5.54676000e-01
-0.04465650 7.70984000e-01
-0.01465650 6.35479000e-01
0.01534350 4.18246200e-01
0.04534350 2.97258000e-01
0.07534350 2.46420400e-01
0.10534400 2.33779200e-01
0.13534400 2.48941800e-01
0.16534400 3.09596600e-01
0.19534400 3.86377000e-01
0.22534400 3.62936000e-01
0.25534400 3.34354000e-01
0.28534400 3.94140900e-01
0.31534400 5.55352100e-01
0.34534400 6.95878100e-01
0.37534400 7.26478100e-01
0.40534400 6.16259600e-01
0.43534400 4.86374100e-01
0.46534400 3.89580500e-01
0.49534400 2.70924400e-01
0.52534400 1.95403400e-01
0.55534400 1.58069300e-01
0.58534400 1.42928700e-01
0.61534400 1.44543200e-01
0.64534400 1.66433100e-01
0.67534400 2.18874800e-01
0.70534400 2.85962000e-01
0.73534400 3.30123800e-01
0.76534400 3.33580000e-01
