# E(MeV)  S_GAMTGAMT(Total=K0+2*K1) for Rb90_DDPCX
-7.75699000 1.84925200e-03
-7.72699000 2.11289200e-03
-7.69699000 2.11903700e-03
-7.66699000 1.89896180e-03
-7.63699000 1.38591300e-03
-7.60699000 3.69740000e-04
-7.57699000 -1.66232800e-03
-7.54699000 -5.70956600e-03
-7.51699000 -1.10967940e-02
-7.48699000 -9.97890800e-03
-7.45699000 -4.82500200e-03
-7.42699000 -1.92787800e-03
-7.39699000 -9.65272400e-04
-7.36699000 -1.31033300e-03
-7.33699000 -3.11085500e-03
-7.30699000 -7.42612200e-03
-7.27699000 -1.55634720e-02
-7.24699000 -2.03537700e-02
-7.21699000 -1.26416900e-02
-7.18699000 -5.13551000e-03
-7.15699000 -1.20394000e-03
-7.12699000 8.26790000e-04
-7.09699000 1.96837600e-03
-7.06699000 2.66603400e-03
-7.03699000 3.12148800e-03
-7.00699000 3.43270000e-03
-6.97699000 3.64979000e-03
-6.94699000 3.79814000e-03
-6.90007000 3.91199000e-03
-6.87007000 3.89756000e-03
-6.84007000 3.77592000e-03
-6.81007000 3.45753800e-03
-6.78007000 2.73425400e-03
-6.75007000 1.28865000e-03
-6.72007000 -2.86600000e-05
-6.69007000 1.01822000e-03
-6.66007000 2.30610200e-03
-6.63007000 2.88907400e-03
-6.60007000 3.60111000e-03
-6.57007000 4.24975000e-03
-6.54007000 4.64402000e-03
-6.51007000 4.89028000e-03
-6.48007000 5.06243000e-03
-6.45007000 5.19524000e-03
-6.42007000 5.30550000e-03
-6.39007000 5.40209000e-03
-6.36007000 5.48998000e-03
-6.33007000 5.57219000e-03
-6.30007000 5.65065000e-03
-6.27007000 5.72668000e-03
-6.24007000 5.80113000e-03
-6.21007000 5.87469000e-03
-6.18007000 5.94786000e-03
-6.15007000 6.02096000e-03
-6.12007000 6.09434000e-03
-6.09007000 6.16820000e-03
-6.04314000 6.28525000e-03
-6.01314000 6.36129000e-03
-5.98314000 6.43844000e-03
-5.95314000 6.51684000e-03
-5.92314000 6.59662000e-03
-5.89314000 6.67793000e-03
-5.86314000 6.76084000e-03
-5.83314000 6.84545000e-03
-5.80314000 6.93193000e-03
-5.77314000 7.02036000e-03
-5.74314000 7.11083000e-03
-5.71314000 7.20349000e-03
-5.68314000 7.29847000e-03
-5.65314000 7.39584000e-03
-5.62314000 7.49576000e-03
-5.59314000 7.59836000e-03
-5.56314000 7.70377000e-03
-5.53314000 7.81214000e-03
-5.50314000 7.92362000e-03
-5.47314000 8.03837000e-03
-5.44314000 8.15656000e-03
-5.41314000 8.27835000e-03
-5.38314000 8.40395000e-03
-5.35314000 8.53357000e-03
-5.32314000 8.66739000e-03
-5.29314000 8.80565000e-03
-5.26314000 8.94861000e-03
-5.23314000 9.09652000e-03
-5.18622000 9.33849000e-03
-5.15622000 9.50043000e-03
-5.12622000 9.66841000e-03
-5.09622000 9.84280000e-03
-5.06622000 1.00239800e-02
-5.03622000 1.02123900e-02
-5.00622000 1.04085000e-02
-4.97622000 1.06127700e-02
-4.94622000 1.08257900e-02
-4.91622000 1.10481300e-02
-4.88622000 1.12804600e-02
-4.85622000 1.15234800e-02
-4.82622000 1.17780000e-02
-4.79622000 1.20448900e-02
-4.76622000 1.23251200e-02
-4.73622000 1.26197600e-02
-4.70622000 1.29300600e-02
-4.67622000 1.32573500e-02
-4.64622000 1.36032100e-02
-4.61622000 1.39693700e-02
-4.58622000 1.43578800e-02
-4.55622000 1.47710900e-02
-4.52622000 1.52117300e-02
-4.49622000 1.56830000e-02
-4.46622000 1.61888100e-02
-4.43622000 1.67337900e-02
-4.40622000 1.73236700e-02
-4.37622000 1.79656500e-02
-4.32929000 1.90970900e-02
-4.29929000 1.99217200e-02
-4.26929000 2.08474200e-02
-4.23929000 2.19014800e-02
-4.20929000 2.31242800e-02
-4.17929000 2.45780400e-02
-4.14929000 2.63647800e-02
-4.11929000 2.86629800e-02
-4.08929000 3.18111000e-02
-4.05929000 3.64970600e-02
-4.02929000 4.40399800e-02
-3.99929000 5.52621000e-02
-3.96929000 6.86434000e-02
-3.93929000 9.29057800e-02
-3.90929000 1.26886640e-01
-3.87929000 1.19056860e-01
-3.84929000 8.54113400e-02
-3.81929000 6.59083200e-02
-3.78929000 5.75166000e-02
-3.75929000 5.45763000e-02
-3.72929000 5.44801000e-02
-3.69929000 5.61310000e-02
-3.66929000 5.90808000e-02
-3.63929000 6.31925000e-02
-3.60929000 6.85160000e-02
-3.57929000 7.52575000e-02
-3.54929000 8.38129000e-02
-3.51929000 9.48789000e-02
-3.47236000 1.20632700e-01
-3.44236000 1.47362000e-01
-3.41236000 1.90294000e-01
-3.38236000 2.51806800e-01
-3.35236000 2.86665800e-01
-3.32236000 2.95378600e-01
-3.29236000 3.36670400e-01
-3.26236000 4.26954200e-01
-3.23236000 5.91021200e-01
-3.20236000 8.94989400e-01
-3.17236000 1.49405280e+00
-3.14236000 2.62114720e+00
-3.11236000 3.61167560e+00
-3.08236000 2.76200020e+00
-3.05236000 1.63120060e+00
-3.02236000 1.04102020e+00
-2.99236000 7.73289000e-01
-2.96236000 6.69382000e-01
-2.93236000 6.68114000e-01
-2.90236000 7.60144000e-01
-2.87236000 9.77862000e-01
-2.84236000 1.41942300e+00
-2.81236000 2.32247360e+00
-2.78236000 4.09141400e+00
-2.75236000 5.95304220e+00
-2.72236000 4.78491010e+00
-2.69236000 2.72457310e+00
-2.66236000 1.56855180e+00
-2.61544000 7.87149300e-01
-2.58544000 5.56217000e-01
-2.55544000 4.14581600e-01
-2.52544000 3.22031700e-01
-2.49544000 2.58425900e-01
-2.46544000 2.12918000e-01
-2.43544000 1.79286900e-01
-2.40544000 1.53777900e-01
-2.37544000 1.34024000e-01
-2.34544000 1.18480500e-01
-2.31544000 1.06113300e-01
-2.28544000 9.62200000e-02
-2.25544000 8.83272000e-02
-2.22544000 8.21328000e-02
-2.19544000 7.74844000e-02
-2.16544000 7.43896000e-02
-2.13544000 7.30814000e-02
-2.10544000 7.41899000e-02
-2.07544000 7.91748000e-02
-2.04544000 9.13795000e-02
-2.01544000 1.17755700e-01
-1.98544000 1.62517600e-01
-1.95544000 2.03261400e-01
-1.92544000 2.12514100e-01
-1.89544000 1.57719100e-01
-1.86544000 1.06328900e-01
-1.83544000 7.92470000e-02
-1.80544000 6.56398000e-02
-1.75851000 5.70942000e-02
-1.72851000 5.69839000e-02
-1.69851000 6.17506000e-02
-1.66851000 7.18596000e-02
-1.63851000 7.53281000e-02
-1.60851000 6.83494000e-02
-1.57851000 6.66920000e-02
-1.54851000 7.35414000e-02
-1.51851000 9.15019000e-02
-1.48851000 1.28967000e-01
-1.45851000 1.92665800e-01
-1.42851000 2.56019800e-01
-1.39851000 2.94686000e-01
-1.36851000 2.38518700e-01
-1.33851000 1.61084700e-01
-1.30851000 1.17400300e-01
-1.27851000 1.05329700e-01
-1.24851000 1.18029400e-01
-1.21851000 1.31248660e-01
-1.18851000 1.10776410e-01
-1.15851000 8.08383800e-02
-1.12851000 6.27305800e-02
-1.09851000 5.59702000e-02
-1.06851000 5.65419300e-02
-1.03851000 5.51452100e-02
-1.00851000 4.83642800e-02
-0.97850900 4.53413700e-02
-0.94850900 4.82224100e-02
-0.90158300 6.73269700e-02
-0.87158300 7.13249400e-02
-0.84158300 5.72059000e-02
-0.81158300 4.77637000e-02
-0.78158300 4.20322000e-02
-0.75158300 3.61803000e-02
-0.72158300 3.25824900e-02
-0.69158300 3.08914400e-02
-0.66158300 3.04699200e-02
-0.63158300 3.12957100e-02
-0.60158300 3.39717700e-02
-0.57158300 3.85217400e-02
-0.54158300 3.91037100e-02
-0.51158300 3.49141600e-02
-0.48158300 3.25524500e-02
-0.45158300 3.23336400e-02
-0.42158300 3.29901200e-02
-0.39158300 3.51372900e-02
-0.36158300 4.04862400e-02
-0.33158300 4.69937300e-02
-0.30158300 4.44561100e-02
-0.27158300 3.87944800e-02
-0.24158300 3.66685000e-02
-0.21158300 3.77238000e-02
-0.18158300 4.22739000e-02
-0.15158300 5.14883000e-02
-0.12158300 5.81363000e-02
-0.09158290 5.16860000e-02
-0.04465650 4.52544000e-02
-0.01465650 4.83053000e-02
0.01534350 5.77675000e-02
0.04534350 7.03668100e-02
0.07534350 6.88521200e-02
0.10534400 6.34476600e-02
0.13534400 6.89082200e-02
0.16534400 8.93743400e-02
0.19534400 1.16334270e-01
0.22534400 1.04367230e-01
0.25534400 7.46006300e-02
0.28534400 5.74304500e-02
0.31534400 4.91521100e-02
0.34534400 4.51164300e-02
0.37534400 4.32036200e-02
0.40534400 4.25066900e-02
0.43534400 4.26508700e-02
0.46534400 4.35953000e-02
0.49534400 4.52105000e-02
0.52534400 4.59349000e-02
0.55534400 4.58814000e-02
0.58534400 4.64572000e-02
0.61534400 4.76646800e-02
0.64534400 4.93807400e-02
0.67534400 5.16406100e-02
0.70534400 5.46536700e-02
0.73534400 5.89265000e-02
0.76534400 6.56287000e-02
