# E(MeV)  S_NSDRNSDR(K=0) for Rb90_DDPCX
-7.75699000 -3.76975000e+00
-7.72699000 -2.62359000e+00
-7.69699000 -1.93712000e+00
-7.66699000 -1.49813000e+00
-7.63699000 -1.20265000e+00
-7.60699000 -9.95882000e-01
-7.57699000 -8.47131000e-01
-7.54699000 -7.38441000e-01
-7.51699000 -6.59092000e-01
-7.48699000 -6.02893000e-01
-7.45699000 -5.66946000e-01
-7.42699000 -5.51446000e-01
-7.39699000 -5.60632000e-01
-7.36699000 -6.05857000e-01
-7.33699000 -7.13637000e-01
-7.30699000 -9.46028000e-01
-7.27699000 -1.43766000e+00
-7.24699000 -2.26620000e+00
-7.21699000 -2.48221000e+00
-7.18699000 -1.64535000e+00
-7.15699000 -9.97134000e-01
-7.12699000 -6.63724000e-01
-7.09699000 -4.87393000e-01
-7.06699000 -3.85078000e-01
-7.03699000 -3.20327000e-01
-7.00699000 -2.76327000e-01
-6.97699000 -2.44682000e-01
-6.94699000 -2.20873000e-01
-6.90007000 -1.93520000e-01
-6.87007000 -1.80222000e-01
-6.84007000 -1.69187000e-01
-6.81007000 -1.59886000e-01
-6.78007000 -1.51953000e-01
-6.75007000 -1.45128000e-01
-6.72007000 -1.39223000e-01
-6.69007000 -1.34105000e-01
-6.66007000 -1.29674000e-01
-6.63007000 -1.25862000e-01
-6.60007000 -1.22625000e-01
-6.57007000 -1.19937000e-01
-6.54007000 -1.17794000e-01
-6.51007000 -1.16209000e-01
-6.48007000 -1.15221000e-01
-6.45007000 -1.14894000e-01
-6.42007000 -1.15327000e-01
-6.39007000 -1.16670000e-01
-6.36007000 -1.19139000e-01
-6.33007000 -1.23055000e-01
-6.30007000 -1.28895000e-01
-6.27007000 -1.37391000e-01
-6.24007000 -1.49695000e-01
-6.21007000 -1.67701000e-01
-6.18007000 -1.94664000e-01
-6.15007000 -2.36526000e-01
-6.12007000 -3.04890000e-01
-6.09007000 -4.24255000e-01
-6.04314000 -8.66420000e-01
-6.01314000 -1.51213000e+00
-5.98314000 -2.19122000e+00
-5.95314000 -1.77082000e+00
-5.92314000 -1.02453000e+00
-5.89314000 -6.05780000e-01
-5.86314000 -3.94947000e-01
-5.83314000 -2.81026000e-01
-5.80314000 -2.13963000e-01
-5.77314000 -1.71471000e-01
-5.74314000 -1.42885000e-01
-5.71314000 -1.22695000e-01
-5.68314000 -1.07851000e-01
-5.65314000 -9.65639000e-02
-5.62314000 -8.77340000e-02
-5.59314000 -8.06551000e-02
-5.56314000 -7.48578000e-02
-5.53314000 -7.00208000e-02
-5.50314000 -6.59179000e-02
-5.47314000 -6.23861000e-02
-5.44314000 -5.93058000e-02
-5.41314000 -5.65871000e-02
-5.38314000 -5.41613000e-02
-5.35314000 -5.19755000e-02
-5.32314000 -4.99875000e-02
-5.29314000 -4.81638000e-02
-5.26314000 -4.64771000e-02
-5.23314000 -4.49043000e-02
-5.18622000 -4.26271000e-02
-5.15622000 -4.12628000e-02
-5.12622000 -3.99517000e-02
-5.09622000 -3.86787000e-02
-5.06622000 -3.74280000e-02
-5.03622000 -3.61817000e-02
-5.00622000 -3.49182000e-02
-4.97622000 -3.36093000e-02
-4.94622000 -3.22164000e-02
-4.91622000 -3.06823000e-02
-4.88622000 -2.89190000e-02
-4.85622000 -2.67810000e-02
-4.82622000 -2.40147000e-02
-4.79622000 -2.01453000e-02
-4.76622000 -1.42133000e-02
-4.73622000 -4.12047000e-03
-4.70622000 1.49153000e-02
-4.67622000 5.14609000e-02
-4.64622000 9.40011000e-02
-4.61622000 7.55496000e-02
-4.58622000 3.18118000e-02
-4.55622000 6.74119000e-03
-4.52622000 -5.54303000e-03
-4.49622000 -1.18500000e-02
-4.46622000 -1.52891000e-02
-4.43622000 -1.72382000e-02
-4.40622000 -1.83517000e-02
-4.37622000 -1.89650000e-02
-4.32929000 -1.93330000e-02
-4.29929000 -1.93336000e-02
-4.26929000 -1.92152000e-02
-4.23929000 -1.90095000e-02
-4.20929000 -1.87373000e-02
-4.17929000 -1.84122000e-02
-4.14929000 -1.80428000e-02
-4.11929000 -1.76345000e-02
-4.08929000 -1.71899000e-02
-4.05929000 -1.67096000e-02
-4.02929000 -1.61923000e-02
-3.99929000 -1.56347000e-02
-3.96929000 -1.50318000e-02
-3.93929000 -1.43759000e-02
-3.90929000 -1.36567000e-02
-3.87929000 -1.28599000e-02
-3.84929000 -1.19663000e-02
-3.81929000 -1.09494000e-02
-3.78929000 -9.77244000e-03
-3.75929000 -8.38357000e-03
-3.72929000 -6.70770000e-03
-3.69929000 -4.63332000e-03
-3.66929000 -1.98929000e-03
-3.63929000 1.49708000e-03
-3.60929000 6.28035000e-03
-3.57929000 1.31598000e-02
-3.54929000 2.36328000e-02
-3.51929000 4.07193000e-02
-3.47236000 9.90042000e-02
-3.44236000 1.85505000e-01
-3.41236000 3.32650000e-01
-3.38236000 3.88508000e-01
-3.35236000 2.48715000e-01
-3.32236000 1.33368000e-01
-3.29236000 7.47903000e-02
-3.26236000 4.49729000e-02
-3.23236000 2.86170000e-02
-3.20236000 1.90252000e-02
-3.17236000 1.31417000e-02
-3.14236000 9.46814000e-03
-3.11236000 7.22478000e-03
-3.08236000 5.99466000e-03
-3.05236000 5.56520000e-03
-3.02236000 5.85907000e-03
-2.99236000 6.91383000e-03
-2.96236000 8.90038000e-03
-2.93236000 1.21932000e-02
-2.90236000 1.75403000e-02
-2.87236000 2.64668000e-02
-2.84236000 4.22697000e-02
-2.81236000 7.24774000e-02
-2.78236000 1.32791000e-01
-2.75236000 2.26085000e-01
-2.72236000 2.34552000e-01
-2.69236000 1.42404000e-01
-2.66236000 7.81423000e-02
-2.61544000 3.54631000e-02
-2.58544000 2.37534000e-02
-2.55544000 1.70494000e-02
-2.52544000 1.30379000e-02
-2.49544000 1.06043000e-02
-2.46544000 9.17460000e-03
-2.43544000 8.44126000e-03
-2.40544000 8.24270000e-03
-2.37544000 8.51309000e-03
-2.34544000 9.27495000e-03
-2.31544000 1.06797000e-02
-2.28544000 1.31049000e-02
-2.25544000 1.68441000e-02
-2.22544000 1.94631000e-02
-2.19544000 1.95917000e-02
-2.16544000 2.09012000e-02
-2.13544000 2.41508000e-02
-2.10544000 2.94493000e-02
-2.07544000 3.76071000e-02
-2.04544000 5.06646000e-02
-2.01544000 7.25678000e-02
-1.98544000 1.03076000e-01
-1.95544000 1.21387000e-01
-1.92544000 1.40625000e-01
-1.89544000 1.93853000e-01
-1.86544000 3.10451000e-01
-1.83544000 5.34606000e-01
-1.80544000 7.57993000e-01
-1.75851000 6.81658000e-01
-1.72851000 6.14274000e-01
-1.69851000 4.03422000e-01
-1.66851000 2.39413000e-01
-1.63851000 1.54050000e-01
-1.60851000 1.10100000e-01
-1.57851000 8.72644000e-02
-1.54851000 7.73429000e-02
-1.51851000 7.85712000e-02
-1.48851000 9.47192000e-02
-1.45851000 1.33596000e-01
-1.42851000 1.69443000e-01
-1.39851000 1.36688000e-01
-1.36851000 9.50044000e-02
-1.33851000 7.69774000e-02
-1.30851000 7.64105000e-02
-1.27851000 9.19420000e-02
-1.24851000 1.26389000e-01
-1.21851000 1.58164000e-01
-1.18851000 1.76910000e-01
-1.15851000 2.36824000e-01
-1.12851000 3.16821000e-01
-1.09851000 3.71096000e-01
-1.06851000 3.91009000e-01
-1.03851000 2.69246000e-01
-1.00851000 1.56813000e-01
-0.97850900 9.74128000e-02
-0.94850900 6.64624000e-02
-0.90158300 4.24630000e-02
-0.87158300 3.42789000e-02
-0.84158300 2.89120000e-02
-0.81158300 2.53050000e-02
-0.78158300 2.28778000e-02
-0.75158300 2.13006000e-02
-0.72158300 2.03871000e-02
-0.69158300 2.00438000e-02
-0.66158300 2.02488000e-02
-0.63158300 2.10509000e-02
-0.60158300 2.25914000e-02
-0.57158300 2.51604000e-02
-0.54158300 2.93307000e-02
-0.51158300 3.62716000e-02
-0.48158300 4.85305000e-02
-0.45158300 7.19084000e-02
-0.42158300 1.17362000e-01
-0.39158300 1.75775000e-01
-0.36158300 1.61528000e-01
-0.33158300 1.06764000e-01
-0.30158300 7.66473000e-02
-0.27158300 6.61176000e-02
-0.24158300 6.69621000e-02
-0.21158300 7.73236000e-02
-0.18158300 9.97398000e-02
-0.15158300 1.41577000e-01
-0.12158300 2.00916000e-01
-0.09158290 3.02394000e-01
-0.04465650 5.43614000e-01
-0.01465650 4.23451000e-01
0.01534350 2.53391000e-01
0.04534350 1.66338000e-01
0.07534350 1.32929000e-01
0.10534400 1.27845000e-01
0.13534400 1.43710000e-01
0.16534400 1.98550000e-01
0.19534400 2.61116000e-01
0.22534400 2.09849000e-01
0.25534400 1.27606000e-01
0.28534400 8.12309000e-02
0.31534400 5.74581000e-02
0.34534400 4.44281000e-02
0.37534400 3.67761000e-02
0.40534400 3.21036000e-02
0.43534400 2.92741000e-02
0.46534400 2.77345000e-02
0.49534400 2.72424000e-02
0.52534400 2.77658000e-02
0.55534400 2.94787000e-02
0.58534400 3.28507000e-02
0.61534400 3.89042000e-02
0.64534400 4.98693000e-02
0.67534400 7.08308000e-02
0.70534400 1.12924000e-01
0.73534400 1.85399000e-01
0.76534400 2.15743000e-01
