# E(MeV)  S_NSDRNSDR(K=1) for Rb90_DDPCX
-7.75699000 -4.24352000e-01
-7.72699000 -4.30627000e-01
-7.69699000 -4.49028000e-01
-7.66699000 -4.80978000e-01
-7.63699000 -5.30020000e-01
-7.60699000 -6.02664000e-01
-7.57699000 -7.10355000e-01
-7.54699000 -8.73668000e-01
-7.51699000 -1.13154000e+00
-7.48699000 -1.56292000e+00
-7.45699000 -2.34048000e+00
-7.42699000 -3.85832000e+00
-7.39699000 -6.83635000e+00
-7.36699000 -1.04309000e+01
-7.33699000 -8.98824000e+00
-7.30699000 -5.22235000e+00
-7.27699000 -3.01657000e+00
-7.24699000 -1.91342000e+00
-7.21699000 -1.32769000e+00
-7.18699000 -9.90814000e-01
-7.15699000 -7.84091000e-01
-7.12699000 -6.51484000e-01
-7.09699000 -5.64642000e-01
-7.06699000 -5.08543000e-01
-7.03699000 -4.75299000e-01
-7.00699000 -4.61579000e-01
-6.97699000 -4.68091000e-01
-6.94699000 -5.00734000e-01
-6.90007000 -6.10781000e-01
-6.87007000 -6.67524000e-01
-6.84007000 -7.54823000e-01
-6.81007000 -9.41157000e-01
-6.78007000 -1.29633000e+00
-6.75007000 -1.98484000e+00
-6.72007000 -3.37578000e+00
-6.69007000 -5.77732000e+00
-6.66007000 -6.76312000e+00
-6.63007000 -4.47177000e+00
-6.60007000 -2.53503000e+00
-6.57007000 -1.54473000e+00
-6.54007000 -1.03782000e+00
-6.51007000 -7.58613000e-01
-6.48007000 -5.93148000e-01
-6.45007000 -4.81550000e-01
-6.42007000 -4.02818000e-01
-6.39007000 -3.49191000e-01
-6.36007000 -3.12463000e-01
-6.33007000 -2.87467000e-01
-6.30007000 -2.71390000e-01
-6.27007000 -2.62953000e-01
-6.24007000 -2.62191000e-01
-6.21007000 -2.70897000e-01
-6.18007000 -2.94220000e-01
-6.15007000 -3.43885000e-01
-6.12007000 -4.30333000e-01
-6.09007000 -4.86143000e-01
-6.04314000 -4.16426000e-01
-6.01314000 -4.10857000e-01
-5.98314000 -4.45482000e-01
-5.95314000 -5.16665000e-01
-5.92314000 -6.33814000e-01
-5.89314000 -8.22337000e-01
-5.86314000 -1.13651000e+00
-5.83314000 -1.69479000e+00
-5.80314000 -2.76810000e+00
-5.77314000 -4.91408000e+00
-5.74314000 -8.14730000e+00
-5.71314000 -8.21149000e+00
-5.68314000 -4.96513000e+00
-5.65314000 -2.75626000e+00
-5.62314000 -1.62746000e+00
-5.59314000 -1.00133000e+00
-5.56314000 -5.72259000e-01
-5.53314000 -1.75849000e-01
-5.50314000 9.00441000e-02
-5.47314000 -1.69408000e-01
-5.44314000 -2.93268000e-01
-5.41314000 -2.49624000e-01
-5.38314000 -2.11142000e-01
-5.35314000 -1.86818000e-01
-5.32314000 -1.71537000e-01
-5.29314000 -1.63496000e-01
-5.26314000 -1.63566000e-01
-5.23314000 -1.75731000e-01
-5.18622000 -2.48747000e-01
-5.15622000 -3.87364000e-01
-5.12622000 -5.90654000e-01
-5.09622000 -4.98402000e-01
-5.06622000 -2.81358000e-01
-5.03622000 -1.43979000e-01
-5.00622000 -5.21688000e-02
-4.97622000 3.73532000e-02
-4.94622000 1.66525000e-01
-4.91622000 3.74368000e-01
-4.88622000 5.08135000e-01
-4.85622000 3.52182000e-01
-4.82622000 1.95246000e-01
-4.79622000 1.21360000e-01
-4.76622000 9.39784000e-02
-4.73622000 9.17575000e-02
-4.70622000 1.07750000e-01
-4.67622000 1.43324000e-01
-4.64622000 2.08041000e-01
-4.61622000 3.25998000e-01
-4.58622000 5.53700000e-01
-4.55622000 1.00317000e+00
-4.52622000 1.65862000e+00
-4.49622000 1.73547000e+00
-4.46622000 1.08352000e+00
-4.43622000 5.98831000e-01
-4.40622000 3.54267000e-01
-4.37622000 2.29133000e-01
-4.32929000 1.35766000e-01
-4.29929000 1.06688000e-01
-4.26929000 9.03165000e-02
-4.23929000 8.27395000e-02
-4.20929000 8.23540000e-02
-4.17929000 8.91477000e-02
-4.14929000 1.04533000e-01
-4.11929000 1.31965000e-01
-4.08929000 1.80049000e-01
-4.05929000 2.67251000e-01
-4.02929000 4.35295000e-01
-3.99929000 7.73665000e-01
-3.96929000 1.32800000e+00
-3.93929000 1.46045000e+00
-3.90929000 9.17559000e-01
-3.87929000 5.06518000e-01
-3.84929000 2.98541000e-01
-3.81929000 1.91185000e-01
-3.78929000 1.31191000e-01
-3.75929000 9.53348000e-02
-3.72929000 7.26034000e-02
-3.69929000 5.64488000e-02
-3.66929000 4.47331000e-02
-3.63929000 3.65662000e-02
-3.60929000 3.08774000e-02
-3.57929000 2.69769000e-02
-3.54929000 2.44821000e-02
-3.51929000 2.32177000e-02
-3.47236000 2.37731000e-02
-3.44236000 2.61887000e-02
-3.41236000 3.11161000e-02
-3.38236000 4.03601000e-02
-3.35236000 5.79919000e-02
-3.32236000 9.33324000e-02
-3.29236000 1.61692000e-01
-3.26236000 2.30875000e-01
-3.23236000 1.84409000e-01
-3.20236000 1.08086000e-01
-3.17236000 6.61395000e-02
-3.14236000 4.55937000e-02
-3.11236000 3.51419000e-02
-3.08236000 2.97290000e-02
-3.05236000 2.71338000e-02
-3.02236000 2.63373000e-02
-2.99236000 2.68752000e-02
-2.96236000 2.85800000e-02
-2.93236000 3.14865000e-02
-2.90236000 3.58208000e-02
-2.87236000 4.20638000e-02
-2.84236000 5.11201000e-02
-2.81236000 6.47137000e-02
-2.78236000 8.63271000e-02
-2.75236000 1.23531000e-01
-2.72236000 1.93297000e-01
-2.69236000 3.22804000e-01
-2.66236000 4.53177000e-01
-2.61544000 3.27207000e-01
-2.58544000 2.78127000e-01
-2.55544000 2.94359000e-01
-2.52544000 3.42648000e-01
-2.49544000 4.77463000e-01
-2.46544000 7.83412000e-01
-2.43544000 1.15520000e+00
-2.40544000 9.96330000e-01
-2.37544000 6.20681000e-01
-2.34544000 4.29299000e-01
-2.31544000 3.88997000e-01
-2.28544000 4.44376000e-01
-2.25544000 5.06393000e-01
-2.22544000 5.20723000e-01
-2.19544000 3.78775000e-01
-2.16544000 2.40451000e-01
-2.13544000 1.67465000e-01
-2.10544000 1.31874000e-01
-2.07544000 1.16072000e-01
-2.04544000 1.13523000e-01
-2.01544000 1.24296000e-01
-1.98544000 1.55037000e-01
-1.95544000 2.14708000e-01
-1.92544000 2.58792000e-01
-1.89544000 2.27024000e-01
-1.86544000 2.01385000e-01
-1.83544000 2.15874000e-01
-1.80544000 2.74968000e-01
-1.75851000 5.32294000e-01
-1.72851000 8.80880000e-01
-1.69851000 1.08246000e+00
-1.66851000 8.33130000e-01
-1.63851000 6.59065000e-01
-1.60851000 7.23559000e-01
-1.57851000 1.04951000e+00
-1.54851000 1.39764000e+00
-1.51851000 1.09023000e+00
-1.48851000 6.38618000e-01
-1.45851000 3.90106000e-01
-1.42851000 2.65984000e-01
-1.39851000 2.01862000e-01
-1.36851000 1.69929000e-01
-1.33851000 1.60190000e-01
-1.30851000 1.73238000e-01
-1.27851000 2.16992000e-01
-1.24851000 2.74768000e-01
-1.21851000 2.79454000e-01
-1.18851000 2.84760000e-01
-1.15851000 3.63718000e-01
-1.12851000 4.53296000e-01
-1.09851000 4.35941000e-01
-1.06851000 3.46359000e-01
-1.03851000 3.18724000e-01
-1.00851000 4.00684000e-01
-0.97850900 5.77421000e-01
-0.94850900 5.80916000e-01
-0.90158300 2.75806000e-01
-0.87158300 1.75268000e-01
-0.84158300 1.24202000e-01
-0.81158300 9.68858000e-02
-0.78158300 8.22390000e-02
-0.75158300 7.60925000e-02
-0.72158300 7.82398000e-02
-0.69158300 9.09891000e-02
-0.66158300 1.04602000e-01
-0.63158300 9.22664000e-02
-0.60158300 7.66068000e-02
-0.57158300 7.18188000e-02
-0.54158300 7.60882000e-02
-0.51158300 8.62926000e-02
-0.48158300 9.40918000e-02
-0.45158300 1.05627000e-01
-0.42158300 1.31403000e-01
-0.39158300 1.79883000e-01
-0.36158300 2.69428000e-01
-0.33158300 4.30355000e-01
-0.30158300 7.17904000e-01
-0.27158300 1.01048000e+00
-0.24158300 8.04995000e-01
-0.21158300 4.70004000e-01
-0.18158300 2.90009000e-01
-0.15158300 2.08176000e-01
-0.12158300 1.60223000e-01
-0.09158290 1.26141000e-01
-0.04465650 1.13685000e-01
-0.01465650 1.06014000e-01
0.01534350 8.24276000e-02
0.04534350 6.54600000e-02
0.07534350 5.67457000e-02
0.10534400 5.29671000e-02
0.13534400 5.26159000e-02
0.16534400 5.55233000e-02
0.19534400 6.26305000e-02
0.22534400 7.65435000e-02
0.25534400 1.03374000e-01
0.28534400 1.56455000e-01
0.31534400 2.48947000e-01
0.34534400 3.25725000e-01
0.37534400 3.44851000e-01
0.40534400 2.92078000e-01
0.43534400 2.28550000e-01
0.46534400 1.80923000e-01
0.49534400 1.21841000e-01
0.52534400 8.38188000e-02
0.55534400 6.42953000e-02
0.58534400 5.50390000e-02
0.61534400 5.28195000e-02
0.64534400 5.82819000e-02
0.67534400 7.40220000e-02
0.70534400 8.65190000e-02
0.73534400 7.23624000e-02
0.76534400 5.89185000e-02
