# E(MeV)  S_NSDRNSDR(K=0) for Re202_DDPCX
-11.30630000 -1.55282000e+00
-11.27630000 -1.47167000e+00
-11.24630000 -1.39670000e+00
-11.21630000 -1.32728000e+00
-11.18630000 -1.26287000e+00
-11.15630000 -1.20296000e+00
-11.12630000 -1.14716000e+00
-11.09630000 -1.09507000e+00
-11.06630000 -1.04637000e+00
-11.03630000 -1.00077000e+00
-11.00630000 -9.58001000e-01
-10.97630000 -9.17828000e-01
-10.94630000 -8.80041000e-01
-10.91630000 -8.44451000e-01
-10.88630000 -8.10889000e-01
-10.85630000 -7.79198000e-01
-10.82630000 -7.49240000e-01
-10.79630000 -7.20889000e-01
-10.76630000 -6.94028000e-01
-10.73630000 -6.68554000e-01
-10.70630000 -6.44369000e-01
-10.67630000 -6.21388000e-01
-10.64630000 -5.99529000e-01
-10.61630000 -5.78719000e-01
-10.58630000 -5.58890000e-01
-10.55630000 -5.39981000e-01
-10.52630000 -5.21933000e-01
-10.49630000 -5.04694000e-01
-10.46630000 -4.88216000e-01
-10.43630000 -4.72452000e-01
-10.40630000 -4.57361000e-01
-10.37630000 -4.42904000e-01
-10.34630000 -4.29045000e-01
-10.31630000 -4.15751000e-01
-10.28630000 -4.02989000e-01
-10.25630000 -3.90732000e-01
-10.22630000 -3.78952000e-01
-10.19630000 -3.67623000e-01
-10.16630000 -3.56721000e-01
-10.13630000 -3.46226000e-01
-10.09450000 -3.32220000e-01
-10.06450000 -3.22614000e-01
-10.03450000 -3.13348000e-01
-10.00450000 -3.04406000e-01
-9.97446000 -2.95771000e-01
-9.94446000 -2.87429000e-01
-9.91446000 -2.79367000e-01
-9.88446000 -2.71570000e-01
-9.85446000 -2.64026000e-01
-9.82446000 -2.56725000e-01
-9.79446000 -2.49654000e-01
-9.76446000 -2.42804000e-01
-9.73446000 -2.36164000e-01
-9.70446000 -2.29725000e-01
-9.67446000 -2.23479000e-01
-9.64446000 -2.17416000e-01
-9.61446000 -2.11529000e-01
-9.58446000 -2.05811000e-01
-9.55446000 -2.00254000e-01
-9.52446000 -1.94851000e-01
-9.49446000 -1.89596000e-01
-9.46446000 -1.84483000e-01
-9.43446000 -1.79506000e-01
-9.40446000 -1.74659000e-01
-9.37446000 -1.69937000e-01
-9.34446000 -1.65335000e-01
-9.31446000 -1.60848000e-01
-9.28446000 -1.56470000e-01
-9.25446000 -1.52199000e-01
-9.22446000 -1.48030000e-01
-9.19446000 -1.43957000e-01
-9.16446000 -1.39979000e-01
-9.13446000 -1.36090000e-01
-9.10446000 -1.32287000e-01
-9.07446000 -1.28567000e-01
-9.04446000 -1.24927000e-01
-9.01446000 -1.21363000e-01
-8.98446000 -1.17871000e-01
-8.95446000 -1.14450000e-01
-8.92446000 -1.11096000e-01
-8.88260000 -1.06523000e-01
-8.85260000 -1.03319000e-01
-8.82260000 -1.00173000e-01
-8.79260000 -9.70819000e-02
-8.76260000 -9.40441000e-02
-8.73260000 -9.10568000e-02
-8.70260000 -8.81176000e-02
-8.67260000 -8.52243000e-02
-8.64260000 -8.23743000e-02
-8.61260000 -7.95654000e-02
-8.58260000 -7.67953000e-02
-8.55260000 -7.40614000e-02
-8.52260000 -7.13612000e-02
-8.49260000 -6.86922000e-02
-8.46260000 -6.60514000e-02
-8.43260000 -6.34356000e-02
-8.40260000 -6.08412000e-02
-8.37260000 -5.82636000e-02
-8.34260000 -5.56970000e-02
-8.31260000 -5.31336000e-02
-8.28260000 -5.05617000e-02
-8.25260000 -4.79633000e-02
-8.22260000 -4.53073000e-02
-8.19260000 -4.25367000e-02
-8.16260000 -3.95363000e-02
-8.13260000 -3.60533000e-02
-8.10260000 -3.15174000e-02
-8.07260000 -2.50509000e-02
-8.04260000 -1.89239000e-02
-8.01260000 -1.96257000e-02
-7.98260000 -2.16041000e-02
-7.95260000 -2.15978000e-02
-7.92260000 -2.04108000e-02
-7.89260000 -1.86687000e-02
-7.86260000 -1.66492000e-02
-7.83260000 -1.44743000e-02
-7.80260000 -1.22014000e-02
-7.77260000 -9.85811000e-03
-7.74260000 -7.45809000e-03
-7.71260000 -5.00739000e-03
-7.67074000 -1.50611000e-03
-7.64074000 1.06362000e-03
-7.61074000 3.68736000e-03
-7.58074000 6.36969000e-03
-7.55074000 9.11632000e-03
-7.52074000 1.19340000e-02
-7.49074000 1.48306000e-02
-7.46074000 1.78151000e-02
-7.43074000 2.08977000e-02
-7.40074000 2.40901000e-02
-7.37074000 2.74055000e-02
-7.34074000 3.08592000e-02
-7.31074000 3.44685000e-02
-7.28074000 3.82533000e-02
-7.25074000 4.22368000e-02
-7.22074000 4.64456000e-02
-7.19074000 5.09111000e-02
-7.16074000 5.56697000e-02
-7.13074000 6.07646000e-02
-7.10074000 6.62469000e-02
-7.07074000 7.21777000e-02
-7.04074000 7.86304000e-02
-7.01074000 8.56941000e-02
-6.98074000 9.34775000e-02
-6.95074000 1.02115000e-01
-6.92074000 1.11772000e-01
-6.89074000 1.22660000e-01
-6.86074000 1.35044000e-01
-6.83074000 1.49267000e-01
-6.80074000 1.65777000e-01
-6.77074000 1.85167000e-01
-6.74074000 2.08234000e-01
-6.71074000 2.36074000e-01
-6.68074000 2.70221000e-01
-6.65074000 3.12878000e-01
-6.62074000 3.67298000e-01
-6.59074000 4.38434000e-01
-6.56074000 5.34115000e-01
-6.53074000 6.67272000e-01
-6.50074000 8.60383000e-01
-6.45888000 1.31537000e+00
-6.42888000 1.90723000e+00
-6.39888000 2.98144000e+00
-6.36888000 5.09298000e+00
-6.33888000 9.12747000e+00
-6.30888000 1.30325000e+01
-6.27888000 1.01503000e+01
-6.24888000 5.73920000e+00
-6.21888000 3.31535000e+00
-6.18888000 2.09788000e+00
-6.15888000 1.44176000e+00
-6.12888000 1.05821000e+00
-6.09888000 8.18252000e-01
-6.06888000 6.59931000e-01
-6.03888000 5.51105000e-01
-6.00888000 4.73949000e-01
-5.97888000 4.18002000e-01
-5.94888000 3.76836000e-01
-5.91888000 3.46343000e-01
-5.88888000 3.23824000e-01
-5.85888000 3.07467000e-01
-5.82888000 2.96048000e-01
-5.79888000 2.88764000e-01
-5.76888000 2.85148000e-01
-5.73888000 2.85083000e-01
-5.70888000 2.88965000e-01
-5.67888000 2.98060000e-01
-5.64888000 3.13168000e-01
-5.61888000 3.24694000e-01
-5.58888000 3.28264000e-01
-5.55888000 3.36962000e-01
-5.52888000 3.52608000e-01
-5.49888000 3.74290000e-01
-5.46888000 4.02141000e-01
-5.43888000 4.37164000e-01
-5.40888000 4.81125000e-01
-5.37888000 5.36722000e-01
-5.34888000 6.07991000e-01
-5.31888000 7.01068000e-01
-5.28888000 8.25547000e-01
-5.24702000 1.08309000e+00
-5.21702000 1.36878000e+00
-5.18702000 1.80539000e+00
-5.15702000 2.51582000e+00
-5.12702000 3.76451000e+00
-5.09702000 6.15418000e+00
-5.06702000 1.09046000e+01
-5.03702000 1.78309000e+01
-5.00702000 1.75012000e+01
-4.97702000 1.05625000e+01
-4.94702000 6.00783000e+00
-4.91702000 3.73077000e+00
-4.88702000 2.54476000e+00
-4.85702000 1.87590000e+00
-4.82702000 1.47223000e+00
-4.79702000 1.21635000e+00
-4.76702000 1.04925000e+00
-4.73702000 9.39271000e-01
-4.70702000 8.68556000e-01
-4.67702000 8.26778000e-01
-4.64702000 8.08036000e-01
-4.61702000 8.09302000e-01
-4.58702000 8.29665000e-01
-4.55702000 8.70080000e-01
-4.52702000 9.33506000e-01
-4.49702000 1.02546000e+00
-4.46702000 1.15523000e+00
-4.43702000 1.33811000e+00
-4.40702000 1.59981000e+00
-4.37702000 1.98524000e+00
-4.34702000 2.57725000e+00
-4.31702000 3.53943000e+00
-4.28702000 5.22066000e+00
-4.25702000 8.41351000e+00
-4.22702000 1.47915000e+01
-4.19702000 2.49410000e+01
-4.16702000 2.66040000e+01
-4.13702000 1.66161000e+01
-4.10702000 9.36910000e+00
-4.07702000 5.71784000e+00
-4.03516000 3.33924000e+00
-4.00516000 2.47544000e+00
-3.97516000 1.93914000e+00
-3.94516000 1.58800000e+00
-3.91516000 1.34877000e+00
-3.88516000 1.18113000e+00
-3.85516000 1.06162000e+00
-3.82516000 9.75929000e-01
-3.79516000 9.15047000e-01
-3.76516000 8.73170000e-01
-3.73516000 8.46545000e-01
-3.70516000 8.32805000e-01
-3.67516000 8.30603000e-01
-3.64516000 8.39416000e-01
-3.61516000 8.59487000e-01
-3.58516000 8.91888000e-01
-3.55516000 9.38735000e-01
-3.52516000 1.00361000e+00
-3.49516000 1.09236000e+00
-3.46516000 1.21463000e+00
-3.43516000 1.38680000e+00
-3.40516000 1.63802000e+00
-3.37516000 2.02371000e+00
-3.34516000 2.65716000e+00
-3.31516000 3.78864000e+00
-3.28516000 5.98455000e+00
-3.25516000 1.01255000e+01
-3.22516000 1.39965000e+01
-3.19516000 1.10644000e+01
-3.16516000 6.81624000e+00
-3.13516000 4.58301000e+00
-3.10516000 3.57666000e+00
-3.07516000 3.18428000e+00
-3.04516000 3.15625000e+00
-3.01516000 3.42362000e+00
-2.98516000 4.03207000e+00
-2.95516000 5.16264000e+00
-2.92516000 7.25703000e+00
-2.89516000 1.13521000e+01
-2.86516000 1.95074000e+01
-2.82331000 3.26531000e+01
-2.79331000 2.45761000e+01
-2.76331000 1.43582000e+01
-2.73331000 8.93005000e+00
-2.70331000 6.26202000e+00
-2.67331000 4.90168000e+00
-2.64331000 4.21925000e+00
-2.61331000 3.93447000e+00
-2.58331000 3.82277000e+00
-2.55331000 3.82685000e+00
-2.52331000 4.05064000e+00
-2.49331000 4.54504000e+00
-2.46331000 5.42128000e+00
-2.43331000 6.95982000e+00
-2.40331000 9.81136000e+00
-2.37331000 1.52497000e+01
-2.34331000 2.27338000e+01
-2.31331000 2.27322000e+01
-2.28331000 1.77775000e+01
-2.25331000 1.65284000e+01
-2.22331000 1.96975000e+01
-2.19331000 2.87499000e+01
-2.16331000 4.80329000e+01
-2.13331000 7.31808000e+01
-2.10331000 6.58272000e+01
-2.07331000 4.03226000e+01
-2.04331000 2.56196000e+01
-2.01331000 1.95717000e+01
-1.98331000 1.85637000e+01
-1.95331000 1.90704000e+01
-1.92331000 1.76374000e+01
-1.89331000 1.83058000e+01
-1.86331000 2.37769000e+01
-1.83331000 3.18470000e+01
-1.80331000 2.92996000e+01
-1.77331000 2.16950000e+01
-1.74331000 1.85142000e+01
-1.71331000 1.93492000e+01
-1.68331000 2.40762000e+01
-1.65331000 3.43916000e+01
-1.61145000 5.63250000e+01
-1.58145000 6.81357000e+01
-1.55145000 7.95108000e+01
-1.52145000 1.11982000e+02
-1.49145000 1.38728000e+02
-1.46145000 1.07518000e+02
-1.43145000 7.87909000e+01
-1.40145000 6.54977000e+01
-1.37145000 5.25075000e+01
-1.34145000 4.05370000e+01
-1.31145000 3.39342000e+01
-1.28145000 2.58074000e+01
-1.25145000 1.91680000e+01
-1.22145000 1.67757000e+01
-1.19145000 1.79701000e+01
-1.16145000 1.81304000e+01
-1.13145000 1.40947000e+01
-1.10145000 1.16679000e+01
-1.07145000 1.15981000e+01
-1.04145000 1.02359000e+01
-1.01145000 7.32529000e+00
-0.98144700 5.40442000e+00
-0.95144700 4.35782000e+00
-0.92144700 3.80042000e+00
-0.89144700 3.56385000e+00
-0.86144700 3.41809000e+00
-0.83144700 3.08187000e+00
-0.80144700 2.81117000e+00
-0.77144700 2.69842000e+00
-0.74144700 2.71241000e+00
-0.71144700 2.84824000e+00
-0.68144700 3.13481000e+00
-0.65144700 3.64353000e+00
-0.62144700 4.52237000e+00
-0.59144700 6.08506000e+00
-0.56144700 9.03623000e+00
-0.53144700 1.49550000e+01
-0.50144700 2.58852000e+01
-0.47144700 3.40676000e+01
-0.44144700 2.48730000e+01
-0.39958900 1.14232000e+01
-0.36958900 7.08116000e+00
-0.33958900 4.81115000e+00
-0.30958900 3.51726000e+00
-0.27958900 2.71867000e+00
-0.24958900 2.19263000e+00
-0.21958900 1.82748000e+00
-0.18958900 1.56305000e+00
-0.15958900 1.36483000e+00
-0.12958900 1.21193000e+00
-0.09958870 1.09118000e+00
-0.06958870 9.93920000e-01
-0.03958870 9.14273000e-01
-0.00958875 8.48155000e-01
0.02041130 7.92651000e-01
0.05041130 7.45638000e-01
0.08041130 7.05544000e-01
0.11041100 6.71193000e-01
0.14041100 6.41693000e-01
0.17041100 6.16370000e-01
0.20041100 5.94714000e-01
0.23041100 5.76350000e-01
0.26041100 5.61016000e-01
0.29041100 5.48553000e-01
0.32041100 5.38910000e-01
0.35041100 5.32162000e-01
0.38041100 5.28555000e-01
0.41041100 5.28612000e-01
0.44041100 5.33363000e-01
0.47041100 5.44886000e-01
0.50041100 5.67477000e-01
0.53041100 6.08481000e-01
0.56041100 6.75720000e-01
0.59041100 7.74113000e-01
0.62041100 8.03588000e-01
0.65041100 7.42693000e-01
0.68041100 7.17003000e-01
0.71041100 7.35174000e-01
0.74041100 7.79323000e-01
0.77041100 8.42188000e-01
