# E(MeV)  S_NSDRNSDR(Total=K0+2*K1) for Re221_DDPCX
-12.42900000 3.20638500e-01
-12.39900000 3.26771900e-01
-12.36900000 3.32781700e-01
-12.33900000 3.38597000e-01
-12.30900000 3.44246900e-01
-12.27900000 3.49807700e-01
-12.24900000 3.55175700e-01
-12.21900000 3.60104400e-01
-12.18900000 3.64066000e-01
-12.15900000 3.65842500e-01
-12.12900000 3.63348900e-01
-12.09900000 3.60326300e-01
-12.06900000 3.73373000e-01
-12.03900000 3.92286000e-01
-12.00900000 4.07911000e-01
-11.97900000 4.23244000e-01
-11.94900000 4.39144000e-01
-11.91900000 4.45883000e-01
-11.88900000 4.46623000e-01
-11.85900000 4.50114000e-01
-11.82900000 4.55934000e-01
-11.79900000 4.62952000e-01
-11.76900000 4.70656000e-01
-11.73900000 4.78834000e-01
-11.70900000 4.87402000e-01
-11.67900000 4.96331000e-01
-11.64900000 5.05622000e-01
-11.61900000 5.15288000e-01
-11.58900000 5.25357000e-01
-11.55900000 5.35860000e-01
-11.52900000 5.46840000e-01
-11.49900000 5.58345000e-01
-11.46900000 5.70439000e-01
-11.43900000 5.83189000e-01
-11.40900000 5.96683000e-01
-11.37900000 6.11024000e-01
-11.34900000 6.26346000e-01
-11.31900000 6.42813000e-01
-11.28900000 6.60640000e-01
-11.25900000 6.80122000e-01
-11.22900000 7.01678000e-01
-11.19900000 7.25934000e-01
-11.16900000 7.53911000e-01
-11.13900000 7.87420000e-01
-11.10490000 8.36931000e-01
-11.07490000 8.99559000e-01
-11.04490000 9.97407000e-01
-11.01490000 1.12994300e+00
-10.98490000 1.17414300e+00
-10.95490000 1.13662800e+00
-10.92490000 1.14128400e+00
-10.89490000 1.19152800e+00
-10.86490000 1.27759000e+00
-10.83490000 1.40154600e+00
-10.80490000 1.57647000e+00
-10.77490000 1.83012400e+00
-10.74490000 2.21773900e+00
-10.71490000 2.85461500e+00
-10.68490000 3.99828600e+00
-10.65490000 6.22448300e+00
-10.62490000 1.02568490e+01
-10.59490000 1.30663900e+01
-10.56490000 9.73347100e+00
-10.53490000 6.19432300e+00
-10.50490000 4.44056000e+00
-10.47490000 3.69308000e+00
-10.44490000 3.46900800e+00
-10.41490000 3.58843000e+00
-10.38490000 4.02974200e+00
-10.35490000 4.89611600e+00
-10.32490000 6.47633400e+00
-10.29490000 9.45594600e+00
-10.26490000 1.54040520e+01
-10.23490000 2.65403200e+01
-10.20490000 3.55345700e+01
-10.17490000 2.64937040e+01
-10.14490000 1.54868920e+01
-10.11490000 9.66275000e+00
-10.08490000 6.79013200e+00
-10.05490000 5.31211800e+00
-10.02490000 4.54850400e+00
-9.99490000 4.20949000e+00
-9.96490000 4.18068000e+00
-9.93490000 4.44557000e+00
-9.90490000 5.07894000e+00
-9.87490000 6.29809000e+00
-9.84490000 8.60996600e+00
-9.81490000 1.31967030e+01
-9.78077000 2.40588010e+01
-9.75077000 3.54288810e+01
-9.72077000 2.98620700e+01
-9.69077000 1.77596920e+01
-9.66077000 1.08342670e+01
-9.63077000 7.39866200e+00
-9.60077000 5.60529200e+00
-9.57077000 4.62150300e+00
-9.54077000 4.09082200e+00
-9.51077000 3.86056400e+00
-9.48077000 3.87188700e+00
-9.45077000 4.16911800e+00
-9.42077000 4.94056000e+00
-9.39077000 6.22233000e+00
-9.36077000 7.11713000e+00
-9.33077000 6.87606000e+00
-9.30077000 6.58666000e+00
-9.27077000 7.50607000e+00
-9.24077000 1.02744200e+01
-9.21077000 1.57107500e+01
-9.18077000 2.18485800e+01
-9.15077000 2.34958100e+01
-9.12077000 1.67377900e+01
-9.09077000 1.03703600e+01
-9.06077000 7.04108000e+00
-9.03077000 5.35590000e+00
-9.00077000 4.45383000e+00
-8.97077000 3.95768000e+00
-8.94077000 3.70534000e+00
-8.91077000 3.62406000e+00
-8.88077000 3.65309000e+00
-8.85077000 3.83249700e+00
-8.82077000 4.14188000e+00
-8.79077000 4.15092000e+00
-8.76077000 4.09325000e+00
-8.73077000 4.35137000e+00
-8.70077000 4.96414000e+00
-8.67077000 5.52834000e+00
-8.64077000 5.19705000e+00
-8.61077000 4.84500000e+00
-8.58077000 4.88224000e+00
-8.55077000 4.99682000e+00
-8.52077000 5.06914000e+00
-8.49077000 5.31251000e+00
-8.45664000 5.84246000e+00
-8.42664000 6.51700000e+00
-8.39664000 7.33534000e+00
-8.36664000 8.48510000e+00
-8.33664000 1.03385700e+01
-8.30664000 1.33676100e+01
-8.27664000 1.78336200e+01
-8.24664000 2.51459000e+01
-8.21664000 3.85999000e+01
-8.18664000 4.96146200e+01
-8.15664000 4.59773000e+01
-8.12664000 4.72173000e+01
-8.09664000 5.05623200e+01
-8.06664000 3.89687500e+01
-8.03664000 2.79360800e+01
-8.00664000 2.32197600e+01
-7.97664000 2.25957900e+01
-7.94664000 2.48425400e+01
-7.91664000 2.86732200e+01
-7.88664000 3.48520000e+01
-7.85664000 4.75992000e+01
-7.82664000 6.66934000e+01
-7.79664000 7.81079000e+01
-7.76664000 9.12795000e+01
-7.73664000 1.11388500e+02
-7.70664000 1.38844300e+02
-7.67664000 1.89230800e+02
-7.64664000 2.22832600e+02
-7.61664000 2.59504800e+02
-7.58664000 2.86955700e+02
-7.55664000 2.08721700e+02
-7.52664000 1.34139900e+02
-7.49664000 8.85325000e+01
-7.46664000 6.15468000e+01
-7.43664000 4.81434000e+01
-7.40664000 4.29930000e+01
-7.37664000 4.14282000e+01
-7.34664000 3.99555000e+01
-7.31664000 4.16604100e+01
-7.28664000 4.82948000e+01
-7.25664000 5.29076000e+01
-7.22664000 5.92497000e+01
-7.19664000 7.85804000e+01
-7.16664000 1.09571700e+02
-7.13251000 1.38581700e+02
-7.10251000 1.15876900e+02
-7.07251000 7.78087000e+01
-7.04251000 5.70815000e+01
-7.01251000 4.86288000e+01
-6.98251000 4.85100000e+01
-6.95251000 5.64076000e+01
-6.92251000 7.56858000e+01
-6.89251000 1.10746100e+02
-6.86251000 1.54571200e+02
-6.83251000 1.58851200e+02
-6.80251000 1.39705200e+02
-6.77251000 1.56090700e+02
-6.74251000 1.92382000e+02
-6.71251000 1.79621400e+02
-6.68251000 1.34556300e+02
-6.65251000 1.11484700e+02
-6.62251000 1.04745700e+02
-6.59251000 9.37577000e+01
-6.56251000 9.28221000e+01
-6.53251000 1.10181800e+02
-6.50251000 1.51752300e+02
-6.47251000 2.27052400e+02
-6.44251000 2.88755200e+02
-6.41251000 2.78079200e+02
-6.38251000 2.88881500e+02
-6.35251000 3.76576000e+02
-6.32251000 5.16173300e+02
-6.29251000 6.31842100e+02
-6.26251000 5.75702000e+02
-6.23251000 4.02159300e+02
-6.20251000 2.82792300e+02
-6.17251000 1.93446000e+02
-6.14251000 1.32679900e+02
-6.11251000 9.83312000e+01
-6.08251000 7.67170800e+01
-6.05251000 6.39134100e+01
-6.02251000 5.73940200e+01
-5.99251000 5.74941000e+01
-5.96251000 6.41095000e+01
-5.93251000 7.46441000e+01
-5.90251000 8.83866000e+01
-5.87251000 1.15796100e+02
-5.84251000 1.30949200e+02
-5.80838000 1.14077500e+02
-5.77838000 1.06725400e+02
-5.74838000 8.72332000e+01
-5.71838000 7.02150000e+01
-5.68838000 6.88954000e+01
-5.65838000 8.33708000e+01
-5.62838000 1.08226300e+02
-5.59838000 1.37041600e+02
-5.56838000 1.64548000e+02
-5.53838000 1.48842500e+02
-5.50838000 1.06307300e+02
-5.47838000 8.28178000e+01
-5.44838000 8.12804000e+01
-5.41838000 9.90911000e+01
-5.38838000 1.34409800e+02
-5.35838000 1.48944600e+02
-5.32838000 1.39872500e+02
-5.29838000 1.38132600e+02
-5.26838000 1.55694600e+02
-5.23838000 2.19318000e+02
-5.20838000 2.97364500e+02
-5.17838000 2.69581500e+02
-5.14838000 2.11538700e+02
-5.11838000 1.65089900e+02
-5.08838000 1.17463300e+02
-5.05838000 8.21586000e+01
-5.02838000 6.42938000e+01
-4.99838000 5.87330000e+01
-4.96838000 6.33680700e+01
-4.93838000 7.95967300e+01
-4.90838000 1.06025510e+02
-4.87838000 1.35774010e+02
-4.84838000 1.41872720e+02
-4.81838000 1.11498410e+02
-4.78838000 9.67060000e+01
-4.75838000 9.06896300e+01
-4.72838000 7.92780800e+01
-4.69838000 7.63418000e+01
-4.66838000 8.32717000e+01
-4.63838000 1.02054900e+02
-4.60838000 1.43836800e+02
-4.57838000 2.32251200e+02
-4.54838000 3.63615200e+02
-4.51838000 3.64883800e+02
-4.48425000 2.26942300e+02
-4.45425000 1.53553300e+02
-4.42425000 1.14948300e+02
-4.39425000 9.07828000e+01
-4.36425000 6.95278000e+01
-4.33425000 5.50282000e+01
-4.30425000 4.86820000e+01
-4.27425000 4.73256000e+01
-4.24425000 4.99662000e+01
-4.21425000 6.07139000e+01
-4.18425000 7.98682000e+01
-4.15425000 8.70006000e+01
-4.12425000 8.70248000e+01
-4.09425000 1.07871800e+02
-4.06425000 1.46374900e+02
-4.03425000 1.51689300e+02
-4.00425000 1.07336500e+02
-3.97425000 7.38808000e+01
-3.94425000 6.15980000e+01
-3.91425000 5.74443000e+01
-3.88425000 5.18280000e+01
-3.85425000 5.09565000e+01
-3.82425000 5.10881000e+01
-3.79425000 5.85282800e+01
-3.76425000 7.86753700e+01
-3.73425000 8.63348500e+01
-3.70425000 6.77474400e+01
-3.67425000 5.02801600e+01
-3.64425000 4.51558700e+01
-3.61425000 5.19528900e+01
-3.58425000 6.57555900e+01
-3.55425000 6.46370000e+01
-3.52425000 5.44574900e+01
-3.49425000 5.36643000e+01
-3.46425000 6.01133000e+01
-3.43425000 7.09697000e+01
-3.40425000 7.80703200e+01
-3.37425000 6.83014700e+01
-3.34425000 5.76577000e+01
-3.31425000 4.77165000e+01
-3.28425000 3.94465000e+01
-3.25425000 3.08423000e+01
-3.22425000 2.40877500e+01
-3.19425000 2.03556000e+01
-3.16012000 1.97610200e+01
-3.13012000 2.17979000e+01
-3.10012000 2.65277400e+01
-3.07012000 3.34497900e+01
-3.04012000 3.65251000e+01
-3.01012000 3.44358200e+01
-2.98012000 2.91563200e+01
-2.95012000 2.79972300e+01
-2.92012000 3.09518800e+01
-2.89012000 3.30692900e+01
-2.86012000 3.85831500e+01
-2.83012000 5.50717600e+01
-2.80012000 8.78711400e+01
-2.77012000 1.17450290e+02
-2.74012000 9.87446500e+01
-2.71012000 7.31806400e+01
-2.68012000 5.81639900e+01
-2.65012000 4.19446800e+01
-2.62012000 3.27813700e+01
-2.59012000 2.94148400e+01
-2.56012000 2.80357600e+01
-2.53012000 3.13852400e+01
-2.50012000 4.10319000e+01
-2.47012000 5.02240000e+01
-2.44012000 5.40958400e+01
-2.41012000 6.22578500e+01
-2.38012000 6.97698700e+01
-2.35012000 5.82933000e+01
-2.32012000 4.74215000e+01
-2.29012000 4.75149000e+01
-2.26012000 4.54606000e+01
-2.23012000 3.52826000e+01
-2.20012000 2.56137700e+01
-2.17012000 2.05955800e+01
-2.14012000 1.94320100e+01
-2.11012000 2.12135300e+01
-2.08012000 2.65591100e+01
-2.05012000 3.34302600e+01
-2.02012000 2.95120100e+01
-1.99012000 2.15350800e+01
-1.96012000 1.78491900e+01
-1.93012000 1.79365100e+01
-1.90012000 2.18925000e+01
-1.87012000 3.19061600e+01
-1.83599000 4.75207400e+01
-1.80599000 4.10868260e+01
-1.77599000 2.61539900e+01
-1.74599000 1.76390600e+01
-1.71599000 1.38025200e+01
-1.68599000 1.20069900e+01
-1.65599000 1.08187000e+01
-1.62599000 1.08169100e+01
-1.59599000 1.28193800e+01
-1.56599000 1.62712600e+01
-1.53599000 1.62642800e+01
-1.50599000 1.35468400e+01
-1.47599000 1.27108000e+01
-1.44599000 1.39904200e+01
-1.41599000 1.54621400e+01
-1.38599000 1.46816300e+01
-1.35599000 1.11477590e+01
-1.32599000 7.98281300e+00
-1.29599000 6.33757800e+00
-1.26599000 5.52040200e+00
-1.23599000 5.13746000e+00
-1.20599000 5.10610000e+00
-1.17599000 5.32098500e+00
-1.14599000 5.93268300e+00
-1.11599000 7.41612100e+00
-1.08599000 1.04566970e+01
-1.05599000 1.36378070e+01
-1.02599000 1.18274060e+01
-0.99599000 8.63091100e+00
-0.96599000 7.12837500e+00
-0.93599000 6.85724100e+00
-0.90599000 7.42787800e+00
-0.87599000 8.79311800e+00
-0.84599000 1.13466290e+01
-0.81599000 1.59179020e+01
-0.78599000 2.42022300e+01
-0.75599000 3.31039240e+01
-0.72599000 3.51011730e+01
-0.69599000 2.97692850e+01
-0.66599000 2.21466410e+01
-0.63599000 1.65897880e+01
-0.60599000 1.35630750e+01
-0.57599000 1.26997620e+01
-0.54599000 1.34055160e+01
-0.51186000 1.48079370e+01
-0.48186000 1.68658200e+01
-0.45186000 1.93430080e+01
-0.42186000 2.24907710e+01
-0.39186000 2.72717830e+01
-0.36186000 3.48348900e+01
-0.33186000 4.09422590e+01
-0.30186000 3.83176710e+01
-0.27186000 3.53514310e+01
-0.24186000 3.47078780e+01
-0.21186000 3.74938490e+01
-0.18186000 3.60370840e+01
-0.15186000 2.74966460e+01
-0.12186000 1.94493690e+01
-0.09186010 1.48920460e+01
-0.06186010 1.33350180e+01
-0.03186010 1.39924110e+01
-0.00186013 1.59688800e+01
0.02813990 1.87157230e+01
0.05813990 2.30695450e+01
0.08813990 2.64005800e+01
0.11814000 2.93858610e+01
0.14814000 3.06618100e+01
0.17814000 3.16025300e+01
0.20814000 3.86434800e+01
0.23814000 4.66544900e+01
0.26814000 5.29931200e+01
0.29814000 6.57826200e+01
0.32814000 8.18314400e+01
0.35814000 8.06989600e+01
0.38814000 6.71011600e+01
0.41814000 4.73829100e+01
0.44814000 3.11478300e+01
0.47814000 2.31658700e+01
0.50814000 2.11286500e+01
0.53814000 2.25690300e+01
0.56814000 2.19551200e+01
0.59814000 1.85984700e+01
0.62814000 1.71115700e+01
0.65814000 1.88371400e+01
0.68814000 2.17778000e+01
0.71814000 2.34469700e+01
0.74814000 2.07720300e+01
0.77814000 1.63399780e+01
