# E(MeV)  S_NSDRNSDR(K=0) for Re221_DDPCX
-12.42900000 6.84945000e-02
-12.39900000 7.11619000e-02
-12.36900000 7.36917000e-02
-12.33900000 7.61650000e-02
-12.30900000 7.86209000e-02
-12.27900000 8.10817000e-02
-12.24900000 8.35637000e-02
-12.21900000 8.60824000e-02
-12.18900000 8.86560000e-02
-12.15900000 9.13105000e-02
-12.12900000 9.40869000e-02
-12.09900000 9.70583000e-02
-12.06900000 1.00367000e-01
-12.03900000 1.04318000e-01
-12.00900000 1.09599000e-01
-11.97900000 1.17546000e-01
-11.94900000 1.27388000e-01
-11.91900000 1.28653000e-01
-11.88900000 1.24169000e-01
-11.85900000 1.22520000e-01
-11.82900000 1.23194000e-01
-11.79900000 1.25008000e-01
-11.76900000 1.27410000e-01
-11.73900000 1.30160000e-01
-11.70900000 1.33148000e-01
-11.67900000 1.36325000e-01
-11.64900000 1.39666000e-01
-11.61900000 1.43162000e-01
-11.58900000 1.46813000e-01
-11.55900000 1.50622000e-01
-11.52900000 1.54598000e-01
-11.49900000 1.58751000e-01
-11.46900000 1.63095000e-01
-11.43900000 1.67645000e-01
-11.40900000 1.72419000e-01
-11.37900000 1.77438000e-01
-11.34900000 1.82726000e-01
-11.31900000 1.88311000e-01
-11.28900000 1.94222000e-01
-11.25900000 2.00496000e-01
-11.22900000 2.07172000e-01
-11.19900000 2.14298000e-01
-11.16900000 2.21927000e-01
-11.13900000 2.30122000e-01
-11.10490000 2.40227000e-01
-11.07490000 2.49891000e-01
-11.04490000 2.60393000e-01
-11.01490000 2.71857000e-01
-10.98490000 2.84425000e-01
-10.95490000 2.98272000e-01
-10.92490000 3.13608000e-01
-10.89490000 3.30688000e-01
-10.86490000 3.49828000e-01
-10.83490000 3.71416000e-01
-10.80490000 3.95940000e-01
-10.77490000 4.24016000e-01
-10.74490000 4.56433000e-01
-10.71490000 4.94215000e-01
-10.68490000 5.38706000e-01
-10.65490000 5.91703000e-01
-10.62490000 6.55649000e-01
-10.59490000 7.33930000e-01
-10.56490000 8.31351000e-01
-10.53490000 9.54903000e-01
-10.50490000 1.11506000e+00
-10.47490000 1.32808000e+00
-10.44490000 1.62019000e+00
-10.41490000 2.03580000e+00
-10.38490000 2.65440000e+00
-10.35490000 3.62816000e+00
-10.32490000 5.27128000e+00
-10.29490000 8.28316000e+00
-10.26490000 1.42406000e+01
-10.23490000 2.53674000e+01
-10.20490000 3.43352000e+01
-10.17490000 2.52510000e+01
-10.14490000 1.41825000e+01
-10.11490000 8.27514000e+00
-10.08490000 5.29239000e+00
-10.05490000 3.66874000e+00
-10.02490000 2.71035000e+00
-9.99490000 2.10533000e+00
-9.96490000 1.70258000e+00
-9.93490000 1.42311000e+00
-9.90490000 1.22282000e+00
-9.87490000 1.07569000e+00
-9.84490000 9.65646000e-01
-9.81490000 8.82363000e-01
-9.78077000 8.11601000e-01
-9.75077000 7.65481000e-01
-9.72077000 7.31270000e-01
-9.69077000 7.07012000e-01
-9.66077000 6.91527000e-01
-9.63077000 6.84342000e-01
-9.60077000 6.85812000e-01
-9.57077000 6.97563000e-01
-9.54077000 7.23462000e-01
-9.51077000 7.68524000e-01
-9.48077000 8.24727000e-01
-9.45077000 8.97938000e-01
-9.42077000 1.02206000e+00
-9.39077000 1.13281000e+00
-9.36077000 1.21089000e+00
-9.33077000 1.39698000e+00
-9.30077000 1.78586000e+00
-9.27077000 2.55697000e+00
-9.24077000 4.11224000e+00
-9.21077000 6.61875000e+00
-9.18077000 7.11304000e+00
-9.15077000 4.66863000e+00
-9.12077000 2.86983000e+00
-9.09077000 1.97018000e+00
-9.06077000 1.51398000e+00
-9.03077000 1.26768000e+00
-9.00077000 1.12973000e+00
-8.97077000 1.05504000e+00
-8.94077000 1.02434000e+00
-8.91077000 1.02396000e+00
-8.88077000 1.01511000e+00
-8.85077000 9.99257000e-01
-8.82077000 1.00374000e+00
-8.79077000 1.02866000e+00
-8.76077000 1.07425000e+00
-8.73077000 1.13805000e+00
-8.70077000 1.18396000e+00
-8.67077000 1.21458000e+00
-8.64077000 1.26553000e+00
-8.61077000 1.33852000e+00
-8.58077000 1.43200000e+00
-8.55077000 1.54810000e+00
-8.52077000 1.69214000e+00
-8.49077000 1.87303000e+00
-8.45664000 2.14208000e+00
-8.42664000 2.46090000e+00
-8.39664000 2.90004000e+00
-8.36664000 3.53532000e+00
-8.33664000 4.51249000e+00
-8.30664000 6.12141000e+00
-8.27664000 8.97066000e+00
-8.24664000 1.45087000e+01
-8.21664000 2.44557000e+01
-8.18664000 3.07404000e+01
-8.15664000 2.22001000e+01
-8.12664000 1.36907000e+01
-8.09664000 9.47052000e+00
-8.06664000 7.61295000e+00
-8.03664000 6.97288000e+00
-8.00664000 7.13868000e+00
-7.97664000 8.10301000e+00
-7.94664000 9.91718000e+00
-7.91664000 1.14198000e+01
-7.88664000 1.24586000e+01
-7.85664000 1.51176000e+01
-7.82664000 2.06908000e+01
-7.79664000 3.15561000e+01
-7.76664000 5.04181000e+01
-7.73664000 6.76739000e+01
-7.70664000 8.21507000e+01
-7.67664000 1.11248000e+02
-7.64664000 1.06681000e+02
-7.61664000 6.78544000e+01
-7.58664000 4.41717000e+01
-7.55664000 3.62595000e+01
-7.52664000 3.48109000e+01
-7.49664000 2.70335000e+01
-7.46664000 1.83840000e+01
-7.43664000 1.35544000e+01
-7.40664000 1.12470000e+01
-7.37664000 1.04712000e+01
-7.34664000 1.02567000e+01
-7.31664000 9.76701000e+00
-7.28664000 1.00432000e+01
-7.25664000 1.18366000e+01
-7.22664000 1.61701000e+01
-7.19664000 2.37234000e+01
-7.16664000 2.63535000e+01
-7.13251000 1.87771000e+01
-7.10251000 1.40381000e+01
-7.07251000 1.22219000e+01
-7.04251000 1.21787000e+01
-7.01251000 1.34626000e+01
-6.98251000 1.62626000e+01
-6.95251000 2.14920000e+01
-6.92251000 3.14230000e+01
-6.89251000 5.02585000e+01
-6.86251000 7.39084000e+01
-6.83251000 7.42352000e+01
-6.80251000 7.07428000e+01
-6.77251000 9.07551000e+01
-6.74251000 1.24156000e+02
-6.71251000 1.15733000e+02
-6.68251000 7.59733000e+01
-6.65251000 4.99711000e+01
-6.62251000 3.89547000e+01
-6.59251000 3.68921000e+01
-6.56251000 4.21843000e+01
-6.53251000 5.76018000e+01
-6.50251000 9.18839000e+01
-6.47251000 1.53578000e+02
-6.44251000 1.89368000e+02
-6.41251000 1.34339000e+02
-6.38251000 7.69775000e+01
-6.35251000 4.67520000e+01
-6.32251000 3.14793000e+01
-6.29251000 2.34401000e+01
-6.26251000 1.94560000e+01
-6.23251000 1.85673000e+01
-6.20251000 2.05063000e+01
-6.17251000 2.06582000e+01
-6.14251000 1.57387000e+01
-6.11251000 1.18284000e+01
-6.08251000 9.86208000e+00
-6.05251000 9.10321000e+00
-6.02251000 9.31102000e+00
-5.99251000 1.06087000e+01
-5.96251000 1.20545000e+01
-5.93251000 1.17823000e+01
-5.90251000 1.22732000e+01
-5.87251000 1.43667000e+01
-5.84251000 1.51916000e+01
-5.80838000 1.61261000e+01
-5.77838000 1.84860000e+01
-5.74838000 1.93020000e+01
-5.71838000 2.18138000e+01
-5.68838000 2.97272000e+01
-5.65838000 4.60238000e+01
-5.62838000 6.61207000e+01
-5.59838000 8.05104000e+01
-5.56838000 8.16994000e+01
-5.53838000 5.73457000e+01
-5.50838000 3.98761000e+01
-5.47838000 3.48152000e+01
-5.44838000 3.98854000e+01
-5.41838000 5.78693000e+01
-5.38838000 8.81278000e+01
-5.35838000 8.90508000e+01
-5.32838000 5.73989000e+01
-5.29838000 3.65158000e+01
-5.26838000 2.77238000e+01
-5.23838000 2.64152000e+01
-5.20838000 3.03045000e+01
-5.17838000 3.61955000e+01
-5.14838000 4.74223000e+01
-5.11838000 5.52685000e+01
-5.08838000 4.40123000e+01
-5.05838000 2.73596000e+01
-5.02838000 1.72622000e+01
-4.99838000 1.20212000e+01
-4.96838000 9.15647000e+00
-4.93838000 7.49493000e+00
-4.90838000 6.52351000e+00
-4.87838000 5.99601000e+00
-4.84838000 5.71372000e+00
-4.81838000 5.70461000e+00
-4.78838000 6.15360000e+00
-4.75838000 7.31063000e+00
-4.72838000 9.33508000e+00
-4.69838000 1.05462000e+01
-4.66838000 1.01729000e+01
-4.63838000 1.12835000e+01
-4.60838000 1.50612000e+01
-4.57838000 2.08032000e+01
-4.54838000 2.52812000e+01
-4.51838000 2.33998000e+01
-4.48425000 2.34823000e+01
-4.45425000 3.00297000e+01
-4.42425000 3.57321000e+01
-4.39425000 3.53314000e+01
-4.36425000 2.68704000e+01
-4.33425000 1.87516000e+01
-4.30425000 1.45312000e+01
-4.27425000 1.34374000e+01
-4.24425000 1.50104000e+01
-4.21425000 2.03105000e+01
-4.18425000 2.75610000e+01
-4.15425000 2.72964000e+01
-4.12425000 2.61372000e+01
-4.09425000 3.14078000e+01
-4.06425000 3.52573000e+01
-4.03425000 2.75855000e+01
-4.00425000 2.03675000e+01
-3.97425000 1.88498000e+01
-3.94425000 2.28200000e+01
-3.91425000 2.54935000e+01
-3.88425000 2.04456000e+01
-3.85425000 1.55707000e+01
-3.82425000 1.08535000e+01
-3.79425000 7.71628000e+00
-3.76425000 6.24337000e+00
-3.73425000 5.90865000e+00
-3.70425000 6.08904000e+00
-3.67425000 5.44776000e+00
-3.64425000 4.67167000e+00
-3.61425000 4.51429000e+00
-3.58425000 4.95139000e+00
-3.55425000 6.17720000e+00
-3.52425000 8.86149000e+00
-3.49425000 1.35101000e+01
-3.46425000 1.54489000e+01
-3.43425000 1.16749000e+01
-3.40425000 9.15512000e+00
-3.37425000 9.30347000e+00
-3.34425000 1.19893000e+01
-3.31425000 1.55983000e+01
-3.28425000 1.48109000e+01
-3.25425000 1.00233000e+01
-3.22425000 6.66187000e+00
-3.19425000 5.10622000e+00
-3.16012000 4.58046000e+00
-3.13012000 4.96000000e+00
-3.10012000 6.39054000e+00
-3.07012000 9.69399000e+00
-3.04012000 1.50253000e+01
-3.01012000 1.56398000e+01
-2.98012000 1.01149000e+01
-2.95012000 6.12263000e+00
-2.92012000 4.10028000e+00
-2.89012000 3.05189000e+00
-2.86012000 2.47135000e+00
-2.83012000 2.14016000e+00
-2.80012000 1.96014000e+00
-2.77012000 1.88429000e+00
-2.74012000 1.88805000e+00
-2.71012000 1.96684000e+00
-2.68012000 2.16959000e+00
-2.65012000 2.52348000e+00
-2.62012000 2.95857000e+00
-2.59012000 3.68004000e+00
-2.56012000 5.14556000e+00
-2.53012000 8.09644000e+00
-2.50012000 1.23093000e+01
-2.47012000 1.24650000e+01
-2.44012000 9.26904000e+00
-2.41012000 7.80285000e+00
-2.38012000 8.47367000e+00
-2.35012000 1.05031000e+01
-2.32012000 1.49757000e+01
-2.29012000 2.22781000e+01
-2.26012000 2.18082000e+01
-2.23012000 1.45932000e+01
-2.20012000 9.08339000e+00
-2.17012000 5.71006000e+00
-2.14012000 3.87171000e+00
-2.11012000 2.83913000e+00
-2.08012000 2.22591000e+00
-2.05012000 1.84606000e+00
-2.02012000 1.61621000e+00
-1.99012000 1.51668000e+00
-1.96012000 1.53095000e+00
-1.93012000 1.54259000e+00
-1.90012000 1.37770000e+00
-1.87012000 1.18036000e+00
-1.83599000 1.02454000e+00
-1.80599000 9.74826000e-01
-1.77599000 1.01299000e+00
-1.74599000 1.13072000e+00
-1.71599000 1.17258000e+00
-1.68599000 1.11983000e+00
-1.65599000 1.19218000e+00
-1.62599000 1.43345000e+00
-1.59599000 1.81992000e+00
-1.56599000 2.46788000e+00
-1.53599000 3.16428000e+00
-1.50599000 2.87142000e+00
-1.47599000 2.24838000e+00
-1.44599000 1.67362000e+00
-1.41599000 1.28494000e+00
-1.38599000 1.03821000e+00
-1.35599000 8.68499000e-01
-1.32599000 7.98733000e-01
-1.29599000 7.99878000e-01
-1.26599000 7.52002000e-01
-1.23599000 6.58480000e-01
-1.20599000 5.93640000e-01
-1.17599000 5.21325000e-01
-1.14599000 4.68423000e-01
-1.11599000 4.38161000e-01
-1.08599000 4.11457000e-01
-1.05599000 3.91327000e-01
-1.02599000 3.80626000e-01
-0.99599000 3.77611000e-01
-0.96599000 3.83855000e-01
-0.93599000 4.01661000e-01
-0.90599000 4.34178000e-01
-0.87599000 4.62358000e-01
-0.84599000 4.85309000e-01
-0.81599000 5.55122000e-01
-0.78599000 6.96630000e-01
-0.75599000 8.49924000e-01
-0.72599000 8.77773000e-01
-0.69599000 8.32485000e-01
-0.66599000 8.86641000e-01
-0.63599000 8.73928000e-01
-0.60599000 7.24875000e-01
-0.57599000 5.64762000e-01
-0.54599000 4.71456000e-01
-0.51186000 4.24617000e-01
-0.48186000 4.20720000e-01
-0.45186000 4.47228000e-01
-0.42186000 5.19371000e-01
-0.39186000 6.77583000e-01
-0.36186000 8.94890000e-01
-0.33186000 8.99459000e-01
-0.30186000 6.95671000e-01
-0.27186000 5.37031000e-01
-0.24186000 4.60478000e-01
-0.21186000 4.30849000e-01
-0.18186000 4.23484000e-01
-0.15186000 4.27646000e-01
-0.12186000 4.50569000e-01
-0.09186010 5.14426000e-01
-0.06186010 6.40438000e-01
-0.03186010 8.42271000e-01
-0.00186013 1.02384000e+00
0.02813990 9.53983000e-01
0.05813990 8.10545000e-01
0.08813990 8.00180000e-01
0.11814000 9.51461000e-01
0.14814000 1.23961000e+00
0.17814000 1.40353000e+00
0.20814000 1.24088000e+00
0.23814000 1.08129000e+00
0.26814000 1.16112000e+00
0.29814000 1.53642000e+00
0.32814000 2.05724000e+00
0.35814000 2.10836000e+00
0.38814000 1.80276000e+00
0.41814000 1.54951000e+00
0.44814000 1.32483000e+00
0.47814000 1.27727000e+00
0.50814000 1.42917000e+00
0.53814000 1.44323000e+00
0.56814000 1.42932000e+00
0.59814000 1.58733000e+00
0.62814000 1.84209000e+00
0.65814000 2.22800000e+00
0.68814000 2.24820000e+00
0.71814000 1.70857000e+00
0.74814000 1.17827000e+00
0.77814000 8.63578000e-01
