# E(MeV)  S_NSDRNSDR(K=1) for Re221_DDPCX
-12.42900000 1.26072000e-01
-12.39900000 1.27805000e-01
-12.36900000 1.29545000e-01
-12.33900000 1.31216000e-01
-12.30900000 1.32813000e-01
-12.27900000 1.34363000e-01
-12.24900000 1.35806000e-01
-12.21900000 1.37011000e-01
-12.18900000 1.37705000e-01
-12.15900000 1.37266000e-01
-12.12900000 1.34631000e-01
-12.09900000 1.31634000e-01
-12.06900000 1.36503000e-01
-12.03900000 1.43984000e-01
-12.00900000 1.49156000e-01
-11.97900000 1.52849000e-01
-11.94900000 1.55878000e-01
-11.91900000 1.58615000e-01
-11.88900000 1.61227000e-01
-11.85900000 1.63797000e-01
-11.82900000 1.66370000e-01
-11.79900000 1.68972000e-01
-11.76900000 1.71623000e-01
-11.73900000 1.74337000e-01
-11.70900000 1.77127000e-01
-11.67900000 1.80003000e-01
-11.64900000 1.82978000e-01
-11.61900000 1.86063000e-01
-11.58900000 1.89272000e-01
-11.55900000 1.92619000e-01
-11.52900000 1.96121000e-01
-11.49900000 1.99797000e-01
-11.46900000 2.03672000e-01
-11.43900000 2.07772000e-01
-11.40900000 2.12132000e-01
-11.37900000 2.16793000e-01
-11.34900000 2.21810000e-01
-11.31900000 2.27251000e-01
-11.28900000 2.33209000e-01
-11.25900000 2.39813000e-01
-11.22900000 2.47253000e-01
-11.19900000 2.55818000e-01
-11.16900000 2.65992000e-01
-11.13900000 2.78649000e-01
-11.10490000 2.98352000e-01
-11.07490000 3.24834000e-01
-11.04490000 3.68507000e-01
-11.01490000 4.29043000e-01
-10.98490000 4.44859000e-01
-10.95490000 4.19178000e-01
-10.92490000 4.13838000e-01
-10.89490000 4.30420000e-01
-10.86490000 4.63881000e-01
-10.83490000 5.15065000e-01
-10.80490000 5.90265000e-01
-10.77490000 7.03054000e-01
-10.74490000 8.80653000e-01
-10.71490000 1.18020000e+00
-10.68490000 1.72979000e+00
-10.65490000 2.81639000e+00
-10.62490000 4.80060000e+00
-10.59490000 6.16623000e+00
-10.56490000 4.45106000e+00
-10.53490000 2.61971000e+00
-10.50490000 1.66275000e+00
-10.47490000 1.18250000e+00
-10.44490000 9.24409000e-01
-10.41490000 7.76315000e-01
-10.38490000 6.87671000e-01
-10.35490000 6.33978000e-01
-10.32490000 6.02527000e-01
-10.29490000 5.86393000e-01
-10.26490000 5.81726000e-01
-10.23490000 5.86460000e-01
-10.20490000 5.99685000e-01
-10.17490000 6.21352000e-01
-10.14490000 6.52196000e-01
-10.11490000 6.93805000e-01
-10.08490000 7.48871000e-01
-10.05490000 8.21689000e-01
-10.02490000 9.19077000e-01
-9.99490000 1.05208000e+00
-9.96490000 1.23905000e+00
-9.93490000 1.51123000e+00
-9.90490000 1.92806000e+00
-9.87490000 2.61120000e+00
-9.84490000 3.82216000e+00
-9.81490000 6.15717000e+00
-9.78077000 1.16236000e+01
-9.75077000 1.73317000e+01
-9.72077000 1.45654000e+01
-9.69077000 8.52634000e+00
-9.66077000 5.07137000e+00
-9.63077000 3.35716000e+00
-9.60077000 2.45974000e+00
-9.57077000 1.96197000e+00
-9.54077000 1.68368000e+00
-9.51077000 1.54602000e+00
-9.48077000 1.52358000e+00
-9.45077000 1.63559000e+00
-9.42077000 1.95925000e+00
-9.39077000 2.54476000e+00
-9.36077000 2.95312000e+00
-9.33077000 2.73954000e+00
-9.30077000 2.40040000e+00
-9.27077000 2.47455000e+00
-9.24077000 3.08109000e+00
-9.21077000 4.54600000e+00
-9.18077000 7.36777000e+00
-9.15077000 9.41359000e+00
-9.12077000 6.93398000e+00
-9.09077000 4.20009000e+00
-9.06077000 2.76355000e+00
-9.03077000 2.04411000e+00
-9.00077000 1.66205000e+00
-8.97077000 1.45132000e+00
-8.94077000 1.34050000e+00
-8.91077000 1.30005000e+00
-8.88077000 1.31899000e+00
-8.85077000 1.41662000e+00
-8.82077000 1.56907000e+00
-8.79077000 1.56113000e+00
-8.76077000 1.50950000e+00
-8.73077000 1.60666000e+00
-8.70077000 1.89009000e+00
-8.67077000 2.15688000e+00
-8.64077000 1.96576000e+00
-8.61077000 1.75324000e+00
-8.58077000 1.72512000e+00
-8.55077000 1.72436000e+00
-8.52077000 1.68850000e+00
-8.49077000 1.71974000e+00
-8.45664000 1.85019000e+00
-8.42664000 2.02805000e+00
-8.39664000 2.21765000e+00
-8.36664000 2.47489000e+00
-8.33664000 2.91304000e+00
-8.30664000 3.62310000e+00
-8.27664000 4.43148000e+00
-8.24664000 5.31860000e+00
-8.21664000 7.07210000e+00
-8.18664000 9.43711000e+00
-8.15664000 1.18886000e+01
-8.12664000 1.67633000e+01
-8.09664000 2.05459000e+01
-8.06664000 1.56779000e+01
-8.03664000 1.04816000e+01
-8.00664000 8.04054000e+00
-7.97664000 7.24639000e+00
-7.94664000 7.46268000e+00
-7.91664000 8.62671000e+00
-7.88664000 1.11967000e+01
-7.85664000 1.62408000e+01
-7.82664000 2.30013000e+01
-7.79664000 2.32759000e+01
-7.76664000 2.04307000e+01
-7.73664000 2.18573000e+01
-7.70664000 2.83468000e+01
-7.67664000 3.89914000e+01
-7.64664000 5.80758000e+01
-7.61664000 9.58252000e+01
-7.58664000 1.21392000e+02
-7.55664000 8.62311000e+01
-7.52664000 4.96645000e+01
-7.49664000 3.07495000e+01
-7.46664000 2.15814000e+01
-7.43664000 1.72945000e+01
-7.40664000 1.58730000e+01
-7.37664000 1.54785000e+01
-7.34664000 1.48494000e+01
-7.31664000 1.59467000e+01
-7.28664000 1.91258000e+01
-7.25664000 2.05355000e+01
-7.22664000 2.15398000e+01
-7.19664000 2.74285000e+01
-7.16664000 4.16091000e+01
-7.13251000 5.99023000e+01
-7.10251000 5.09194000e+01
-7.07251000 3.27934000e+01
-7.04251000 2.24514000e+01
-7.01251000 1.75831000e+01
-6.98251000 1.61237000e+01
-6.95251000 1.74578000e+01
-6.92251000 2.21314000e+01
-6.89251000 3.02438000e+01
-6.86251000 4.03314000e+01
-6.83251000 4.23080000e+01
-6.80251000 3.44812000e+01
-6.77251000 3.26678000e+01
-6.74251000 3.41130000e+01
-6.71251000 3.19442000e+01
-6.68251000 2.92915000e+01
-6.65251000 3.07568000e+01
-6.62251000 3.28955000e+01
-6.59251000 2.84328000e+01
-6.56251000 2.53189000e+01
-6.53251000 2.62900000e+01
-6.50251000 2.99342000e+01
-6.47251000 3.67372000e+01
-6.44251000 4.96936000e+01
-6.41251000 7.18701000e+01
-6.38251000 1.05952000e+02
-6.35251000 1.64912000e+02
-6.32251000 2.42347000e+02
-6.29251000 3.04201000e+02
-6.26251000 2.78123000e+02
-6.23251000 1.91796000e+02
-6.20251000 1.31143000e+02
-6.17251000 8.63939000e+01
-6.14251000 5.84706000e+01
-6.11251000 4.32514000e+01
-6.08251000 3.34275000e+01
-6.05251000 2.74051000e+01
-6.02251000 2.40415000e+01
-5.99251000 2.34427000e+01
-5.96251000 2.60275000e+01
-5.93251000 3.14309000e+01
-5.90251000 3.80567000e+01
-5.87251000 5.07147000e+01
-5.84251000 5.78788000e+01
-5.80838000 4.89757000e+01
-5.77838000 4.41197000e+01
-5.74838000 3.39656000e+01
-5.71838000 2.42006000e+01
-5.68838000 1.95841000e+01
-5.65838000 1.86735000e+01
-5.62838000 2.10528000e+01
-5.59838000 2.82656000e+01
-5.56838000 4.14243000e+01
-5.53838000 4.57484000e+01
-5.50838000 3.32156000e+01
-5.47838000 2.40013000e+01
-5.44838000 2.06975000e+01
-5.41838000 2.06109000e+01
-5.38838000 2.31410000e+01
-5.35838000 2.99469000e+01
-5.32838000 4.12368000e+01
-5.29838000 5.08084000e+01
-5.26838000 6.39854000e+01
-5.23838000 9.64514000e+01
-5.20838000 1.33530000e+02
-5.17838000 1.16693000e+02
-5.14838000 8.20582000e+01
-5.11838000 5.49107000e+01
-5.08838000 3.67255000e+01
-5.05838000 2.73995000e+01
-5.02838000 2.35158000e+01
-4.99838000 2.33559000e+01
-4.96838000 2.71058000e+01
-4.93838000 3.60509000e+01
-4.90838000 4.97510000e+01
-4.87838000 6.48890000e+01
-4.84838000 6.80795000e+01
-4.81838000 5.28969000e+01
-4.78838000 4.52762000e+01
-4.75838000 4.16895000e+01
-4.72838000 3.49715000e+01
-4.69838000 3.28978000e+01
-4.66838000 3.65494000e+01
-4.63838000 4.53857000e+01
-4.60838000 6.43878000e+01
-4.57838000 1.05724000e+02
-4.54838000 1.69167000e+02
-4.51838000 1.70742000e+02
-4.48425000 1.01730000e+02
-4.45425000 6.17618000e+01
-4.42425000 3.96081000e+01
-4.39425000 2.77257000e+01
-4.36425000 2.13287000e+01
-4.33425000 1.81383000e+01
-4.30425000 1.70754000e+01
-4.27425000 1.69441000e+01
-4.24425000 1.74779000e+01
-4.21425000 2.02017000e+01
-4.18425000 2.61536000e+01
-4.15425000 2.98521000e+01
-4.12425000 3.04438000e+01
-4.09425000 3.82320000e+01
-4.06425000 5.55588000e+01
-4.03425000 6.20519000e+01
-4.00425000 4.34845000e+01
-3.97425000 2.75155000e+01
-3.94425000 1.93890000e+01
-3.91425000 1.59754000e+01
-3.88425000 1.56912000e+01
-3.85425000 1.76929000e+01
-3.82425000 2.01173000e+01
-3.79425000 2.54060000e+01
-3.76425000 3.62160000e+01
-3.73425000 4.02131000e+01
-3.70425000 3.08292000e+01
-3.67425000 2.24162000e+01
-3.64425000 2.02421000e+01
-3.61425000 2.37193000e+01
-3.58425000 3.04021000e+01
-3.55425000 2.92299000e+01
-3.52425000 2.27980000e+01
-3.49425000 2.00771000e+01
-3.46425000 2.23322000e+01
-3.43425000 2.96474000e+01
-3.40425000 3.44576000e+01
-3.37425000 2.94990000e+01
-3.34425000 2.28342000e+01
-3.31425000 1.60591000e+01
-3.28425000 1.23178000e+01
-3.25425000 1.04095000e+01
-3.22425000 8.71294000e+00
-3.19425000 7.62469000e+00
-3.16012000 7.59028000e+00
-3.13012000 8.41895000e+00
-3.10012000 1.00686000e+01
-3.07012000 1.18779000e+01
-3.04012000 1.07499000e+01
-3.01012000 9.39801000e+00
-2.98012000 9.52071000e+00
-2.95012000 1.09373000e+01
-2.92012000 1.34258000e+01
-2.89012000 1.50087000e+01
-2.86012000 1.80559000e+01
-2.83012000 2.64658000e+01
-2.80012000 4.29555000e+01
-2.77012000 5.77830000e+01
-2.74012000 4.84283000e+01
-2.71012000 3.56069000e+01
-2.68012000 2.79972000e+01
-2.65012000 1.97106000e+01
-2.62012000 1.49114000e+01
-2.59012000 1.28674000e+01
-2.56012000 1.14451000e+01
-2.53012000 1.16444000e+01
-2.50012000 1.43613000e+01
-2.47012000 1.88795000e+01
-2.44012000 2.24134000e+01
-2.41012000 2.72275000e+01
-2.38012000 3.06481000e+01
-2.35012000 2.38951000e+01
-2.32012000 1.62229000e+01
-2.29012000 1.26184000e+01
-2.26012000 1.18262000e+01
-2.23012000 1.03447000e+01
-2.20012000 8.26519000e+00
-2.17012000 7.44276000e+00
-2.14012000 7.78015000e+00
-2.11012000 9.18720000e+00
-2.08012000 1.21666000e+01
-2.05012000 1.57921000e+01
-2.02012000 1.39479000e+01
-1.99012000 1.00092000e+01
-1.96012000 8.15912000e+00
-1.93012000 8.19696000e+00
-1.90012000 1.02574000e+01
-1.87012000 1.53629000e+01
-1.83599000 2.32481000e+01
-1.80599000 2.00560000e+01
-1.77599000 1.25705000e+01
-1.74599000 8.25417000e+00
-1.71599000 6.31497000e+00
-1.68599000 5.44358000e+00
-1.65599000 4.81326000e+00
-1.62599000 4.69173000e+00
-1.59599000 5.49973000e+00
-1.56599000 6.90169000e+00
-1.53599000 6.55000000e+00
-1.50599000 5.33771000e+00
-1.47599000 5.23121000e+00
-1.44599000 6.15840000e+00
-1.41599000 7.08860000e+00
-1.38599000 6.82171000e+00
-1.35599000 5.13963000e+00
-1.32599000 3.59204000e+00
-1.29599000 2.76885000e+00
-1.26599000 2.38420000e+00
-1.23599000 2.23949000e+00
-1.20599000 2.25623000e+00
-1.17599000 2.39983000e+00
-1.14599000 2.73213000e+00
-1.11599000 3.48898000e+00
-1.08599000 5.02262000e+00
-1.05599000 6.62324000e+00
-1.02599000 5.72339000e+00
-0.99599000 4.12665000e+00
-0.96599000 3.37226000e+00
-0.93599000 3.22779000e+00
-0.90599000 3.49685000e+00
-0.87599000 4.16538000e+00
-0.84599000 5.43066000e+00
-0.81599000 7.68139000e+00
-0.78599000 1.17528000e+01
-0.75599000 1.61270000e+01
-0.72599000 1.71117000e+01
-0.69599000 1.44684000e+01
-0.66599000 1.06300000e+01
-0.63599000 7.85793000e+00
-0.60599000 6.41910000e+00
-0.57599000 6.06750000e+00
-0.54599000 6.46703000e+00
-0.51186000 7.19166000e+00
-0.48186000 8.22255000e+00
-0.45186000 9.44789000e+00
-0.42186000 1.09857000e+01
-0.39186000 1.32971000e+01
-0.36186000 1.69700000e+01
-0.33186000 2.00214000e+01
-0.30186000 1.88110000e+01
-0.27186000 1.74072000e+01
-0.24186000 1.71237000e+01
-0.21186000 1.85315000e+01
-0.18186000 1.78068000e+01
-0.15186000 1.35345000e+01
-0.12186000 9.49940000e+00
-0.09186010 7.18881000e+00
-0.06186010 6.34729000e+00
-0.03186010 6.57507000e+00
-0.00186013 7.47252000e+00
0.02813990 8.88087000e+00
0.05813990 1.11295000e+01
0.08813990 1.28002000e+01
0.11814000 1.42172000e+01
0.14814000 1.47111000e+01
0.17814000 1.50995000e+01
0.20814000 1.87013000e+01
0.23814000 2.27866000e+01
0.26814000 2.59160000e+01
0.29814000 3.21231000e+01
0.32814000 3.98871000e+01
0.35814000 3.92953000e+01
0.38814000 3.26492000e+01
0.41814000 2.29167000e+01
0.44814000 1.49115000e+01
0.47814000 1.09443000e+01
0.50814000 9.84974000e+00
0.53814000 1.05629000e+01
0.56814000 1.02629000e+01
0.59814000 8.50557000e+00
0.62814000 7.63474000e+00
0.65814000 8.30457000e+00
0.68814000 9.76480000e+00
0.71814000 1.08692000e+01
0.74814000 9.79688000e+00
0.77814000 7.73820000e+00
