# E(MeV)  S_GAMTGAMT(Total=K0+2*K1) for Rh113_DDPCX
-4.73924000 3.63412000e-02
-4.70924000 4.12208000e-02
-4.67924000 4.78225000e-02
-4.64924000 5.71395000e-02
-4.61924000 7.09858000e-02
-4.58924000 9.29185000e-02
-4.55924000 1.30481800e-01
-4.52924000 2.00771600e-01
-4.49924000 3.40273900e-01
-4.46924000 5.67178300e-01
-4.43924000 6.21512000e-01
-4.40924000 4.03074600e-01
-4.37924000 2.39226100e-01
-4.34924000 1.58445700e-01
-4.31924000 1.19399100e-01
-4.28924000 9.79945000e-02
-4.25924000 8.41147000e-02
-4.22924000 7.66280000e-02
-4.18409000 7.35990000e-02
-4.15409000 7.54740000e-02
-4.12409000 8.01534000e-02
-4.09409000 8.79693000e-02
-4.06409000 9.95385000e-02
-4.03409000 1.15952300e-01
-4.00409000 1.40346000e-01
-3.97409000 1.78026600e-01
-3.94409000 2.39000400e-01
-3.91409000 3.44520600e-01
-3.88409000 5.42737800e-01
-3.85409000 9.38338800e-01
-3.82409000 1.60946860e+00
-3.79409000 1.85392420e+00
-3.76409000 1.21274160e+00
-3.73409000 6.88783000e-01
-3.70409000 4.22638800e-01
-3.67409000 2.86792200e-01
-3.62893000 1.86978800e-01
-3.59893000 1.52560600e-01
-3.56893000 1.31003900e-01
-3.53893000 1.17433500e-01
-3.50893000 1.09242900e-01
-3.47893000 1.05018800e-01
-3.44893000 1.04051100e-01
-3.41893000 1.06119400e-01
-3.38893000 1.11442100e-01
-3.35893000 1.20769700e-01
-3.32893000 1.35683200e-01
-3.29893000 1.59303000e-01
-3.26893000 1.97967700e-01
-3.23893000 2.65383100e-01
-3.20893000 3.92805800e-01
-3.17893000 6.43754000e-01
-3.14893000 1.01188170e+00
-3.11893000 1.00882140e+00
-3.07378000 5.20002300e-01
-3.04378000 3.63502100e-01
-3.01378000 2.94802400e-01
-2.98378000 2.70436400e-01
-2.95378000 2.72930400e-01
-2.92378000 2.97451000e-01
-2.89378000 3.47095600e-01
-2.86378000 4.34064000e-01
-2.83378000 5.87579000e-01
-2.80378000 8.73918000e-01
-2.77378000 1.40781600e+00
-2.74378000 2.11024400e+00
-2.71378000 2.44784800e+00
-2.68378000 2.02711800e+00
-2.65378000 1.59497800e+00
-2.62378000 1.65959900e+00
-2.59378000 2.24182900e+00
-2.56378000 2.91245400e+00
-2.51863000 2.97859600e+00
-2.48863000 2.24527400e+00
-2.45863000 1.64640600e+00
-2.42863000 1.54277200e+00
-2.39863000 1.93441200e+00
-2.36863000 2.84535000e+00
-2.33863000 3.22012000e+00
-2.30863000 2.36435400e+00
-2.27863000 1.81331000e+00
-2.24863000 1.84872300e+00
-2.21863000 2.21019600e+00
-2.18863000 2.19314400e+00
-2.15863000 1.52369600e+00
-2.12863000 9.53923000e-01
-2.09863000 6.50915000e-01
-2.06863000 4.97158000e-01
-2.03863000 4.21800000e-01
-2.00863000 3.97678000e-01
-1.96348000 4.59457000e-01
-1.93348000 6.10248000e-01
-1.90348000 8.99159000e-01
-1.87348000 1.11148800e+00
-1.84348000 1.10540800e+00
-1.81348000 1.13209300e+00
-1.78348000 8.57632000e-01
-1.75348000 5.40565000e-01
-1.72348000 3.65720300e-01
-1.69348000 2.75893700e-01
-1.66348000 2.27695800e-01
-1.63348000 2.01765900e-01
-1.60348000 1.89791900e-01
-1.57348000 1.88592500e-01
-1.54348000 1.98065600e-01
-1.51348000 2.21071100e-01
-1.48348000 2.65075800e-01
-1.45348000 3.46705500e-01
-1.40833000 6.34365100e-01
-1.37833000 1.06751790e+00
-1.34833000 1.54467130e+00
-1.31833000 1.28859330e+00
-1.28833000 7.88491300e-01
-1.25833000 5.19146500e-01
-1.22833000 4.12574900e-01
-1.19833000 4.06025800e-01
-1.16833000 4.30869300e-01
-1.13833000 3.70129500e-01
-1.10833000 3.04535700e-01
-1.07833000 2.87194900e-01
-1.04833000 3.12175000e-01
-1.01833000 3.86839500e-01
-0.98833200 5.48042800e-01
-0.95833200 8.80964800e-01
-0.92833200 1.40300900e+00
-0.89833200 1.46134850e+00
-0.85318200 7.53262900e-01
-0.82318200 5.17186000e-01
-0.79318200 4.19091000e-01
-0.76318200 3.96708000e-01
-0.73318200 4.30628200e-01
-0.70318200 5.32430000e-01
-0.67318200 7.51229800e-01
-0.64318200 1.20413180e+00
-0.61318200 2.00589240e+00
-0.58318200 2.43836000e+00
-0.55318200 1.86400400e+00
-0.52318200 1.51206400e+00
-0.49318200 1.52341400e+00
-0.46318200 1.24550200e+00
-0.43318200 7.99840000e-01
-0.40318200 5.40531000e-01
-0.37318200 4.20581000e-01
-0.34318200 3.52314000e-01
-0.29803100 2.90905600e-01
-0.26803100 2.96796300e-01
-0.23803100 3.50333400e-01
-0.20803100 4.85942500e-01
-0.17803100 7.72957600e-01
-0.14803100 1.12092360e+00
-0.11803100 9.64387400e-01
-0.08803120 5.86104400e-01
-0.05803120 3.65404900e-01
-0.02803120 2.49600900e-01
0.00196879 1.84573200e-01
0.03196880 1.45808100e-01
0.06196880 1.20950500e-01
0.09196880 1.04209500e-01
0.12196900 9.24288000e-02
0.15196900 8.38254000e-02
0.18196900 7.73693000e-02
0.21196900 7.24388000e-02
0.25711900 6.70925000e-02
0.28711900 6.46294000e-02
0.31711900 6.29814000e-02
0.34711900 6.23060000e-02
0.37711900 6.27205000e-02
0.40711900 6.24074000e-02
0.43711900 6.02299000e-02
0.46711900 5.86693000e-02
0.49711900 5.80634000e-02
0.52711900 5.81162000e-02
0.55711900 5.87014000e-02
0.58711900 5.98243000e-02
0.61711900 6.15872000e-02
0.64711900 6.42081000e-02
0.67711900 6.80976000e-02
0.70711900 7.40456000e-02
0.73711900 8.36713000e-02
0.76711900 1.00539100e-01
