# E(MeV)  S_NSDRNSDR(K=1) for Rh135_DDPCX
-18.51310000 5.05768000e-01
-18.48310000 1.53127000e+00
-18.45310000 3.16905000e+00
-18.42310000 6.00381000e+00
-18.39310000 8.12351000e+00
-18.36310000 5.87411000e+00
-18.33310000 3.29401000e+00
-18.30310000 1.95464000e+00
-18.27310000 1.31508000e+00
-18.24310000 1.02249000e+00
-18.21310000 9.45107000e-01
-18.18310000 1.07861000e+00
-18.15310000 1.52548000e+00
-18.12310000 2.24238000e+00
-18.09310000 2.15693000e+00
-18.06310000 1.34064000e+00
-18.03310000 8.01378000e-01
-18.00310000 5.24923000e-01
-17.97310000 3.76147000e-01
-17.94310000 2.89834000e-01
-17.91310000 2.37072000e-01
-17.88310000 1.99514000e-01
-17.85310000 1.68386000e-01
-17.82310000 1.45403000e-01
-17.79310000 1.28715000e-01
-17.76310000 1.16166000e-01
-17.73310000 1.06452000e-01
-17.70310000 9.87774000e-02
-17.67310000 9.26303000e-02
-17.64310000 8.76595000e-02
-17.61310000 8.36159000e-02
-17.58310000 8.03174000e-02
-17.55310000 7.76283000e-02
-17.52310000 7.54454000e-02
-17.49310000 7.36898000e-02
-17.46310000 7.23009000e-02
-17.43310000 7.12323000e-02
-17.40310000 7.04494000e-02
-17.37310000 6.99281000e-02
-17.34310000 6.96540000e-02
-17.31310000 6.96234000e-02
-17.28310000 6.98457000e-02
-17.25310000 7.03482000e-02
-17.22310000 7.11868000e-02
-17.19310000 7.24656000e-02
-17.16310000 7.43794000e-02
-17.13310000 7.73069000e-02
-17.10310000 8.20316000e-02
-17.07310000 9.02941000e-02
-17.04310000 1.06042000e-01
-17.01310000 1.35410000e-01
-16.98310000 1.62879000e-01
-16.95310000 1.42875000e-01
-16.92310000 1.13732000e-01
-16.89310000 9.86105000e-02
-16.86310000 9.19519000e-02
-16.83310000 8.93939000e-02
-16.80310000 8.90418000e-02
-16.77310000 9.01302000e-02
-16.74310000 9.24193000e-02
-16.71310000 9.59954000e-02
-16.68310000 1.01277000e-01
-16.65310000 1.09209000e-01
-16.62310000 1.21815000e-01
-16.58060000 1.57575000e-01
-16.55060000 2.12218000e-01
-16.52060000 3.04417000e-01
-16.49060000 3.42040000e-01
-16.46060000 2.59168000e-01
-16.43060000 1.90948000e-01
-16.40060000 1.58052000e-01
-16.37060000 1.43335000e-01
-16.34060000 1.37438000e-01
-16.31060000 1.36342000e-01
-16.28060000 1.38313000e-01
-16.25060000 1.42641000e-01
-16.22060000 1.49139000e-01
-16.19060000 1.57976000e-01
-16.16060000 1.69653000e-01
-16.13060000 1.85098000e-01
-16.10060000 2.05911000e-01
-16.07060000 2.34899000e-01
-16.04060000 2.77257000e-01
-16.01060000 3.43334000e-01
-15.98060000 4.55187000e-01
-15.95060000 6.56634000e-01
-15.92060000 9.62095000e-01
-15.89060000 1.15575000e+00
-15.86060000 1.36258000e+00
-15.83060000 2.00300000e+00
-15.80060000 2.75869000e+00
-15.77060000 2.25888000e+00
-15.74060000 1.37755000e+00
-15.71060000 8.96816000e-01
-15.68060000 6.82061000e-01
-15.65060000 6.15419000e-01
-15.62060000 6.71488000e-01
-15.59060000 8.77080000e-01
-15.56060000 1.07976000e+00
-15.53060000 8.76549000e-01
-15.50060000 6.02497000e-01
-15.47060000 4.52712000e-01
-15.44060000 3.79709000e-01
-15.41060000 3.45100000e-01
-15.38060000 3.31464000e-01
-15.35060000 3.31573000e-01
-15.32060000 3.42921000e-01
-15.29060000 3.64578000e-01
-15.26060000 3.97598000e-01
-15.23060000 4.50163000e-01
-15.20060000 5.30994000e-01
-15.17060000 6.25803000e-01
-15.14060000 7.36596000e-01
-15.11060000 9.36031000e-01
-15.08060000 1.31257000e+00
-15.05060000 2.05038000e+00
-15.02060000 3.45182000e+00
-14.99060000 4.86182000e+00
-14.96060000 4.06192000e+00
-14.93060000 2.82268000e+00
-14.90060000 2.28866000e+00
-14.87060000 2.21585000e+00
-14.84060000 2.78023000e+00
-14.81060000 4.06565000e+00
-14.78060000 4.43037000e+00
-14.75060000 2.97266000e+00
-14.72060000 1.82856000e+00
-14.69060000 1.24729000e+00
-14.64800000 8.73856000e-01
-14.61800000 7.52124000e-01
-14.58800000 6.89930000e-01
-14.55800000 6.68300000e-01
-14.52800000 6.79433000e-01
-14.49800000 7.18441000e-01
-14.46800000 7.68973000e-01
-14.43800000 8.09049000e-01
-14.40800000 8.90024000e-01
-14.37800000 1.04245000e+00
-14.34800000 1.25147000e+00
-14.31800000 1.49576000e+00
-14.28800000 1.92802000e+00
-14.25800000 2.68044000e+00
-14.22800000 3.43994000e+00
-14.19800000 4.17404000e+00
-14.16800000 5.89041000e+00
-14.13800000 9.65194000e+00
-14.10800000 1.55514000e+01
-14.07800000 1.60484000e+01
-14.04800000 1.00336000e+01
-14.01800000 5.85400000e+00
-13.98800000 3.80505000e+00
-13.95800000 2.78248000e+00
-13.92800000 2.24144000e+00
-13.89800000 1.96935000e+00
-13.86800000 1.70704000e+00
-13.83800000 1.44739000e+00
-13.80800000 1.20017000e+00
-13.77800000 1.01290000e+00
-13.74800000 8.85077000e-01
-13.71800000 8.04763000e-01
-13.68800000 7.57453000e-01
-13.65800000 7.31804000e-01
-13.62800000 7.21963000e-01
-13.59800000 7.25281000e-01
-13.56800000 7.41135000e-01
-13.53800000 7.70604000e-01
-13.50800000 8.16812000e-01
-13.47800000 8.86169000e-01
-13.44800000 9.91340000e-01
-13.41800000 1.15727000e+00
-13.38800000 1.43247000e+00
-13.35800000 1.89823000e+00
-13.32800000 2.45780000e+00
-13.29800000 2.95250000e+00
-13.26800000 4.01892000e+00
-13.23800000 5.62947000e+00
-13.20800000 5.83389000e+00
-13.17800000 4.12983000e+00
-13.14800000 2.89685000e+00
-13.11800000 2.35415000e+00
-13.08800000 2.18345000e+00
-13.05800000 2.23064000e+00
-13.02800000 2.45196000e+00
-12.99800000 2.87336000e+00
-12.96800000 3.59497000e+00
-12.93800000 4.84832000e+00
-12.90800000 7.16006000e+00
-12.87800000 1.16696000e+01
-12.84800000 1.92128000e+01
-12.81800000 2.23853000e+01
-12.78800000 1.72714000e+01
-12.75800000 1.50359000e+01
-12.71550000 1.80889000e+01
-12.68550000 1.65312000e+01
-12.65550000 1.13343000e+01
-12.62550000 7.74254000e+00
-12.59550000 5.74558000e+00
-12.56550000 4.69361000e+00
-12.53550000 4.23634000e+00
-12.50550000 4.14799000e+00
-12.47550000 4.33816000e+00
-12.44550000 4.80391000e+00
-12.41550000 5.61591000e+00
-12.38550000 6.94260000e+00
-12.35550000 9.13936000e+00
-12.32550000 1.29758000e+01
-12.29550000 2.01972000e+01
-12.26550000 3.43862000e+01
-12.23550000 5.59064000e+01
-12.20550000 5.92257000e+01
-12.17550000 4.43374000e+01
-12.14550000 3.91692000e+01
-12.11550000 4.11779000e+01
-12.08550000 3.20235000e+01
-12.05550000 2.02136000e+01
-12.02550000 1.36239000e+01
-11.99550000 1.03762000e+01
-11.96550000 8.91655000e+00
-11.93550000 8.64932000e+00
-11.90550000 9.41948000e+00
-11.87550000 1.10525000e+01
-11.84550000 1.24734000e+01
-11.81550000 1.37906000e+01
-11.78550000 1.75973000e+01
-11.75550000 2.63166000e+01
-11.72550000 4.38793000e+01
-11.69550000 6.73037000e+01
-11.66550000 7.42607000e+01
-11.63550000 5.52075000e+01
-11.60550000 3.26681000e+01
-11.57550000 2.03095000e+01
-11.54550000 1.42541000e+01
-11.51550000 1.13339000e+01
-11.48550000 1.02426000e+01
-11.45550000 1.06695000e+01
-11.42550000 1.30476000e+01
-11.39550000 1.87028000e+01
-11.36550000 2.92699000e+01
-11.33550000 3.53609000e+01
-11.30550000 2.51251000e+01
-11.27550000 1.53829000e+01
-11.24550000 1.04808000e+01
-11.21550000 8.24398000e+00
-11.18550000 7.52763000e+00
-11.15550000 7.88173000e+00
-11.12550000 7.97939000e+00
-11.09550000 7.23895000e+00
-11.06550000 7.12129000e+00
-11.03550000 7.92821000e+00
-11.00550000 9.84210000e+00
-10.97550000 1.35851000e+01
-10.94550000 2.09699000e+01
-10.91550000 3.52663000e+01
-10.88550000 5.34972000e+01
-10.85550000 5.56098000e+01
-10.82550000 4.37804000e+01
-10.78300000 3.29328000e+01
-10.75300000 2.48889000e+01
-10.72300000 1.83074000e+01
-10.69300000 1.29183000e+01
-10.66300000 9.82623000e+00
-10.63300000 8.71876000e+00
-10.60300000 9.11934000e+00
-10.57300000 1.06091000e+01
-10.54300000 1.31967000e+01
-10.51300000 1.68560000e+01
-10.48300000 2.15055000e+01
-10.45300000 1.88126000e+01
-10.42300000 1.25217000e+01
-10.39300000 9.47150000e+00
-10.36300000 9.07137000e+00
-10.33300000 8.79032000e+00
-10.30300000 6.88152000e+00
-10.27300000 5.09894000e+00
-10.24300000 4.06802000e+00
-10.21300000 3.59267000e+00
-10.18300000 3.46125000e+00
-10.15300000 3.60210000e+00
-10.12300000 4.05652000e+00
-10.09300000 5.01071000e+00
-10.06300000 6.92451000e+00
-10.03300000 1.06892000e+01
-10.00300000 1.57701000e+01
-9.97295000 1.53867000e+01
-9.94295000 1.13327000e+01
-9.91295000 9.41479000e+00
-9.88295000 9.00012000e+00
-9.85295000 9.76238000e+00
-9.82295000 1.27355000e+01
-9.79295000 1.97497000e+01
-9.76295000 3.19839000e+01
-9.73295000 3.69247000e+01
-9.70295000 2.68127000e+01
-9.67295000 1.94183000e+01
-9.64295000 1.79916000e+01
-9.61295000 1.71654000e+01
-9.58295000 1.38640000e+01
-9.55295000 1.21110000e+01
-9.52295000 1.16861000e+01
-9.49295000 1.12866000e+01
-9.46295000 1.31057000e+01
-9.43295000 1.90694000e+01
-9.40295000 3.10000000e+01
-9.37295000 3.86802000e+01
-9.34295000 2.79399000e+01
-9.31295000 1.71714000e+01
-9.28295000 1.18410000e+01
-9.25295000 8.40841000e+00
-9.22295000 5.91475000e+00
-9.19295000 4.46742000e+00
-9.16295000 3.66789000e+00
-9.13295000 3.27209000e+00
-9.10295000 3.08159000e+00
-9.07295000 2.81373000e+00
-9.04295000 2.59662000e+00
-9.01295000 2.55602000e+00
-8.98295000 2.69608000e+00
-8.95295000 3.05680000e+00
-8.92295000 3.76290000e+00
-8.89295000 5.11001000e+00
-8.85042000 9.51668000e+00
-8.82042000 1.59462000e+01
-8.79042000 2.12974000e+01
-8.76042000 1.63584000e+01
-8.73042000 1.00345000e+01
-8.70042000 6.97468000e+00
-8.67042000 5.80706000e+00
-8.64042000 4.73154000e+00
-8.61042000 3.89333000e+00
-8.58042000 3.57352000e+00
-8.55042000 3.38351000e+00
-8.52042000 3.66605000e+00
-8.49042000 4.84117000e+00
-8.46042000 6.90183000e+00
-8.43042000 7.47244000e+00
-8.40042000 5.18466000e+00
-8.37042000 3.35669000e+00
-8.34042000 2.44896000e+00
-8.31042000 1.98436000e+00
-8.28042000 1.69574000e+00
-8.25042000 1.53429000e+00
-8.22042000 1.46467000e+00
-8.19042000 1.46179000e+00
-8.16042000 1.51764000e+00
-8.13042000 1.63739000e+00
-8.10042000 1.84131000e+00
-8.07042000 2.17333000e+00
-8.04042000 2.71035000e+00
-8.01042000 3.52660000e+00
-7.98042000 4.77522000e+00
-7.95042000 6.79508000e+00
-7.92042000 1.05408000e+01
-7.89042000 1.69243000e+01
-7.86042000 2.09372000e+01
-7.83042000 1.77108000e+01
-7.80042000 1.41499000e+01
-7.77042000 9.83352000e+00
-7.74042000 6.70326000e+00
-7.71042000 5.30379000e+00
-7.68042000 5.06912000e+00
-7.65042000 5.84992000e+00
-7.62042000 7.51829000e+00
-7.59042000 9.54218000e+00
-7.56042000 1.13411000e+01
-7.53042000 1.15514000e+01
-7.50042000 1.16483000e+01
-7.47042000 1.20548000e+01
-7.44042000 1.53580000e+01
-7.41042000 2.00270000e+01
-7.38042000 1.83943000e+01
-7.35042000 1.52145000e+01
-7.32042000 1.17054000e+01
-7.29042000 8.63773000e+00
-7.26042000 6.77314000e+00
-7.23042000 5.78393000e+00
-7.20042000 5.44256000e+00
-7.17042000 4.93293000e+00
-7.14042000 4.56330000e+00
-7.11042000 3.71446000e+00
-7.08042000 3.07043000e+00
-7.05042000 3.04573000e+00
-7.02042000 2.98432000e+00
-6.99042000 2.37266000e+00
-6.96042000 1.93395000e+00
-6.91788000 1.81375000e+00
-6.88788000 1.77412000e+00
-6.85788000 1.73700000e+00
-6.82788000 1.90797000e+00
-6.79788000 2.38434000e+00
-6.76788000 3.37973000e+00
-6.73788000 4.89550000e+00
-6.70788000 5.08398000e+00
-6.67788000 3.49771000e+00
-6.64788000 2.40687000e+00
-6.61788000 1.95084000e+00
-6.58788000 1.83968000e+00
-6.55788000 1.90304000e+00
-6.52788000 2.19573000e+00
-6.49788000 2.94460000e+00
-6.46788000 4.24940000e+00
-6.43788000 5.07446000e+00
-6.40788000 5.17118000e+00
-6.37788000 5.10775000e+00
-6.34788000 4.74266000e+00
-6.31788000 4.36953000e+00
-6.28788000 4.31146000e+00
-6.25788000 5.40788000e+00
-6.22788000 7.26466000e+00
-6.19788000 7.43472000e+00
-6.16788000 6.81490000e+00
-6.13788000 6.98828000e+00
-6.10788000 6.28959000e+00
-6.07788000 5.84188000e+00
-6.04788000 6.66586000e+00
-6.01788000 6.62407000e+00
-5.98788000 5.05190000e+00
-5.95788000 3.76946000e+00
-5.92788000 3.48291000e+00
-5.89788000 3.93262000e+00
-5.86788000 3.74337000e+00
-5.83788000 2.79837000e+00
-5.80788000 2.28094000e+00
-5.77788000 2.23012000e+00
-5.74788000 2.59008000e+00
-5.71788000 3.30464000e+00
-5.68788000 3.81095000e+00
-5.65788000 4.29729000e+00
-5.62788000 5.77296000e+00
-5.59788000 8.20323000e+00
-5.56788000 8.20415000e+00
-5.53788000 5.45323000e+00
-5.50788000 3.49309000e+00
-5.47788000 2.56097000e+00
-5.44788000 2.19400000e+00
-5.41788000 2.18953000e+00
-5.38788000 2.51326000e+00
-5.35788000 3.30632000e+00
-5.32788000 5.04038000e+00
-5.29788000 7.39535000e+00
-5.26788000 7.00441000e+00
-5.23788000 5.06712000e+00
-5.20788000 4.24813000e+00
-5.17788000 4.38305000e+00
-5.14788000 5.29812000e+00
-5.11788000 5.96411000e+00
-5.08788000 6.15375000e+00
-5.05788000 5.62729000e+00
-5.02788000 4.14989000e+00
-4.98534000 2.42086000e+00
-4.95534000 1.87948000e+00
-4.92534000 1.73364000e+00
-4.89534000 1.76834000e+00
-4.86534000 1.64450000e+00
-4.83534000 1.46149000e+00
-4.80534000 1.46254000e+00
-4.77534000 1.77068000e+00
-4.74534000 2.48108000e+00
-4.71534000 3.25093000e+00
-4.68534000 3.31341000e+00
-4.65534000 2.93899000e+00
-4.62534000 2.33204000e+00
-4.59534000 1.80292000e+00
-4.56534000 1.61178000e+00
-4.53534000 1.73098000e+00
-4.50534000 1.63943000e+00
-4.47534000 1.38814000e+00
-4.44534000 1.29202000e+00
-4.41534000 1.33874000e+00
-4.38534000 1.49345000e+00
-4.35534000 1.83235000e+00
-4.32534000 1.93945000e+00
-4.29534000 1.41609000e+00
-4.26534000 9.89821000e-01
-4.23534000 7.84923000e-01
-4.20534000 7.12828000e-01
-4.17534000 7.02521000e-01
-4.14534000 6.88857000e-01
-4.11534000 6.45650000e-01
-4.08534000 6.49892000e-01
-4.05534000 7.39817000e-01
-4.02534000 9.24714000e-01
-3.99534000 1.23830000e+00
-3.96534000 1.83501000e+00
-3.93534000 2.68757000e+00
-3.90534000 2.73124000e+00
-3.87534000 1.97274000e+00
-3.84534000 1.38121000e+00
-3.81534000 1.06555000e+00
-3.78534000 9.62156000e-01
-3.75534000 9.72605000e-01
-3.72534000 9.46862000e-01
-3.69534000 9.12341000e-01
-3.66534000 9.90810000e-01
-3.63534000 1.06893000e+00
-3.60534000 9.51379000e-01
-3.57534000 7.60908000e-01
-3.54534000 6.77333000e-01
-3.51534000 6.60905000e-01
-3.48534000 6.18983000e-01
-3.45534000 5.62749000e-01
-3.42534000 5.38216000e-01
-3.39534000 4.42585000e-01
-3.36534000 3.51105000e-01
-3.33534000 3.07843000e-01
-3.30534000 2.95321000e-01
-3.27534000 2.85188000e-01
-3.24534000 2.82777000e-01
-3.21534000 3.12679000e-01
-3.18534000 3.78947000e-01
-3.15534000 3.94479000e-01
-3.12534000 3.22727000e-01
-3.09534000 2.72068000e-01
-3.05280000 2.40507000e-01
-3.02280000 2.38498000e-01
-2.99280000 2.56126000e-01
-2.96280000 2.73651000e-01
-2.93280000 2.61453000e-01
-2.90280000 2.38917000e-01
-2.87280000 2.30521000e-01
-2.84280000 2.34222000e-01
-2.81280000 2.46751000e-01
-2.78280000 2.72842000e-01
-2.75280000 3.19254000e-01
-2.72280000 3.93416000e-01
-2.69280000 5.11063000e-01
-2.66280000 7.09846000e-01
-2.63280000 9.81851000e-01
-2.60280000 1.15171000e+00
-2.57280000 1.06924000e+00
-2.54280000 1.10047000e+00
-2.51280000 1.33572000e+00
-2.48280000 1.28025000e+00
-2.45280000 9.64424000e-01
-2.42280000 7.61471000e-01
-2.39280000 6.72448000e-01
-2.36280000 6.75286000e-01
-2.33280000 8.10866000e-01
-2.30280000 1.03763000e+00
-2.27280000 1.05549000e+00
-2.24280000 7.46470000e-01
-2.21280000 5.00231000e-01
-2.18280000 3.69708000e-01
-2.15280000 3.03520000e-01
-2.12280000 2.70898000e-01
-2.09280000 2.57426000e-01
-2.06280000 2.56965000e-01
-2.03280000 2.56305000e-01
-2.00280000 2.60151000e-01
-1.97280000 2.78844000e-01
-1.94280000 2.89474000e-01
-1.91280000 2.79830000e-01
-1.88280000 2.63795000e-01
-1.85280000 2.52469000e-01
-1.82280000 2.33621000e-01
-1.79280000 2.25431000e-01
-1.76280000 2.12635000e-01
-1.73280000 1.95670000e-01
-1.70280000 1.91043000e-01
-1.67280000 2.01294000e-01
-1.64280000 2.31110000e-01
-1.61280000 2.79152000e-01
-1.58280000 3.20374000e-01
-1.55280000 3.24642000e-01
-1.52280000 2.83544000e-01
-1.49280000 2.59229000e-01
-1.46280000 2.69887000e-01
-1.43280000 3.18595000e-01
-1.40280000 3.60633000e-01
-1.37280000 3.54639000e-01
-1.34280000 3.04399000e-01
-1.31280000 2.66277000e-01
-1.28280000 2.42073000e-01
-1.25280000 2.15956000e-01
-1.22280000 2.03448000e-01
-1.19280000 1.95807000e-01
-1.16280000 1.82856000e-01
-1.12027000 1.74866000e-01
-1.09027000 1.78226000e-01
-1.06027000 1.86406000e-01
-1.03027000 2.00657000e-01
-1.00027000 2.28448000e-01
-0.97026700 2.64551000e-01
-0.94026700 2.85244000e-01
-0.91026700 3.25101000e-01
-0.88026700 3.93337000e-01
-0.85026700 4.30800000e-01
-0.82026700 4.60954000e-01
-0.79026700 5.54077000e-01
-0.76026700 6.92742000e-01
-0.73026700 6.55777000e-01
-0.70026700 5.43321000e-01
-0.67026700 5.45860000e-01
-0.64026700 6.53435000e-01
-0.61026700 8.15596000e-01
-0.58026700 8.59740000e-01
-0.55026700 7.29309000e-01
-0.52026700 6.22426000e-01
-0.49026700 5.33468000e-01
-0.46026700 4.91217000e-01
-0.43026700 4.68641000e-01
-0.40026700 4.69133000e-01
-0.37026700 5.02077000e-01
-0.34026700 4.62041000e-01
-0.31026700 3.75775000e-01
-0.28026700 3.43794000e-01
-0.25026700 3.62175000e-01
-0.22026700 3.80066000e-01
-0.19026700 3.75687000e-01
-0.16026700 3.12213000e-01
-0.13026700 2.58414000e-01
-0.10026700 2.36494000e-01
-0.07026710 2.37091000e-01
-0.04026710 2.61562000e-01
-0.01026710 3.20568000e-01
0.01973290 3.88913000e-01
0.04973290 3.66513000e-01
0.07973290 3.23003000e-01
0.10973300 3.14168000e-01
0.13973300 3.11809000e-01
0.16973300 2.86860000e-01
0.19973300 2.82291000e-01
0.22973300 3.17395000e-01
0.25973300 3.50695000e-01
0.28973300 3.28442000e-01
0.31973300 2.95050000e-01
0.34973300 2.82792000e-01
0.37973300 2.78845000e-01
0.40973300 2.88574000e-01
0.43973300 2.77699000e-01
0.46973300 2.49882000e-01
0.49973300 2.40713000e-01
0.52973300 2.52669000e-01
0.55973300 2.79460000e-01
0.58973300 2.91403000e-01
0.61973300 2.75832000e-01
0.64973300 2.71188000e-01
0.67973300 2.69305000e-01
0.70973300 2.79799000e-01
0.73973300 3.10930000e-01
0.76973300 3.46682000e-01
