# E(MeV)  S_GAMTGAMT(K=1) for Rh135_DDPCX
-18.51310000 1.55493000e-03
-18.48310000 1.56086000e-03
-18.45310000 1.56683000e-03
-18.42310000 1.57283000e-03
-18.39310000 1.57887000e-03
-18.36310000 1.58494000e-03
-18.33310000 1.59104000e-03
-18.30310000 1.59718000e-03
-18.27310000 1.60336000e-03
-18.24310000 1.60957000e-03
-18.21310000 1.61582000e-03
-18.18310000 1.62211000e-03
-18.15310000 1.62845000e-03
-18.12310000 1.63482000e-03
-18.09310000 1.64124000e-03
-18.06310000 1.64770000e-03
-18.03310000 1.65421000e-03
-18.00310000 1.66077000e-03
-17.97310000 1.66738000e-03
-17.94310000 1.67404000e-03
-17.91310000 1.68075000e-03
-17.88310000 1.68752000e-03
-17.85310000 1.69434000e-03
-17.82310000 1.70123000e-03
-17.79310000 1.70819000e-03
-17.76310000 1.71521000e-03
-17.73310000 1.72231000e-03
-17.70310000 1.72949000e-03
-17.67310000 1.73675000e-03
-17.64310000 1.74411000e-03
-17.61310000 1.75156000e-03
-17.58310000 1.75913000e-03
-17.55310000 1.76683000e-03
-17.52310000 1.77466000e-03
-17.49310000 1.78265000e-03
-17.46310000 1.79082000e-03
-17.43310000 1.79921000e-03
-17.40310000 1.80784000e-03
-17.37310000 1.81677000e-03
-17.34310000 1.82605000e-03
-17.31310000 1.83577000e-03
-17.28310000 1.84605000e-03
-17.25310000 1.85704000e-03
-17.22310000 1.86894000e-03
-17.19310000 1.88209000e-03
-17.16310000 1.89695000e-03
-17.13310000 1.91423000e-03
-17.10310000 1.93509000e-03
-17.07310000 1.96145000e-03
-17.04310000 1.99672000e-03
-17.01310000 2.04730000e-03
-16.98310000 2.12621000e-03
-16.95310000 2.26197000e-03
-16.92310000 2.51960000e-03
-16.89310000 3.01368000e-03
-16.86310000 3.57322000e-03
-16.83310000 3.30626000e-03
-16.80310000 2.72665000e-03
-16.77310000 2.39821000e-03
-16.74310000 2.23785000e-03
-16.71310000 2.15607000e-03
-16.68310000 2.11213000e-03
-16.65310000 2.08798000e-03
-16.62310000 2.07500000e-03
-16.58060000 2.06755000e-03
-16.55060000 2.06697000e-03
-16.52060000 2.06887000e-03
-16.49060000 2.07251000e-03
-16.46060000 2.07745000e-03
-16.43060000 2.08337000e-03
-16.40060000 2.09005000e-03
-16.37060000 2.09735000e-03
-16.34060000 2.10517000e-03
-16.31060000 2.11342000e-03
-16.28060000 2.12207000e-03
-16.25060000 2.13106000e-03
-16.22060000 2.14039000e-03
-16.19060000 2.15003000e-03
-16.16060000 2.15999000e-03
-16.13060000 2.17028000e-03
-16.10060000 2.18091000e-03
-16.07060000 2.19192000e-03
-16.04060000 2.20335000e-03
-16.01060000 2.21527000e-03
-15.98060000 2.22777000e-03
-15.95060000 2.24098000e-03
-15.92060000 2.25509000e-03
-15.89060000 2.27038000e-03
-15.86060000 2.28729000e-03
-15.83060000 2.30647000e-03
-15.80060000 2.32903000e-03
-15.77060000 2.35690000e-03
-15.74060000 2.39367000e-03
-15.71060000 2.44653000e-03
-15.68060000 2.53116000e-03
-15.65060000 2.68257000e-03
-15.62060000 2.95576000e-03
-15.59060000 3.23628000e-03
-15.56060000 3.18559000e-03
-15.53060000 2.98801000e-03
-15.50060000 2.82869000e-03
-15.47060000 2.80021000e-03
-15.44060000 2.90977000e-03
-15.41060000 3.17350000e-03
-15.38060000 3.34836000e-03
-15.35060000 3.17104000e-03
-15.32060000 3.04298000e-03
-15.29060000 2.92483000e-03
-15.26060000 2.77703000e-03
-15.23060000 2.69410000e-03
-15.20060000 2.65996000e-03
-15.17060000 2.65473000e-03
-15.14060000 2.67270000e-03
-15.11060000 2.71776000e-03
-15.08060000 2.77495000e-03
-15.05060000 2.78462000e-03
-15.02060000 2.79624000e-03
-14.99060000 2.86747000e-03
-14.96060000 3.03025000e-03
-14.93060000 3.24397000e-03
-14.90060000 3.25342000e-03
-14.87060000 3.07330000e-03
-14.84060000 2.92177000e-03
-14.81060000 2.85054000e-03
-14.78060000 2.82535000e-03
-14.75060000 2.82662000e-03
-14.72060000 2.84874000e-03
-14.69060000 2.87705000e-03
-14.64800000 2.88575000e-03
-14.61800000 2.90402000e-03
-14.58800000 2.91294000e-03
-14.55800000 2.91111000e-03
-14.52800000 2.92195000e-03
-14.49800000 2.94708000e-03
-14.46800000 2.98951000e-03
-14.43800000 3.06198000e-03
-14.40800000 3.17535000e-03
-14.37800000 3.23646000e-03
-14.34800000 3.18224000e-03
-14.31800000 3.14917000e-03
-14.28800000 3.14499000e-03
-14.25800000 3.16121000e-03
-14.22800000 3.20853000e-03
-14.19800000 3.29989000e-03
-14.16800000 3.46391000e-03
-14.13800000 3.64679000e-03
-14.10800000 3.59560000e-03
-14.07800000 3.47393000e-03
-14.04800000 3.44363000e-03
-14.01800000 3.49350000e-03
-13.98800000 3.57667000e-03
-13.95800000 3.60101000e-03
-13.92800000 3.61117000e-03
-13.89800000 3.60817000e-03
-13.86800000 3.63220000e-03
-13.83800000 3.70354000e-03
-13.80800000 3.82856000e-03
-13.77800000 4.03253000e-03
-13.74800000 4.35085000e-03
-13.71800000 4.82648000e-03
-13.68800000 5.26491000e-03
-13.65800000 5.53853000e-03
-13.62800000 6.30910000e-03
-13.59800000 7.49491000e-03
-13.56800000 7.69876000e-03
-13.53800000 7.91960000e-03
-13.50800000 9.35137000e-03
-13.47800000 9.89549000e-03
-13.44800000 8.51063000e-03
-13.41800000 7.81874000e-03
-13.38800000 7.83743000e-03
-13.35800000 8.83287000e-03
-13.32800000 1.13593000e-02
-13.29800000 1.42167000e-02
-13.26800000 1.23790000e-02
-13.23800000 9.01005000e-03
-13.20800000 7.27241000e-03
-13.17800000 6.54567000e-03
-13.14800000 5.84677000e-03
-13.11800000 5.25713000e-03
-13.08800000 4.93603000e-03
-13.05800000 4.78594000e-03
-13.02800000 4.71078000e-03
-12.99800000 4.66567000e-03
-12.96800000 4.67422000e-03
-12.93800000 4.73438000e-03
-12.90800000 4.85807000e-03
-12.87800000 5.08615000e-03
-12.84800000 5.50396000e-03
-12.81800000 6.30593000e-03
-12.78800000 7.79284000e-03
-12.75800000 9.39042000e-03
-12.71550000 8.38899000e-03
-12.68550000 7.82048000e-03
-12.65550000 7.49965000e-03
-12.62550000 6.91554000e-03
-12.59550000 6.69720000e-03
-12.56550000 6.68225000e-03
-12.53550000 6.80923000e-03
-12.50550000 6.72976000e-03
-12.47550000 6.48684000e-03
-12.44550000 6.19619000e-03
-12.41550000 5.89069000e-03
-12.38550000 5.77357000e-03
-12.35550000 5.87894000e-03
-12.32550000 6.25060000e-03
-12.29550000 7.00932000e-03
-12.26550000 8.19706000e-03
-12.23550000 9.11234000e-03
-12.20550000 8.70355000e-03
-12.17550000 7.74556000e-03
-12.14550000 7.33621000e-03
-12.11550000 7.40949000e-03
-12.08550000 7.09048000e-03
-12.05550000 6.73260000e-03
-12.02550000 6.58717000e-03
-11.99550000 6.31228000e-03
-11.96550000 6.10420000e-03
-11.93550000 6.02865000e-03
-11.90550000 6.01268000e-03
-11.87550000 6.03320000e-03
-11.84550000 6.07407000e-03
-11.81550000 6.15382000e-03
-11.78550000 6.24896000e-03
-11.75550000 6.31166000e-03
-11.72550000 6.38841000e-03
-11.69550000 6.50490000e-03
-11.66550000 6.65598000e-03
-11.63550000 6.80874000e-03
-11.60550000 6.97400000e-03
-11.57550000 7.19015000e-03
-11.54550000 7.47142000e-03
-11.51550000 7.84006000e-03
-11.48550000 8.34575000e-03
-11.45550000 9.08182000e-03
-11.42550000 1.02364000e-02
-11.39550000 1.21830000e-02
-11.36550000 1.53283000e-02
-11.33550000 1.97919000e-02
-11.30550000 2.78874000e-02
-11.27550000 3.61441000e-02
-11.24550000 3.01815000e-02
-11.21550000 2.10363000e-02
-11.18550000 1.63904000e-02
-11.15550000 1.46497000e-02
-11.12550000 1.45735000e-02
-11.09550000 1.62349000e-02
-11.06550000 2.04892000e-02
-11.03550000 2.58756000e-02
-11.00550000 2.58825000e-02
-10.97550000 2.41671000e-02
-10.94550000 2.08706000e-02
-10.91550000 1.64301000e-02
-10.88550000 1.39028000e-02
-10.85550000 1.27565000e-02
-10.82550000 1.24026000e-02
-10.78300000 1.29686000e-02
-10.75300000 1.40273000e-02
-10.72300000 1.47549000e-02
-10.69300000 1.51618000e-02
-10.66300000 1.59866000e-02
-10.63300000 1.84429000e-02
-10.60300000 2.19677000e-02
-10.57300000 2.17432000e-02
-10.54300000 2.03913000e-02
-10.51300000 2.10280000e-02
-10.48300000 2.07972000e-02
-10.45300000 2.01065000e-02
-10.42300000 2.03151000e-02
-10.39300000 2.09096000e-02
-10.36300000 2.08185000e-02
-10.33300000 2.19907000e-02
-10.30300000 2.52571000e-02
-10.27300000 3.04689000e-02
-10.24300000 3.51752000e-02
-10.21300000 3.50005000e-02
-10.18300000 3.59530000e-02
-10.15300000 4.28510000e-02
-10.12300000 5.79954000e-02
-10.09300000 7.84723000e-02
-10.06300000 7.25396000e-02
-10.03300000 5.13857000e-02
-10.00300000 3.98538000e-02
-9.97295000 3.56773000e-02
-9.94295000 3.39107000e-02
-9.91295000 3.37656000e-02
-9.88295000 3.56181000e-02
-9.85295000 3.91208000e-02
-9.82295000 4.39413000e-02
-9.79295000 4.59176000e-02
-9.76295000 4.37397000e-02
-9.73295000 4.25884000e-02
-9.70295000 4.39744000e-02
-9.67295000 4.73385000e-02
-9.64295000 5.33262000e-02
-9.61295000 6.34396000e-02
-9.58295000 7.95848000e-02
-9.55295000 1.06163000e-01
-9.52295000 1.47672000e-01
-9.49295000 2.17395000e-01
-9.46295000 3.54630000e-01
-9.43295000 5.45072000e-01
-9.40295000 5.69047000e-01
-9.37295000 3.92631000e-01
-9.34295000 2.41737000e-01
-9.31295000 1.65169000e-01
-9.28295000 1.31891000e-01
-9.25295000 1.24293000e-01
-9.22295000 1.36599000e-01
-9.19295000 1.68568000e-01
-9.16295000 2.12526000e-01
-9.13295000 2.01756000e-01
-9.10295000 1.54493000e-01
-9.07295000 1.22087000e-01
-9.04295000 1.09458000e-01
-9.01295000 1.09399000e-01
-8.98295000 1.19819000e-01
-8.95295000 1.45406000e-01
-8.92295000 1.84103000e-01
-8.89295000 2.32029000e-01
-8.85042000 3.37307000e-01
-8.82042000 3.98570000e-01
-8.79042000 4.85082000e-01
-8.76042000 6.16554000e-01
-8.73042000 7.29318000e-01
-8.70042000 6.78523000e-01
-8.67042000 5.62955000e-01
-8.64042000 5.20060000e-01
-8.61042000 5.57212000e-01
-8.58042000 5.56736000e-01
-8.55042000 4.38261000e-01
-8.52042000 3.35247000e-01
-8.49042000 2.87270000e-01
-8.46042000 2.73080000e-01
-8.43042000 3.07301000e-01
-8.40042000 3.60946000e-01
-8.37042000 3.41865000e-01
-8.34042000 3.23004000e-01
-8.31042000 3.75807000e-01
-8.28042000 5.15097000e-01
-8.25042000 6.46536000e-01
-8.22042000 6.50016000e-01
-8.19042000 6.30328000e-01
-8.16042000 6.38979000e-01
-8.13042000 5.46398000e-01
-8.10042000 4.51922000e-01
-8.07042000 4.29554000e-01
-8.04042000 4.77205000e-01
-8.01042000 5.85398000e-01
-7.98042000 7.10474000e-01
-7.95042000 8.16366000e-01
-7.92042000 1.04629000e+00
-7.89042000 1.45362000e+00
-7.86042000 1.89182000e+00
-7.83042000 2.59993000e+00
-7.80042000 4.15021000e+00
-7.77042000 6.16558000e+00
-7.74042000 5.46912000e+00
-7.71042000 3.30364000e+00
-7.68042000 1.99053000e+00
-7.65042000 1.37112000e+00
-7.62042000 1.07889000e+00
-7.59042000 9.63675000e-01
-7.56042000 1.03423000e+00
-7.53042000 1.18367000e+00
-7.50042000 1.23908000e+00
-7.47042000 1.17745000e+00
-7.44042000 1.12795000e+00
-7.41042000 1.15900000e+00
-7.38042000 1.04152000e+00
-7.35042000 1.00380000e+00
-7.32042000 1.23223000e+00
-7.29042000 1.84879000e+00
-7.26042000 2.82140000e+00
-7.23042000 3.06712000e+00
-7.20042000 2.33911000e+00
-7.17042000 1.51914000e+00
-7.14042000 1.08833000e+00
-7.11042000 9.90157000e-01
-7.08042000 1.12343000e+00
-7.05042000 1.35179000e+00
-7.02042000 1.45529000e+00
-6.99042000 1.11394000e+00
-6.96042000 8.28031000e-01
-6.91788000 7.93884000e-01
-6.88788000 8.40145000e-01
-6.85788000 6.72209000e-01
-6.82788000 5.26881000e-01
-6.79788000 4.43899000e-01
-6.76788000 3.77342000e-01
-6.73788000 3.63667000e-01
-6.70788000 3.51727000e-01
-6.67788000 3.11380000e-01
-6.64788000 2.82021000e-01
-6.61788000 2.62756000e-01
-6.58788000 2.54099000e-01
-6.55788000 2.50081000e-01
-6.52788000 2.90867000e-01
-6.49788000 3.36031000e-01
-6.46788000 3.06149000e-01
-6.43788000 2.56588000e-01
-6.40788000 2.28322000e-01
-6.37788000 2.22404000e-01
-6.34788000 2.15531000e-01
-6.31788000 2.35745000e-01
-6.28788000 2.90597000e-01
-6.25788000 3.64104000e-01
-6.22788000 3.92303000e-01
-6.19788000 3.35373000e-01
-6.16788000 2.95298000e-01
-6.13788000 2.68334000e-01
-6.10788000 1.97910000e-01
-6.07788000 1.41582000e-01
-6.04788000 1.12493000e-01
-6.01788000 9.38597000e-02
-5.98788000 7.84972000e-02
-5.95788000 6.95418000e-02
-5.92788000 6.60147000e-02
-5.89788000 6.73410000e-02
-5.86788000 7.51039000e-02
-5.83788000 9.32364000e-02
-5.80788000 1.20802000e-01
-5.77788000 1.34638000e-01
-5.74788000 1.46070000e-01
-5.71788000 1.37182000e-01
-5.68788000 1.02726000e-01
-5.65788000 8.17837000e-02
-5.62788000 7.54743000e-02
-5.59788000 8.08142000e-02
-5.56788000 9.85606000e-02
-5.53788000 1.21071000e-01
-5.50788000 1.26541000e-01
-5.47788000 1.42138000e-01
-5.44788000 1.88606000e-01
-5.41788000 2.23283000e-01
-5.38788000 1.83728000e-01
-5.35788000 1.43907000e-01
-5.32788000 1.18931000e-01
-5.29788000 9.52135000e-02
-5.26788000 7.79116000e-02
-5.23788000 7.30698000e-02
-5.20788000 7.05171000e-02
-5.17788000 6.31604000e-02
-5.14788000 5.95552000e-02
-5.11788000 6.28658000e-02
-5.08788000 7.58810000e-02
-5.05788000 9.37812000e-02
-5.02788000 9.44770000e-02
-4.98534000 8.19750000e-02
-4.95534000 8.27703000e-02
-4.92534000 9.46906000e-02
-4.89534000 1.08947000e-01
-4.86534000 1.11873000e-01
-4.83534000 1.11280000e-01
-4.80534000 1.14187000e-01
-4.77534000 1.29582000e-01
-4.74534000 1.46340000e-01
-4.71534000 1.42621000e-01
-4.68534000 1.23802000e-01
-4.65534000 1.11083000e-01
-4.62534000 9.89859000e-02
-4.59534000 8.96378000e-02
-4.56534000 8.20803000e-02
-4.53534000 8.04510000e-02
-4.50534000 8.71579000e-02
-4.47534000 1.01710000e-01
-4.44534000 1.28203000e-01
-4.41534000 1.67878000e-01
-4.38534000 1.95573000e-01
-4.35534000 2.05474000e-01
-4.32534000 2.18706000e-01
-4.29534000 2.79845000e-01
-4.26534000 4.08283000e-01
-4.23534000 4.59572000e-01
-4.20534000 3.79362000e-01
-4.17534000 3.44515000e-01
-4.14534000 3.74643000e-01
-4.11534000 3.74918000e-01
-4.08534000 3.29446000e-01
-4.05534000 3.27229000e-01
-4.02534000 3.30096000e-01
-3.99534000 2.58203000e-01
-3.96534000 1.96467000e-01
-3.93534000 1.61689000e-01
-3.90534000 1.47503000e-01
-3.87534000 1.45912000e-01
-3.84534000 1.57860000e-01
-3.81534000 1.60777000e-01
-3.78534000 1.37050000e-01
-3.75534000 1.05922000e-01
-3.72534000 8.88055000e-02
-3.69534000 8.19404000e-02
-3.66534000 7.98608000e-02
-3.63534000 8.43121000e-02
-3.60534000 9.67768000e-02
-3.57534000 1.06153000e-01
-3.54534000 9.90198000e-02
-3.51534000 9.40287000e-02
-3.48534000 9.76664000e-02
-3.45534000 1.08871000e-01
-3.42534000 1.28373000e-01
-3.39534000 1.58957000e-01
-3.36534000 2.10797000e-01
-3.33534000 2.84708000e-01
-3.30534000 3.99211000e-01
-3.27534000 5.42520000e-01
-3.24534000 5.61863000e-01
-3.21534000 4.39639000e-01
-3.18534000 3.72248000e-01
-3.15534000 3.95631000e-01
-3.12534000 5.03507000e-01
-3.09534000 6.90674000e-01
-3.05280000 8.33906000e-01
-3.02280000 6.99776000e-01
-2.99280000 5.03201000e-01
-2.96280000 3.83776000e-01
-2.93280000 3.41095000e-01
-2.90280000 3.60026000e-01
-2.87280000 4.02926000e-01
-2.84280000 4.16468000e-01
-2.81280000 4.43289000e-01
-2.78280000 4.77467000e-01
-2.75280000 5.20064000e-01
-2.72280000 5.81773000e-01
-2.69280000 7.18725000e-01
-2.66280000 1.01998000e+00
-2.63280000 1.37486000e+00
-2.60280000 1.51278000e+00
-2.57280000 1.46808000e+00
-2.54280000 1.28167000e+00
-2.51280000 1.06216000e+00
-2.48280000 9.37053000e-01
-2.45280000 9.50280000e-01
-2.42280000 1.19631000e+00
-2.39280000 1.64046000e+00
-2.36280000 1.54510000e+00
-2.33280000 1.07203000e+00
-2.30280000 8.20506000e-01
-2.27280000 6.71134000e-01
-2.24280000 5.61021000e-01
-2.21280000 5.36206000e-01
-2.18280000 5.66946000e-01
-2.15280000 6.27064000e-01
-2.12280000 7.60637000e-01
-2.09280000 9.96187000e-01
-2.06280000 1.43796000e+00
-2.03280000 2.30942000e+00
-2.00280000 3.80083000e+00
-1.97280000 4.47957000e+00
-1.94280000 3.50305000e+00
-1.91280000 3.10917000e+00
-1.88280000 3.16247000e+00
-1.85280000 2.36675000e+00
-1.82280000 1.49548000e+00
-1.79280000 1.00300000e+00
-1.76280000 7.21978000e-01
-1.73280000 5.51230000e-01
-1.70280000 4.56192000e-01
-1.67280000 4.08438000e-01
-1.64280000 4.06184000e-01
-1.61280000 4.49573000e-01
-1.58280000 5.10815000e-01
-1.55280000 5.02452000e-01
-1.52280000 4.74206000e-01
-1.49280000 4.82233000e-01
-1.46280000 5.09826000e-01
-1.43280000 5.78990000e-01
-1.40280000 6.42412000e-01
-1.37280000 7.32557000e-01
-1.34280000 7.41615000e-01
-1.31280000 6.36852000e-01
-1.28280000 6.51890000e-01
-1.25280000 7.37085000e-01
-1.22280000 6.90702000e-01
-1.19280000 5.60546000e-01
-1.16280000 4.53096000e-01
-1.12027000 4.53025000e-01
-1.09027000 4.99440000e-01
-1.06027000 5.14979000e-01
-1.03027000 5.79769000e-01
-1.00027000 7.21002000e-01
-0.97026700 9.72001000e-01
-0.94026700 1.02159000e+00
-0.91026700 8.11563000e-01
-0.88026700 7.14628000e-01
-0.85026700 7.82244000e-01
-0.82026700 8.65434000e-01
-0.79026700 8.34805000e-01
-0.76026700 9.14134000e-01
-0.73026700 1.11292000e+00
-0.70026700 1.31268000e+00
-0.67026700 1.23627000e+00
-0.64026700 1.06970000e+00
-0.61026700 1.00305000e+00
-0.58026700 9.47007000e-01
-0.55026700 8.63308000e-01
-0.52026700 8.10149000e-01
-0.49026700 7.80403000e-01
-0.46026700 7.49709000e-01
-0.43026700 6.60669000e-01
-0.40026700 6.04473000e-01
-0.37026700 6.08741000e-01
-0.34026700 6.85118000e-01
-0.31026700 8.60536000e-01
-0.28026700 1.12119000e+00
-0.25026700 1.56257000e+00
-0.22026700 1.92782000e+00
-0.19026700 1.88972000e+00
-0.16026700 1.94229000e+00
-0.13026700 1.99439000e+00
-0.10026700 2.08658000e+00
-0.07026710 2.55634000e+00
-0.04026710 2.83046000e+00
-0.01026710 2.48756000e+00
0.01973290 2.32009000e+00
0.04973290 1.87457000e+00
0.07973290 1.37983000e+00
0.10973300 1.08203000e+00
0.13973300 9.30628000e-01
0.16973300 8.73396000e-01
0.19973300 8.26127000e-01
0.22973300 8.25785000e-01
0.25973300 9.09913000e-01
0.28973300 1.08224000e+00
0.31973300 1.41702000e+00
0.34973300 2.08619000e+00
0.37973300 3.32139000e+00
0.40973300 4.73160000e+00
0.43973300 4.70009000e+00
0.46973300 3.38457000e+00
0.49973300 2.27192000e+00
0.52973300 1.76048000e+00
0.55973300 1.68214000e+00
0.58973300 1.82722000e+00
0.61973300 2.00209000e+00
0.64973300 1.97220000e+00
0.67973300 1.67787000e+00
0.70973300 1.61442000e+00
0.73973300 1.94912000e+00
0.76973300 2.41404000e+00
