# E(MeV)  S_NSDRNSDR(K=0) for Rh135_DDPCX
-18.51310000 1.63628000e+00
-18.48310000 -3.93745000e-02
-18.45310000 -1.02284000e+00
-18.42310000 -7.88254000e-01
-18.39310000 -3.69190000e-01
-18.36310000 -1.58651000e-01
-18.33310000 -6.37310000e-02
-18.30310000 -1.84548000e-02
-18.27310000 5.04357000e-03
-18.24310000 1.84722000e-02
-18.21310000 2.70769000e-02
-18.18310000 3.33902000e-02
-18.15310000 3.87387000e-02
-18.12310000 4.38921000e-02
-18.09310000 4.93660000e-02
-18.06310000 5.55800000e-02
-18.03310000 6.29547000e-02
-18.00310000 7.19912000e-02
-17.97310000 8.33602000e-02
-17.94310000 9.80299000e-02
-17.91310000 1.17476000e-01
-17.88310000 1.44058000e-01
-17.85310000 1.81747000e-01
-17.82310000 2.37616000e-01
-17.79310000 3.25117000e-01
-17.76310000 4.71858000e-01
-17.73310000 7.38978000e-01
-17.70310000 1.26507000e+00
-17.67310000 2.26540000e+00
-17.64310000 3.19442000e+00
-17.61310000 2.45130000e+00
-17.58310000 1.38209000e+00
-17.55310000 7.99037000e-01
-17.52310000 5.05675000e-01
-17.49310000 3.47018000e-01
-17.46310000 2.53877000e-01
-17.43310000 1.95302000e-01
-17.40310000 1.56388000e-01
-17.37310000 1.29388000e-01
-17.34310000 1.09992000e-01
-17.31310000 9.56666000e-02
-17.28310000 8.48448000e-02
-17.25310000 7.65207000e-02
-17.22310000 7.00251000e-02
-17.19310000 6.48992000e-02
-17.16310000 6.08208000e-02
-17.13310000 5.75585000e-02
-17.10310000 5.49429000e-02
-17.07310000 5.28480000e-02
-17.04310000 5.11790000e-02
-17.01310000 4.98636000e-02
-16.98310000 4.88465000e-02
-16.95310000 4.80855000e-02
-16.92310000 4.75481000e-02
-16.89310000 4.72104000e-02
-16.86310000 4.70554000e-02
-16.83310000 4.70725000e-02
-16.80310000 4.72580000e-02
-16.77310000 4.76154000e-02
-16.74310000 4.81583000e-02
-16.71310000 4.89150000e-02
-16.68310000 4.99383000e-02
-16.65310000 5.13256000e-02
-16.62310000 5.32641000e-02
-16.58060000 5.77902000e-02
-16.55060000 6.36664000e-02
-16.52060000 7.44607000e-02
-16.49060000 9.10634000e-02
-16.46060000 9.52140000e-02
-16.43060000 8.22825000e-02
-16.40060000 7.37701000e-02
-16.37060000 7.10158000e-02
-16.34060000 7.13923000e-02
-16.31060000 7.36585000e-02
-16.28060000 7.74189000e-02
-16.25060000 8.27070000e-02
-16.22060000 8.98619000e-02
-16.19060000 9.95653000e-02
-16.16060000 1.13025000e-01
-16.13060000 1.32394000e-01
-16.10060000 1.61690000e-01
-16.07060000 2.08951000e-01
-16.04060000 2.91523000e-01
-16.01060000 4.48960000e-01
-15.98060000 7.59681000e-01
-15.95060000 1.19475000e+00
-15.92060000 1.14146000e+00
-15.89060000 7.08367000e-01
-15.86060000 4.35242000e-01
-15.83060000 3.02283000e-01
-15.80060000 2.37177000e-01
-15.77060000 2.06072000e-01
-15.74060000 1.95133000e-01
-15.71060000 1.99747000e-01
-15.68060000 2.21111000e-01
-15.65060000 2.67111000e-01
-15.62060000 3.58374000e-01
-15.59060000 5.43612000e-01
-15.56060000 9.01686000e-01
-15.53060000 1.25245000e+00
-15.50060000 9.98442000e-01
-15.47060000 6.04470000e-01
-15.44060000 3.88910000e-01
-15.41060000 2.82488000e-01
-15.38060000 2.27403000e-01
-15.35060000 1.97893000e-01
-15.32060000 1.82661000e-01
-15.29060000 1.76592000e-01
-15.26060000 1.77513000e-01
-15.23060000 1.85008000e-01
-15.20060000 2.00216000e-01
-15.17060000 2.26485000e-01
-15.14060000 2.71507000e-01
-15.11060000 3.52519000e-01
-15.08060000 5.00438000e-01
-15.05060000 6.89069000e-01
-15.02060000 7.54065000e-01
-14.99060000 8.17999000e-01
-14.96060000 8.66159000e-01
-14.93060000 9.57080000e-01
-14.90060000 1.33940000e+00
-14.87060000 2.17477000e+00
-14.84060000 2.84559000e+00
-14.81060000 2.10367000e+00
-14.78060000 1.22669000e+00
-14.75060000 7.59512000e-01
-14.72060000 5.23452000e-01
-14.69060000 3.95415000e-01
-14.64800000 2.99279000e-01
-14.61800000 2.62405000e-01
-14.58800000 2.40880000e-01
-14.55800000 2.31243000e-01
-14.52800000 2.26924000e-01
-14.49800000 2.17186000e-01
-14.46800000 2.10931000e-01
-14.43800000 2.13826000e-01
-14.40800000 2.28477000e-01
-14.37800000 2.61605000e-01
-14.34800000 3.03864000e-01
-14.31800000 2.93002000e-01
-14.28800000 2.57692000e-01
-14.25800000 2.41346000e-01
-14.22800000 2.39368000e-01
-14.19800000 2.45757000e-01
-14.16800000 2.58264000e-01
-14.13800000 2.76619000e-01
-14.10800000 3.01519000e-01
-14.07800000 3.35184000e-01
-14.04800000 3.81991000e-01
-14.01800000 4.49219000e-01
-13.98800000 5.50344000e-01
-13.95800000 7.11782000e-01
-13.92800000 9.90322000e-01
-13.89800000 1.51548000e+00
-13.86800000 2.54051000e+00
-13.83800000 4.08457000e+00
-13.80800000 4.22376000e+00
-13.77800000 2.69512000e+00
-13.74800000 1.63254000e+00
-13.71800000 1.10981000e+00
-13.68800000 8.52876000e-01
-13.65800000 7.27332000e-01
-13.62800000 6.79434000e-01
-13.59800000 6.90749000e-01
-13.56800000 7.49004000e-01
-13.53800000 8.77816000e-01
-13.50800000 1.04018000e+00
-13.47800000 9.74691000e-01
-13.44800000 8.39492000e-01
-13.41800000 7.97973000e-01
-13.38800000 8.31251000e-01
-13.35800000 9.18583000e-01
-13.32800000 1.00652000e+00
-13.29800000 1.08555000e+00
-13.26800000 1.22433000e+00
-13.23800000 1.44818000e+00
-13.20800000 1.78996000e+00
-13.17800000 2.32385000e+00
-13.14800000 3.20714000e+00
-13.11800000 4.78877000e+00
-13.08800000 7.86144000e+00
-13.05800000 1.37099000e+01
-13.02800000 1.95307000e+01
-12.99800000 1.56390000e+01
-12.96800000 9.40710000e+00
-12.93800000 6.09873000e+00
-12.90800000 4.63835000e+00
-12.87800000 4.13581000e+00
-12.84800000 4.26131000e+00
-12.81800000 5.00639000e+00
-12.78800000 6.65749000e+00
-12.75800000 9.98840000e+00
-12.71550000 2.09804000e+01
-12.68550000 3.28640000e+01
-12.65550000 3.10121000e+01
-12.62550000 1.86252000e+01
-12.59550000 1.07198000e+01
-12.56550000 6.74938000e+00
-12.53550000 4.67620000e+00
-12.50550000 3.51843000e+00
-12.47550000 2.84773000e+00
-12.44550000 2.46851000e+00
-12.41550000 2.27601000e+00
-12.38550000 2.25980000e+00
-12.35550000 2.49634000e+00
-12.32550000 3.17128000e+00
-12.29550000 4.59687000e+00
-12.26550000 5.99443000e+00
-12.23550000 4.91486000e+00
-12.20550000 3.31616000e+00
-12.17550000 2.48035000e+00
-12.14550000 2.12285000e+00
-12.11550000 2.01658000e+00
-12.08550000 2.07223000e+00
-12.05550000 2.26546000e+00
-12.02550000 2.59897000e+00
-11.99550000 3.14119000e+00
-11.96550000 4.04249000e+00
-11.93550000 5.59441000e+00
-11.90550000 8.45030000e+00
-11.87550000 1.40855000e+01
-11.84550000 2.45654000e+01
-11.81550000 3.30405000e+01
-11.78550000 2.51754000e+01
-11.75550000 1.62035000e+01
-11.72550000 1.24776000e+01
-11.69550000 9.76536000e+00
-11.66550000 6.93599000e+00
-11.63550000 5.38947000e+00
-11.60550000 4.87553000e+00
-11.57550000 5.10812000e+00
-11.54550000 5.74666000e+00
-11.51550000 6.87572000e+00
-11.48550000 9.64983000e+00
-11.45550000 1.57007000e+01
-11.42550000 2.51089000e+01
-11.39550000 2.64985000e+01
-11.36550000 1.73229000e+01
-11.33550000 1.05568000e+01
-11.30550000 7.48608000e+00
-11.27550000 6.40631000e+00
-11.24550000 6.72130000e+00
-11.21550000 7.99337000e+00
-11.18550000 7.08523000e+00
-11.15550000 4.74570000e+00
-11.12550000 3.28222000e+00
-11.09550000 2.53024000e+00
-11.06550000 2.13873000e+00
-11.03550000 1.94572000e+00
-11.00550000 1.89130000e+00
-10.97550000 1.96464000e+00
-10.94550000 2.20075000e+00
-10.91550000 2.70686000e+00
-10.88550000 3.69017000e+00
-10.85550000 5.13226000e+00
-10.82550000 6.69412000e+00
-10.78300000 8.73234000e+00
-10.75300000 6.82857000e+00
-10.72300000 4.97766000e+00
-10.69300000 4.39367000e+00
-10.66300000 4.81951000e+00
-10.63300000 6.41519000e+00
-10.60300000 9.57924000e+00
-10.57300000 1.19857000e+01
-10.54300000 1.08901000e+01
-10.51300000 9.76611000e+00
-10.48300000 1.06922000e+01
-10.45300000 1.51533000e+01
-10.42300000 2.39073000e+01
-10.39300000 2.94265000e+01
-10.36300000 2.10227000e+01
-10.33300000 1.24814000e+01
-10.30300000 8.17850000e+00
-10.27300000 6.29615000e+00
-10.24300000 5.80104000e+00
-10.21300000 6.52217000e+00
-10.18300000 9.00893000e+00
-10.15300000 1.40456000e+01
-10.12300000 1.74263000e+01
-10.09300000 1.28088000e+01
-10.06300000 7.68338000e+00
-10.03300000 4.88292000e+00
-10.00300000 3.41614000e+00
-9.97295000 2.60982000e+00
-9.94295000 2.14748000e+00
-9.91295000 1.88193000e+00
-9.88295000 1.73730000e+00
-9.85295000 1.67478000e+00
-9.82295000 1.69955000e+00
-9.79295000 1.82637000e+00
-9.76295000 2.09697000e+00
-9.73295000 2.60696000e+00
-9.70295000 3.57391000e+00
-9.67295000 5.48071000e+00
-9.64295000 9.08755000e+00
-9.61295000 1.32288000e+01
-9.58295000 1.14998000e+01
-9.55295000 7.25252000e+00
-9.52295000 4.96099000e+00
-9.49295000 3.89845000e+00
-9.46295000 3.31367000e+00
-9.43295000 3.28655000e+00
-9.40295000 3.88245000e+00
-9.37295000 5.23110000e+00
-9.34295000 6.98628000e+00
-9.31295000 6.61138000e+00
-9.28295000 5.51097000e+00
-9.25295000 5.78967000e+00
-9.22295000 7.92426000e+00
-9.19295000 1.28013000e+01
-9.16295000 1.79943000e+01
-9.13295000 1.45148000e+01
-9.10295000 8.57485000e+00
-9.07295000 5.25953000e+00
-9.04295000 3.62805000e+00
-9.01295000 2.81447000e+00
-8.98295000 2.44551000e+00
-8.95295000 2.39466000e+00
-8.92295000 2.68010000e+00
-8.89295000 3.22464000e+00
-8.85042000 3.75972000e+00
-8.82042000 4.75345000e+00
-8.79042000 6.00028000e+00
-8.76042000 6.89181000e+00
-8.73042000 8.89637000e+00
-8.70042000 9.94496000e+00
-8.67042000 6.94917000e+00
-8.64042000 4.30254000e+00
-8.61042000 2.97385000e+00
-8.58042000 2.35984000e+00
-8.55042000 2.12531000e+00
-8.52042000 2.15379000e+00
-8.49042000 2.45803000e+00
-8.46042000 3.19045000e+00
-8.43042000 4.74422000e+00
-8.40042000 7.54930000e+00
-8.37042000 9.29020000e+00
-8.34042000 7.50056000e+00
-8.31042000 6.49473000e+00
-8.28042000 7.80452000e+00
-8.25042000 1.07135000e+01
-8.22042000 1.02315000e+01
-8.19042000 6.92562000e+00
-8.16042000 4.47116000e+00
-8.13042000 3.05683000e+00
-8.10042000 2.35360000e+00
-8.07042000 2.04517000e+00
-8.04042000 1.99569000e+00
-8.01042000 2.19414000e+00
-7.98042000 2.74670000e+00
-7.95042000 3.88860000e+00
-7.92042000 5.52003000e+00
-7.89042000 7.05438000e+00
-7.86042000 9.69020000e+00
-7.83042000 1.21133000e+01
-7.80042000 9.26645000e+00
-7.77042000 5.46388000e+00
-7.74042000 3.34932000e+00
-7.71042000 2.25652000e+00
-7.68042000 1.65990000e+00
-7.65042000 1.31436000e+00
-7.62042000 1.10754000e+00
-7.59042000 9.87336000e-01
-7.56042000 9.30036000e-01
-7.53042000 9.29543000e-01
-7.50042000 9.96216000e-01
-7.47042000 1.15706000e+00
-7.44042000 1.48209000e+00
-7.41042000 2.15795000e+00
-7.38042000 3.36760000e+00
-7.35042000 4.19066000e+00
-7.32042000 3.41941000e+00
-7.29042000 2.62843000e+00
-7.26042000 2.68662000e+00
-7.23042000 3.34889000e+00
-7.20042000 3.14136000e+00
-7.17042000 2.11740000e+00
-7.14042000 1.46483000e+00
-7.11042000 1.19462000e+00
-7.08042000 1.18879000e+00
-7.05042000 1.42020000e+00
-7.02042000 1.64431000e+00
-6.99042000 1.58279000e+00
-6.96042000 1.39315000e+00
-6.91788000 1.21732000e+00
-6.88788000 1.45611000e+00
-6.85788000 2.08963000e+00
-6.82788000 2.54026000e+00
-6.79788000 1.92787000e+00
-6.76788000 1.31604000e+00
-6.73788000 1.07580000e+00
-6.70788000 1.12293000e+00
-6.67788000 1.44443000e+00
-6.64788000 1.74116000e+00
-6.61788000 1.56320000e+00
-6.58788000 1.35597000e+00
-6.55788000 1.12651000e+00
-6.52788000 9.56426000e-01
-6.49788000 9.17813000e-01
-6.46788000 7.66348000e-01
-6.43788000 6.12021000e-01
-6.40788000 5.64809000e-01
-6.37788000 6.25845000e-01
-6.34788000 8.08888000e-01
-6.31788000 9.44622000e-01
-6.28788000 8.03100000e-01
-6.25788000 6.25496000e-01
-6.22788000 5.10232000e-01
-6.19788000 4.55108000e-01
-6.16788000 4.04984000e-01
-6.13788000 3.78878000e-01
-6.10788000 3.85338000e-01
-6.07788000 4.23177000e-01
-6.04788000 4.97821000e-01
-6.01788000 6.27087000e-01
-5.98788000 7.80777000e-01
-5.95788000 7.57771000e-01
-5.92788000 6.57670000e-01
-5.89788000 6.34041000e-01
-5.86788000 6.84965000e-01
-5.83788000 7.83061000e-01
-5.80788000 9.68913000e-01
-5.77788000 1.31537000e+00
-5.74788000 1.91291000e+00
-5.71788000 2.94223000e+00
-5.68788000 4.88761000e+00
-5.65788000 7.03974000e+00
-5.62788000 6.48941000e+00
-5.59788000 4.59162000e+00
-5.56788000 3.50016000e+00
-5.53788000 2.60351000e+00
-5.50788000 1.95124000e+00
-5.47788000 1.80632000e+00
-5.44788000 1.99045000e+00
-5.41788000 1.78104000e+00
-5.38788000 1.33173000e+00
-5.35788000 1.16239000e+00
-5.32788000 1.22207000e+00
-5.29788000 1.15184000e+00
-5.26788000 9.69163000e-01
-5.23788000 9.37592000e-01
-5.20788000 1.03476000e+00
-5.17788000 1.18779000e+00
-5.14788000 1.50723000e+00
-5.11788000 2.21426000e+00
-5.08788000 2.56827000e+00
-5.05788000 1.82879000e+00
-5.02788000 1.13700000e+00
-4.98534000 6.51318000e-01
-4.95534000 4.95128000e-01
-4.92534000 4.07854000e-01
-4.89534000 3.57559000e-01
-4.86534000 3.29662000e-01
-4.83534000 3.17603000e-01
-4.80534000 3.19824000e-01
-4.77534000 3.38131000e-01
-4.74534000 3.79234000e-01
-4.71534000 4.59616000e-01
-4.68534000 6.09152000e-01
-4.65534000 8.65364000e-01
-4.62534000 1.26859000e+00
-4.59534000 1.42837000e+00
-4.56534000 1.21028000e+00
-4.53534000 1.17119000e+00
-4.50534000 1.17411000e+00
-4.47534000 9.96405000e-01
-4.44534000 8.79454000e-01
-4.41534000 9.58314000e-01
-4.38534000 1.30808000e+00
-4.35534000 1.99380000e+00
-4.32534000 2.47165000e+00
-4.29534000 2.34167000e+00
-4.26534000 1.97463000e+00
-4.23534000 1.50375000e+00
-4.20534000 1.17643000e+00
-4.17534000 9.71224000e-01
-4.14534000 7.28386000e-01
-4.11534000 5.61170000e-01
-4.08534000 4.71657000e-01
-4.05534000 4.21478000e-01
-4.02534000 4.18896000e-01
-3.99534000 4.72764000e-01
-3.96534000 5.91080000e-01
-3.93534000 7.35161000e-01
-3.90534000 9.72843000e-01
-3.87534000 1.39241000e+00
-3.84534000 1.42007000e+00
-3.81534000 9.55277000e-01
-3.78534000 6.43025000e-01
-3.75534000 5.13052000e-01
-3.72534000 4.94161000e-01
-3.69534000 5.77884000e-01
-3.66534000 8.11825000e-01
-3.63534000 1.11951000e+00
-3.60534000 1.06007000e+00
-3.57534000 8.21461000e-01
-3.54534000 5.93601000e-01
-3.51534000 4.29016000e-01
-3.48534000 3.35654000e-01
-3.45534000 3.01148000e-01
-3.42534000 3.10612000e-01
-3.39534000 3.14437000e-01
-3.36534000 2.80848000e-01
-3.33534000 2.42670000e-01
-3.30534000 2.00866000e-01
-3.27534000 1.73147000e-01
-3.24534000 1.60091000e-01
-3.21534000 1.54283000e-01
-3.18534000 1.53523000e-01
-3.15534000 1.56856000e-01
-3.12534000 1.68824000e-01
-3.09534000 1.99225000e-01
-3.05280000 2.92214000e-01
-3.02280000 3.68518000e-01
-2.99280000 3.60651000e-01
-2.96280000 2.82047000e-01
-2.93280000 2.50035000e-01
-2.90280000 2.46047000e-01
-2.87280000 2.12878000e-01
-2.84280000 1.82925000e-01
-2.81280000 1.67479000e-01
-2.78280000 1.65008000e-01
-2.75280000 1.63484000e-01
-2.72280000 1.59676000e-01
-2.69280000 1.70613000e-01
-2.66280000 2.06816000e-01
-2.63280000 2.84163000e-01
-2.60280000 3.69124000e-01
-2.57280000 3.22962000e-01
-2.54280000 2.38708000e-01
-2.51280000 1.98219000e-01
-2.48280000 1.90233000e-01
-2.45280000 2.15741000e-01
-2.42280000 2.72477000e-01
-2.39280000 2.78544000e-01
-2.36280000 2.17286000e-01
-2.33280000 1.78015000e-01
-2.30280000 1.59122000e-01
-2.27280000 1.50977000e-01
-2.24280000 1.51452000e-01
-2.21280000 1.58739000e-01
-2.18280000 1.67362000e-01
-2.15280000 1.87536000e-01
-2.12280000 2.37845000e-01
-2.09280000 2.87682000e-01
-2.06280000 2.44288000e-01
-2.03280000 1.81421000e-01
-2.00280000 1.49186000e-01
-1.97280000 1.38053000e-01
-1.94280000 1.36959000e-01
-1.91280000 1.32979000e-01
-1.88280000 1.21870000e-01
-1.85280000 1.13925000e-01
-1.82280000 1.11654000e-01
-1.79280000 1.13891000e-01
-1.76280000 1.21041000e-01
-1.73280000 1.28618000e-01
-1.70280000 1.32862000e-01
-1.67280000 1.42183000e-01
-1.64280000 1.63982000e-01
-1.61280000 2.04662000e-01
-1.58280000 2.58792000e-01
-1.55280000 3.33494000e-01
-1.52280000 3.92621000e-01
-1.49280000 3.19587000e-01
-1.46280000 2.28509000e-01
-1.43280000 1.84024000e-01
-1.40280000 1.72042000e-01
-1.37280000 1.78961000e-01
-1.34280000 1.73009000e-01
-1.31280000 1.52910000e-01
-1.28280000 1.38866000e-01
-1.25280000 1.31161000e-01
-1.22280000 1.31631000e-01
-1.19280000 1.37004000e-01
-1.16280000 1.40719000e-01
-1.12027000 1.54509000e-01
-1.09027000 1.80674000e-01
-1.06027000 2.20120000e-01
-1.03027000 2.37998000e-01
-1.00027000 2.42226000e-01
-0.97026700 2.75745000e-01
-0.94026700 3.67985000e-01
-0.91026700 5.21629000e-01
-0.88026700 5.51534000e-01
-0.85026700 4.50893000e-01
-0.82026700 3.75499000e-01
-0.79026700 2.94755000e-01
-0.76026700 2.47360000e-01
-0.73026700 2.27982000e-01
-0.70026700 2.29543000e-01
-0.67026700 2.55246000e-01
-0.64026700 3.17036000e-01
-0.61026700 4.38976000e-01
-0.58026700 6.59969000e-01
-0.55026700 9.41293000e-01
-0.52026700 1.09343000e+00
-0.49026700 9.25097000e-01
-0.46026700 6.02343000e-01
-0.43026700 4.05775000e-01
-0.40026700 2.97227000e-01
-0.37026700 2.34471000e-01
-0.34026700 1.96513000e-01
-0.31026700 1.74126000e-01
-0.28026700 1.63947000e-01
-0.25026700 1.63318000e-01
-0.22026700 1.67002000e-01
-0.19026700 1.71744000e-01
-0.16026700 1.89415000e-01
-0.13026700 2.17809000e-01
-0.10026700 2.13946000e-01
-0.07026710 1.98346000e-01
-0.04026710 1.76493000e-01
-0.01026710 1.51895000e-01
0.01973290 1.39651000e-01
0.04973290 1.37406000e-01
0.07973290 1.42336000e-01
0.10973300 1.52417000e-01
0.13973300 1.74102000e-01
0.16973300 2.03759000e-01
0.19973300 2.25493000e-01
0.22973300 2.35316000e-01
0.25973300 2.27319000e-01
0.28973300 2.15500000e-01
0.31973300 1.83504000e-01
0.34973300 1.59653000e-01
0.37973300 1.47581000e-01
0.40973300 1.44261000e-01
0.43973300 1.44401000e-01
0.46973300 1.48856000e-01
0.49973300 1.61141000e-01
0.52973300 1.83406000e-01
0.55973300 2.15981000e-01
0.58973300 2.55443000e-01
0.61973300 2.96582000e-01
0.64973300 3.21830000e-01
0.67973300 3.44180000e-01
0.70973300 4.23815000e-01
0.73973300 4.51237000e-01
0.76973300 3.56656000e-01
