# E(MeV)  S_GAMTGAMT(K=0) for Rh135_DDPCX
-18.51310000 1.54920000e-03
-18.48310000 1.55513000e-03
-18.45310000 1.56109000e-03
-18.42310000 1.56708000e-03
-18.39310000 1.57311000e-03
-18.36310000 1.57917000e-03
-18.33310000 1.58526000e-03
-18.30310000 1.59139000e-03
-18.27310000 1.59756000e-03
-18.24310000 1.60376000e-03
-18.21310000 1.60999000e-03
-18.18310000 1.61627000e-03
-18.15310000 1.62258000e-03
-18.12310000 1.62893000e-03
-18.09310000 1.63533000e-03
-18.06310000 1.64176000e-03
-18.03310000 1.64824000e-03
-18.00310000 1.65475000e-03
-17.97310000 1.66131000e-03
-17.94310000 1.66792000e-03
-17.91310000 1.67457000e-03
-17.88310000 1.68127000e-03
-17.85310000 1.68802000e-03
-17.82310000 1.69481000e-03
-17.79310000 1.70166000e-03
-17.76310000 1.70855000e-03
-17.73310000 1.71550000e-03
-17.70310000 1.72251000e-03
-17.67310000 1.72957000e-03
-17.64310000 1.73669000e-03
-17.61310000 1.74386000e-03
-17.58310000 1.75111000e-03
-17.55310000 1.75841000e-03
-17.52310000 1.76578000e-03
-17.49310000 1.77323000e-03
-17.46310000 1.78074000e-03
-17.43310000 1.78833000e-03
-17.40310000 1.79600000e-03
-17.37310000 1.80375000e-03
-17.34310000 1.81160000e-03
-17.31310000 1.81953000e-03
-17.28310000 1.82757000e-03
-17.25310000 1.83571000e-03
-17.22310000 1.84397000e-03
-17.19310000 1.85234000e-03
-17.16310000 1.86086000e-03
-17.13310000 1.86952000e-03
-17.10310000 1.87833000e-03
-17.07310000 1.88733000e-03
-17.04310000 1.89652000e-03
-17.01310000 1.90593000e-03
-16.98310000 1.91560000e-03
-16.95310000 1.92555000e-03
-16.92310000 1.93583000e-03
-16.89310000 1.94649000e-03
-16.86310000 1.95761000e-03
-16.83310000 1.96928000e-03
-16.80310000 1.98161000e-03
-16.77310000 1.99474000e-03
-16.74310000 2.00889000e-03
-16.71310000 2.02433000e-03
-16.68310000 2.04143000e-03
-16.65310000 2.06074000e-03
-16.62310000 2.08303000e-03
-16.58060000 2.12218000e-03
-16.55060000 2.15789000e-03
-16.52060000 2.20429000e-03
-16.49060000 2.26766000e-03
-16.46060000 2.35963000e-03
-16.43060000 2.50314000e-03
-16.40060000 2.74720000e-03
-16.37060000 3.20331000e-03
-16.34060000 4.10417000e-03
-16.31060000 5.49811000e-03
-16.28060000 5.64560000e-03
-16.25060000 4.28412000e-03
-16.22060000 3.33104000e-03
-16.19060000 2.85675000e-03
-16.16060000 2.61518000e-03
-16.13060000 2.48325000e-03
-16.10060000 2.40702000e-03
-16.07060000 2.36147000e-03
-16.04060000 2.33410000e-03
-16.01060000 2.31816000e-03
-15.98060000 2.30983000e-03
-15.95060000 2.30682000e-03
-15.92060000 2.30773000e-03
-15.89060000 2.31168000e-03
-15.86060000 2.31817000e-03
-15.83060000 2.32695000e-03
-15.80060000 2.33801000e-03
-15.77060000 2.35167000e-03
-15.74060000 2.36868000e-03
-15.71060000 2.39077000e-03
-15.68060000 2.42175000e-03
-15.65060000 2.46979000e-03
-15.62060000 2.54211000e-03
-15.59060000 2.59099000e-03
-15.56060000 2.58214000e-03
-15.53060000 2.59450000e-03
-15.50060000 2.65033000e-03
-15.47060000 2.76215000e-03
-15.44060000 2.97409000e-03
-15.41060000 3.39264000e-03
-15.38060000 4.12383000e-03
-15.35060000 4.49839000e-03
-15.32060000 3.84419000e-03
-15.29060000 3.25626000e-03
-15.26060000 2.96615000e-03
-15.23060000 2.82814000e-03
-15.20060000 2.75146000e-03
-15.17060000 2.71094000e-03
-15.14060000 2.69550000e-03
-15.11060000 2.69742000e-03
-15.08060000 2.71470000e-03
-15.05060000 2.75114000e-03
-15.02060000 2.81979000e-03
-14.99060000 2.95287000e-03
-14.96060000 3.19832000e-03
-14.93060000 3.40980000e-03
-14.90060000 3.23470000e-03
-14.87060000 3.00669000e-03
-14.84060000 2.89101000e-03
-14.81060000 2.84042000e-03
-14.78060000 2.82062000e-03
-14.75060000 2.81641000e-03
-14.72060000 2.82081000e-03
-14.69060000 2.83080000e-03
-14.64800000 2.85329000e-03
-14.61800000 2.87597000e-03
-14.58800000 2.90781000e-03
-14.55800000 2.95723000e-03
-14.52800000 3.03708000e-03
-14.49800000 3.11186000e-03
-14.46800000 3.09066000e-03
-14.43800000 3.06172000e-03
-14.40800000 3.07746000e-03
-14.37800000 3.13194000e-03
-14.34800000 3.16310000e-03
-14.31800000 3.13133000e-03
-14.28800000 3.11218000e-03
-14.25800000 3.11679000e-03
-14.22800000 3.13295000e-03
-14.19800000 3.14981000e-03
-14.16800000 3.17077000e-03
-14.13800000 3.19856000e-03
-14.10800000 3.23412000e-03
-14.07800000 3.28141000e-03
-14.04800000 3.35086000e-03
-14.01800000 3.46301000e-03
-13.98800000 3.60414000e-03
-13.95800000 3.61327000e-03
-13.92800000 3.54084000e-03
-13.89800000 3.51585000e-03
-13.86800000 3.53071000e-03
-13.83800000 3.56962000e-03
-13.80800000 3.62764000e-03
-13.77800000 3.70696000e-03
-13.74800000 3.81654000e-03
-13.71800000 3.97648000e-03
-13.68800000 4.23079000e-03
-13.65800000 4.67133000e-03
-13.62800000 5.37542000e-03
-13.59800000 5.92821000e-03
-13.56800000 6.34959000e-03
-13.53800000 7.58315000e-03
-13.50800000 8.76025000e-03
-13.47800000 7.67842000e-03
-13.44800000 6.46885000e-03
-13.41800000 6.12600000e-03
-13.38800000 5.84119000e-03
-13.35800000 5.30065000e-03
-13.32800000 4.99265000e-03
-13.29800000 4.91284000e-03
-13.26800000 4.98706000e-03
-13.23800000 5.20744000e-03
-13.20800000 5.62824000e-03
-13.17800000 6.28981000e-03
-13.14800000 6.95153000e-03
-13.11800000 7.88356000e-03
-13.08800000 9.97224000e-03
-13.05800000 1.41798000e-02
-13.02800000 1.96434000e-02
-12.99800000 2.07216000e-02
-12.96800000 1.56969000e-02
-12.93800000 1.08607000e-02
-12.90800000 8.35318000e-03
-12.87800000 7.17669000e-03
-12.84800000 6.71675000e-03
-12.81800000 6.79059000e-03
-12.78800000 7.25129000e-03
-12.75800000 7.18187000e-03
-12.71550000 6.56935000e-03
-12.68550000 6.76447000e-03
-12.65550000 7.58118000e-03
-12.62550000 8.24012000e-03
-12.59550000 7.77331000e-03
-12.56550000 7.17689000e-03
-12.53550000 6.49915000e-03
-12.50550000 6.08870000e-03
-12.47550000 5.83325000e-03
-12.44550000 5.63626000e-03
-12.41550000 5.53845000e-03
-12.38550000 5.50667000e-03
-12.35550000 5.51346000e-03
-12.32550000 5.54660000e-03
-12.29550000 5.60333000e-03
-12.26550000 5.68956000e-03
-12.23550000 5.81491000e-03
-12.20550000 5.92592000e-03
-12.17550000 5.94431000e-03
-12.14550000 5.96949000e-03
-12.11550000 6.03269000e-03
-12.08550000 6.12244000e-03
-12.05550000 6.23369000e-03
-12.02550000 6.36901000e-03
-11.99550000 6.53918000e-03
-11.96550000 6.76228000e-03
-11.93550000 7.01982000e-03
-11.90550000 7.29421000e-03
-11.87550000 7.66132000e-03
-11.84550000 7.86068000e-03
-11.81550000 7.90722000e-03
-11.78550000 8.09927000e-03
-11.75550000 8.45622000e-03
-11.72550000 8.91785000e-03
-11.69550000 9.50398000e-03
-11.66550000 1.03698000e-02
-11.63550000 1.16999000e-02
-11.60550000 1.38286000e-02
-11.57550000 1.74200000e-02
-11.54550000 2.41348000e-02
-11.51550000 3.72961000e-02
-11.48550000 5.50511000e-02
-11.45550000 5.19168000e-02
-11.42550000 3.50782000e-02
-11.39550000 2.52608000e-02
-11.36550000 1.99011000e-02
-11.33550000 1.62747000e-02
-11.30550000 1.42740000e-02
-11.27550000 1.33151000e-02
-11.24550000 1.29860000e-02
-11.21550000 1.30682000e-02
-11.18550000 1.32605000e-02
-11.15550000 1.36040000e-02
-11.12550000 1.43519000e-02
-11.09550000 1.56619000e-02
-11.06550000 1.78367000e-02
-11.03550000 2.13182000e-02
-11.00550000 2.72248000e-02
-10.97550000 3.80781000e-02
-10.94550000 5.27170000e-02
-10.91550000 6.31221000e-02
-10.88550000 6.30644000e-02
-10.85550000 4.98685000e-02
-10.82550000 3.69044000e-02
-10.78300000 3.00263000e-02
-10.75300000 2.70972000e-02
-10.72300000 2.34728000e-02
-10.69300000 2.15889000e-02
-10.66300000 2.12085000e-02
-10.63300000 2.20093000e-02
-10.60300000 2.42734000e-02
-10.57300000 2.90170000e-02
-10.54300000 3.60723000e-02
-10.51300000 3.65888000e-02
-10.48300000 3.08795000e-02
-10.45300000 2.75768000e-02
-10.42300000 2.66691000e-02
-10.39300000 2.69771000e-02
-10.36300000 2.80186000e-02
-10.33300000 2.97568000e-02
-10.30300000 3.22484000e-02
-10.27300000 3.54864000e-02
-10.24300000 3.85933000e-02
-10.21300000 4.21035000e-02
-10.18300000 4.72117000e-02
-10.15300000 5.39832000e-02
-10.12300000 6.31574000e-02
-10.09300000 7.47606000e-02
-10.06300000 8.95435000e-02
-10.03300000 1.13046000e-01
-10.00300000 1.52575000e-01
-9.97295000 2.21714000e-01
-9.94295000 3.44064000e-01
-9.91295000 5.73521000e-01
-9.88295000 9.07618000e-01
-9.85295000 8.91914000e-01
-9.82295000 5.69711000e-01
-9.79295000 3.74408000e-01
-9.76295000 3.07116000e-01
-9.73295000 3.11856000e-01
-9.70295000 3.45975000e-01
-9.67295000 3.73278000e-01
-9.64295000 3.06824000e-01
-9.61295000 2.44217000e-01
-9.58295000 2.16315000e-01
-9.55295000 2.21674000e-01
-9.52295000 2.70280000e-01
-9.49295000 3.68300000e-01
-9.46295000 4.83433000e-01
-9.43295000 6.58587000e-01
-9.40295000 7.89936000e-01
-9.37295000 6.66969000e-01
-9.34295000 5.99774000e-01
-9.31295000 6.01892000e-01
-9.28295000 5.56419000e-01
-9.25295000 4.20061000e-01
-9.22295000 3.19477000e-01
-9.19295000 2.83775000e-01
-9.16295000 2.89223000e-01
-9.13295000 3.22138000e-01
-9.10295000 3.94141000e-01
-9.07295000 5.36895000e-01
-9.04295000 8.13973000e-01
-9.01295000 1.32874000e+00
-8.98295000 2.08699000e+00
-8.95295000 2.45308000e+00
-8.92295000 1.80344000e+00
-8.89295000 1.15492000e+00
-8.85042000 7.80839000e-01
-8.82042000 7.81813000e-01
-8.79042000 9.71577000e-01
-8.76042000 1.37402000e+00
-8.73042000 1.82959000e+00
-8.70042000 2.34384000e+00
-8.67042000 2.37959000e+00
-8.64042000 1.60198000e+00
-8.61042000 1.06684000e+00
-8.58042000 8.76852000e-01
-8.55042000 8.92330000e-01
-8.52042000 7.91263000e-01
-8.49042000 5.78239000e-01
-8.46042000 4.74922000e-01
-8.43042000 4.91907000e-01
-8.40042000 6.13887000e-01
-8.37042000 7.41371000e-01
-8.34042000 8.06465000e-01
-8.31042000 8.06425000e-01
-8.28042000 5.89470000e-01
-8.25042000 3.72667000e-01
-8.22042000 2.51615000e-01
-8.19042000 1.89195000e-01
-8.16042000 1.55331000e-01
-8.13042000 1.33797000e-01
-8.10042000 1.19615000e-01
-8.07042000 1.14520000e-01
-8.04042000 1.16559000e-01
-8.01042000 1.18913000e-01
-7.98042000 1.23869000e-01
-7.95042000 1.40617000e-01
-7.92042000 1.52786000e-01
-7.89042000 1.35451000e-01
-7.86042000 1.22229000e-01
-7.83042000 1.23688000e-01
-7.80042000 1.37864000e-01
-7.77042000 1.66771000e-01
-7.74042000 2.17199000e-01
-7.71042000 3.04516000e-01
-7.68042000 4.70742000e-01
-7.65042000 7.57178000e-01
-7.62042000 1.08894000e+00
-7.59042000 1.34425000e+00
-7.56042000 1.15728000e+00
-7.53042000 7.24443000e-01
-7.50042000 4.54997000e-01
-7.47042000 3.38970000e-01
-7.44042000 3.20282000e-01
-7.41042000 3.77314000e-01
-7.38042000 4.12057000e-01
-7.35042000 3.37590000e-01
-7.32042000 2.37622000e-01
-7.29042000 1.76918000e-01
-7.26042000 1.37139000e-01
-7.23042000 1.14079000e-01
-7.20042000 1.01417000e-01
-7.17042000 8.33444000e-02
-7.14042000 6.88231000e-02
-7.11042000 6.13084000e-02
-7.08042000 5.92369000e-02
-7.05042000 5.91681000e-02
-7.02042000 5.75087000e-02
-6.99042000 5.69046000e-02
-6.96042000 5.62885000e-02
-6.91788000 5.83536000e-02
-6.88788000 6.22472000e-02
-6.85788000 7.27593000e-02
-6.82788000 8.87394000e-02
-6.79788000 1.02699000e-01
-6.76788000 1.25448000e-01
-6.73788000 1.51783000e-01
-6.70788000 1.70354000e-01
-6.67788000 1.41364000e-01
-6.64788000 9.82720000e-02
-6.61788000 7.42341000e-02
-6.58788000 6.60552000e-02
-6.55788000 6.26280000e-02
-6.52788000 5.31903000e-02
-6.49788000 4.41898000e-02
-6.46788000 3.96673000e-02
-6.43788000 3.81296000e-02
-6.40788000 3.82819000e-02
-6.37788000 3.99798000e-02
-6.34788000 4.40229000e-02
-6.31788000 5.18675000e-02
-6.28788000 6.61474000e-02
-6.25788000 8.57005000e-02
-6.22788000 1.05434000e-01
-6.19788000 1.43415000e-01
-6.16788000 1.97330000e-01
-6.13788000 1.93557000e-01
-6.10788000 1.49981000e-01
-6.07788000 1.38513000e-01
-6.04788000 1.67402000e-01
-6.01788000 2.49731000e-01
-5.98788000 3.73814000e-01
-5.95788000 3.57363000e-01
-5.92788000 2.29468000e-01
-5.89788000 1.44474000e-01
-5.86788000 9.94437000e-02
-5.83788000 7.78142000e-02
-5.80788000 6.98710000e-02
-5.77788000 6.82129000e-02
-5.74788000 6.67467000e-02
-5.71788000 6.75106000e-02
-5.68788000 6.11595000e-02
-5.65788000 5.30120000e-02
-5.62788000 4.71896000e-02
-5.59788000 4.54988000e-02
-5.56788000 4.74796000e-02
-5.53788000 5.12376000e-02
-5.50788000 5.22621000e-02
-5.47788000 5.34127000e-02
-5.44788000 5.99384000e-02
-5.41788000 7.46134000e-02
-5.38788000 1.03831000e-01
-5.35788000 1.60366000e-01
-5.32788000 2.37824000e-01
-5.29788000 2.35326000e-01
-5.26788000 1.68367000e-01
-5.23788000 1.33671000e-01
-5.20788000 1.37653000e-01
-5.17788000 1.81952000e-01
-5.14788000 2.63180000e-01
-5.11788000 2.77897000e-01
-5.08788000 2.16863000e-01
-5.05788000 1.72896000e-01
-5.02788000 1.29486000e-01
-4.98534000 9.98676000e-02
-4.95534000 1.05758000e-01
-4.92534000 1.34038000e-01
-4.89534000 1.59783000e-01
-4.86534000 1.37081000e-01
-4.83534000 1.12377000e-01
-4.80534000 1.06816000e-01
-4.77534000 1.07341000e-01
-4.74534000 1.18755000e-01
-4.71534000 1.44096000e-01
-4.68534000 1.40632000e-01
-4.65534000 1.03643000e-01
-4.62534000 7.90094000e-02
-4.59534000 6.80113000e-02
-4.56534000 6.41158000e-02
-4.53534000 6.41619000e-02
-4.50534000 6.60072000e-02
-4.47534000 6.89681000e-02
-4.44534000 7.45394000e-02
-4.41534000 8.35507000e-02
-4.38534000 9.71499000e-02
-4.35534000 1.17700000e-01
-4.32534000 1.50041000e-01
-4.29534000 2.04488000e-01
-4.26534000 3.03626000e-01
-4.23534000 4.84163000e-01
-4.20534000 6.94992000e-01
-4.17534000 7.45749000e-01
-4.14534000 7.47052000e-01
-4.11534000 9.15002000e-01
-4.08534000 1.30541000e+00
-4.05534000 1.49293000e+00
-4.02534000 1.06963000e+00
-3.99534000 6.31729000e-01
-3.96534000 3.92903000e-01
-3.93534000 2.75083000e-01
-3.90534000 2.18454000e-01
-3.87534000 1.89776000e-01
-3.84534000 1.60167000e-01
-3.81534000 1.27235000e-01
-3.78534000 1.05689000e-01
-3.75534000 9.36301000e-02
-3.72534000 8.76504000e-02
-3.69534000 8.67591000e-02
-3.66534000 9.07582000e-02
-3.63534000 9.99387000e-02
-3.60534000 1.10556000e-01
-3.57534000 1.27634000e-01
-3.54534000 1.69674000e-01
-3.51534000 2.14752000e-01
-3.48534000 1.85030000e-01
-3.45534000 1.38371000e-01
-3.42534000 1.17534000e-01
-3.39534000 1.15278000e-01
-3.36534000 1.30129000e-01
-3.33534000 1.68931000e-01
-3.30534000 2.25650000e-01
-3.27534000 2.33940000e-01
-3.24534000 2.19844000e-01
-3.21534000 2.43093000e-01
-3.18534000 2.74559000e-01
-3.15534000 3.06945000e-01
-3.12534000 3.24896000e-01
-3.09534000 2.70208000e-01
-3.05280000 2.08258000e-01
-3.02280000 2.13776000e-01
-2.99280000 2.51087000e-01
-2.96280000 2.89635000e-01
-2.93280000 3.24380000e-01
-2.90280000 4.12196000e-01
-2.87280000 4.91496000e-01
-2.84280000 4.46304000e-01
-2.81280000 3.85685000e-01
-2.78280000 3.98058000e-01
-2.75280000 4.54626000e-01
-2.72280000 5.29621000e-01
-2.69280000 6.37245000e-01
-2.66280000 7.73035000e-01
-2.63280000 8.29318000e-01
-2.60280000 7.28156000e-01
-2.57280000 5.94756000e-01
-2.54280000 5.49608000e-01
-2.51280000 6.02152000e-01
-2.48280000 7.73267000e-01
-2.45280000 1.13483000e+00
-2.42280000 1.79647000e+00
-2.39280000 2.76775000e+00
-2.36280000 3.84170000e+00
-2.33280000 3.55360000e+00
-2.30280000 2.53475000e+00
-2.27280000 1.95888000e+00
-2.24280000 1.48885000e+00
-2.21280000 1.05331000e+00
-2.18280000 8.36663000e-01
-2.15280000 6.47623000e-01
-2.12280000 4.63627000e-01
-2.09280000 3.54547000e-01
-2.06280000 2.98395000e-01
-2.03280000 2.68820000e-01
-2.00280000 2.55955000e-01
-1.97280000 2.70095000e-01
-1.94280000 3.06800000e-01
-1.91280000 3.70802000e-01
-1.88280000 4.65739000e-01
-1.85280000 4.25695000e-01
-1.82280000 3.06838000e-01
-1.79280000 2.34644000e-01
-1.76280000 2.04094000e-01
-1.73280000 2.01633000e-01
-1.70280000 2.25655000e-01
-1.67280000 2.85771000e-01
-1.64280000 3.74740000e-01
-1.61280000 4.56350000e-01
-1.58280000 5.03811000e-01
-1.55280000 5.09358000e-01
-1.52280000 4.24267000e-01
-1.49280000 3.28856000e-01
-1.46280000 2.96041000e-01
-1.43280000 3.24339000e-01
-1.40280000 4.10845000e-01
-1.37280000 5.11889000e-01
-1.34280000 5.78778000e-01
-1.31280000 4.75806000e-01
-1.28280000 3.46042000e-01
-1.25280000 2.90694000e-01
-1.22280000 2.93130000e-01
-1.19280000 3.49373000e-01
-1.16280000 4.45011000e-01
-1.12027000 4.76809000e-01
-1.09027000 5.03010000e-01
-1.06027000 5.86229000e-01
-1.03027000 5.77338000e-01
-1.00027000 5.30597000e-01
-0.97026700 5.82663000e-01
-0.94026700 7.54333000e-01
-0.91026700 1.00223000e+00
-0.88026700 1.25828000e+00
-0.85026700 1.59545000e+00
-0.82026700 1.70881000e+00
-0.79026700 1.61177000e+00
-0.76026700 1.55422000e+00
-0.73026700 1.41248000e+00
-0.70026700 1.18075000e+00
-0.67026700 1.19751000e+00
-0.64026700 1.12808000e+00
-0.61026700 8.70414000e-01
-0.58026700 7.58913000e-01
-0.55026700 6.95946000e-01
-0.52026700 5.63914000e-01
-0.49026700 4.81544000e-01
-0.46026700 4.72194000e-01
-0.43026700 4.80274000e-01
-0.40026700 5.25701000e-01
-0.37026700 6.15503000e-01
-0.34026700 6.62589000e-01
-0.31026700 7.65064000e-01
-0.28026700 8.54399000e-01
-0.25026700 9.16261000e-01
-0.22026700 1.00485000e+00
-0.19026700 8.74469000e-01
-0.16026700 6.78582000e-01
-0.13026700 5.97102000e-01
-0.10026700 6.16418000e-01
-0.07026710 7.20131000e-01
-0.04026710 8.77892000e-01
-0.01026710 1.09644000e+00
0.01973290 1.45808000e+00
0.04973290 2.09269000e+00
0.07973290 3.30999000e+00
0.10973300 4.01139000e+00
0.13973300 2.87787000e+00
0.16973300 1.85431000e+00
0.19973300 1.41172000e+00
0.22973300 1.15668000e+00
0.25973300 9.50834000e-01
0.28973300 8.19973000e-01
0.31973300 7.31091000e-01
0.34973300 7.24596000e-01
0.37973300 7.45399000e-01
0.40973300 7.76046000e-01
0.43973300 8.17705000e-01
0.46973300 8.09412000e-01
0.49973300 8.20417000e-01
0.52973300 9.18859000e-01
0.55973300 1.14800000e+00
0.58973300 1.38880000e+00
0.61973300 1.48488000e+00
0.64973300 1.46032000e+00
0.67973300 1.47975000e+00
0.70973300 1.68847000e+00
0.73973300 2.18295000e+00
0.76973300 3.11774000e+00
