# E(MeV)  S_GAMTGAMT(Total=K0+2*K1) for Rh135_DDPCX
-18.51310000 4.65906000e-03
-18.48310000 4.67685000e-03
-18.45310000 4.69475000e-03
-18.42310000 4.71274000e-03
-18.39310000 4.73085000e-03
-18.36310000 4.74905000e-03
-18.33310000 4.76734000e-03
-18.30310000 4.78575000e-03
-18.27310000 4.80428000e-03
-18.24310000 4.82290000e-03
-18.21310000 4.84163000e-03
-18.18310000 4.86049000e-03
-18.15310000 4.87948000e-03
-18.12310000 4.89857000e-03
-18.09310000 4.91781000e-03
-18.06310000 4.93716000e-03
-18.03310000 4.95666000e-03
-18.00310000 4.97629000e-03
-17.97310000 4.99607000e-03
-17.94310000 5.01600000e-03
-17.91310000 5.03607000e-03
-17.88310000 5.05631000e-03
-17.85310000 5.07670000e-03
-17.82310000 5.09727000e-03
-17.79310000 5.11804000e-03
-17.76310000 5.13897000e-03
-17.73310000 5.16012000e-03
-17.70310000 5.18149000e-03
-17.67310000 5.20307000e-03
-17.64310000 5.22491000e-03
-17.61310000 5.24698000e-03
-17.58310000 5.26937000e-03
-17.55310000 5.29207000e-03
-17.52310000 5.31510000e-03
-17.49310000 5.33853000e-03
-17.46310000 5.36238000e-03
-17.43310000 5.38675000e-03
-17.40310000 5.41168000e-03
-17.37310000 5.43729000e-03
-17.34310000 5.46370000e-03
-17.31310000 5.49107000e-03
-17.28310000 5.51967000e-03
-17.25310000 5.54979000e-03
-17.22310000 5.58185000e-03
-17.19310000 5.61652000e-03
-17.16310000 5.65476000e-03
-17.13310000 5.69798000e-03
-17.10310000 5.74851000e-03
-17.07310000 5.81023000e-03
-17.04310000 5.88996000e-03
-17.01310000 6.00053000e-03
-16.98310000 6.16802000e-03
-16.95310000 6.44949000e-03
-16.92310000 6.97503000e-03
-16.89310000 7.97385000e-03
-16.86310000 9.10405000e-03
-16.83310000 8.58180000e-03
-16.80310000 7.43491000e-03
-16.77310000 6.79116000e-03
-16.74310000 6.48459000e-03
-16.71310000 6.33647000e-03
-16.68310000 6.26569000e-03
-16.65310000 6.23670000e-03
-16.62310000 6.23303000e-03
-16.58060000 6.25728000e-03
-16.55060000 6.29183000e-03
-16.52060000 6.34203000e-03
-16.49060000 6.41268000e-03
-16.46060000 6.51453000e-03
-16.43060000 6.66988000e-03
-16.40060000 6.92730000e-03
-16.37060000 7.39801000e-03
-16.34060000 8.31451000e-03
-16.31060000 9.72495000e-03
-16.28060000 9.88974000e-03
-16.25060000 8.54624000e-03
-16.22060000 7.61182000e-03
-16.19060000 7.15681000e-03
-16.16060000 6.93516000e-03
-16.13060000 6.82381000e-03
-16.10060000 6.76884000e-03
-16.07060000 6.74531000e-03
-16.04060000 6.74080000e-03
-16.01060000 6.74870000e-03
-15.98060000 6.76537000e-03
-15.95060000 6.78878000e-03
-15.92060000 6.81791000e-03
-15.89060000 6.85244000e-03
-15.86060000 6.89275000e-03
-15.83060000 6.93989000e-03
-15.80060000 6.99607000e-03
-15.77060000 7.06547000e-03
-15.74060000 7.15602000e-03
-15.71060000 7.28383000e-03
-15.68060000 7.48407000e-03
-15.65060000 7.83493000e-03
-15.62060000 8.45363000e-03
-15.59060000 9.06355000e-03
-15.56060000 8.95332000e-03
-15.53060000 8.57052000e-03
-15.50060000 8.30771000e-03
-15.47060000 8.36257000e-03
-15.44060000 8.79363000e-03
-15.41060000 9.73964000e-03
-15.38060000 1.08205500e-02
-15.35060000 1.08404700e-02
-15.32060000 9.93015000e-03
-15.29060000 9.10592000e-03
-15.26060000 8.52021000e-03
-15.23060000 8.21634000e-03
-15.20060000 8.07138000e-03
-15.17060000 8.02040000e-03
-15.14060000 8.04090000e-03
-15.11060000 8.13294000e-03
-15.08060000 8.26460000e-03
-15.05060000 8.32038000e-03
-15.02060000 8.41227000e-03
-14.99060000 8.68781000e-03
-14.96060000 9.25882000e-03
-14.93060000 9.89774000e-03
-14.90060000 9.74154000e-03
-14.87060000 9.15329000e-03
-14.84060000 8.73455000e-03
-14.81060000 8.54150000e-03
-14.78060000 8.47132000e-03
-14.75060000 8.46965000e-03
-14.72060000 8.51829000e-03
-14.69060000 8.58490000e-03
-14.64800000 8.62479000e-03
-14.61800000 8.68401000e-03
-14.58800000 8.73369000e-03
-14.55800000 8.77945000e-03
-14.52800000 8.88098000e-03
-14.49800000 9.00602000e-03
-14.46800000 9.06968000e-03
-14.43800000 9.18568000e-03
-14.40800000 9.42816000e-03
-14.37800000 9.60486000e-03
-14.34800000 9.52758000e-03
-14.31800000 9.42967000e-03
-14.28800000 9.40216000e-03
-14.25800000 9.43921000e-03
-14.22800000 9.55001000e-03
-14.19800000 9.74959000e-03
-14.16800000 1.00985900e-02
-14.13800000 1.04921400e-02
-14.10800000 1.04253200e-02
-14.07800000 1.02292700e-02
-14.04800000 1.02381200e-02
-14.01800000 1.04500100e-02
-13.98800000 1.07574800e-02
-13.95800000 1.08152900e-02
-13.92800000 1.07631800e-02
-13.89800000 1.07321900e-02
-13.86800000 1.07951100e-02
-13.83800000 1.09767000e-02
-13.80800000 1.12847600e-02
-13.77800000 1.17720200e-02
-13.74800000 1.25182400e-02
-13.71800000 1.36294400e-02
-13.68800000 1.47606100e-02
-13.65800000 1.57483900e-02
-13.62800000 1.79936200e-02
-13.59800000 2.09180300e-02
-13.56800000 2.17471100e-02
-13.53800000 2.34223500e-02
-13.50800000 2.74629900e-02
-13.47800000 2.74694000e-02
-13.44800000 2.34901100e-02
-13.41800000 2.17634800e-02
-13.38800000 2.15160500e-02
-13.35800000 2.29663900e-02
-13.32800000 2.77112500e-02
-13.29800000 3.33462400e-02
-13.26800000 2.97450600e-02
-13.23800000 2.32275400e-02
-13.20800000 2.01730600e-02
-13.17800000 1.93811500e-02
-13.14800000 1.86450700e-02
-13.11800000 1.83978200e-02
-13.08800000 1.98443000e-02
-13.05800000 2.37516800e-02
-13.02800000 2.90649600e-02
-12.99800000 3.00529400e-02
-12.96800000 2.50453400e-02
-12.93800000 2.03294600e-02
-12.90800000 1.80693200e-02
-12.87800000 1.73489900e-02
-12.84800000 1.77246700e-02
-12.81800000 1.94024500e-02
-12.78800000 2.28369700e-02
-12.75800000 2.59627100e-02
-12.71550000 2.33473300e-02
-12.68550000 2.24054300e-02
-12.65550000 2.25804800e-02
-12.62550000 2.20712000e-02
-12.59550000 2.11677100e-02
-12.56550000 2.05413900e-02
-12.53550000 2.01176100e-02
-12.50550000 1.95482200e-02
-12.47550000 1.88069300e-02
-12.44550000 1.80286400e-02
-12.41550000 1.73198300e-02
-12.38550000 1.70538100e-02
-12.35550000 1.72713400e-02
-12.32550000 1.80478000e-02
-12.29550000 1.96219700e-02
-12.26550000 2.20836800e-02
-12.23550000 2.40395900e-02
-12.20550000 2.33330200e-02
-12.17550000 2.14354300e-02
-12.14550000 2.06419100e-02
-12.11550000 2.08516700e-02
-12.08550000 2.03034000e-02
-12.05550000 1.96988900e-02
-12.02550000 1.95433500e-02
-11.99550000 1.91637400e-02
-11.96550000 1.89706800e-02
-11.93550000 1.90771200e-02
-11.90550000 1.93195700e-02
-11.87550000 1.97277200e-02
-11.84550000 2.00088200e-02
-11.81550000 2.02148600e-02
-11.78550000 2.05971900e-02
-11.75550000 2.10795400e-02
-11.72550000 2.16946700e-02
-11.69550000 2.25137800e-02
-11.66550000 2.36817600e-02
-11.63550000 2.53173800e-02
-11.60550000 2.77766000e-02
-11.57550000 3.18003000e-02
-11.54550000 3.90776400e-02
-11.51550000 5.29762200e-02
-11.48550000 7.17426000e-02
-11.45550000 7.00804400e-02
-11.42550000 5.55510000e-02
-11.39550000 4.96268000e-02
-11.36550000 5.05577000e-02
-11.33550000 5.58585000e-02
-11.30550000 7.00488000e-02
-11.27550000 8.56033000e-02
-11.24550000 7.33490000e-02
-11.21550000 5.51408000e-02
-11.18550000 4.60413000e-02
-11.15550000 4.29034000e-02
-11.12550000 4.34989000e-02
-11.09550000 4.81317000e-02
-11.06550000 5.88151000e-02
-11.03550000 7.30694000e-02
-11.00550000 7.89898000e-02
-10.97550000 8.64123000e-02
-10.94550000 9.44582000e-02
-10.91550000 9.59823000e-02
-10.88550000 9.08700000e-02
-10.85550000 7.53815000e-02
-10.82550000 6.17096000e-02
-10.78300000 5.59635000e-02
-10.75300000 5.51518000e-02
-10.72300000 5.29826000e-02
-10.69300000 5.19125000e-02
-10.66300000 5.31817000e-02
-10.63300000 5.88951000e-02
-10.60300000 6.82088000e-02
-10.57300000 7.25034000e-02
-10.54300000 7.68549000e-02
-10.51300000 7.86448000e-02
-10.48300000 7.24739000e-02
-10.45300000 6.77898000e-02
-10.42300000 6.72993000e-02
-10.39300000 6.87963000e-02
-10.36300000 6.96556000e-02
-10.33300000 7.37382000e-02
-10.30300000 8.27626000e-02
-10.27300000 9.64242000e-02
-10.24300000 1.08943700e-01
-10.21300000 1.12104500e-01
-10.18300000 1.19117700e-01
-10.15300000 1.39685200e-01
-10.12300000 1.79148200e-01
-10.09300000 2.31705200e-01
-10.06300000 2.34622700e-01
-10.03300000 2.15817400e-01
-10.00300000 2.32282600e-01
-9.97295000 2.93068600e-01
-9.94295000 4.11885400e-01
-9.91295000 6.41052200e-01
-9.88295000 9.78854200e-01
-9.85295000 9.70155600e-01
-9.82295000 6.57593600e-01
-9.79295000 4.66243200e-01
-9.76295000 3.94595400e-01
-9.73295000 3.97032800e-01
-9.70295000 4.33923800e-01
-9.67295000 4.67955000e-01
-9.64295000 4.13476400e-01
-9.61295000 3.71096200e-01
-9.58295000 3.75484600e-01
-9.55295000 4.34000000e-01
-9.52295000 5.65624000e-01
-9.49295000 8.03090000e-01
-9.46295000 1.19269300e+00
-9.43295000 1.74873100e+00
-9.40295000 1.92803000e+00
-9.37295000 1.45223100e+00
-9.34295000 1.08324800e+00
-9.31295000 9.32230000e-01
-9.28295000 8.20201000e-01
-9.25295000 6.68647000e-01
-9.22295000 5.92675000e-01
-9.19295000 6.20911000e-01
-9.16295000 7.14275000e-01
-9.13295000 7.25650000e-01
-9.10295000 7.03127000e-01
-9.07295000 7.81069000e-01
-9.04295000 1.03288900e+00
-9.01295000 1.54753800e+00
-8.98295000 2.32662800e+00
-8.95295000 2.74389200e+00
-8.92295000 2.17164600e+00
-8.89295000 1.61897800e+00
-8.85042000 1.45545300e+00
-8.82042000 1.57895300e+00
-8.79042000 1.94174100e+00
-8.76042000 2.60712800e+00
-8.73042000 3.28822600e+00
-8.70042000 3.70088600e+00
-8.67042000 3.50550000e+00
-8.64042000 2.64210000e+00
-8.61042000 2.18126400e+00
-8.58042000 1.99032400e+00
-8.55042000 1.76885200e+00
-8.52042000 1.46175700e+00
-8.49042000 1.15277900e+00
-8.46042000 1.02108200e+00
-8.43042000 1.10650900e+00
-8.40042000 1.33577900e+00
-8.37042000 1.42510100e+00
-8.34042000 1.45247300e+00
-8.31042000 1.55803900e+00
-8.28042000 1.61966400e+00
-8.25042000 1.66573900e+00
-8.22042000 1.55164700e+00
-8.19042000 1.44985100e+00
-8.16042000 1.43328900e+00
-8.13042000 1.22659300e+00
-8.10042000 1.02345900e+00
-8.07042000 9.73628000e-01
-8.04042000 1.07096900e+00
-8.01042000 1.28970900e+00
-7.98042000 1.54481700e+00
-7.95042000 1.77334900e+00
-7.92042000 2.24536600e+00
-7.89042000 3.04269100e+00
-7.86042000 3.90586900e+00
-7.83042000 5.32354800e+00
-7.80042000 8.43828400e+00
-7.77042000 1.24979310e+01
-7.74042000 1.11554390e+01
-7.71042000 6.91179600e+00
-7.68042000 4.45180200e+00
-7.65042000 3.49941800e+00
-7.62042000 3.24672000e+00
-7.59042000 3.27160000e+00
-7.56042000 3.22574000e+00
-7.53042000 3.09178300e+00
-7.50042000 2.93315700e+00
-7.47042000 2.69387000e+00
-7.44042000 2.57618200e+00
-7.41042000 2.69531400e+00
-7.38042000 2.49509700e+00
-7.35042000 2.34519000e+00
-7.32042000 2.70208200e+00
-7.29042000 3.87449800e+00
-7.26042000 5.77993900e+00
-7.23042000 6.24831900e+00
-7.20042000 4.77963700e+00
-7.17042000 3.12162440e+00
-7.14042000 2.24548310e+00
-7.11042000 2.04162240e+00
-7.08042000 2.30609690e+00
-7.05042000 2.76274810e+00
-7.02042000 2.96808870e+00
-6.99042000 2.28478460e+00
-6.96042000 1.71235050e+00
-6.91788000 1.64612160e+00
-6.88788000 1.74253720e+00
-6.85788000 1.41717730e+00
-6.82788000 1.14250140e+00
-6.79788000 9.90497000e-01
-6.76788000 8.80132000e-01
-6.73788000 8.79117000e-01
-6.70788000 8.73808000e-01
-6.67788000 7.64124000e-01
-6.64788000 6.62314000e-01
-6.61788000 5.99746100e-01
-6.58788000 5.74253200e-01
-6.55788000 5.62790000e-01
-6.52788000 6.34924300e-01
-6.49788000 7.16251800e-01
-6.46788000 6.51965300e-01
-6.43788000 5.51305600e-01
-6.40788000 4.94925900e-01
-6.37788000 4.84787800e-01
-6.34788000 4.75084900e-01
-6.31788000 5.23357500e-01
-6.28788000 6.47341400e-01
-6.25788000 8.13908500e-01
-6.22788000 8.90040000e-01
-6.19788000 8.14161000e-01
-6.16788000 7.87926000e-01
-6.13788000 7.30225000e-01
-6.10788000 5.45801000e-01
-6.07788000 4.21677000e-01
-6.04788000 3.92388000e-01
-6.01788000 4.37450400e-01
-5.98788000 5.30808400e-01
-5.95788000 4.96446600e-01
-5.92788000 3.61497400e-01
-5.89788000 2.79156000e-01
-5.86788000 2.49651500e-01
-5.83788000 2.64287000e-01
-5.80788000 3.11475000e-01
-5.77788000 3.37488900e-01
-5.74788000 3.58886700e-01
-5.71788000 3.41874600e-01
-5.68788000 2.66611500e-01
-5.65788000 2.16579400e-01
-5.62788000 1.98138200e-01
-5.59788000 2.07127200e-01
-5.56788000 2.44600800e-01
-5.53788000 2.93379600e-01
-5.50788000 3.05344100e-01
-5.47788000 3.37688700e-01
-5.44788000 4.37150400e-01
-5.41788000 5.21179400e-01
-5.38788000 4.71287000e-01
-5.35788000 4.48180000e-01
-5.32788000 4.75686000e-01
-5.29788000 4.25753000e-01
-5.26788000 3.24190200e-01
-5.23788000 2.79810600e-01
-5.20788000 2.78687200e-01
-5.17788000 3.08272800e-01
-5.14788000 3.82290400e-01
-5.11788000 4.03628600e-01
-5.08788000 3.68625000e-01
-5.05788000 3.60458400e-01
-5.02788000 3.18440000e-01
-4.98534000 2.63817600e-01
-4.95534000 2.71298600e-01
-4.92534000 3.23419200e-01
-4.89534000 3.77677000e-01
-4.86534000 3.60827000e-01
-4.83534000 3.34937000e-01
-4.80534000 3.35190000e-01
-4.77534000 3.66505000e-01
-4.74534000 4.11435000e-01
-4.71534000 4.29338000e-01
-4.68534000 3.88236000e-01
-4.65534000 3.25809000e-01
-4.62534000 2.76981200e-01
-4.59534000 2.47286900e-01
-4.56534000 2.28276400e-01
-4.53534000 2.25063900e-01
-4.50534000 2.40323000e-01
-4.47534000 2.72388100e-01
-4.44534000 3.30945400e-01
-4.41534000 4.19306700e-01
-4.38534000 4.88295900e-01
-4.35534000 5.28648000e-01
-4.32534000 5.87453000e-01
-4.29534000 7.64178000e-01
-4.26534000 1.12019200e+00
-4.23534000 1.40330700e+00
-4.20534000 1.45371600e+00
-4.17534000 1.43477900e+00
-4.14534000 1.49633800e+00
-4.11534000 1.66483800e+00
-4.08534000 1.96430200e+00
-4.05534000 2.14738800e+00
-4.02534000 1.72982200e+00
-3.99534000 1.14813500e+00
-3.96534000 7.85837000e-01
-3.93534000 5.98461000e-01
-3.90534000 5.13460000e-01
-3.87534000 4.81600000e-01
-3.84534000 4.75887000e-01
-3.81534000 4.48789000e-01
-3.78534000 3.79789000e-01
-3.75534000 3.05474100e-01
-3.72534000 2.65261400e-01
-3.69534000 2.50639900e-01
-3.66534000 2.50479800e-01
-3.63534000 2.68562900e-01
-3.60534000 3.04109600e-01
-3.57534000 3.39940000e-01
-3.54534000 3.67713600e-01
-3.51534000 4.02809400e-01
-3.48534000 3.80362800e-01
-3.45534000 3.56113000e-01
-3.42534000 3.74280000e-01
-3.39534000 4.33192000e-01
-3.36534000 5.51723000e-01
-3.33534000 7.38347000e-01
-3.30534000 1.02407200e+00
-3.27534000 1.31898000e+00
-3.24534000 1.34357000e+00
-3.21534000 1.12237100e+00
-3.18534000 1.01905500e+00
-3.15534000 1.09820700e+00
-3.12534000 1.33191000e+00
-3.09534000 1.65155600e+00
-3.05280000 1.87607000e+00
-3.02280000 1.61332800e+00
-2.99280000 1.25748900e+00
-2.96280000 1.05718700e+00
-2.93280000 1.00657000e+00
-2.90280000 1.13224800e+00
-2.87280000 1.29734800e+00
-2.84280000 1.27924000e+00
-2.81280000 1.27226300e+00
-2.78280000 1.35299200e+00
-2.75280000 1.49475400e+00
-2.72280000 1.69316700e+00
-2.69280000 2.07469500e+00
-2.66280000 2.81299500e+00
-2.63280000 3.57903800e+00
-2.60280000 3.75371600e+00
-2.57280000 3.53091600e+00
-2.54280000 3.11294800e+00
-2.51280000 2.72647200e+00
-2.48280000 2.64737300e+00
-2.45280000 3.03539000e+00
-2.42280000 4.18909000e+00
-2.39280000 6.04867000e+00
-2.36280000 6.93190000e+00
-2.33280000 5.69766000e+00
-2.30280000 4.17576200e+00
-2.27280000 3.30114800e+00
-2.24280000 2.61089200e+00
-2.21280000 2.12572200e+00
-2.18280000 1.97055500e+00
-2.15280000 1.90175100e+00
-2.12280000 1.98490100e+00
-2.09280000 2.34692100e+00
-2.06280000 3.17431500e+00
-2.03280000 4.88766000e+00
-2.00280000 7.85761500e+00
-1.97280000 9.22923500e+00
-1.94280000 7.31290000e+00
-1.91280000 6.58914200e+00
-1.88280000 6.79067900e+00
-1.85280000 5.15919500e+00
-1.82280000 3.29779800e+00
-1.79280000 2.24064400e+00
-1.76280000 1.64805000e+00
-1.73280000 1.30409300e+00
-1.70280000 1.13803900e+00
-1.67280000 1.10264700e+00
-1.64280000 1.18710800e+00
-1.61280000 1.35549600e+00
-1.58280000 1.52544100e+00
-1.55280000 1.51426200e+00
-1.52280000 1.37267900e+00
-1.49280000 1.29332200e+00
-1.46280000 1.31569300e+00
-1.43280000 1.48231900e+00
-1.40280000 1.69566900e+00
-1.37280000 1.97700300e+00
-1.34280000 2.06200800e+00
-1.31280000 1.74951000e+00
-1.28280000 1.64982200e+00
-1.25280000 1.76486400e+00
-1.22280000 1.67453400e+00
-1.19280000 1.47046500e+00
-1.16280000 1.35120300e+00
-1.12027000 1.38285900e+00
-1.09027000 1.50189000e+00
-1.06027000 1.61618700e+00
-1.03027000 1.73687600e+00
-1.00027000 1.97260100e+00
-0.97026700 2.52666500e+00
-0.94026700 2.79751300e+00
-0.91026700 2.62535600e+00
-0.88026700 2.68753600e+00
-0.85026700 3.15993800e+00
-0.82026700 3.43967800e+00
-0.79026700 3.28138000e+00
-0.76026700 3.38248800e+00
-0.73026700 3.63832000e+00
-0.70026700 3.80611000e+00
-0.67026700 3.67005000e+00
-0.64026700 3.26748000e+00
-0.61026700 2.87651400e+00
-0.58026700 2.65292700e+00
-0.55026700 2.42256200e+00
-0.52026700 2.18421200e+00
-0.49026700 2.04235000e+00
-0.46026700 1.97161200e+00
-0.43026700 1.80161200e+00
-0.40026700 1.73464700e+00
-0.37026700 1.83298500e+00
-0.34026700 2.03282500e+00
-0.31026700 2.48613600e+00
-0.28026700 3.09677900e+00
-0.25026700 4.04140100e+00
-0.22026700 4.86049000e+00
-0.19026700 4.65390900e+00
-0.16026700 4.56316200e+00
-0.13026700 4.58588200e+00
-0.10026700 4.78957800e+00
-0.07026710 5.83281100e+00
-0.04026710 6.53881200e+00
-0.01026710 6.07156000e+00
0.01973290 6.09826000e+00
0.04973290 5.84183000e+00
0.07973290 6.06965000e+00
0.10973300 6.17545000e+00
0.13973300 4.73912600e+00
0.16973300 3.60110200e+00
0.19973300 3.06397400e+00
0.22973300 2.80825000e+00
0.25973300 2.77066000e+00
0.28973300 2.98445300e+00
0.31973300 3.56513100e+00
0.34973300 4.89697600e+00
0.37973300 7.38817900e+00
0.40973300 1.02392460e+01
0.43973300 1.02178850e+01
0.46973300 7.57855200e+00
0.49973300 5.36425700e+00
0.52973300 4.43981900e+00
0.55973300 4.51228000e+00
0.58973300 5.04324000e+00
0.61973300 5.48906000e+00
0.64973300 5.40472000e+00
0.67973300 4.83549000e+00
0.70973300 4.91731000e+00
0.73973300 6.08119000e+00
0.76973300 7.94582000e+00
