# E(MeV)  S_NSDRNSDR(Total=K0+2*K1) for Rh135_DDPCX
-18.51310000 2.64781600e+00
-18.48310000 3.02316550e+00
-18.45310000 5.31526000e+00
-18.42310000 1.12193660e+01
-18.39310000 1.58778300e+01
-18.36310000 1.15895690e+01
-18.33310000 6.52428900e+00
-18.30310000 3.89082520e+00
-18.27310000 2.63520357e+00
-18.24310000 2.06345220e+00
-18.21310000 1.91729090e+00
-18.18310000 2.19061020e+00
-18.15310000 3.08969870e+00
-18.12310000 4.52865210e+00
-18.09310000 4.36322600e+00
-18.06310000 2.73686000e+00
-18.03310000 1.66571070e+00
-18.00310000 1.12183720e+00
-17.97310000 8.35654200e-01
-17.94310000 6.77697900e-01
-17.91310000 5.91620000e-01
-17.88310000 5.43086000e-01
-17.85310000 5.18519000e-01
-17.82310000 5.28422000e-01
-17.79310000 5.82547000e-01
-17.76310000 7.04190000e-01
-17.73310000 9.51882000e-01
-17.70310000 1.46262480e+00
-17.67310000 2.45066060e+00
-17.64310000 3.36973900e+00
-17.61310000 2.61853180e+00
-17.58310000 1.54272480e+00
-17.55310000 9.54293600e-01
-17.52310000 6.56565800e-01
-17.49310000 4.94397600e-01
-17.46310000 3.98478800e-01
-17.43310000 3.37766600e-01
-17.40310000 2.97286800e-01
-17.37310000 2.69244200e-01
-17.34310000 2.49300000e-01
-17.31310000 2.34913400e-01
-17.28310000 2.24536200e-01
-17.25310000 2.17217100e-01
-17.22310000 2.12398700e-01
-17.19310000 2.09830400e-01
-17.16310000 2.09579600e-01
-17.13310000 2.12172300e-01
-17.10310000 2.19006100e-01
-17.07310000 2.33436200e-01
-17.04310000 2.63263000e-01
-17.01310000 3.20683600e-01
-16.98310000 3.74604500e-01
-16.95310000 3.33835500e-01
-16.92310000 2.75012100e-01
-16.89310000 2.44431400e-01
-16.86310000 2.30959200e-01
-16.83310000 2.25860300e-01
-16.80310000 2.25341600e-01
-16.77310000 2.27875800e-01
-16.74310000 2.32996900e-01
-16.71310000 2.40905800e-01
-16.68310000 2.52492300e-01
-16.65310000 2.69743600e-01
-16.62310000 2.96894100e-01
-16.58060000 3.72940200e-01
-16.55060000 4.88102400e-01
-16.52060000 6.83294700e-01
-16.49060000 7.75143400e-01
-16.46060000 6.13550000e-01
-16.43060000 4.64178500e-01
-16.40060000 3.89874100e-01
-16.37060000 3.57685800e-01
-16.34060000 3.46268300e-01
-16.31060000 3.46342500e-01
-16.28060000 3.54044900e-01
-16.25060000 3.67989000e-01
-16.22060000 3.88139900e-01
-16.19060000 4.15517300e-01
-16.16060000 4.52331000e-01
-16.13060000 5.02590000e-01
-16.10060000 5.73512000e-01
-16.07060000 6.78749000e-01
-16.04060000 8.46037000e-01
-16.01060000 1.13562800e+00
-15.98060000 1.67005500e+00
-15.95060000 2.50801800e+00
-15.92060000 3.06565000e+00
-15.89060000 3.01986700e+00
-15.86060000 3.16040200e+00
-15.83060000 4.30828300e+00
-15.80060000 5.75455700e+00
-15.77060000 4.72383200e+00
-15.74060000 2.95023300e+00
-15.71060000 1.99337900e+00
-15.68060000 1.58523300e+00
-15.65060000 1.49794900e+00
-15.62060000 1.70135000e+00
-15.59060000 2.29777200e+00
-15.56060000 3.06120600e+00
-15.53060000 3.00554800e+00
-15.50060000 2.20343600e+00
-15.47060000 1.50989400e+00
-15.44060000 1.14832800e+00
-15.41060000 9.72688000e-01
-15.38060000 8.90331000e-01
-15.35060000 8.61039000e-01
-15.32060000 8.68503000e-01
-15.29060000 9.05748000e-01
-15.26060000 9.72709000e-01
-15.23060000 1.08533400e+00
-15.20060000 1.26220400e+00
-15.17060000 1.47809100e+00
-15.14060000 1.74469900e+00
-15.11060000 2.22458100e+00
-15.08060000 3.12557800e+00
-15.05060000 4.78982900e+00
-15.02060000 7.65770500e+00
-14.99060000 1.05416390e+01
-14.96060000 8.98999900e+00
-14.93060000 6.60244000e+00
-14.90060000 5.91672000e+00
-14.87060000 6.60647000e+00
-14.84060000 8.40605000e+00
-14.81060000 1.02349700e+01
-14.78060000 1.00874300e+01
-14.75060000 6.70483200e+00
-14.72060000 4.18057200e+00
-14.69060000 2.88999500e+00
-14.64800000 2.04699100e+00
-14.61800000 1.76665300e+00
-14.58800000 1.62074000e+00
-14.55800000 1.56784300e+00
-14.52800000 1.58579000e+00
-14.49800000 1.65406800e+00
-14.46800000 1.74887700e+00
-14.43800000 1.83192400e+00
-14.40800000 2.00852500e+00
-14.37800000 2.34650500e+00
-14.34800000 2.80680400e+00
-14.31800000 3.28452200e+00
-14.28800000 4.11373200e+00
-14.25800000 5.60222600e+00
-14.22800000 7.11924800e+00
-14.19800000 8.59383700e+00
-14.16800000 1.20390840e+01
-14.13800000 1.95804990e+01
-14.10800000 3.14043190e+01
-14.07800000 3.24319840e+01
-14.04800000 2.04491910e+01
-14.01800000 1.21572190e+01
-13.98800000 8.16044400e+00
-13.95800000 6.27674200e+00
-13.92800000 5.47320200e+00
-13.89800000 5.45418000e+00
-13.86800000 5.95459000e+00
-13.83800000 6.97935000e+00
-13.80800000 6.62410000e+00
-13.77800000 4.72092000e+00
-13.74800000 3.40269400e+00
-13.71800000 2.71933600e+00
-13.68800000 2.36778200e+00
-13.65800000 2.19094000e+00
-13.62800000 2.12336000e+00
-13.59800000 2.14131100e+00
-13.56800000 2.23127400e+00
-13.53800000 2.41902400e+00
-13.50800000 2.67380400e+00
-13.47800000 2.74702900e+00
-13.44800000 2.82217200e+00
-13.41800000 3.11251300e+00
-13.38800000 3.69619100e+00
-13.35800000 4.71504300e+00
-13.32800000 5.92212000e+00
-13.29800000 6.99055000e+00
-13.26800000 9.26217000e+00
-13.23800000 1.27071200e+01
-13.20800000 1.34577400e+01
-13.17800000 1.05835100e+01
-13.14800000 9.00084000e+00
-13.11800000 9.49707000e+00
-13.08800000 1.22283400e+01
-13.05800000 1.81711800e+01
-13.02800000 2.44346200e+01
-12.99800000 2.13857200e+01
-12.96800000 1.65970400e+01
-12.93800000 1.57953700e+01
-12.90800000 1.89584700e+01
-12.87800000 2.74750100e+01
-12.84800000 4.26869100e+01
-12.81800000 4.97769900e+01
-12.78800000 4.12002900e+01
-12.75800000 4.00602000e+01
-12.71550000 5.71582000e+01
-12.68550000 6.59264000e+01
-12.65550000 5.36807000e+01
-12.62550000 3.41102800e+01
-12.59550000 2.22109600e+01
-12.56550000 1.61366000e+01
-12.53550000 1.31488800e+01
-12.50550000 1.18144100e+01
-12.47550000 1.15240500e+01
-12.44550000 1.20763300e+01
-12.41550000 1.35078300e+01
-12.38550000 1.61450000e+01
-12.35550000 2.07750600e+01
-12.32550000 2.91228800e+01
-12.29550000 4.49912700e+01
-12.26550000 7.47668300e+01
-12.23550000 1.16727660e+02
-12.20550000 1.21767560e+02
-12.17550000 9.11551500e+01
-12.14550000 8.04612500e+01
-12.11550000 8.43723800e+01
-12.08550000 6.61192300e+01
-12.05550000 4.26926600e+01
-12.02550000 2.98467700e+01
-11.99550000 2.38935900e+01
-11.96550000 2.18755900e+01
-11.93550000 2.28930500e+01
-11.90550000 2.72892600e+01
-11.87550000 3.61905000e+01
-11.84550000 4.95122000e+01
-11.81550000 6.06217000e+01
-11.78550000 6.03700000e+01
-11.75550000 6.88367000e+01
-11.72550000 1.00236200e+02
-11.69550000 1.44372760e+02
-11.66550000 1.55457390e+02
-11.63550000 1.15804470e+02
-11.60550000 7.02117300e+01
-11.57550000 4.57271200e+01
-11.54550000 3.42548600e+01
-11.51550000 2.95435200e+01
-11.48550000 3.01350300e+01
-11.45550000 3.70397000e+01
-11.42550000 5.12041000e+01
-11.39550000 6.39041000e+01
-11.36550000 7.58627000e+01
-11.33550000 8.12786000e+01
-11.30550000 5.77362800e+01
-11.27550000 3.71721100e+01
-11.24550000 2.76829000e+01
-11.21550000 2.44813300e+01
-11.18550000 2.21404900e+01
-11.15550000 2.05091600e+01
-11.12550000 1.92410000e+01
-11.09550000 1.70081400e+01
-11.06550000 1.63813100e+01
-11.03550000 1.78021400e+01
-11.00550000 2.15755000e+01
-10.97550000 2.91348400e+01
-10.94550000 4.41405500e+01
-10.91550000 7.32394600e+01
-10.88550000 1.10684570e+02
-10.85550000 1.16351860e+02
-10.82550000 9.42549200e+01
-10.78300000 7.45979400e+01
-10.75300000 5.66063700e+01
-10.72300000 4.15924600e+01
-10.69300000 3.02302700e+01
-10.66300000 2.44719700e+01
-10.63300000 2.38527100e+01
-10.60300000 2.78179200e+01
-10.57300000 3.32039000e+01
-10.54300000 3.72835000e+01
-10.51300000 4.34781100e+01
-10.48300000 5.37032000e+01
-10.45300000 5.27785000e+01
-10.42300000 4.89507000e+01
-10.39300000 4.83695000e+01
-10.36300000 3.91654400e+01
-10.33300000 3.00620400e+01
-10.30300000 2.19415400e+01
-10.27300000 1.64940300e+01
-10.24300000 1.39370800e+01
-10.21300000 1.37075100e+01
-10.18300000 1.59314300e+01
-10.15300000 2.12498000e+01
-10.12300000 2.55393400e+01
-10.09300000 2.28302200e+01
-10.06300000 2.15324000e+01
-10.03300000 2.62613200e+01
-10.00300000 3.49563400e+01
-9.97295000 3.33832200e+01
-9.94295000 2.48128800e+01
-9.91295000 2.07115100e+01
-9.88295000 1.97375400e+01
-9.85295000 2.11995400e+01
-9.82295000 2.71705500e+01
-9.79295000 4.13257700e+01
-9.76295000 6.60647700e+01
-9.73295000 7.64563600e+01
-9.70295000 5.71993100e+01
-9.67295000 4.43173100e+01
-9.64295000 4.50707500e+01
-9.61295000 4.75596000e+01
-9.58295000 3.92278000e+01
-9.55295000 3.14745200e+01
-9.52295000 2.83331900e+01
-9.49295000 2.64716500e+01
-9.46295000 2.95250700e+01
-9.43295000 4.14253500e+01
-9.40295000 6.58824500e+01
-9.37295000 8.25915000e+01
-9.34295000 6.28660800e+01
-9.31295000 4.09541800e+01
-9.28295000 2.91929700e+01
-9.25295000 2.26064900e+01
-9.22295000 1.97537600e+01
-9.19295000 2.17361400e+01
-9.16295000 2.53300800e+01
-9.13295000 2.10589800e+01
-9.10295000 1.47380300e+01
-9.07295000 1.08869900e+01
-9.04295000 8.82129000e+00
-9.01295000 7.92651000e+00
-8.98295000 7.83767000e+00
-8.95295000 8.50826000e+00
-8.92295000 1.02059000e+01
-8.89295000 1.34446600e+01
-8.85042000 2.27930800e+01
-8.82042000 3.66458500e+01
-8.79042000 4.85950800e+01
-8.76042000 3.96086100e+01
-8.73042000 2.89653700e+01
-8.70042000 2.38943200e+01
-8.67042000 1.85632900e+01
-8.64042000 1.37656200e+01
-8.61042000 1.07605100e+01
-8.58042000 9.50688000e+00
-8.55042000 8.89233000e+00
-8.52042000 9.48589000e+00
-8.49042000 1.21403700e+01
-8.46042000 1.69941100e+01
-8.43042000 1.96891000e+01
-8.40042000 1.79186200e+01
-8.37042000 1.60035800e+01
-8.34042000 1.23984800e+01
-8.31042000 1.04634500e+01
-8.28042000 1.11960000e+01
-8.25042000 1.37820800e+01
-8.22042000 1.31608400e+01
-8.19042000 9.84920000e+00
-8.16042000 7.50644000e+00
-8.13042000 6.33161000e+00
-8.10042000 6.03622000e+00
-8.07042000 6.39183000e+00
-8.04042000 7.41639000e+00
-8.01042000 9.24734000e+00
-7.98042000 1.22971400e+01
-7.95042000 1.74787600e+01
-7.92042000 2.66016300e+01
-7.89042000 4.09029800e+01
-7.86042000 5.15646000e+01
-7.83042000 4.75349000e+01
-7.80042000 3.75662500e+01
-7.77042000 2.51309200e+01
-7.74042000 1.67558400e+01
-7.71042000 1.28641000e+01
-7.68042000 1.17981400e+01
-7.65042000 1.30142000e+01
-7.62042000 1.61441200e+01
-7.59042000 2.00716960e+01
-7.56042000 2.36122360e+01
-7.53042000 2.40323430e+01
-7.50042000 2.42928160e+01
-7.47042000 2.52666600e+01
-7.44042000 3.21980900e+01
-7.41042000 4.22119500e+01
-7.38042000 4.01562000e+01
-7.35042000 3.46196600e+01
-7.32042000 2.68302100e+01
-7.29042000 1.99038900e+01
-7.26042000 1.62329000e+01
-7.23042000 1.49167500e+01
-7.20042000 1.40264800e+01
-7.17042000 1.19832600e+01
-7.14042000 1.05914300e+01
-7.11042000 8.62354000e+00
-7.08042000 7.32965000e+00
-7.05042000 7.51166000e+00
-7.02042000 7.61295000e+00
-6.99042000 6.32811000e+00
-6.96042000 5.26105000e+00
-6.91788000 4.84482000e+00
-6.88788000 5.00435000e+00
-6.85788000 5.56363000e+00
-6.82788000 6.35620000e+00
-6.79788000 6.69655000e+00
-6.76788000 8.07550000e+00
-6.73788000 1.08668000e+01
-6.70788000 1.12908900e+01
-6.67788000 8.43985000e+00
-6.64788000 6.55490000e+00
-6.61788000 5.46488000e+00
-6.58788000 5.03533000e+00
-6.55788000 4.93259000e+00
-6.52788000 5.34788600e+00
-6.49788000 6.80701300e+00
-6.46788000 9.26514800e+00
-6.43788000 1.07609410e+01
-6.40788000 1.09071690e+01
-6.37788000 1.08413450e+01
-6.34788000 1.02942080e+01
-6.31788000 9.68368200e+00
-6.28788000 9.42602000e+00
-6.25788000 1.14412560e+01
-6.22788000 1.50395520e+01
-6.19788000 1.53245480e+01
-6.16788000 1.40347840e+01
-6.13788000 1.43554380e+01
-6.10788000 1.29645180e+01
-6.07788000 1.21069370e+01
-6.04788000 1.38295410e+01
-6.01788000 1.38752270e+01
-5.98788000 1.08845770e+01
-5.95788000 8.29669100e+00
-5.92788000 7.62349000e+00
-5.89788000 8.49928100e+00
-5.86788000 8.17170500e+00
-5.83788000 6.37980100e+00
-5.80788000 5.53079300e+00
-5.77788000 5.77561000e+00
-5.74788000 7.09307000e+00
-5.71788000 9.55151000e+00
-5.68788000 1.25095100e+01
-5.65788000 1.56343200e+01
-5.62788000 1.80353300e+01
-5.59788000 2.09980800e+01
-5.56788000 1.99084600e+01
-5.53788000 1.35099700e+01
-5.50788000 8.93742000e+00
-5.47788000 6.92826000e+00
-5.44788000 6.37845000e+00
-5.41788000 6.16010000e+00
-5.38788000 6.35825000e+00
-5.35788000 7.77503000e+00
-5.32788000 1.13028300e+01
-5.29788000 1.59425400e+01
-5.26788000 1.49779830e+01
-5.23788000 1.10718320e+01
-5.20788000 9.53102000e+00
-5.17788000 9.95389000e+00
-5.14788000 1.21034700e+01
-5.11788000 1.41424800e+01
-5.08788000 1.48757700e+01
-5.05788000 1.30833700e+01
-5.02788000 9.43678000e+00
-4.98534000 5.49303800e+00
-4.95534000 4.25408800e+00
-4.92534000 3.87513400e+00
-4.89534000 3.89423900e+00
-4.86534000 3.61866200e+00
-4.83534000 3.24058300e+00
-4.80534000 3.24490400e+00
-4.77534000 3.87949100e+00
-4.74534000 5.34139400e+00
-4.71534000 6.96147600e+00
-4.68534000 7.23597200e+00
-4.65534000 6.74334400e+00
-4.62534000 5.93267000e+00
-4.59534000 5.03421000e+00
-4.56534000 4.43384000e+00
-4.53534000 4.63315000e+00
-4.50534000 4.45297000e+00
-4.47534000 3.77268500e+00
-4.44534000 3.46349400e+00
-4.41534000 3.63579400e+00
-4.38534000 4.29498000e+00
-4.35534000 5.65850000e+00
-4.32534000 6.35055000e+00
-4.29534000 5.17385000e+00
-4.26534000 3.95427200e+00
-4.23534000 3.07359600e+00
-4.20534000 2.60208600e+00
-4.17534000 2.37626600e+00
-4.14534000 2.10610000e+00
-4.11534000 1.85247000e+00
-4.08534000 1.77144100e+00
-4.05534000 1.90111200e+00
-4.02534000 2.26832400e+00
-3.99534000 2.94936400e+00
-3.96534000 4.26110000e+00
-3.93534000 6.11030100e+00
-3.90534000 6.43532300e+00
-3.87534000 5.33789000e+00
-3.84534000 4.18249000e+00
-3.81534000 3.08637700e+00
-3.78534000 2.56733700e+00
-3.75534000 2.45826200e+00
-3.72534000 2.38788500e+00
-3.69534000 2.40256600e+00
-3.66534000 2.79344500e+00
-3.63534000 3.25737000e+00
-3.60534000 2.96282800e+00
-3.57534000 2.34327700e+00
-3.54534000 1.94826700e+00
-3.51534000 1.75082600e+00
-3.48534000 1.57362000e+00
-3.45534000 1.42664600e+00
-3.42534000 1.38704400e+00
-3.39534000 1.19960700e+00
-3.36534000 9.83058000e-01
-3.33534000 8.58356000e-01
-3.30534000 7.91508000e-01
-3.27534000 7.43523000e-01
-3.24534000 7.25645000e-01
-3.21534000 7.79641000e-01
-3.18534000 9.11417000e-01
-3.15534000 9.45814000e-01
-3.12534000 8.14278000e-01
-3.09534000 7.43361000e-01
-3.05280000 7.73228000e-01
-3.02280000 8.45514000e-01
-2.99280000 8.72903000e-01
-2.96280000 8.29349000e-01
-2.93280000 7.72941000e-01
-2.90280000 7.23881000e-01
-2.87280000 6.73920000e-01
-2.84280000 6.51369000e-01
-2.81280000 6.60981000e-01
-2.78280000 7.10692000e-01
-2.75280000 8.01992000e-01
-2.72280000 9.46508000e-01
-2.69280000 1.19273900e+00
-2.66280000 1.62650800e+00
-2.63280000 2.24786500e+00
-2.60280000 2.67254400e+00
-2.57280000 2.46144200e+00
-2.54280000 2.43964800e+00
-2.51280000 2.86965900e+00
-2.48280000 2.75073300e+00
-2.45280000 2.14458900e+00
-2.42280000 1.79541900e+00
-2.39280000 1.62344000e+00
-2.36280000 1.56785800e+00
-2.33280000 1.79974700e+00
-2.30280000 2.23438200e+00
-2.27280000 2.26195700e+00
-2.24280000 1.64439200e+00
-2.21280000 1.15920100e+00
-2.18280000 9.06778000e-01
-2.15280000 7.94576000e-01
-2.12280000 7.79641000e-01
-2.09280000 8.02534000e-01
-2.06280000 7.58218000e-01
-2.03280000 6.94031000e-01
-2.00280000 6.69488000e-01
-1.97280000 6.95741000e-01
-1.94280000 7.15907000e-01
-1.91280000 6.92639000e-01
-1.88280000 6.49460000e-01
-1.85280000 6.18863000e-01
-1.82280000 5.78896000e-01
-1.79280000 5.64753000e-01
-1.76280000 5.46311000e-01
-1.73280000 5.19958000e-01
-1.70280000 5.14948000e-01
-1.67280000 5.44771000e-01
-1.64280000 6.26202000e-01
-1.61280000 7.62966000e-01
-1.58280000 8.99540000e-01
-1.55280000 9.82778000e-01
-1.52280000 9.59709000e-01
-1.49280000 8.38045000e-01
-1.46280000 7.68283000e-01
-1.43280000 8.21214000e-01
-1.40280000 8.93308000e-01
-1.37280000 8.88239000e-01
-1.34280000 7.81807000e-01
-1.31280000 6.85464000e-01
-1.28280000 6.23012000e-01
-1.25280000 5.63073000e-01
-1.22280000 5.38527000e-01
-1.19280000 5.28618000e-01
-1.16280000 5.06431000e-01
-1.12027000 5.04241000e-01
-1.09027000 5.37126000e-01
-1.06027000 5.92932000e-01
-1.03027000 6.39312000e-01
-1.00027000 6.99122000e-01
-0.97026700 8.04847000e-01
-0.94026700 9.38473000e-01
-0.91026700 1.17183100e+00
-0.88026700 1.33820800e+00
-0.85026700 1.31249300e+00
-0.82026700 1.29740700e+00
-0.79026700 1.40290900e+00
-0.76026700 1.63284400e+00
-0.73026700 1.53953600e+00
-0.70026700 1.31618500e+00
-0.67026700 1.34696600e+00
-0.64026700 1.62390600e+00
-0.61026700 2.07016800e+00
-0.58026700 2.37944900e+00
-0.55026700 2.39991100e+00
-0.52026700 2.33828200e+00
-0.49026700 1.99203300e+00
-0.46026700 1.58477700e+00
-0.43026700 1.34305700e+00
-0.40026700 1.23549300e+00
-0.37026700 1.23862500e+00
-0.34026700 1.12059500e+00
-0.31026700 9.25676000e-01
-0.28026700 8.51535000e-01
-0.25026700 8.87668000e-01
-0.22026700 9.27134000e-01
-0.19026700 9.23118000e-01
-0.16026700 8.13841000e-01
-0.13026700 7.34637000e-01
-0.10026700 6.86934000e-01
-0.07026710 6.72528000e-01
-0.04026710 6.99617000e-01
-0.01026710 7.93031000e-01
0.01973290 9.17477000e-01
0.04973290 8.70432000e-01
0.07973290 7.88342000e-01
0.10973300 7.80753000e-01
0.13973300 7.97720000e-01
0.16973300 7.77479000e-01
0.19973300 7.90075000e-01
0.22973300 8.70106000e-01
0.25973300 9.28709000e-01
0.28973300 8.72384000e-01
0.31973300 7.73604000e-01
0.34973300 7.25237000e-01
0.37973300 7.05271000e-01
0.40973300 7.21409000e-01
0.43973300 6.99799000e-01
0.46973300 6.48620000e-01
0.49973300 6.42567000e-01
0.52973300 6.88744000e-01
0.55973300 7.74901000e-01
0.58973300 8.38249000e-01
0.61973300 8.48246000e-01
0.64973300 8.64206000e-01
0.67973300 8.82790000e-01
0.70973300 9.83413000e-01
0.73973300 1.07309700e+00
0.76973300 1.05002000e+00
