# E(MeV)  S_GAMTGAMT(Total=K0+2*K1) for Rn235_DDPCX
-5.32881000 1.17462200e-02
-5.29881000 1.21354500e-02
-5.26881000 1.23253100e-02
-5.23881000 1.20921100e-02
-5.20881000 1.19109900e-02
-5.17881000 1.18551900e-02
-5.14881000 1.18643200e-02
-5.11881000 1.19050100e-02
-5.08881000 1.19628700e-02
-5.05881000 1.20316100e-02
-5.02881000 1.21086200e-02
-4.99881000 1.21931600e-02
-4.96881000 1.22858500e-02
-4.93881000 1.23887600e-02
-4.90881000 1.25060200e-02
-4.87881000 1.26455700e-02
-4.84881000 1.28232100e-02
-4.81881000 1.30725500e-02
-4.78881000 1.34696300e-02
-4.75881000 1.41791100e-02
-4.71471000 1.57406100e-02
-4.68471000 1.53793000e-02
-4.65471000 1.44442700e-02
-4.62471000 1.39472500e-02
-4.59471000 1.37490800e-02
-4.56471000 1.36920900e-02
-4.53471000 1.37044100e-02
-4.50471000 1.37543400e-02
-4.47471000 1.38268500e-02
-4.44471000 1.39144100e-02
-4.41471000 1.40129700e-02
-4.38471000 1.41203900e-02
-4.35471000 1.42355000e-02
-4.32471000 1.43577700e-02
-4.29471000 1.44866300e-02
-4.26471000 1.46222200e-02
-4.23471000 1.47653500e-02
-4.20471000 1.49166500e-02
-4.17471000 1.50770300e-02
-4.14471000 1.52477200e-02
-4.10060000 1.55212200e-02
-4.07060000 1.57262400e-02
-4.04060000 1.59510300e-02
-4.01060000 1.62013500e-02
-3.98060000 1.64860100e-02
-3.95060000 1.68190800e-02
-3.92060000 1.72245000e-02
-3.89060000 1.77457400e-02
-3.86060000 1.84682500e-02
-3.83060000 1.95741000e-02
-3.80060000 2.14744800e-02
-3.77060000 2.49860200e-02
-3.74060000 2.99156100e-02
-3.71060000 2.99116600e-02
-3.68060000 2.57097600e-02
-3.65060000 2.31939200e-02
-3.62060000 2.22510700e-02
-3.59060000 2.21319100e-02
-3.56060000 2.25181400e-02
-3.53060000 2.32883100e-02
-3.48649000 2.45338800e-02
-3.45649000 2.56084200e-02
-3.42649000 2.72286200e-02
-3.39649000 2.96001400e-02
-3.36649000 3.31746800e-02
-3.33649000 3.89529000e-02
-3.30649000 4.87968400e-02
-3.27649000 6.24497000e-02
-3.24649000 7.00057000e-02
-3.21649000 7.70232000e-02
-3.18649000 9.30884000e-02
-3.15649000 1.21385600e-01
-3.12649000 1.78051200e-01
-3.09649000 2.40682200e-01
-3.06649000 2.60111400e-01
-3.03649000 2.50162200e-01
-3.00649000 1.86677800e-01
-2.97649000 1.34665700e-01
-2.94649000 1.20488100e-01
-2.91649000 1.39294300e-01
-2.87238000 1.73719500e-01
-2.84238000 1.30895300e-01
-2.81238000 9.00342000e-02
-2.78238000 6.89884000e-02
-2.75238000 5.96739000e-02
-2.72238000 5.73229000e-02
-2.69238000 6.08700000e-02
-2.66238000 7.23936000e-02
-2.63238000 9.85719000e-02
-2.60238000 1.48515700e-01
-2.57238000 1.92670300e-01
-2.54238000 1.61235000e-01
-2.51238000 1.07014900e-01
-2.48238000 7.70068000e-02
-2.45238000 6.03211000e-02
-2.42238000 4.99831000e-02
-2.39238000 4.45920000e-02
-2.36238000 4.20388000e-02
-2.33238000 3.99484000e-02
-2.30238000 3.84782000e-02
-2.25827000 3.83171000e-02
-2.22827000 3.88406000e-02
-2.19827000 3.84988000e-02
-2.16827000 3.75440000e-02
-2.13827000 3.72587000e-02
-2.10827000 3.77722000e-02
-2.07827000 3.89345000e-02
-2.04827000 4.07587000e-02
-2.01827000 4.34532000e-02
-1.98827000 4.76419000e-02
-1.95827000 5.47035000e-02
-1.92827000 6.73357000e-02
-1.89827000 8.57866000e-02
-1.86827000 9.29665000e-02
-1.83827000 9.20819000e-02
-1.80827000 1.00048600e-01
-1.77827000 1.22221500e-01
-1.74827000 1.68858400e-01
-1.71827000 2.01605000e-01
-1.68827000 1.87563200e-01
-1.64416000 1.82507300e-01
-1.61416000 1.63377300e-01
-1.58416000 1.32071600e-01
-1.55416000 1.08988200e-01
-1.52416000 9.85920000e-02
-1.49416000 9.44593000e-02
-1.46416000 9.62197000e-02
-1.43416000 1.02127400e-01
-1.40416000 1.12482200e-01
-1.37416000 1.29276600e-01
-1.34416000 1.55306200e-01
-1.31416000 1.95935000e-01
-1.28416000 2.62596000e-01
-1.25416000 3.80624200e-01
-1.22416000 5.97385600e-01
-1.19416000 9.65829200e-01
-1.16416000 1.40425920e+00
-1.13416000 1.62116020e+00
-1.10416000 1.38180160e+00
-1.07416000 9.71530800e-01
-1.03006000 5.45220000e-01
-1.00006000 4.35235800e-01
-0.97005500 3.88522800e-01
-0.94005500 3.07358800e-01
-0.91005500 2.39284800e-01
-0.88005500 2.06970800e-01
-0.85005500 1.89067600e-01
-0.82005500 1.76557000e-01
-0.79005500 1.75134800e-01
-0.76005500 1.91446400e-01
-0.73005500 2.18069300e-01
-0.70005500 2.67571600e-01
-0.67005500 3.44739600e-01
-0.64005500 4.32037300e-01
-0.61005500 3.99014700e-01
-0.58005500 2.76079500e-01
-0.55005500 1.98897200e-01
-0.52005500 1.57839200e-01
-0.49005500 1.36497800e-01
-0.46005500 1.28029600e-01
-0.41594700 1.27529700e-01
-0.38594700 1.27644000e-01
-0.35594700 1.32305500e-01
-0.32594700 1.44905000e-01
-0.29594700 1.64618900e-01
-0.26594700 1.81402600e-01
-0.23594700 1.86603000e-01
-0.20594700 1.95116400e-01
-0.17594700 2.18077600e-01
-0.14594700 2.57859800e-01
-0.11594700 3.18398400e-01
-0.08594670 4.11580200e-01
-0.05594670 5.70215200e-01
-0.02594670 8.51389600e-01
0.00405328 1.38068560e+00
0.03405330 2.28035800e+00
0.06405330 3.19252200e+00
0.09405330 2.87232120e+00
0.12405300 1.76464220e+00
0.15405300 1.08230200e+00
0.19816200 6.23431800e-01
0.22816200 4.71347600e-01
0.25816200 3.95661600e-01
0.28816200 3.64920800e-01
0.31816200 3.41758200e-01
0.34816200 3.19939000e-01
0.37816200 3.16417200e-01
0.40816200 3.08699000e-01
0.43816200 2.83040200e-01
0.46816200 2.73687300e-01
0.49816200 2.82223400e-01
0.52816200 2.97602400e-01
0.55816200 3.19395000e-01
0.58816200 3.48953700e-01
0.61816200 3.93797500e-01
0.64816200 4.62226000e-01
0.67816200 5.64120800e-01
0.70816200 6.76758300e-01
0.73816200 8.20994000e-01
0.76816200 1.09868400e+00
