# E(MeV)  S_GAMTGAMT(K=0) for Rn235_DDPCX
-5.32881000 3.89922000e-03
-5.29881000 3.92595000e-03
-5.26881000 3.95337000e-03
-5.23881000 3.98155000e-03
-5.20881000 4.01061000e-03
-5.17881000 4.04069000e-03
-5.14881000 4.07196000e-03
-5.11881000 4.10467000e-03
-5.08881000 4.13915000e-03
-5.05881000 4.17589000e-03
-5.02881000 4.21556000e-03
-4.99881000 4.25920000e-03
-4.96881000 4.30841000e-03
-4.93881000 4.36582000e-03
-4.90881000 4.43590000e-03
-4.87881000 4.52683000e-03
-4.84881000 4.65453000e-03
-4.81881000 4.85267000e-03
-4.78881000 5.19733000e-03
-4.75881000 5.85319000e-03
-4.71471000 7.33365000e-03
-4.68471000 6.91568000e-03
-4.65471000 5.92269000e-03
-4.62471000 5.36635000e-03
-4.59471000 5.10744000e-03
-4.56471000 4.98819000e-03
-4.53471000 4.93667000e-03
-4.50471000 4.92102000e-03
-4.47471000 4.92613000e-03
-4.44471000 4.94429000e-03
-4.41471000 4.97129000e-03
-4.38471000 5.00477000e-03
-4.35471000 5.04334000e-03
-4.32471000 5.08615000e-03
-4.29471000 5.13231000e-03
-4.26471000 5.18150000e-03
-4.23471000 5.23399000e-03
-4.20471000 5.28977000e-03
-4.17471000 5.34885000e-03
-4.14471000 5.41134000e-03
-4.10060000 5.50986000e-03
-4.07060000 5.58178000e-03
-4.04060000 5.65811000e-03
-4.01060000 5.73931000e-03
-3.98060000 5.82593000e-03
-3.95060000 5.91864000e-03
-3.92060000 6.01824000e-03
-3.89060000 6.12570000e-03
-3.86060000 6.24221000e-03
-3.83060000 6.36920000e-03
-3.80060000 6.50846000e-03
-3.77060000 6.66220000e-03
-3.74060000 6.83321000e-03
-3.71060000 7.02506000e-03
-3.68060000 7.24234000e-03
-3.65060000 7.49110000e-03
-3.62060000 7.77943000e-03
-3.59060000 8.11841000e-03
-3.56060000 8.52358000e-03
-3.53060000 9.01737000e-03
-3.48649000 9.97940000e-03
-3.45649000 1.08798000e-02
-3.42649000 1.21035000e-02
-3.39649000 1.38576000e-02
-3.36649000 1.65562000e-02
-3.33649000 2.10857000e-02
-3.30649000 2.91538000e-02
-3.27649000 4.05845000e-02
-3.24649000 4.52063000e-02
-3.21649000 4.75312000e-02
-3.18649000 5.84248000e-02
-3.15649000 8.07420000e-02
-3.12649000 1.26532000e-01
-3.09649000 1.67908000e-01
-3.06649000 1.46627000e-01
-3.03649000 9.93014000e-02
-3.00649000 6.15906000e-02
-2.97649000 4.11117000e-02
-2.94649000 3.08929000e-02
-2.91649000 2.62001000e-02
-2.87238000 2.31905000e-02
-2.84238000 2.10743000e-02
-2.81238000 1.77136000e-02
-2.78238000 1.51534000e-02
-2.75238000 1.36439000e-02
-2.72238000 1.27287000e-02
-2.69238000 1.21462000e-02
-2.66238000 1.17694000e-02
-2.63238000 1.15325000e-02
-2.60238000 1.13993000e-02
-2.57238000 1.13497000e-02
-2.54238000 1.13742000e-02
-2.51238000 1.14733000e-02
-2.48238000 1.16606000e-02
-2.45238000 1.19753000e-02
-2.42238000 1.25121000e-02
-2.39238000 1.34490000e-02
-2.36238000 1.46170000e-02
-2.33238000 1.47656000e-02
-2.30238000 1.45532000e-02
-2.25827000 1.48207000e-02
-2.22827000 1.55896000e-02
-2.19827000 1.62158000e-02
-2.16827000 1.59092000e-02
-2.13827000 1.57907000e-02
-2.10827000 1.61052000e-02
-2.07827000 1.67203000e-02
-2.04827000 1.75839000e-02
-2.01827000 1.87152000e-02
-1.98827000 2.01917000e-02
-1.95827000 2.21679000e-02
-1.92827000 2.49373000e-02
-1.89827000 2.90848000e-02
-1.86827000 3.57947000e-02
-1.83827000 4.66977000e-02
-1.80827000 6.09356000e-02
-1.77827000 8.34097000e-02
-1.74827000 1.25196000e-01
-1.71827000 1.45765000e-01
-1.68827000 1.07009000e-01
-1.64416000 6.53069000e-02
-1.61416000 5.58803000e-02
-1.58416000 5.16770000e-02
-1.55416000 5.02530000e-02
-1.52416000 5.13694000e-02
-1.49416000 5.47833000e-02
-1.46416000 6.06273000e-02
-1.43416000 6.92462000e-02
-1.40416000 8.15146000e-02
-1.37416000 9.91036000e-02
-1.34416000 1.25068000e-01
-1.31416000 1.65124000e-01
-1.28416000 2.30816000e-01
-1.25416000 3.47175000e-01
-1.22416000 5.61683000e-01
-1.19416000 9.26365000e-01
-1.16416000 1.35879000e+00
-1.13416000 1.57108000e+00
-1.10416000 1.32830000e+00
-1.07416000 9.08839000e-01
-1.03006000 4.46701000e-01
-1.00006000 2.87381000e-01
-0.97005500 2.02478000e-01
-0.94005500 1.54705000e-01
-0.91005500 1.25446000e-01
-0.88005500 1.07644000e-01
-0.85005500 9.41832000e-02
-0.82005500 8.37742000e-02
-0.79005500 8.10242000e-02
-0.76005500 8.31286000e-02
-0.73005500 7.51727000e-02
-0.70005500 6.28596000e-02
-0.67005500 5.54116000e-02
-0.64005500 5.15613000e-02
-0.61005500 4.96987000e-02
-0.58005500 4.91095000e-02
-0.55005500 4.93610000e-02
-0.52005500 5.05278000e-02
-0.49005500 5.31224000e-02
-0.46005500 5.77940000e-02
-0.41594700 6.64935000e-02
-0.38594700 6.88146000e-02
-0.35594700 7.31935000e-02
-0.32594700 8.24692000e-02
-0.29594700 9.84031000e-02
-0.26594700 1.17845000e-01
-0.23594700 1.26346000e-01
-0.20594700 1.35040000e-01
-0.17594700 1.55457000e-01
-0.14594700 1.89795000e-01
-0.11594700 2.42163000e-01
-0.08594670 3.25431000e-01
-0.05594670 4.67457000e-01
-0.02594670 7.27623000e-01
0.00405328 1.22756000e+00
0.03405330 2.06898000e+00
0.06405330 2.94776000e+00
0.09405330 2.67739000e+00
0.12405300 1.61808000e+00
0.15405300 9.61649000e-01
0.19816200 5.13601000e-01
0.22816200 3.56438000e-01
0.25816200 2.65402000e-01
0.28816200 2.14245000e-01
0.31816200 1.82633000e-01
0.34816200 1.50364000e-01
0.37816200 1.23256000e-01
0.40816200 1.05831000e-01
0.43816200 9.55566000e-02
0.46816200 9.10165000e-02
0.49816200 9.02478000e-02
0.52816200 9.12744000e-02
0.55816200 9.22950000e-02
0.58816200 8.74237000e-02
0.61816200 8.26815000e-02
0.64816200 8.23080000e-02
0.67816200 8.76728000e-02
0.70816200 9.80223000e-02
0.73816200 1.13750000e-01
0.76816200 1.47358000e-01
