# E(MeV)  S_NSDRNSDR(Total=K0+2*K1) for Rn235_DDPCX
-5.32881000 1.03696400e+00
-5.29881000 1.44537000e+00
-5.26881000 2.24516400e+00
-5.23881000 3.33919600e+00
-5.20881000 3.16204400e+00
-5.17881000 2.07228800e+00
-5.14881000 1.39376500e+00
-5.11881000 1.06015200e+00
-5.08881000 8.90258000e-01
-5.05881000 7.98383000e-01
-5.02881000 7.46798000e-01
-4.99881000 7.17806000e-01
-4.96881000 7.02436000e-01
-4.93881000 6.95816000e-01
-4.90881000 6.95142000e-01
-4.87881000 6.98722000e-01
-4.84881000 7.05500000e-01
-4.81881000 7.14790000e-01
-4.78881000 7.26151000e-01
-4.75881000 7.39289000e-01
-4.71471000 7.61448000e-01
-4.68471000 7.78302000e-01
-4.65471000 7.96542000e-01
-4.62471000 8.16153000e-01
-4.59471000 8.37158000e-01
-4.56471000 8.59602000e-01
-4.53471000 8.83551000e-01
-4.50471000 9.09099000e-01
-4.47471000 9.36361000e-01
-4.44471000 9.65481000e-01
-4.41471000 9.96631000e-01
-4.38471000 1.03001900e+00
-4.35471000 1.06588900e+00
-4.32471000 1.10454000e+00
-4.29471000 1.14633000e+00
-4.26471000 1.19169100e+00
-4.23471000 1.24115800e+00
-4.20471000 1.29538800e+00
-4.17471000 1.35521000e+00
-4.14471000 1.42168100e+00
-4.10060000 1.53447200e+00
-4.07060000 1.62422000e+00
-4.04060000 1.72771800e+00
-4.01060000 1.84898700e+00
-3.98060000 1.99388100e+00
-3.95060000 2.17124100e+00
-3.92060000 2.39501000e+00
-3.89060000 2.68836800e+00
-3.86060000 3.09226600e+00
-3.83060000 3.68440800e+00
-3.80060000 4.62483000e+00
-3.77060000 6.26836000e+00
-3.74060000 9.38303000e+00
-3.71060000 1.46431400e+01
-3.68060000 1.73760000e+01
-3.65060000 1.41908300e+01
-3.62060000 1.28896800e+01
-3.59060000 1.48419600e+01
-3.56060000 1.46633900e+01
-3.53060000 1.08216300e+01
-3.48649000 7.65832000e+00
-3.45649000 7.06745000e+00
-3.42649000 7.11168000e+00
-3.39649000 7.60188000e+00
-3.36649000 8.51724000e+00
-3.33649000 9.95633000e+00
-3.30649000 1.21636100e+01
-3.27649000 1.56443600e+01
-3.24649000 2.14648900e+01
-3.21649000 3.20118300e+01
-3.18649000 5.25880400e+01
-3.15649000 8.94676300e+01
-3.12649000 1.13926710e+02
-3.09649000 8.62196900e+01
-3.06649000 5.87596400e+01
-3.03649000 4.42081500e+01
-3.00649000 3.82781500e+01
-2.97649000 3.83713900e+01
-2.94649000 4.39811800e+01
-2.91649000 5.98962000e+01
-2.87238000 1.22966000e+02
-2.84238000 1.94661100e+02
-2.81238000 1.91241600e+02
-2.78238000 1.20076100e+02
-2.75238000 7.32125000e+01
-2.72238000 5.21417000e+01
-2.69238000 4.65119700e+01
-2.66238000 5.29982800e+01
-2.63238000 6.05515900e+01
-2.60238000 4.69560500e+01
-2.57238000 3.14395000e+01
-2.54238000 2.38164300e+01
-2.51238000 1.96149500e+01
-2.48238000 1.54423000e+01
-2.45238000 1.25798200e+01
-2.42238000 1.09817600e+01
-2.39238000 1.01579300e+01
-2.36238000 9.87663000e+00
-2.33238000 1.01051800e+01
-2.30238000 1.10059100e+01
-2.25827000 1.46331800e+01
-2.22827000 1.88280000e+01
-2.19827000 1.94879600e+01
-2.16827000 1.76009300e+01
-2.13827000 1.79898400e+01
-2.10827000 2.10156200e+01
-2.07827000 2.75033200e+01
-2.04827000 4.09752700e+01
-2.01827000 6.28682100e+01
-1.98827000 7.24045100e+01
-1.95827000 6.95490900e+01
-1.92827000 7.83242300e+01
-1.89827000 7.36461900e+01
-1.86827000 5.03840100e+01
-1.83827000 3.53896600e+01
-1.80827000 2.92104100e+01
-1.77827000 2.82950600e+01
-1.74827000 3.16748500e+01
-1.71827000 4.08436000e+01
-1.68827000 6.06492100e+01
-1.64416000 1.12493500e+02
-1.61416000 1.08207360e+02
-1.58416000 7.72096400e+01
-1.55416000 6.29000300e+01
-1.52416000 6.56670400e+01
-1.49416000 7.07495000e+01
-1.46416000 6.75912000e+01
-1.43416000 7.25146000e+01
-1.40416000 9.45751000e+01
-1.37416000 1.46120700e+02
-1.34416000 2.21030300e+02
-1.31416000 2.38436000e+02
-1.28416000 1.81060800e+02
-1.25416000 1.21845500e+02
-1.22416000 9.20869000e+01
-1.19416000 8.15382000e+01
-1.16416000 8.43643000e+01
-1.13416000 9.43805000e+01
-1.10416000 1.00665200e+02
-1.07416000 1.23934700e+02
-1.03006000 1.86821800e+02
-1.00006000 2.41276300e+02
-0.97005500 2.50749800e+02
-0.94005500 1.89127000e+02
-0.91005500 1.54783800e+02
-0.88005500 1.42946700e+02
-0.85005500 1.36006000e+02
-0.82005500 1.44272700e+02
-0.79005500 1.44243700e+02
-0.76005500 1.33053600e+02
-0.73005500 1.41342200e+02
-0.70005500 1.72305500e+02
-0.67005500 1.88344000e+02
-0.64005500 1.73692200e+02
-0.61005500 1.73174500e+02
-0.58005500 1.73641900e+02
-0.55005500 1.54787100e+02
-0.52005500 1.25163800e+02
-0.49005500 1.14535300e+02
-0.46005500 1.03098100e+02
-0.41594700 8.77225000e+01
-0.38594700 9.68040000e+01
-0.35594700 1.34014600e+02
-0.32594700 1.99695480e+02
-0.29594700 2.14521830e+02
-0.26594700 1.67649200e+02
-0.23594700 1.19046400e+02
-0.20594700 8.45829000e+01
-0.17594700 6.55361000e+01
-0.14594700 5.38490000e+01
-0.11594700 4.96959600e+01
-0.08594670 5.06786000e+01
-0.05594670 4.71050400e+01
-0.02594670 4.41490000e+01
0.00405328 4.58007700e+01
0.03405330 5.65516100e+01
0.06405330 6.87258000e+01
0.09405330 5.64884200e+01
0.12405300 4.00824300e+01
0.15405300 3.33200200e+01
0.19816200 3.59389100e+01
0.22816200 3.71173800e+01
0.25816200 3.56450500e+01
0.28816200 3.79343600e+01
0.31816200 4.52639300e+01
0.34816200 6.18632100e+01
0.37816200 9.89512500e+01
0.40816200 1.60209460e+02
0.43816200 1.71631490e+02
0.46816200 1.12407500e+02
0.49816200 7.10624000e+01
0.52816200 5.49692000e+01
0.55816200 5.31174000e+01
0.58816200 5.01797000e+01
0.61816200 4.21717000e+01
0.64816200 3.66086200e+01
0.67816200 3.94145600e+01
0.70816200 4.83943000e+01
0.73816200 4.61510000e+01
0.76816200 3.46641200e+01
