# E(MeV)  S_NSDRNSDR(K=1) for Sb132_DDPCX
-12.49680000 -1.45933000e-01
-12.46680000 -1.43473000e-01
-12.43680000 -1.41090000e-01
-12.40680000 -1.38778000e-01
-12.37680000 -1.36538000e-01
-12.34680000 -1.34365000e-01
-12.31680000 -1.32257000e-01
-12.28680000 -1.30212000e-01
-12.25680000 -1.28229000e-01
-12.22680000 -1.26305000e-01
-12.19680000 -1.24438000e-01
-12.16680000 -1.22627000e-01
-12.13680000 -1.20870000e-01
-12.10680000 -1.19165000e-01
-12.07680000 -1.17512000e-01
-12.04680000 -1.15908000e-01
-12.01680000 -1.14352000e-01
-11.98680000 -1.12843000e-01
-11.95680000 -1.11381000e-01
-11.92680000 -1.09963000e-01
-11.89680000 -1.08589000e-01
-11.86680000 -1.07258000e-01
-11.83680000 -1.05969000e-01
-11.80680000 -1.04721000e-01
-11.77680000 -1.03514000e-01
-11.74680000 -1.02346000e-01
-11.71680000 -1.01217000e-01
-11.68680000 -1.00127000e-01
-11.65680000 -9.90753000e-02
-11.62680000 -9.80606000e-02
-11.59680000 -9.70830000e-02
-11.56680000 -9.61421000e-02
-11.53680000 -9.52375000e-02
-11.50680000 -9.43691000e-02
-11.47680000 -9.35366000e-02
-11.44680000 -9.27399000e-02
-11.41680000 -9.19789000e-02
-11.38680000 -9.12537000e-02
-11.35680000 -9.05642000e-02
-11.32680000 -8.99106000e-02
-11.29680000 -8.92932000e-02
-11.26680000 -8.87122000e-02
-11.23680000 -8.81680000e-02
-11.20680000 -8.76610000e-02
-11.16590000 -8.70309000e-02
-11.13590000 -8.66144000e-02
-11.10590000 -8.62377000e-02
-11.07590000 -8.59016000e-02
-11.04590000 -8.56072000e-02
-11.01590000 -8.53559000e-02
-10.98590000 -8.51492000e-02
-10.95590000 -8.49888000e-02
-10.92590000 -8.48767000e-02
-10.89590000 -8.48152000e-02
-10.86590000 -8.48068000e-02
-10.83590000 -8.48545000e-02
-10.80590000 -8.49619000e-02
-10.77590000 -8.51328000e-02
-10.74590000 -8.53720000e-02
-10.71590000 -8.56848000e-02
-10.68590000 -8.60776000e-02
-10.65590000 -8.65580000e-02
-10.62590000 -8.71349000e-02
-10.59590000 -8.78191000e-02
-10.56590000 -8.86236000e-02
-10.53590000 -8.95646000e-02
-10.50590000 -9.06618000e-02
-10.47590000 -9.19403000e-02
-10.44590000 -9.34317000e-02
-10.41590000 -9.51772000e-02
-10.38590000 -9.72310000e-02
-10.35590000 -9.96656000e-02
-10.32590000 -1.02581000e-01
-10.29590000 -1.06118000e-01
-10.26590000 -1.10480000e-01
-10.23590000 -1.15973000e-01
-10.20590000 -1.23070000e-01
-10.17590000 -1.32541000e-01
-10.14590000 -1.45707000e-01
-10.11590000 -1.64963000e-01
-10.08590000 -1.94998000e-01
-10.05590000 -2.45722000e-01
-10.02590000 -3.39520000e-01
-9.99589000 -5.23547000e-01
-9.96589000 -8.16149000e-01
-9.93589000 -8.89866000e-01
-9.90589000 -6.65071000e-01
-9.87589000 -4.73499000e-01
-9.83499000 -3.06569000e-01
-9.80499000 -2.51258000e-01
-9.77499000 -2.25861000e-01
-9.74499000 -2.17217000e-01
-9.71499000 -2.20355000e-01
-9.68499000 -2.35051000e-01
-9.65499000 -2.65731000e-01
-9.62499000 -3.25020000e-01
-9.59499000 -4.42285000e-01
-9.56499000 -6.49347000e-01
-9.53499000 -7.71291000e-01
-9.50499000 -6.03517000e-01
-9.47499000 -4.50587000e-01
-9.44499000 -3.90040000e-01
-9.41499000 -3.85337000e-01
-9.38499000 -3.91208000e-01
-9.35499000 -3.85621000e-01
-9.32499000 -3.97208000e-01
-9.29499000 -4.30439000e-01
-9.26499000 -4.84590000e-01
-9.23499000 -5.64169000e-01
-9.20499000 -6.80598000e-01
-9.17499000 -8.57034000e-01
-9.14499000 -1.13881000e+00
-9.11499000 -1.58684000e+00
-9.08499000 -2.18286000e+00
-9.05499000 -3.13730000e+00
-9.02499000 -5.16286000e+00
-8.99499000 -8.83099000e+00
-8.96499000 -1.07520000e+01
-8.93499000 -7.37991000e+00
-8.90499000 -4.31509000e+00
-8.87499000 -2.79323000e+00
-8.84499000 -2.10838000e+00
-8.81499000 -1.87765000e+00
-8.78499000 -1.99884000e+00
-8.75499000 -2.57667000e+00
-8.72499000 -3.95191000e+00
-8.69499000 -6.04256000e+00
-8.66499000 -5.88017000e+00
-8.63499000 -3.66912000e+00
-8.60499000 -2.21742000e+00
-8.57499000 -1.48694000e+00
-8.54499000 -1.10452000e+00
-8.50408000 -8.35514000e-01
-8.47408000 -7.29572000e-01
-8.44408000 -6.65943000e-01
-8.41408000 -6.29852000e-01
-8.38408000 -6.13327000e-01
-8.35408000 -6.12005000e-01
-8.32408000 -6.23622000e-01
-8.29408000 -6.47277000e-01
-8.26408000 -6.83083000e-01
-8.23408000 -7.32053000e-01
-8.20408000 -7.96132000e-01
-8.17408000 -8.78390000e-01
-8.14408000 -9.83392000e-01
-8.11408000 -1.11783000e+00
-8.08408000 -1.29158000e+00
-8.05408000 -1.51956000e+00
-8.02408000 -1.82486000e+00
-7.99408000 -2.24469000e+00
-7.96408000 -2.84174000e+00
-7.93408000 -3.72757000e+00
-7.90408000 -5.11421000e+00
-7.87408000 -7.43629000e+00
-7.84408000 -1.16554000e+01
-7.81408000 -1.99493000e+01
-7.78408000 -3.56849000e+01
-7.75408000 -5.02303000e+01
-7.72408000 -3.86567000e+01
-7.69408000 -2.21885000e+01
-7.66408000 -1.34737000e+01
-7.63408000 -9.59016000e+00
-7.60408000 -8.45897000e+00
-7.57408000 -9.09755000e+00
-7.54408000 -8.62766000e+00
-7.51408000 -6.47015000e+00
-7.48408000 -5.36321000e+00
-7.45408000 -5.68795000e+00
-7.42408000 -7.72368000e+00
-7.39408000 -1.09970000e+01
-7.36408000 -1.01973000e+01
-7.33408000 -6.30147000e+00
-7.30408000 -3.81226000e+00
-7.27408000 -2.52505000e+00
-7.24408000 -1.81647000e+00
-7.21408000 -1.38864000e+00
-7.17317000 -1.03060000e+00
-7.14317000 -8.57918000e-01
-7.11317000 -7.29894000e-01
-7.08317000 -6.31590000e-01
-7.05317000 -5.53962000e-01
-7.02317000 -4.91251000e-01
-6.99317000 -4.39635000e-01
-6.96317000 -3.96480000e-01
-6.93317000 -3.59921000e-01
-6.90317000 -3.28596000e-01
-6.87317000 -3.01493000e-01
-6.84317000 -2.77841000e-01
-6.81317000 -2.57044000e-01
-6.78317000 -2.38636000e-01
-6.75317000 -2.22245000e-01
-6.72317000 -2.07569000e-01
-6.69317000 -1.94367000e-01
-6.66317000 -1.82436000e-01
-6.63317000 -1.71610000e-01
-6.60317000 -1.61751000e-01
-6.57317000 -1.52740000e-01
-6.54317000 -1.44479000e-01
-6.51317000 -1.36882000e-01
-6.48317000 -1.29877000e-01
-6.45317000 -1.23400000e-01
-6.42317000 -1.17398000e-01
-6.39317000 -1.11822000e-01
-6.36317000 -1.06631000e-01
-6.33317000 -1.01789000e-01
-6.30317000 -9.72636000e-02
-6.27317000 -9.30262000e-02
-6.24317000 -8.90516000e-02
-6.21317000 -8.53173000e-02
-6.18317000 -8.18032000e-02
-6.15317000 -7.84914000e-02
-6.12317000 -7.53658000e-02
-6.09317000 -7.24117000e-02
-6.06317000 -6.96161000e-02
-6.03317000 -6.69671000e-02
-6.00317000 -6.44540000e-02
-5.97317000 -6.20670000e-02
-5.94317000 -5.97973000e-02
-5.91317000 -5.76366000e-02
-5.88317000 -5.55777000e-02
-5.84226000 -5.29220000e-02
-5.81226000 -5.10776000e-02
-5.78226000 -4.93143000e-02
-5.75226000 -4.76270000e-02
-5.72226000 -4.60111000e-02
-5.69226000 -4.44621000e-02
-5.66226000 -4.29762000e-02
-5.63226000 -4.15495000e-02
-5.60226000 -4.01787000e-02
-5.57226000 -3.88607000e-02
-5.54226000 -3.75924000e-02
-5.51226000 -3.63711000e-02
-5.48226000 -3.51943000e-02
-5.45226000 -3.40596000e-02
-5.42226000 -3.29647000e-02
-5.39226000 -3.19076000e-02
-5.36226000 -3.08864000e-02
-5.33226000 -2.98993000e-02
-5.30226000 -2.89444000e-02
-5.27226000 -2.80204000e-02
-5.24226000 -2.71255000e-02
-5.21226000 -2.62586000e-02
-5.18226000 -2.54182000e-02
-5.15226000 -2.46031000e-02
-5.12226000 -2.38121000e-02
-5.09226000 -2.30442000e-02
-5.06226000 -2.22982000e-02
-5.03226000 -2.15733000e-02
-5.00226000 -2.08685000e-02
-4.97226000 -2.01829000e-02
-4.94226000 -1.95157000e-02
-4.91226000 -1.88661000e-02
-4.88226000 -1.82335000e-02
-4.85226000 -1.76170000e-02
-4.82226000 -1.70160000e-02
-4.79226000 -1.64299000e-02
-4.76226000 -1.58581000e-02
-4.73226000 -1.53000000e-02
-4.70226000 -1.47551000e-02
-4.67226000 -1.42229000e-02
-4.64226000 -1.37029000e-02
-4.61226000 -1.31945000e-02
-4.58226000 -1.26975000e-02
-4.55226000 -1.22113000e-02
-4.51136000 -1.15651000e-02
-4.48136000 -1.11030000e-02
-4.45136000 -1.06505000e-02
-4.42136000 -1.02072000e-02
-4.39136000 -9.77283000e-03
-4.36136000 -9.34703000e-03
-4.33136000 -8.92951000e-03
-4.30136000 -8.52000000e-03
-4.27136000 -8.11821000e-03
-4.24136000 -7.72389000e-03
-4.21136000 -7.33677000e-03
-4.18136000 -6.95662000e-03
-4.15136000 -6.58321000e-03
-4.12136000 -6.21631000e-03
-4.09136000 -5.85571000e-03
-4.06136000 -5.50120000e-03
-4.03136000 -5.15259000e-03
-4.00136000 -4.80968000e-03
-3.97136000 -4.47230000e-03
-3.94136000 -4.14027000e-03
-3.91136000 -3.81341000e-03
-3.88136000 -3.49158000e-03
-3.85136000 -3.17461000e-03
-3.82136000 -2.86235000e-03
-3.79136000 -2.55465000e-03
-3.76136000 -2.25138000e-03
-3.73136000 -1.95240000e-03
-3.70136000 -1.65758000e-03
-3.67136000 -1.36680000e-03
-3.64136000 -1.07993000e-03
-3.61136000 -7.96850000e-04
-3.58136000 -5.17454000e-04
-3.55136000 -2.41630000e-04
-3.52136000 3.07297000e-05
-3.49136000 2.99727000e-04
-3.46136000 5.65461000e-04
-3.43136000 8.28030000e-04
-3.40136000 1.08753000e-03
-3.37136000 1.34404000e-03
-3.34136000 1.59766000e-03
-3.31136000 1.84847000e-03
-3.28136000 2.09656000e-03
-3.25136000 2.34201000e-03
-3.22136000 2.58489000e-03
-3.18045000 2.91207000e-03
-3.15045000 3.14919000e-03
-3.12045000 3.38399000e-03
-3.09045000 3.61654000e-03
-3.06045000 3.84691000e-03
-3.03045000 4.07518000e-03
-3.00045000 4.30140000e-03
-2.97045000 4.52563000e-03
-2.94045000 4.74795000e-03
-2.91045000 4.96840000e-03
-2.88045000 5.18706000e-03
-2.85045000 5.40398000e-03
-2.82045000 5.61922000e-03
-2.79045000 5.83283000e-03
-2.76045000 6.04487000e-03
-2.73045000 6.25540000e-03
-2.70045000 6.46447000e-03
-2.67045000 6.67213000e-03
-2.64045000 6.87844000e-03
-2.61045000 7.08345000e-03
-2.58045000 7.28721000e-03
-2.55045000 7.48978000e-03
-2.52045000 7.69120000e-03
-2.49045000 7.89153000e-03
-2.46045000 8.09082000e-03
-2.43045000 8.28912000e-03
-2.40045000 8.48649000e-03
-2.37045000 8.68296000e-03
-2.34045000 8.87861000e-03
-2.31045000 9.07347000e-03
-2.28045000 9.26761000e-03
-2.25045000 9.46107000e-03
-2.22045000 9.65392000e-03
-2.19045000 9.84620000e-03
-2.16045000 1.00380000e-02
-2.13045000 1.02293000e-02
-2.10045000 1.04203000e-02
-2.07045000 1.06109000e-02
-2.04045000 1.08012000e-02
-2.01045000 1.09914000e-02
-1.98045000 1.11814000e-02
-1.95045000 1.13714000e-02
-1.92045000 1.15614000e-02
-1.89045000 1.17515000e-02
-1.84954000 1.20110000e-02
-1.81954000 1.22016000e-02
-1.78954000 1.23926000e-02
-1.75954000 1.25841000e-02
-1.72954000 1.27762000e-02
-1.69954000 1.29689000e-02
-1.66954000 1.31625000e-02
-1.63954000 1.33570000e-02
-1.60954000 1.35526000e-02
-1.57954000 1.37494000e-02
-1.54954000 1.39475000e-02
-1.51954000 1.41472000e-02
-1.48954000 1.43486000e-02
-1.45954000 1.45519000e-02
-1.42954000 1.47574000e-02
-1.39954000 1.49652000e-02
-1.36954000 1.51757000e-02
-1.33954000 1.53891000e-02
-1.30954000 1.56058000e-02
-1.27954000 1.58260000e-02
-1.24954000 1.60503000e-02
-1.21954000 1.62790000e-02
-1.18954000 1.65127000e-02
-1.15954000 1.67519000e-02
-1.12954000 1.69972000e-02
-1.09954000 1.72494000e-02
-1.06954000 1.75094000e-02
-1.03954000 1.77779000e-02
-1.00954000 1.80563000e-02
-0.97954400 1.83457000e-02
-0.94954400 1.86477000e-02
-0.91954400 1.89640000e-02
-0.88954400 1.92967000e-02
-0.85954400 1.96485000e-02
-0.82954400 2.00223000e-02
-0.79954400 2.04220000e-02
-0.76954400 2.08524000e-02
-0.73954400 2.13193000e-02
-0.70954400 2.18307000e-02
-0.67954400 2.23968000e-02
-0.64954400 2.30317000e-02
-0.61954400 2.37554000e-02
-0.58954400 2.45976000e-02
-0.55954400 2.56052000e-02
-0.51863700 2.74004000e-02
-0.48863700 2.92547000e-02
-0.45863700 3.19732000e-02
-0.42863700 3.60476000e-02
-0.39863700 4.07011000e-02
-0.36863700 4.61156000e-02
-0.33863700 5.28969000e-02
-0.30863700 5.44543000e-02
-0.27863700 5.67764000e-02
-0.24863700 6.64167000e-02
-0.21863700 8.42770000e-02
-0.18863700 1.01892000e-01
-0.15863700 1.26999000e-01
-0.12863700 1.87265000e-01
-0.09863690 2.72195000e-01
-0.06863690 2.53438000e-01
-0.03863690 1.68574000e-01
-0.00863694 1.19007000e-01
0.02136310 9.81856000e-02
0.05136310 9.27128000e-02
0.08136310 9.74240000e-02
0.11136300 1.12106000e-01
0.14136300 1.40917000e-01
0.17136300 1.95759000e-01
0.20136300 2.99452000e-01
0.23136300 4.46937000e-01
0.26136300 5.57342000e-01
0.29136300 7.52826000e-01
0.32136300 9.29567000e-01
0.35136300 6.82146000e-01
0.38136300 3.95316000e-01
0.41136300 2.41479000e-01
0.44136300 1.62884000e-01
0.47136300 1.19544000e-01
0.50136300 9.36606000e-02
0.53136300 7.71860000e-02
0.56136300 6.62213000e-02
0.59136300 5.87785000e-02
0.62136300 5.38902000e-02
0.65136300 5.13240000e-02
0.68136300 5.13739000e-02
0.71136300 5.19514000e-02
0.74136300 4.74121000e-02
0.77136300 4.21264000e-02
