# E(MeV)  S_NSDRNSDR(Total=K0+2*K1) for Sb132_DDPCX
-12.49680000 -4.32368000e-01
-12.46680000 -4.25218000e-01
-12.43680000 -4.18291000e-01
-12.40680000 -4.11572000e-01
-12.37680000 -4.05060000e-01
-12.34680000 -3.98746000e-01
-12.31680000 -3.92621000e-01
-12.28680000 -3.86682000e-01
-12.25680000 -3.80925000e-01
-12.22680000 -3.75341000e-01
-12.19680000 -3.69927000e-01
-12.16680000 -3.64678000e-01
-12.13680000 -3.59590000e-01
-12.10680000 -3.54658000e-01
-12.07680000 -3.49880000e-01
-12.04680000 -3.45250000e-01
-12.01680000 -3.40766000e-01
-11.98680000 -3.36424000e-01
-11.95680000 -3.32224000e-01
-11.92680000 -3.28159000e-01
-11.89680000 -3.24229000e-01
-11.86680000 -3.20432000e-01
-11.83680000 -3.16765000e-01
-11.80680000 -3.13227000e-01
-11.77680000 -3.09817000e-01
-11.74680000 -3.06531000e-01
-11.71680000 -3.03370000e-01
-11.68680000 -3.00334000e-01
-11.65680000 -2.97421100e-01
-11.62680000 -2.94630100e-01
-11.59680000 -2.91961500e-01
-11.56680000 -2.89415400e-01
-11.53680000 -2.86991800e-01
-11.50680000 -2.84691700e-01
-11.47680000 -2.82515600e-01
-11.44680000 -2.80464800e-01
-11.41680000 -2.78540800e-01
-11.38680000 -2.76745500e-01
-11.35680000 -2.75081000e-01
-11.32680000 -2.73550000e-01
-11.29680000 -2.72155700e-01
-11.26680000 -2.70901700e-01
-11.23680000 -2.69792000e-01
-11.20680000 -2.68831500e-01
-11.16590000 -2.67772500e-01
-11.13590000 -2.67187600e-01
-11.10590000 -2.66774000e-01
-11.07590000 -2.66539500e-01
-11.04590000 -2.66493900e-01
-11.01590000 -2.66648100e-01
-10.98590000 -2.67014800e-01
-10.95590000 -2.67608100e-01
-10.92590000 -2.68444400e-01
-10.89590000 -2.69542600e-01
-10.86590000 -2.70923600e-01
-10.83590000 -2.72613000e-01
-10.80590000 -2.74640800e-01
-10.77590000 -2.77037600e-01
-10.74590000 -2.79846000e-01
-10.71590000 -2.83111600e-01
-10.68590000 -2.86890200e-01
-10.65590000 -2.91246000e-01
-10.62590000 -2.96260800e-01
-10.59590000 -3.02030200e-01
-10.56590000 -3.08672200e-01
-10.53590000 -3.16334200e-01
-10.50590000 -3.25198600e-01
-10.47590000 -3.35499600e-01
-10.44590000 -3.47535400e-01
-10.41590000 -3.61696400e-01
-10.38590000 -3.78503000e-01
-10.35590000 -3.98657200e-01
-10.32590000 -4.23135000e-01
-10.29590000 -4.53320000e-01
-10.26590000 -4.91235000e-01
-10.23590000 -5.39941000e-01
-10.20590000 -6.04237000e-01
-10.17590000 -6.92015000e-01
-10.14590000 -8.16965000e-01
-10.11590000 -1.00434900e+00
-10.08590000 -1.30441900e+00
-10.05590000 -1.82531400e+00
-10.02590000 -2.81299000e+00
-9.99589000 -4.75244400e+00
-9.96589000 -7.45481800e+00
-9.93589000 -7.19836200e+00
-9.90589000 -4.64894200e+00
-9.87589000 -2.98763800e+00
-9.83499000 -1.92447800e+00
-9.80499000 -1.61882600e+00
-9.77499000 -1.52357200e+00
-9.74499000 -1.57888400e+00
-9.71499000 -1.78719000e+00
-9.68499000 -2.21147200e+00
-9.65499000 -3.01933200e+00
-9.62499000 -4.61092000e+00
-9.59499000 -7.79956000e+00
-9.56499000 -1.24194940e+01
-9.53499000 -1.22159820e+01
-9.50499000 -7.63013400e+00
-9.47499000 -4.59912400e+00
-9.44499000 -3.12123000e+00
-9.41499000 -2.41032400e+00
-9.38499000 -2.03565600e+00
-9.35499000 -1.80527200e+00
-9.32499000 -1.71009100e+00
-9.29499000 -1.73034200e+00
-9.26499000 -1.85786600e+00
-9.23499000 -2.11543800e+00
-9.20499000 -2.57242600e+00
-9.17499000 -3.39121800e+00
-9.14499000 -4.88921000e+00
-9.11499000 -7.02756000e+00
-9.08499000 -7.99370000e+00
-9.05499000 -8.80012000e+00
-9.02499000 -1.22894100e+01
-8.99499000 -1.95402800e+01
-8.96499000 -2.36549400e+01
-8.93499000 -1.76150300e+01
-8.90499000 -1.29546800e+01
-8.87499000 -1.29463000e+01
-8.84499000 -1.68918600e+01
-8.81499000 -1.87615000e+01
-8.78499000 -1.39307200e+01
-8.75499000 -1.07072300e+01
-8.72499000 -1.12086600e+01
-8.69499000 -1.42332200e+01
-8.66499000 -1.32619300e+01
-8.63499000 -8.44814000e+00
-8.60499000 -5.29112800e+00
-8.57499000 -3.65699100e+00
-8.54499000 -2.76872100e+00
-8.50408000 -2.11232200e+00
-8.47408000 -1.83742400e+00
-8.44408000 -1.66074300e+00
-8.41408000 -1.54904400e+00
-8.38408000 -1.48387100e+00
-8.35408000 -1.45474200e+00
-8.32408000 -1.45586600e+00
-8.29408000 -1.48452100e+00
-8.26408000 -1.54024400e+00
-8.23408000 -1.62454200e+00
-8.20408000 -1.74090500e+00
-8.17408000 -1.89516400e+00
-8.14408000 -2.09620600e+00
-8.11408000 -2.35722300e+00
-8.08408000 -2.69781500e+00
-8.05408000 -3.14770000e+00
-8.02408000 -3.75296200e+00
-7.99408000 -4.58795050e+00
-7.96408000 -5.77799130e+00
-7.93408000 -7.54616960e+00
-7.90408000 -1.03165278e+01
-7.87408000 -1.49583273e+01
-7.84408000 -2.33947715e+01
-7.81408000 -3.99814317e+01
-7.78408000 -7.14522159e+01
-7.75408000 -1.00543465e+02
-7.72408000 -7.73977997e+01
-7.69408000 -4.44643636e+01
-7.66408000 -2.70397046e+01
-7.63408000 -1.92804420e+01
-7.60408000 -1.70302970e+01
-7.57408000 -1.83268900e+01
-7.54408000 -1.74191070e+01
-7.51408000 -1.31598010e+01
-7.48408000 -1.10503090e+01
-7.45408000 -1.19087350e+01
-7.42408000 -1.63640940e+01
-7.39408000 -2.31749100e+01
-7.36408000 -2.12388510e+01
-7.33408000 -1.30870420e+01
-7.30408000 -7.91891300e+00
-7.27408000 -5.24770600e+00
-7.24408000 -3.77697400e+00
-7.21408000 -2.88903600e+00
-7.17317000 -2.14626460e+00
-7.14317000 -1.78825220e+00
-7.11317000 -1.52296600e+00
-7.08317000 -1.31935720e+00
-7.05317000 -1.15862860e+00
-7.02317000 -1.02881410e+00
-6.99317000 -9.21975800e-01
-6.96317000 -8.32646300e-01
-6.93317000 -7.56956700e-01
-6.90317000 -6.92083700e-01
-6.87317000 -6.35930900e-01
-6.84317000 -5.86902300e-01
-6.81317000 -5.43765100e-01
-6.78317000 -5.05555700e-01
-6.75317000 -4.71505600e-01
-6.72317000 -4.40991400e-01
-6.69317000 -4.13515500e-01
-6.66317000 -3.88659400e-01
-6.63317000 -3.66080800e-01
-6.60317000 -3.45495300e-01
-6.57317000 -3.26657700e-01
-6.54317000 -3.09366200e-01
-6.51317000 -2.93443700e-01
-6.48317000 -2.78742100e-01
-6.45317000 -2.65129600e-01
-6.42317000 -2.52497100e-01
-6.39317000 -2.40743900e-01
-6.36317000 -2.29785600e-01
-6.33317000 -2.19548100e-01
-6.30317000 -2.09964800e-01
-6.27317000 -2.00976900e-01
-6.24317000 -1.92532500e-01
-6.21317000 -1.84585300e-01
-6.18317000 -1.77094000e-01
-6.15317000 -1.70021700e-01
-6.12317000 -1.63335300e-01
-6.09317000 -1.57004600e-01
-6.06317000 -1.51002700e-01
-6.03317000 -1.45305200e-01
-6.00317000 -1.39890000e-01
-5.97317000 -1.34737000e-01
-5.94317000 -1.29827900e-01
-5.91317000 -1.25145820e-01
-5.88317000 -1.20675740e-01
-5.84226000 -1.14896840e-01
-5.81226000 -1.10874090e-01
-5.78226000 -1.07020680e-01
-5.75226000 -1.03326070e-01
-5.72226000 -9.97807600e-02
-5.69226000 -9.63754700e-02
-5.66226000 -9.31023100e-02
-5.63226000 -8.99532400e-02
-5.60226000 -8.69214100e-02
-5.57226000 -8.40004200e-02
-5.54226000 -8.11838400e-02
-5.51226000 -7.84660800e-02
-5.48226000 -7.58419600e-02
-5.45226000 -7.33064900e-02
-5.42226000 -7.08549200e-02
-5.39226000 -6.84830700e-02
-5.36226000 -6.61870100e-02
-5.33226000 -6.39629900e-02
-5.30226000 -6.18070800e-02
-5.27226000 -5.97165400e-02
-5.24226000 -5.76876600e-02
-5.21226000 -5.57181200e-02
-5.18226000 -5.38048200e-02
-5.15226000 -5.19452300e-02
-5.12226000 -5.01368700e-02
-5.09226000 -4.83776400e-02
-5.06226000 -4.66650500e-02
-5.03226000 -4.49974000e-02
-5.00226000 -4.33726100e-02
-4.97226000 -4.17888100e-02
-4.94226000 -4.02443200e-02
-4.91226000 -3.87374500e-02
-4.88226000 -3.72669450e-02
-4.85226000 -3.58309310e-02
-4.82226000 -3.44281430e-02
-4.79226000 -3.30573170e-02
-4.76226000 -3.17171933e-02
-4.73226000 -3.04065120e-02
-4.70226000 -2.91242170e-02
-4.67226000 -2.78692540e-02
-4.64226000 -2.66405710e-02
-4.61226000 -2.54369170e-02
-4.58226000 -2.42578400e-02
-4.55226000 -2.31021000e-02
-4.51136000 -2.15624200e-02
-4.48136000 -2.04587900e-02
-4.45136000 -1.93759600e-02
-4.42136000 -1.83130600e-02
-4.39136000 -1.72695400e-02
-4.36136000 -1.62446200e-02
-4.33136000 -1.52376900e-02
-4.30136000 -1.42481800e-02
-4.27136000 -1.32754600e-02
-4.24136000 -1.23190200e-02
-4.21136000 -1.13782700e-02
-4.18136000 -1.04527200e-02
-4.15136000 -9.54188000e-03
-4.12136000 -8.64526000e-03
-4.09136000 -7.76242000e-03
-4.06136000 -6.89290000e-03
-4.03136000 -6.03630000e-03
-4.00136000 -5.19218000e-03
-3.97136000 -4.36020000e-03
-3.94136000 -3.53995000e-03
-3.91136000 -2.73106000e-03
-3.88136000 -1.93321000e-03
-3.85136000 -1.14606000e-03
-3.82136000 -3.69270000e-04
-3.79136000 3.97480000e-04
-3.76136000 1.15446000e-03
-3.73136000 1.90199000e-03
-3.70136000 2.64033000e-03
-3.67136000 3.36976000e-03
-3.64136000 4.09055000e-03
-3.61136000 4.80295000e-03
-3.58136000 5.50721200e-03
-3.55136000 6.20355000e-03
-3.52136000 6.89222940e-03
-3.49136000 7.57344400e-03
-3.46136000 8.24742200e-03
-3.43136000 8.91438000e-03
-3.40136000 9.57452000e-03
-3.37136000 1.02280200e-02
-3.34136000 1.08750800e-02
-3.31136000 1.15159000e-02
-3.28136000 1.21506600e-02
-3.25136000 1.27795400e-02
-3.22136000 1.34026900e-02
-3.18045000 1.42434600e-02
-3.15045000 1.48537600e-02
-3.12045000 1.54588700e-02
-3.09045000 1.60589600e-02
-3.06045000 1.66541700e-02
-3.03045000 1.72446800e-02
-3.00045000 1.78306000e-02
-2.97045000 1.84120600e-02
-2.94045000 1.89892300e-02
-2.91045000 1.95622200e-02
-2.88045000 2.01311800e-02
-2.85045000 2.06962300e-02
-2.82045000 2.12575400e-02
-2.79045000 2.18150600e-02
-2.76045000 2.23691400e-02
-2.73045000 2.29198000e-02
-2.70045000 2.34672400e-02
-2.67045000 2.40113600e-02
-2.64045000 2.45524800e-02
-2.61045000 2.50907000e-02
-2.58045000 2.56260200e-02
-2.55045000 2.61586600e-02
-2.52045000 2.66887000e-02
-2.49045000 2.72162600e-02
-2.46045000 2.77414400e-02
-2.43045000 2.82643400e-02
-2.40045000 2.87851800e-02
-2.37045000 2.93039200e-02
-2.34045000 2.98207200e-02
-2.31045000 3.03356400e-02
-2.28045000 3.08490200e-02
-2.25045000 3.13607400e-02
-2.22045000 3.18710400e-02
-2.19045000 3.23800000e-02
-2.16045000 3.28878000e-02
-2.13045000 3.33944000e-02
-2.10045000 3.39002000e-02
-2.07045000 3.44050000e-02
-2.04045000 3.49091000e-02
-2.01045000 3.54129000e-02
-1.98045000 3.59161000e-02
-1.95045000 3.64191000e-02
-1.92045000 3.69221000e-02
-1.89045000 3.74251000e-02
-1.84954000 3.81114000e-02
-1.81954000 3.86152000e-02
-1.78954000 3.91197000e-02
-1.75954000 3.96252000e-02
-1.72954000 4.01318000e-02
-1.69954000 4.06395000e-02
-1.66954000 4.11490000e-02
-1.63954000 4.16603000e-02
-1.60954000 4.21738000e-02
-1.57954000 4.26897000e-02
-1.54954000 4.32083000e-02
-1.51954000 4.37300000e-02
-1.48954000 4.42552000e-02
-1.45954000 4.47843000e-02
-1.42954000 4.53178000e-02
-1.39954000 4.58561000e-02
-1.36954000 4.63998000e-02
-1.33954000 4.69496000e-02
-1.30954000 4.75060000e-02
-1.27954000 4.80697000e-02
-1.24954000 4.86418000e-02
-1.21954000 4.92230000e-02
-1.18954000 4.98144000e-02
-1.15954000 5.04171000e-02
-1.12954000 5.10325000e-02
-1.09954000 5.16620000e-02
-1.06954000 5.23076000e-02
-1.03954000 5.29707000e-02
-1.00954000 5.36542000e-02
-0.97954400 5.43604000e-02
-0.94954400 5.50925000e-02
-0.91954400 5.58542000e-02
-0.88954400 5.66496000e-02
-0.85954400 5.74843000e-02
-0.82954400 5.83644000e-02
-0.79954400 5.92978000e-02
-0.76954400 6.02944000e-02
-0.73954400 6.13661000e-02
-0.70954400 6.25292000e-02
-0.67954400 6.38048000e-02
-0.64954400 6.52215000e-02
-0.61954400 6.68201000e-02
-0.58954400 6.86612000e-02
-0.55954400 7.08398000e-02
-0.51863700 7.46675000e-02
-0.48863700 7.85642000e-02
-0.45863700 8.42061000e-02
-0.42863700 9.25827000e-02
-0.39863700 1.02150600e-01
-0.36863700 1.13289800e-01
-0.33863700 1.27240400e-01
-0.30863700 1.30874700e-01
-0.27863700 1.36279100e-01
-0.24863700 1.56800300e-01
-0.21863700 1.94757100e-01
-0.18863700 2.33646100e-01
-0.15863700 2.85753400e-01
-0.12863700 4.04230200e-01
-0.09863690 5.73119100e-01
-0.06863690 5.37037000e-01
-0.03863690 3.71877300e-01
-0.00863694 2.81947200e-01
0.02136310 2.47593700e-01
0.05136310 2.29365700e-01
0.08136310 2.30708900e-01
0.11136300 2.56067000e-01
0.14136300 3.10655300e-01
0.17136300 4.18317200e-01
0.20136300 6.24665000e-01
0.23136300 9.19158500e-01
0.26136300 1.13982850e+00
0.29136300 1.53091000e+00
0.32136300 1.88476450e+00
0.35136300 1.39065110e+00
0.38136300 8.18335000e-01
0.41136300 5.13240600e-01
0.44136300 3.61199000e-01
0.47136300 2.82770800e-01
0.50136300 2.32617100e-01
0.53136300 1.91708000e-01
0.56136300 1.63954600e-01
0.59136300 1.46179800e-01
0.62136300 1.34957700e-01
0.65136300 1.29059300e-01
0.68136300 1.28737400e-01
0.71136300 1.29660100e-01
0.74136300 1.20460900e-01
0.77136300 1.09839100e-01
