# E(MeV)  S_GAMTGAMT(K=1) for Se103_DDPCX
-18.72190000 1.71496000e-03
-18.69190000 1.72310000e-03
-18.66190000 1.73131000e-03
-18.63190000 1.73959000e-03
-18.60190000 1.74794000e-03
-18.57190000 1.75636000e-03
-18.54190000 1.76486000e-03
-18.51190000 1.77343000e-03
-18.48190000 1.78208000e-03
-18.45190000 1.79081000e-03
-18.42190000 1.79961000e-03
-18.39190000 1.80849000e-03
-18.36190000 1.81746000e-03
-18.33190000 1.82650000e-03
-18.30190000 1.83563000e-03
-18.27190000 1.84484000e-03
-18.24190000 1.85414000e-03
-18.21190000 1.86353000e-03
-18.18190000 1.87300000e-03
-18.15190000 1.88257000e-03
-18.12190000 1.89222000e-03
-18.09190000 1.90197000e-03
-18.06190000 1.91182000e-03
-18.03190000 1.92176000e-03
-18.00190000 1.93180000e-03
-17.97190000 1.94194000e-03
-17.94190000 1.95218000e-03
-17.91190000 1.96252000e-03
-17.88190000 1.97297000e-03
-17.85190000 1.98353000e-03
-17.82190000 1.99419000e-03
-17.79190000 2.00496000e-03
-17.76190000 2.01585000e-03
-17.73190000 2.02685000e-03
-17.70190000 2.03797000e-03
-17.67190000 2.04920000e-03
-17.64190000 2.06056000e-03
-17.61190000 2.07204000e-03
-17.58190000 2.08364000e-03
-17.55190000 2.09538000e-03
-17.52190000 2.10724000e-03
-17.49190000 2.11923000e-03
-17.46190000 2.13136000e-03
-17.43190000 2.14363000e-03
-17.40190000 2.15604000e-03
-17.37190000 2.16859000e-03
-17.34190000 2.18129000e-03
-17.31190000 2.19413000e-03
-17.28190000 2.20713000e-03
-17.25190000 2.22028000e-03
-17.22190000 2.23359000e-03
-17.19190000 2.24706000e-03
-17.16190000 2.26070000e-03
-17.13190000 2.27450000e-03
-17.10190000 2.28848000e-03
-17.07190000 2.30263000e-03
-17.04190000 2.31695000e-03
-17.01190000 2.33147000e-03
-16.98190000 2.34617000e-03
-16.95190000 2.36106000e-03
-16.92190000 2.37614000e-03
-16.89190000 2.39143000e-03
-16.86190000 2.40692000e-03
-16.83190000 2.42262000e-03
-16.80190000 2.43853000e-03
-16.76850000 2.45651000e-03
-16.73850000 2.47290000e-03
-16.70850000 2.48951000e-03
-16.67850000 2.50637000e-03
-16.64850000 2.52346000e-03
-16.61850000 2.54081000e-03
-16.58850000 2.55841000e-03
-16.55850000 2.57627000e-03
-16.52850000 2.59441000e-03
-16.49850000 2.61282000e-03
-16.46850000 2.63152000e-03
-16.43850000 2.65051000e-03
-16.40850000 2.66981000e-03
-16.37850000 2.68943000e-03
-16.34850000 2.70936000e-03
-16.31850000 2.72964000e-03
-16.28850000 2.75026000e-03
-16.25850000 2.77124000e-03
-16.22850000 2.79261000e-03
-16.19850000 2.81436000e-03
-16.16850000 2.83653000e-03
-16.13850000 2.85914000e-03
-16.10850000 2.88220000e-03
-16.07850000 2.90576000e-03
-16.04850000 2.92984000e-03
-16.01850000 2.95449000e-03
-15.98850000 2.97978000e-03
-15.95850000 3.00576000e-03
-15.92850000 3.03254000e-03
-15.89850000 3.06026000e-03
-15.86850000 3.08909000e-03
-15.83850000 3.11933000e-03
-15.80850000 3.15141000e-03
-15.77850000 3.18602000e-03
-15.74850000 3.22434000e-03
-15.71850000 3.26852000e-03
-15.68850000 3.32272000e-03
-15.65850000 3.39567000e-03
-15.62850000 3.50714000e-03
-15.59850000 3.70004000e-03
-15.56850000 4.00739000e-03
-15.53850000 4.14341000e-03
-15.50850000 3.91323000e-03
-15.47850000 3.73005000e-03
-15.44850000 3.65418000e-03
-15.41850000 3.63307000e-03
-15.38850000 3.63812000e-03
-15.35850000 3.65686000e-03
-15.32850000 3.68379000e-03
-15.29850000 3.71649000e-03
-15.26850000 3.75385000e-03
-15.23850000 3.79278000e-03
-15.20850000 3.83155000e-03
-15.17850000 3.87390000e-03
-15.14850000 3.92145000e-03
-15.11850000 3.97633000e-03
-15.08850000 4.03918000e-03
-15.05850000 4.09375000e-03
-15.02850000 4.13664000e-03
-14.99850000 4.17708000e-03
-14.96850000 4.22277000e-03
-14.93850000 4.27646000e-03
-14.90850000 4.33671000e-03
-14.87850000 4.40337000e-03
-14.84850000 4.47793000e-03
-14.81510000 4.57471000e-03
-14.78510000 4.68266000e-03
-14.75510000 4.82901000e-03
-14.72510000 5.05103000e-03
-14.69510000 5.36757000e-03
-14.66510000 5.60048000e-03
-14.63510000 5.79298000e-03
-14.60510000 5.94446000e-03
-14.57510000 5.72628000e-03
-14.54510000 5.52784000e-03
-14.51510000 5.47034000e-03
-14.48510000 5.49213000e-03
-14.45510000 5.55582000e-03
-14.42510000 5.64596000e-03
-14.39510000 5.75747000e-03
-14.36510000 5.89118000e-03
-14.33510000 6.05389000e-03
-14.30510000 6.26106000e-03
-14.27510000 6.53439000e-03
-14.24510000 6.91035000e-03
-14.21510000 7.45437000e-03
-14.18510000 7.84471000e-03
-14.15510000 7.93399000e-03
-14.12510000 8.32191000e-03
-14.09510000 9.04746000e-03
-14.06510000 9.54406000e-03
-14.03510000 1.01683000e-02
-14.00510000 1.16135000e-02
-13.97510000 1.31066000e-02
-13.94510000 1.20510000e-02
-13.91510000 1.05485000e-02
-13.88510000 9.87595000e-03
-13.85510000 9.71486000e-03
-13.82510000 9.82145000e-03
-13.79510000 1.00966000e-02
-13.76510000 1.05124000e-02
-13.73510000 1.10856000e-02
-13.70510000 1.18837000e-02
-13.67510000 1.30695000e-02
-13.64510000 1.49837000e-02
-13.61510000 1.78289000e-02
-13.58510000 2.01944000e-02
-13.55510000 2.19775000e-02
-13.52510000 2.17336000e-02
-13.49510000 2.02532000e-02
-13.46510000 2.01671000e-02
-13.43510000 2.13578000e-02
-13.40510000 2.36189000e-02
-13.37510000 2.71459000e-02
-13.34510000 3.25625000e-02
-13.31510000 4.07294000e-02
-13.28510000 5.26094000e-02
-13.25510000 7.29018000e-02
-13.22510000 1.11335000e-01
-13.19510000 1.75530000e-01
-13.16510000 2.47813000e-01
-13.13510000 2.37498000e-01
-13.10510000 1.54914000e-01
-13.07510000 1.03147000e-01
-13.04510000 8.13783000e-02
-13.01510000 7.70518000e-02
-12.98510000 8.66810000e-02
-12.95510000 1.08381000e-01
-12.92510000 1.39549000e-01
-12.89510000 1.87627000e-01
-12.86160000 1.79511000e-01
-12.83160000 1.27557000e-01
-12.80160000 9.88690000e-02
-12.77160000 8.96361000e-02
-12.74160000 9.17859000e-02
-12.71160000 1.02719000e-01
-12.68160000 1.23459000e-01
-12.65160000 1.57617000e-01
-12.62160000 2.11246000e-01
-12.59160000 3.04301000e-01
-12.56160000 4.82925000e-01
-12.53160000 8.40881000e-01
-12.50160000 1.42874000e+00
-12.47160000 1.61602000e+00
-12.44160000 1.08055000e+00
-12.41160000 6.20304000e-01
-12.38160000 3.84452000e-01
-12.35160000 2.71270000e-01
-12.32160000 2.24187000e-01
-12.29160000 2.26416000e-01
-12.26160000 2.69283000e-01
-12.23160000 2.77231000e-01
-12.20160000 2.08967000e-01
-12.17160000 1.57930000e-01
-12.14160000 1.19351000e-01
-12.11160000 8.94179000e-02
-12.08160000 7.26843000e-02
-12.05160000 6.27536000e-02
-12.02160000 5.44788000e-02
-11.99160000 4.89005000e-02
-11.96160000 4.59545000e-02
-11.93160000 4.51733000e-02
-11.90160000 4.67883000e-02
-11.87160000 5.21117000e-02
-11.84160000 6.45395000e-02
-11.81160000 8.91623000e-02
-11.78160000 1.10360000e-01
-11.75160000 9.07815000e-02
-11.72160000 6.62109000e-02
-11.69160000 5.45789000e-02
-11.66160000 5.11622000e-02
-11.63160000 4.96725000e-02
-11.60160000 4.68210000e-02
-11.57160000 4.57962000e-02
-11.54160000 4.70095000e-02
-11.51160000 4.98186000e-02
-11.48160000 5.50363000e-02
-11.45160000 5.93389000e-02
-11.42160000 5.96658000e-02
-11.39160000 6.21973000e-02
-11.36160000 6.87415000e-02
-11.33160000 7.89844000e-02
-11.30160000 9.27212000e-02
-11.27160000 1.12260000e-01
-11.24160000 1.39722000e-01
-11.21160000 1.90833000e-01
-11.18160000 2.92507000e-01
-11.15160000 4.50898000e-01
-11.12160000 4.94162000e-01
-11.09160000 4.01455000e-01
-11.06160000 3.37389000e-01
-11.03160000 2.90092000e-01
-11.00160000 2.56531000e-01
-10.97160000 2.55352000e-01
-10.94160000 2.86841000e-01
-10.90820000 3.58568000e-01
-10.87820000 4.42002000e-01
-10.84820000 5.84829000e-01
-10.81820000 8.54615000e-01
-10.78820000 1.30587000e+00
-10.75820000 2.09024000e+00
-10.72820000 3.49821000e+00
-10.69820000 4.25056000e+00
-10.66820000 2.89306000e+00
-10.63820000 1.63373000e+00
-10.60820000 9.89501000e-01
-10.57820000 6.59482000e-01
-10.54820000 4.73174000e-01
-10.51820000 3.67669000e-01
-10.48820000 3.11699000e-01
-10.45820000 2.81898000e-01
-10.42820000 2.58734000e-01
-10.39820000 2.59208000e-01
-10.36820000 2.78139000e-01
-10.33820000 2.70693000e-01
-10.30820000 2.66669000e-01
-10.27820000 3.01636000e-01
-10.24820000 3.92577000e-01
-10.21820000 5.85606000e-01
-10.18820000 9.82960000e-01
-10.15820000 1.57300000e+00
-10.12820000 1.56699000e+00
-10.09820000 9.70337000e-01
-10.06820000 5.65789000e-01
-10.03820000 3.63367000e-01
-10.00820000 2.59301000e-01
-9.97822000 1.99974000e-01
-9.94822000 1.64084000e-01
-9.91822000 1.43546000e-01
-9.88822000 1.33819000e-01
-9.85822000 1.33494000e-01
-9.82822000 1.44032000e-01
-9.79822000 1.71502000e-01
-9.76822000 2.30452000e-01
-9.73822000 3.31408000e-01
-9.70822000 4.19708000e-01
-9.67822000 3.78168000e-01
-9.64822000 3.04019000e-01
-9.61822000 2.88592000e-01
-9.58822000 3.26284000e-01
-9.55822000 4.51201000e-01
-9.52822000 7.30855000e-01
-9.49822000 1.10888000e+00
-9.46822000 1.01261000e+00
-9.43822000 6.25677000e-01
-9.40822000 3.97352000e-01
-9.37822000 2.97936000e-01
-9.34822000 2.71886000e-01
-9.31822000 3.06455000e-01
-9.28822000 4.23452000e-01
-9.25822000 6.51775000e-01
-9.22822000 7.80859000e-01
-9.19822000 5.49411000e-01
-9.16822000 3.25958000e-01
-9.13822000 2.08637000e-01
-9.10822000 1.48294000e-01
-9.07822000 1.15301000e-01
-9.04822000 9.64864000e-02
-9.01822000 8.59112000e-02
-8.98822000 7.94759000e-02
-8.95481000 7.47233000e-02
-8.92481000 7.36671000e-02
-8.89481000 7.50464000e-02
-8.86481000 8.11647000e-02
-8.83481000 9.14210000e-02
-8.80481000 1.09609000e-01
-8.77481000 1.51414000e-01
-8.74481000 2.34250000e-01
-8.71481000 3.16409000e-01
-8.68481000 2.82597000e-01
-8.65481000 2.10938000e-01
-8.62481000 1.54945000e-01
-8.59481000 1.26184000e-01
-8.56481000 1.06416000e-01
-8.53481000 9.20034000e-02
-8.50481000 9.08081000e-02
-8.47481000 9.84461000e-02
-8.44481000 1.08615000e-01
-8.41481000 1.17718000e-01
-8.38481000 1.22871000e-01
-8.35481000 1.21356000e-01
-8.32481000 1.25441000e-01
-8.29481000 1.47650000e-01
-8.26481000 1.92577000e-01
-8.23481000 2.73252000e-01
-8.20481000 3.55398000e-01
-8.17481000 3.10684000e-01
-8.14481000 2.32904000e-01
-8.11481000 2.06965000e-01
-8.08481000 1.98197000e-01
-8.05481000 1.94611000e-01
-8.02481000 2.14976000e-01
-7.99481000 2.60776000e-01
-7.96481000 3.51127000e-01
-7.93481000 5.25538000e-01
-7.90481000 7.22479000e-01
-7.87481000 7.04328000e-01
-7.84481000 6.28384000e-01
-7.81481000 7.42080000e-01
-7.78481000 1.12934000e+00
-7.75481000 1.61211000e+00
-7.72481000 1.36550000e+00
-7.69481000 8.17491000e-01
-7.66481000 4.90699000e-01
-7.63481000 3.29150000e-01
-7.60481000 2.45557000e-01
-7.57481000 1.88874000e-01
-7.54481000 1.54589000e-01
-7.51481000 1.38691000e-01
-7.48481000 1.37254000e-01
-7.45481000 1.44788000e-01
-7.42481000 1.41971000e-01
-7.39481000 1.13186000e-01
-7.36481000 8.77704000e-02
-7.33481000 7.40206000e-02
-7.30481000 6.68800000e-02
-7.27481000 6.52111000e-02
-7.24481000 6.56874000e-02
-7.21481000 6.27105000e-02
-7.18481000 6.10320000e-02
-7.15481000 6.38244000e-02
-7.12481000 7.39791000e-02
-7.09481000 9.66956000e-02
-7.06481000 1.29964000e-01
-7.03481000 1.30954000e-01
-7.00139000 1.06181000e-01
-6.97139000 1.00882000e-01
-6.94139000 1.14480000e-01
-6.91139000 1.52440000e-01
-6.88139000 2.27475000e-01
-6.85139000 3.35517000e-01
-6.82139000 4.68383000e-01
-6.79139000 4.75514000e-01
-6.76139000 3.15879000e-01
-6.73139000 1.91175000e-01
-6.70139000 1.27407000e-01
-6.67139000 9.56876000e-02
-6.64139000 8.00013000e-02
-6.61139000 7.34665000e-02
-6.58139000 6.98341000e-02
-6.55139000 6.65017000e-02
-6.52139000 6.91272000e-02
-6.49139000 8.16111000e-02
-6.46139000 1.06743000e-01
-6.43139000 1.30153000e-01
-6.40139000 1.40174000e-01
-6.37139000 1.41131000e-01
-6.34139000 1.09806000e-01
-6.31139000 8.27354000e-02
-6.28139000 7.21387000e-02
-6.25139000 6.97881000e-02
-6.22139000 6.96650000e-02
-6.19139000 7.03493000e-02
-6.16139000 7.58703000e-02
-6.13139000 9.47990000e-02
-6.10139000 1.24302000e-01
-6.07139000 1.29813000e-01
-6.04139000 1.20826000e-01
-6.01139000 1.02375000e-01
-5.98139000 8.22655000e-02
-5.95139000 7.34501000e-02
-5.92139000 7.32600000e-02
-5.89139000 8.06549000e-02
-5.86139000 9.82653000e-02
-5.83139000 1.31281000e-01
-5.80139000 1.65813000e-01
-5.77139000 1.69904000e-01
-5.74139000 1.80016000e-01
-5.71139000 1.82584000e-01
-5.68139000 1.67531000e-01
-5.65139000 1.56255000e-01
-5.62139000 1.67744000e-01
-5.59139000 1.98020000e-01
-5.56139000 2.29545000e-01
-5.53139000 2.91806000e-01
-5.50139000 3.78250000e-01
-5.47139000 4.26477000e-01
-5.44139000 4.52315000e-01
-5.41139000 4.96401000e-01
-5.38139000 5.99149000e-01
-5.35139000 8.84579000e-01
-5.32139000 1.38966000e+00
-5.29139000 1.56493000e+00
-5.26139000 1.19429000e+00
-5.23139000 1.03003000e+00
-5.20139000 1.07970000e+00
-5.17139000 8.77776000e-01
-5.14139000 5.74231000e-01
-5.11139000 4.12711000e-01
-5.08139000 3.47446000e-01
-5.04798000 3.35841000e-01
-5.01798000 3.40212000e-01
-4.98798000 3.15710000e-01
-4.95798000 2.87712000e-01
-4.92798000 3.04833000e-01
-4.89798000 3.88812000e-01
-4.86798000 5.82839000e-01
-4.83798000 9.10260000e-01
-4.80798000 1.01760000e+00
-4.77798000 7.13531000e-01
-4.74798000 4.79479000e-01
-4.71798000 3.53971000e-01
-4.68798000 2.87598000e-01
-4.65798000 2.64695000e-01
-4.62798000 2.69403000e-01
-4.59798000 2.87599000e-01
-4.56798000 3.26046000e-01
-4.53798000 4.09795000e-01
-4.50798000 5.25247000e-01
-4.47798000 5.46929000e-01
-4.44798000 5.56500000e-01
-4.41798000 6.85235000e-01
-4.38798000 9.09691000e-01
-4.35798000 1.16501000e+00
-4.32798000 1.32041000e+00
-4.29798000 1.55278000e+00
-4.26798000 1.38285000e+00
-4.23798000 1.00335000e+00
-4.20798000 8.69584000e-01
-4.17798000 1.01211000e+00
-4.14798000 1.39203000e+00
-4.11798000 1.46161000e+00
-4.08798000 1.12151000e+00
-4.05798000 9.95401000e-01
-4.02798000 1.03478000e+00
-3.99798000 8.60841000e-01
-3.96798000 6.46568000e-01
-3.93798000 5.81723000e-01
-3.90798000 5.88293000e-01
-3.87798000 5.85381000e-01
-3.84798000 5.12747000e-01
-3.81798000 4.38233000e-01
-3.78798000 3.90664000e-01
-3.75798000 3.46218000e-01
-3.72798000 2.90239000e-01
-3.69798000 2.59218000e-01
-3.66798000 2.65448000e-01
-3.63798000 3.07997000e-01
-3.60798000 3.83704000e-01
-3.57798000 5.02518000e-01
-3.54798000 6.35953000e-01
-3.51798000 7.10495000e-01
-3.48798000 8.47269000e-01
-3.45798000 9.88991000e-01
-3.42798000 8.93592000e-01
-3.39798000 8.16811000e-01
-3.36798000 8.54342000e-01
-3.33798000 1.02626000e+00
-3.30798000 1.09446000e+00
-3.27798000 9.32616000e-01
-3.24798000 8.68119000e-01
-3.21798000 9.59699000e-01
-3.18798000 8.48158000e-01
-3.15798000 6.50113000e-01
-3.12798000 5.92836000e-01
-3.09456000 6.48385000e-01
-3.06456000 8.01454000e-01
-3.03456000 8.96543000e-01
-3.00456000 8.55767000e-01
-2.97456000 7.91879000e-01
-2.94456000 5.90105000e-01
-2.91456000 4.40941000e-01
-2.88456000 3.88769000e-01
-2.85456000 3.62216000e-01
-2.82456000 3.46138000e-01
-2.79456000 3.71057000e-01
-2.76456000 3.96608000e-01
-2.73456000 4.11222000e-01
-2.70456000 3.92410000e-01
-2.67456000 3.86047000e-01
-2.64456000 4.32008000e-01
-2.61456000 5.42171000e-01
-2.58456000 6.59892000e-01
-2.55456000 6.56959000e-01
-2.52456000 6.66272000e-01
-2.49456000 6.93566000e-01
-2.46456000 6.16854000e-01
-2.43456000 5.79562000e-01
-2.40456000 5.90802000e-01
-2.37456000 6.66268000e-01
-2.34456000 7.76967000e-01
-2.31456000 8.62985000e-01
-2.28456000 7.54498000e-01
-2.25456000 5.97718000e-01
-2.22456000 5.65577000e-01
-2.19456000 6.12059000e-01
-2.16456000 6.72093000e-01
-2.13456000 7.52150000e-01
-2.10456000 8.60817000e-01
-2.07456000 9.67139000e-01
-2.04456000 9.39661000e-01
-2.01456000 8.66329000e-01
-1.98456000 8.04119000e-01
-1.95456000 8.23389000e-01
-1.92456000 9.80766000e-01
-1.89456000 1.35548000e+00
-1.86456000 2.01460000e+00
-1.83456000 2.56382000e+00
-1.80456000 2.53641000e+00
-1.77456000 2.60544000e+00
-1.74456000 3.23309000e+00
-1.71456000 3.82120000e+00
-1.68456000 3.68337000e+00
-1.65456000 3.32176000e+00
-1.62456000 2.41361000e+00
-1.59456000 1.74349000e+00
-1.56456000 1.50575000e+00
-1.53456000 1.60200000e+00
-1.50456000 2.02868000e+00
-1.47456000 2.84205000e+00
-1.44456000 3.74822000e+00
-1.41456000 3.89564000e+00
-1.38456000 3.13467000e+00
-1.35456000 2.33426000e+00
-1.32456000 1.76209000e+00
-1.29456000 1.47464000e+00
-1.26456000 1.37874000e+00
-1.23456000 1.44809000e+00
-1.20456000 1.66701000e+00
-1.17456000 2.02071000e+00
-1.14115000 2.55179000e+00
-1.11115000 3.37375000e+00
-1.08115000 4.57528000e+00
-1.05115000 6.46424000e+00
-1.02115000 1.03474000e+01
-0.99114600 1.65355000e+01
-0.96114600 1.90619000e+01
-0.93114600 1.69964000e+01
-0.90114600 1.35556000e+01
-0.87114600 1.08020000e+01
-0.84114600 8.62110000e+00
-0.81114600 6.81608000e+00
-0.78114600 5.36746000e+00
-0.75114600 4.66203000e+00
-0.72114600 3.81870000e+00
-0.69114600 3.02450000e+00
-0.66114600 2.65485000e+00
-0.63114600 2.73998000e+00
-0.60114600 3.20042000e+00
-0.57114600 3.41408000e+00
-0.54114600 3.71913000e+00
-0.51114600 3.99298000e+00
-0.48114600 3.25557000e+00
-0.45114600 2.41870000e+00
-0.42114600 1.86446000e+00
-0.39114600 1.55062000e+00
-0.36114600 1.55488000e+00
-0.33114600 1.90669000e+00
-0.30114600 2.35590000e+00
-0.27114600 2.27538000e+00
-0.24114600 1.91628000e+00
-0.21114600 1.80431000e+00
-0.18114600 1.98071000e+00
-0.15114600 2.34054000e+00
-0.12114600 2.80933000e+00
-0.09114580 2.90848000e+00
-0.06114580 2.42410000e+00
-0.03114580 1.76389000e+00
-0.00114582 1.19536000e+00
0.02885420 8.84536000e-01
0.05885420 7.28142000e-01
0.08885420 6.47811000e-01
0.11885400 6.15860000e-01
0.14885400 6.35222000e-01
0.17885400 7.09661000e-01
0.20885400 8.62598000e-01
0.23885400 1.04584000e+00
0.26885400 1.10593000e+00
0.29885400 1.12565000e+00
0.32885400 1.30904000e+00
0.35885400 1.64747000e+00
0.38885400 2.11942000e+00
0.41885400 2.77225000e+00
0.44885400 3.52307000e+00
0.47885400 4.34259000e+00
0.50885400 5.45146000e+00
0.53885400 5.04945000e+00
0.56885400 3.98010000e+00
0.59885400 3.80329000e+00
0.62885400 4.07488000e+00
0.65885400 3.35839000e+00
0.68885400 2.60449000e+00
0.71885400 2.37431000e+00
0.74885400 1.90063000e+00
0.77885400 1.37924000e+00
