# E(MeV)  S_GAMTGAMT(Total=K0+2*K1) for Se103_DDPCX
-18.72190000 5.16163000e-03
-18.69190000 5.18596000e-03
-18.66190000 5.21049000e-03
-18.63190000 5.23522000e-03
-18.60190000 5.26016000e-03
-18.57190000 5.28531000e-03
-18.54190000 5.31068000e-03
-18.51190000 5.33626000e-03
-18.48190000 5.36207000e-03
-18.45190000 5.38811000e-03
-18.42190000 5.41436000e-03
-18.39190000 5.44084000e-03
-18.36190000 5.46758000e-03
-18.33190000 5.49453000e-03
-18.30190000 5.52173000e-03
-18.27190000 5.54917000e-03
-18.24190000 5.57687000e-03
-18.21190000 5.60483000e-03
-18.18190000 5.63303000e-03
-18.15190000 5.66150000e-03
-18.12190000 5.69022000e-03
-18.09190000 5.71922000e-03
-18.06190000 5.74851000e-03
-18.03190000 5.77807000e-03
-18.00190000 5.80791000e-03
-17.97190000 5.83803000e-03
-17.94190000 5.86845000e-03
-17.91190000 5.89916000e-03
-17.88190000 5.93019000e-03
-17.85190000 5.96152000e-03
-17.82190000 5.99316000e-03
-17.79190000 6.02511000e-03
-17.76190000 6.05740000e-03
-17.73190000 6.09001000e-03
-17.70190000 6.12296000e-03
-17.67190000 6.15623000e-03
-17.64190000 6.18987000e-03
-17.61190000 6.22386000e-03
-17.58190000 6.25820000e-03
-17.55190000 6.29292000e-03
-17.52190000 6.32800000e-03
-17.49190000 6.36346000e-03
-17.46190000 6.39931000e-03
-17.43190000 6.43556000e-03
-17.40190000 6.47221000e-03
-17.37190000 6.50926000e-03
-17.34190000 6.54673000e-03
-17.31190000 6.58462000e-03
-17.28190000 6.62295000e-03
-17.25190000 6.66171000e-03
-17.22190000 6.70093000e-03
-17.19190000 6.74060000e-03
-17.16190000 6.78075000e-03
-17.13190000 6.82136000e-03
-17.10190000 6.86248000e-03
-17.07190000 6.90408000e-03
-17.04190000 6.94618000e-03
-17.01190000 6.98882000e-03
-16.98190000 7.03198000e-03
-16.95190000 7.07568000e-03
-16.92190000 7.11992000e-03
-16.89190000 7.16474000e-03
-16.86190000 7.21013000e-03
-16.83190000 7.25611000e-03
-16.80190000 7.30269000e-03
-16.76850000 7.35530000e-03
-16.73850000 7.40321000e-03
-16.70850000 7.45176000e-03
-16.67850000 7.50099000e-03
-16.64850000 7.55088000e-03
-16.61850000 7.60149000e-03
-16.58850000 7.65281000e-03
-16.55850000 7.70485000e-03
-16.52850000 7.75766000e-03
-16.49850000 7.81123000e-03
-16.46850000 7.86561000e-03
-16.43850000 7.92080000e-03
-16.40850000 7.97684000e-03
-16.37850000 8.03376000e-03
-16.34850000 8.09155000e-03
-16.31850000 8.15030000e-03
-16.28850000 8.20999000e-03
-16.25850000 8.27067000e-03
-16.22850000 8.33241000e-03
-16.19850000 8.39520000e-03
-16.16850000 8.45913000e-03
-16.13850000 8.52425000e-03
-16.10850000 8.59059000e-03
-16.07850000 8.65827000e-03
-16.04850000 8.72734000e-03
-16.01850000 8.79793000e-03
-15.98850000 8.87018000e-03
-15.95850000 8.94424000e-03
-15.92850000 9.02034000e-03
-15.89850000 9.09880000e-03
-15.86850000 9.18002000e-03
-15.83850000 9.26464000e-03
-15.80850000 9.35361000e-03
-15.77850000 9.44841000e-03
-15.74850000 9.55155000e-03
-15.71850000 9.66752000e-03
-15.68850000 9.80495000e-03
-15.65850000 9.98176000e-03
-15.62850000 1.02382500e-02
-15.59850000 1.06614800e-02
-15.56850000 1.13197500e-02
-15.53850000 1.16458500e-02
-15.50850000 1.12590500e-02
-15.47850000 1.10059400e-02
-15.44850000 1.10521400e-02
-15.41850000 1.13460100e-02
-15.38850000 1.15816400e-02
-15.35850000 1.13767100e-02
-15.32850000 1.11840500e-02
-15.29850000 1.11363600e-02
-15.26850000 1.11700400e-02
-15.23850000 1.12408200e-02
-15.20850000 1.13285500e-02
-15.17850000 1.14332400e-02
-15.14850000 1.15546300e-02
-15.11850000 1.16950700e-02
-15.08850000 1.18536900e-02
-15.05850000 1.19976700e-02
-15.02850000 1.21210100e-02
-14.99850000 1.22421000e-02
-14.96850000 1.23763400e-02
-14.93850000 1.25295000e-02
-14.90850000 1.26992300e-02
-14.87850000 1.28861300e-02
-14.84850000 1.30946900e-02
-14.81510000 1.33645200e-02
-14.78510000 1.36631000e-02
-14.75510000 1.40614700e-02
-14.72510000 1.46535200e-02
-14.69510000 1.55201400e-02
-14.66510000 1.64012900e-02
-14.63510000 1.74986200e-02
-14.60510000 1.82831600e-02
-14.57510000 1.73285500e-02
-14.54510000 1.64055500e-02
-14.51510000 1.60554100e-02
-14.48510000 1.60167700e-02
-14.45510000 1.61324900e-02
-14.42510000 1.63466600e-02
-14.39510000 1.66364900e-02
-14.36510000 1.69995500e-02
-14.33510000 1.74531100e-02
-14.30510000 1.80405000e-02
-14.27510000 1.88322600e-02
-14.24510000 1.99594500e-02
-14.21510000 2.16835100e-02
-14.18510000 2.36500700e-02
-14.15510000 2.58961800e-02
-14.12510000 2.81300200e-02
-14.09510000 2.86352200e-02
-14.06510000 2.82478400e-02
-14.03510000 2.81918900e-02
-14.00510000 3.03509000e-02
-13.97510000 3.30068800e-02
-13.94510000 3.07666400e-02
-13.91510000 2.77384800e-02
-13.88510000 2.64332400e-02
-13.85510000 2.61942700e-02
-13.82510000 2.65256100e-02
-13.79510000 2.72272600e-02
-13.76510000 2.82470000e-02
-13.73510000 2.96281500e-02
-13.70510000 3.15254500e-02
-13.67510000 3.43030100e-02
-13.64510000 3.87208700e-02
-13.61510000 4.53541900e-02
-13.58510000 5.17341000e-02
-13.55510000 5.80706000e-02
-13.52510000 6.12301000e-02
-13.49510000 5.91422000e-02
-13.46510000 5.57019000e-02
-13.43510000 5.56059000e-02
-13.40510000 5.88065000e-02
-13.37510000 6.53252000e-02
-13.34510000 7.60903000e-02
-13.31510000 9.26745000e-02
-13.28510000 1.17017800e-01
-13.25510000 1.58676100e-01
-13.22510000 2.36946800e-01
-13.19510000 3.65515100e-01
-13.16510000 5.09541100e-01
-13.13510000 4.88878900e-01
-13.10510000 3.24113100e-01
-13.07510000 2.21270400e-01
-13.04510000 1.78672100e-01
-13.01510000 1.71229300e-01
-12.98510000 1.92042800e-01
-12.95510000 2.37480900e-01
-12.92510000 3.02583300e-01
-12.89510000 4.02685400e-01
-12.86160000 3.93352500e-01
-12.83160000 3.00078100e-01
-12.80160000 2.62332900e-01
-12.77160000 2.81535200e-01
-12.74160000 3.35609800e-01
-12.71160000 3.48709000e-01
-12.68160000 3.44518500e-01
-12.65160000 3.86862400e-01
-12.62160000 4.84296200e-01
-12.59160000 6.69369500e-01
-12.56160000 1.03154510e+00
-12.53160000 1.75822470e+00
-12.50160000 2.95252970e+00
-12.47160000 3.35847600e+00
-12.44160000 2.34286000e+00
-12.41160000 1.52717900e+00
-12.38160000 1.26524000e+00
-12.35160000 1.39154500e+00
-12.32160000 1.41381700e+00
-12.29160000 1.07905900e+00
-12.26160000 8.93722000e-01
-12.23160000 7.72225000e-01
-12.20160000 5.65491000e-01
-12.17160000 4.24746000e-01
-12.14160000 3.24863200e-01
-12.11160000 2.51117400e-01
-12.08160000 2.09169200e-01
-12.05160000 1.84506400e-01
-12.02160000 1.66063300e-01
-11.99160000 1.55834700e-01
-11.96160000 1.54392400e-01
-11.93160000 1.62899900e-01
-11.90160000 1.86844600e-01
-11.87160000 2.36686400e-01
-11.84160000 3.02326000e-01
-11.81160000 3.54576600e-01
-11.78160000 4.12697000e-01
-11.75160000 3.74930000e-01
-11.72160000 2.76674800e-01
-11.69160000 2.17687800e-01
-11.66160000 1.95835800e-01
-11.63160000 1.89335100e-01
-11.60160000 1.87072500e-01
-11.57160000 1.94140400e-01
-11.54160000 2.11812000e-01
-11.51160000 2.40785200e-01
-11.48160000 2.86855600e-01
-11.45160000 3.51559800e-01
-11.42160000 4.44238600e-01
-11.39160000 6.03653600e-01
-11.36160000 9.01512000e-01
-11.33160000 1.49357880e+00
-11.30160000 2.40341240e+00
-11.27160000 2.56626000e+00
-11.24160000 1.76855400e+00
-11.21160000 1.24290200e+00
-11.18160000 1.11037700e+00
-11.15160000 1.24864500e+00
-11.12160000 1.23562600e+00
-11.09160000 9.90701000e-01
-11.06160000 8.24897000e-01
-11.03160000 7.05496000e-01
-11.00160000 6.21502000e-01
-10.97160000 6.07629600e-01
-10.94160000 6.63286200e-01
-10.90820000 8.02850700e-01
-10.87820000 9.70351800e-01
-10.84820000 1.26210320e+00
-10.81820000 1.81577000e+00
-10.78820000 2.74376900e+00
-10.75820000 4.34925500e+00
-10.72820000 7.16203700e+00
-10.69820000 8.62990100e+00
-10.66820000 5.89311800e+00
-10.63820000 3.36667580e+00
-10.60820000 2.07817210e+00
-10.57820000 1.42306600e+00
-10.54820000 1.05959800e+00
-10.51820000 8.62283000e-01
-10.48820000 7.69821000e-01
-10.45820000 7.37862000e-01
-10.42820000 7.31265000e-01
-10.39820000 7.89881000e-01
-10.36820000 9.12169000e-01
-10.33820000 1.02689400e+00
-10.30820000 1.24581700e+00
-10.27820000 1.74789200e+00
-10.24820000 2.79598400e+00
-10.21820000 4.64048200e+00
-10.18820000 5.92104000e+00
-10.15820000 5.69637000e+00
-10.12820000 4.55842000e+00
-10.09820000 2.79285100e+00
-10.06820000 1.68966300e+00
-10.03820000 1.12093000e+00
-10.00820000 8.14342000e-01
-9.97822000 6.33092000e-01
-9.94822000 5.20191000e-01
-9.91822000 4.52126000e-01
-9.88822000 4.14573000e-01
-9.85822000 3.97361000e-01
-9.82822000 4.04085000e-01
-9.79822000 4.49172000e-01
-9.76822000 5.60654700e-01
-9.73822000 7.58651500e-01
-9.70822000 9.33350000e-01
-9.67822000 8.50159200e-01
-9.64822000 7.03491700e-01
-9.61822000 6.76103200e-01
-9.58822000 7.57033000e-01
-9.55822000 1.01493200e+00
-9.52822000 1.58554400e+00
-9.49822000 2.35731500e+00
-9.46822000 2.18689700e+00
-9.43822000 1.44488900e+00
-9.40822000 1.03351700e+00
-9.37822000 8.94767000e-01
-9.34822000 9.33912000e-01
-9.31822000 1.15882700e+00
-9.28822000 1.67476400e+00
-9.25822000 2.68204000e+00
-9.22822000 4.01926800e+00
-9.19822000 4.84729200e+00
-9.16822000 3.86879600e+00
-9.13822000 2.28984400e+00
-9.10822000 1.39466800e+00
-9.07822000 9.57757000e-01
-9.04822000 7.38330800e-01
-9.01822000 6.14855400e-01
-8.98822000 5.02086800e-01
-8.95481000 4.09132600e-01
-8.92481000 3.63995200e-01
-8.89481000 3.42984800e-01
-8.86481000 3.44614400e-01
-8.83481000 3.65723000e-01
-8.80481000 4.15135000e-01
-8.77481000 5.29168000e-01
-8.74481000 7.52932000e-01
-8.71481000 1.02697900e+00
-8.68481000 1.17359400e+00
-8.65481000 1.43665600e+00
-8.62481000 1.69808000e+00
-8.59481000 1.32656800e+00
-8.56481000 8.48183000e-01
-8.53481000 5.82343800e-01
-8.50481000 4.63075200e-01
-8.47481000 4.18530200e-01
-8.44481000 4.08520000e-01
-8.41481000 4.14523000e-01
-8.38481000 4.27321000e-01
-8.35481000 4.43964000e-01
-8.32481000 4.99803000e-01
-8.29481000 6.39959000e-01
-8.26481000 8.38633000e-01
-8.23481000 9.77555000e-01
-8.20481000 1.08278700e+00
-8.17481000 9.74670000e-01
-8.14481000 8.43681000e-01
-8.11481000 8.73493000e-01
-8.08481000 1.02603700e+00
-8.05481000 1.26642800e+00
-8.02481000 1.60228200e+00
-7.99481000 2.17969200e+00
-7.96481000 2.75616400e+00
-7.93481000 3.45789600e+00
-7.90481000 4.26075800e+00
-7.87481000 4.26299600e+00
-7.84481000 3.21534800e+00
-7.81481000 2.66918000e+00
-7.78481000 3.05878000e+00
-7.75481000 3.86380200e+00
-7.72481000 3.36306400e+00
-7.69481000 2.42881900e+00
-7.66481000 2.10265800e+00
-7.63481000 1.79663000e+00
-7.60481000 1.23149200e+00
-7.57481000 8.34311000e-01
-7.54481000 6.20927000e-01
-7.51481000 5.13003000e-01
-7.48481000 4.63302000e-01
-7.45481000 4.49286000e-01
-7.42481000 4.30145000e-01
-7.39481000 3.61868000e-01
-7.36481000 2.96976800e-01
-7.33481000 2.59822200e-01
-7.30481000 2.31302400e-01
-7.27481000 2.15481500e-01
-7.24481000 2.10313500e-01
-7.21481000 2.04081700e-01
-7.18481000 2.07870800e-01
-7.15481000 2.32242800e-01
-7.12481000 2.70977200e-01
-7.09481000 2.98144200e-01
-7.06481000 3.39285700e-01
-7.03481000 3.27386200e-01
-7.00139000 2.70333100e-01
-6.97139000 2.55879600e-01
-6.94139000 2.81173000e-01
-6.91139000 3.57024500e-01
-6.88139000 5.09105200e-01
-6.85139000 7.30385300e-01
-6.82139000 1.00523010e+00
-6.79139000 1.02722440e+00
-6.76139000 7.14152600e-01
-6.73139000 4.69911000e-01
-6.70139000 3.33049000e-01
-6.67139000 2.61106800e-01
-6.64139000 2.27631900e-01
-6.61139000 2.16585000e-01
-6.58139000 2.15407300e-01
-6.55139000 2.20574800e-01
-6.52139000 2.43272400e-01
-6.49139000 2.80056200e-01
-6.46139000 3.39204000e-01
-6.43139000 4.00955000e-01
-6.40139000 4.47768000e-01
-6.37139000 4.99838000e-01
-6.34139000 5.28958000e-01
-6.31139000 6.29731800e-01
-6.28139000 7.80331400e-01
-6.25139000 9.90114200e-01
-6.22139000 1.47330000e+00
-6.19139000 2.06930860e+00
-6.16139000 1.77515060e+00
-6.13139000 1.13713300e+00
-6.10139000 8.03182000e-01
-6.07139000 6.16664000e-01
-6.04139000 4.95288000e-01
-6.01139000 4.03239000e-01
-5.98139000 3.35578000e-01
-5.95139000 2.95266200e-01
-5.92139000 2.67517000e-01
-5.89139000 2.63288800e-01
-5.86139000 2.87765100e-01
-5.83139000 3.49195400e-01
-5.80139000 4.20146400e-01
-5.77139000 4.39435300e-01
-5.74139000 4.74728000e-01
-5.71139000 4.71458000e-01
-5.68139000 4.25134100e-01
-5.65139000 3.97830400e-01
-5.62139000 4.27561800e-01
-5.59139000 5.00290000e-01
-5.56139000 5.71016000e-01
-5.53139000 6.93775000e-01
-5.50139000 8.50853100e-01
-5.47139000 9.35329900e-01
-5.44139000 9.83593300e-01
-5.41139000 1.07473980e+00
-5.38139000 1.28998110e+00
-5.35139000 1.87650000e+00
-5.32139000 2.89344300e+00
-5.29139000 3.24588900e+00
-5.26139000 2.51905400e+00
-5.23139000 2.22384800e+00
-5.20139000 2.37997200e+00
-5.17139000 2.06544900e+00
-5.14139000 1.55259400e+00
-5.11139000 1.26378600e+00
-5.08139000 1.06353500e+00
-5.04798000 1.00148100e+00
-5.01798000 1.05442200e+00
-4.98798000 1.07521300e+00
-4.95798000 1.03299600e+00
-4.92798000 1.02316200e+00
-4.89798000 1.23246800e+00
-4.86798000 1.79120200e+00
-4.83798000 2.59719400e+00
-4.80798000 2.67023100e+00
-4.77798000 1.89065900e+00
-4.74798000 1.35984700e+00
-4.71798000 1.12455500e+00
-4.68798000 1.06189100e+00
-4.65798000 1.11912400e+00
-4.62798000 1.22389500e+00
-4.59798000 1.35564800e+00
-4.56798000 1.71310200e+00
-4.53798000 2.14464000e+00
-4.50798000 2.21280400e+00
-4.47798000 2.12850800e+00
-4.44798000 2.13512000e+00
-4.41798000 2.26538000e+00
-4.38798000 2.68088700e+00
-4.35798000 3.35729000e+00
-4.32798000 4.11734000e+00
-4.29798000 5.55072000e+00
-4.26798000 6.76717000e+00
-4.23798000 6.25763000e+00
-4.20798000 4.53464800e+00
-4.17798000 3.86519000e+00
-4.14798000 4.24204000e+00
-4.11798000 4.23567000e+00
-4.08798000 3.50226000e+00
-4.05798000 2.99167200e+00
-4.02798000 2.87058200e+00
-3.99798000 2.43393000e+00
-3.96798000 1.91837500e+00
-3.93798000 1.79632200e+00
-3.90798000 1.93444800e+00
-3.87798000 1.97389600e+00
-3.84798000 1.66566600e+00
-3.81798000 1.43174300e+00
-3.78798000 1.38861500e+00
-3.75798000 1.31927300e+00
-3.72798000 1.06420500e+00
-3.69798000 8.95906000e-01
-3.66798000 8.79452000e-01
-3.63798000 1.00158100e+00
-3.60798000 1.24388500e+00
-3.57798000 1.53267100e+00
-3.54798000 1.75452000e+00
-3.51798000 1.83933200e+00
-3.48798000 2.08822800e+00
-3.45798000 2.36111600e+00
-3.42798000 2.17697700e+00
-3.39798000 2.07223900e+00
-3.36798000 2.25106900e+00
-3.33798000 2.78562500e+00
-3.30798000 3.27990000e+00
-3.27798000 3.58077200e+00
-3.24798000 4.13098800e+00
-3.21798000 4.81826800e+00
-3.18798000 5.04110600e+00
-3.15798000 4.47031600e+00
-3.12798000 3.86619200e+00
-3.09456000 3.29549000e+00
-3.06456000 3.23197800e+00
-3.03456000 3.27609600e+00
-3.00456000 3.01741400e+00
-2.97456000 2.57327200e+00
-2.94456000 1.93441900e+00
-2.91456000 1.56492100e+00
-2.88456000 1.49979000e+00
-2.85456000 1.43058500e+00
-2.82456000 1.30948400e+00
-2.79456000 1.34380300e+00
-2.76456000 1.47401800e+00
-2.73456000 1.71477200e+00
-2.70456000 2.13599000e+00
-2.67456000 2.95706400e+00
-2.64456000 3.53244600e+00
-2.61456000 3.05216200e+00
-2.58456000 2.66060400e+00
-2.55456000 2.43205800e+00
-2.52456000 2.53913400e+00
-2.49456000 2.94155200e+00
-2.46456000 3.22628800e+00
-2.43456000 3.09601400e+00
-2.40456000 2.70063400e+00
-2.37456000 2.72104600e+00
-2.34456000 2.95337400e+00
-2.31456000 3.01428000e+00
-2.28456000 2.60498600e+00
-2.25456000 2.27421600e+00
-2.22456000 2.40534400e+00
-2.19456000 2.94430800e+00
-2.16456000 3.64417600e+00
-2.13456000 4.26557000e+00
-2.10456000 5.25231400e+00
-2.07456000 6.58412800e+00
-2.04456000 8.24653200e+00
-2.01456000 7.91082800e+00
-1.98456000 6.01387800e+00
-1.95456000 5.29954800e+00
-1.92456000 5.73625200e+00
-1.89456000 7.23114000e+00
-1.86456000 9.36770000e+00
-1.83456000 1.04487800e+01
-1.80456000 1.00435900e+01
-1.77456000 9.24168000e+00
-1.74456000 9.22422000e+00
-1.71456000 9.69212000e+00
-1.68456000 9.32296000e+00
-1.65456000 8.77700000e+00
-1.62456000 6.57695000e+00
-1.59456000 4.67462000e+00
-1.56456000 3.88780400e+00
-1.53456000 3.89445000e+00
-1.50456000 4.62174600e+00
-1.47456000 6.18795500e+00
-1.44456000 7.98780200e+00
-1.41456000 8.29361600e+00
-1.38456000 6.79313000e+00
-1.35456000 5.26205100e+00
-1.32456000 4.29428300e+00
-1.29456000 4.06838000e+00
-1.26456000 4.46749000e+00
-1.23456000 4.93714000e+00
-1.20456000 5.01208000e+00
-1.17456000 5.16107000e+00
-1.14115000 5.90069100e+00
-1.11115000 7.42001600e+00
-1.08115000 9.68815600e+00
-1.05115000 1.33204660e+01
-1.02115000 2.09978370e+01
-0.99114600 3.33240000e+01
-0.96114600 3.83474030e+01
-0.93114600 3.42006030e+01
-0.90114600 2.73140450e+01
-0.87114600 2.18134230e+01
-0.84114600 1.74723590e+01
-0.81114600 1.38961970e+01
-0.78114600 1.10440260e+01
-0.75114600 9.69549800e+00
-0.72114600 8.06769200e+00
-0.69114600 6.53725900e+00
-0.66114600 5.79947500e+00
-0.63114600 6.00246800e+00
-0.60114600 7.04091800e+00
-0.57114600 7.66484600e+00
-0.54114600 8.32469000e+00
-0.51114600 8.73815100e+00
-0.48114600 7.11824300e+00
-0.45114600 5.31850900e+00
-0.42114600 4.14445100e+00
-0.39114600 3.51262200e+00
-0.36114600 3.56313200e+00
-0.33114600 4.35790600e+00
-0.30114600 5.44168800e+00
-0.27114600 5.64187000e+00
-0.24114600 5.58950000e+00
-0.21114600 6.41194000e+00
-0.18114600 7.60182000e+00
-0.15114600 7.52982000e+00
-0.12114600 7.34676000e+00
-0.09114580 6.92504000e+00
-0.06114580 5.62821600e+00
-0.03114580 4.14144500e+00
-0.00114582 2.90820700e+00
0.02885420 2.21613100e+00
0.05885420 1.82089100e+00
0.08885420 1.61088000e+00
0.11885400 1.53619100e+00
0.14885400 1.57849900e+00
0.17885400 1.72251200e+00
0.20885400 2.04378800e+00
0.23885400 2.44457600e+00
0.26885400 2.64378200e+00
0.29885400 2.84925800e+00
0.32885400 3.33683200e+00
0.35885400 3.90156800e+00
0.38885400 4.76447900e+00
0.41885400 6.11677300e+00
0.44885400 7.75035900e+00
0.47885400 9.46266100e+00
0.50885400 1.16071570e+01
0.53885400 1.08161060e+01
0.56885400 8.85072600e+00
0.59885400 8.67111000e+00
0.62885400 9.24801000e+00
0.65885400 7.70653600e+00
0.68885400 5.94267800e+00
0.71885400 5.33485500e+00
0.74885400 4.36568600e+00
0.77885400 3.40453900e+00
