# E(MeV)  S_NSDRNSDR(K=0) for Se103_DDPCX
-18.72190000 4.58230000e-01
-18.69190000 6.24523000e-01
-18.66190000 9.02042000e-01
-18.63190000 1.40470000e+00
-18.60190000 2.39142000e+00
-18.57190000 4.28645000e+00
-18.54190000 6.19775000e+00
-18.51190000 4.90298000e+00
-18.48190000 2.77867000e+00
-18.45190000 1.60052000e+00
-18.42190000 1.00879000e+00
-18.39190000 6.90082000e-01
-18.36190000 5.03609000e-01
-18.33190000 3.86595000e-01
-18.30190000 3.08937000e-01
-18.27190000 2.55044000e-01
-18.24190000 2.16278000e-01
-18.21190000 1.87568000e-01
-18.18190000 1.65793000e-01
-18.15190000 1.48948000e-01
-18.12190000 1.35703000e-01
-18.09190000 1.25146000e-01
-18.06190000 1.16638000e-01
-18.03190000 1.09719000e-01
-18.00190000 1.04051000e-01
-17.97190000 9.93854000e-02
-17.94190000 9.55299000e-02
-17.91190000 9.23388000e-02
-17.88190000 8.96983000e-02
-17.85190000 8.75192000e-02
-17.82190000 8.57304000e-02
-17.79190000 8.42750000e-02
-17.76190000 8.31071000e-02
-17.73190000 8.21894000e-02
-17.70190000 8.14914000e-02
-17.67190000 8.09879000e-02
-17.64190000 8.06584000e-02
-17.61190000 8.04859000e-02
-17.58190000 8.04562000e-02
-17.55190000 8.05576000e-02
-17.52190000 8.07807000e-02
-17.49190000 8.11176000e-02
-17.46190000 8.15619000e-02
-17.43190000 8.21086000e-02
-17.40190000 8.27537000e-02
-17.37190000 8.34944000e-02
-17.34190000 8.43286000e-02
-17.31190000 8.52552000e-02
-17.28190000 8.62736000e-02
-17.25190000 8.73842000e-02
-17.22190000 8.85879000e-02
-17.19190000 8.98865000e-02
-17.16190000 9.12824000e-02
-17.13190000 9.27785000e-02
-17.10190000 9.43786000e-02
-17.07190000 9.60873000e-02
-17.04190000 9.79098000e-02
-17.01190000 9.98525000e-02
-16.98190000 1.01922000e-01
-16.95190000 1.04128000e-01
-16.92190000 1.06478000e-01
-16.89190000 1.08983000e-01
-16.86190000 1.11656000e-01
-16.83190000 1.14510000e-01
-16.80190000 1.17561000e-01
-16.76850000 1.21212000e-01
-16.73850000 1.24741000e-01
-16.70850000 1.28531000e-01
-16.67850000 1.32610000e-01
-16.64850000 1.37009000e-01
-16.61850000 1.41763000e-01
-16.58850000 1.46917000e-01
-16.55850000 1.52517000e-01
-16.52850000 1.58623000e-01
-16.49850000 1.65302000e-01
-16.46850000 1.72635000e-01
-16.43850000 1.80717000e-01
-16.40850000 1.89665000e-01
-16.37850000 1.99618000e-01
-16.34850000 2.10746000e-01
-16.31850000 2.23258000e-01
-16.28850000 2.37416000e-01
-16.25850000 2.53545000e-01
-16.22850000 2.72061000e-01
-16.19850000 2.93499000e-01
-16.16850000 3.18560000e-01
-16.13850000 3.48178000e-01
-16.10850000 3.83631000e-01
-16.07850000 4.26721000e-01
-16.04850000 4.80104000e-01
-16.01850000 5.47925000e-01
-15.98850000 6.36731000e-01
-15.95850000 7.52683000e-01
-15.92850000 8.91765000e-01
-15.89850000 1.07489000e+00
-15.86850000 1.34546000e+00
-15.83850000 1.75852000e+00
-15.80850000 2.42097000e+00
-15.77850000 3.56176000e+00
-15.74850000 5.69843000e+00
-15.71850000 9.91248000e+00
-15.68850000 1.65364000e+01
-15.65850000 1.80260000e+01
-15.62850000 1.34593000e+01
-15.59850000 1.11110000e+01
-15.56850000 8.28656000e+00
-15.53850000 5.10339000e+00
-15.50850000 3.24168000e+00
-15.47850000 2.24488000e+00
-15.44850000 1.67564000e+00
-15.41850000 1.32773000e+00
-15.38850000 1.10568000e+00
-15.35850000 9.63552000e-01
-15.32850000 8.80164000e-01
-15.29850000 8.40395000e-01
-15.26850000 8.06641000e-01
-15.23850000 7.86488000e-01
-15.20850000 8.16095000e-01
-15.17850000 9.18609000e-01
-15.14850000 1.14933000e+00
-15.11850000 1.63601000e+00
-15.08850000 2.46954000e+00
-15.05850000 2.84965000e+00
-15.02850000 2.35245000e+00
-14.99850000 1.71877000e+00
-14.96850000 1.19215000e+00
-14.93850000 9.03563000e-01
-14.90850000 7.55944000e-01
-14.87850000 6.78283000e-01
-14.84850000 6.37843000e-01
-14.81510000 6.18448000e-01
-14.78510000 6.16242000e-01
-14.75510000 6.24787000e-01
-14.72510000 6.42474000e-01
-14.69510000 6.68804000e-01
-14.66510000 7.04094000e-01
-14.63510000 7.49401000e-01
-14.60510000 8.06619000e-01
-14.57510000 8.78737000e-01
-14.54510000 9.70350000e-01
-14.51510000 1.08859000e+00
-14.48510000 1.24481000e+00
-14.45510000 1.45791000e+00
-14.42510000 1.76100000e+00
-14.39510000 2.21602000e+00
-14.36510000 2.94793000e+00
-14.33510000 4.22962000e+00
-14.30510000 6.68021000e+00
-14.27510000 1.13689000e+01
-14.24510000 1.65488000e+01
-14.21510000 1.40265000e+01
-14.18510000 8.95934000e+00
-14.15510000 6.43292000e+00
-14.12510000 5.84849000e+00
-14.09510000 6.79877000e+00
-14.06510000 8.70161000e+00
-14.03510000 8.38116000e+00
-14.00510000 6.77566000e+00
-13.97510000 6.41333000e+00
-13.94510000 6.33041000e+00
-13.91510000 5.99227000e+00
-13.88510000 6.26974000e+00
-13.85510000 6.64073000e+00
-13.82510000 7.17726000e+00
-13.79510000 8.51256000e+00
-13.76510000 1.09654000e+01
-13.73510000 1.52033000e+01
-13.70510000 2.28067000e+01
-13.67510000 3.74545000e+01
-13.64510000 6.67343000e+01
-13.61510000 1.10748000e+02
-13.58510000 1.11488000e+02
-13.55510000 6.74954000e+01
-13.52510000 3.77615000e+01
-13.49510000 2.28341000e+01
-13.46510000 1.50401000e+01
-13.43510000 1.06151000e+01
-13.40510000 7.90694000e+00
-13.37510000 6.14684000e+00
-13.34510000 4.94809000e+00
-13.31510000 4.10183000e+00
-13.28510000 3.48835000e+00
-13.25510000 3.03564000e+00
-13.22510000 2.69875000e+00
-13.19510000 2.44896000e+00
-13.16510000 2.26786000e+00
-13.13510000 2.14405000e+00
-13.10510000 2.07138000e+00
-13.07510000 2.04825000e+00
-13.04510000 2.07784000e+00
-13.01510000 2.16934000e+00
-12.98510000 2.34108000e+00
-12.95510000 2.62700000e+00
-12.92510000 3.09078000e+00
-12.89510000 3.85806000e+00
-12.86160000 5.40358000e+00
-12.83160000 8.08879000e+00
-12.80160000 1.32583000e+01
-12.77160000 2.06961000e+01
-12.74160000 2.10979000e+01
-12.71160000 1.59338000e+01
-12.68160000 1.49501000e+01
-12.65160000 1.93181000e+01
-12.62160000 2.40011000e+01
-12.59160000 1.88160000e+01
-12.56160000 1.28644000e+01
-12.53160000 1.08379000e+01
-12.50160000 9.49968000e+00
-12.47160000 6.95179000e+00
-12.44160000 5.37359000e+00
-12.41160000 5.01810000e+00
-12.38160000 5.81025000e+00
-12.35160000 7.40505000e+00
-12.32160000 7.07722000e+00
-12.29160000 5.32121000e+00
-12.26160000 4.49470000e+00
-12.23160000 4.66558000e+00
-12.20160000 5.91222000e+00
-12.17160000 8.80694000e+00
-12.14160000 1.24818000e+01
-12.11160000 1.15044000e+01
-12.08160000 8.77436000e+00
-12.05160000 8.49939000e+00
-12.02160000 1.10799000e+01
-11.99160000 1.48609000e+01
-11.96160000 1.31551000e+01
-11.93160000 9.57622000e+00
-11.90160000 8.83743000e+00
-11.87160000 1.08474000e+01
-11.84160000 1.19121000e+01
-11.81160000 8.47334000e+00
-11.78160000 5.45946000e+00
-11.75160000 3.95554000e+00
-11.72160000 3.29906000e+00
-11.69160000 3.14204000e+00
-11.66160000 3.41890000e+00
-11.63160000 4.29968000e+00
-11.60160000 6.23016000e+00
-11.57160000 8.96484000e+00
-11.54160000 9.01842000e+00
-11.51160000 7.66080000e+00
-11.48160000 8.36437000e+00
-11.45160000 1.16545000e+01
-11.42160000 1.47914000e+01
-11.39160000 1.50897000e+01
-11.36160000 1.58505000e+01
-11.33160000 1.24470000e+01
-11.30160000 7.64104000e+00
-11.27160000 4.75679000e+00
-11.24160000 3.25414000e+00
-11.21160000 2.43115000e+00
-11.18160000 1.95510000e+00
-11.15160000 1.68341000e+00
-11.12160000 1.56329000e+00
-11.09160000 1.55269000e+00
-11.06160000 1.47552000e+00
-11.03160000 1.33954000e+00
-11.00160000 1.29751000e+00
-10.97160000 1.37166000e+00
-10.94160000 1.58387000e+00
-10.90820000 1.93026000e+00
-10.87820000 2.24411000e+00
-10.84820000 2.92258000e+00
-10.81820000 4.44971000e+00
-10.78820000 7.09371000e+00
-10.75820000 8.03290000e+00
-10.72820000 5.74859000e+00
-10.69820000 4.12329000e+00
-10.66820000 3.34022000e+00
-10.63820000 2.88630000e+00
-10.60820000 2.89935000e+00
-10.57820000 3.45650000e+00
-10.54820000 4.86349000e+00
-10.51820000 7.80020000e+00
-10.48820000 1.26690000e+01
-10.45820000 1.54735000e+01
-10.42820000 1.10203000e+01
-10.39820000 6.63288000e+00
-10.36820000 4.20361000e+00
-10.33820000 2.88519000e+00
-10.30820000 2.09825000e+00
-10.27820000 1.59790000e+00
-10.24820000 1.31663000e+00
-10.21820000 1.19108000e+00
-10.18820000 1.12118000e+00
-10.15820000 9.68605000e-01
-10.12820000 8.44979000e-01
-10.09820000 7.89801000e-01
-10.06820000 7.27304000e-01
-10.03820000 6.62472000e-01
-10.00820000 6.33853000e-01
-9.97822000 6.40023000e-01
-9.94822000 6.84347000e-01
-9.91822000 7.87687000e-01
-9.88822000 9.91611000e-01
-9.85822000 1.25076000e+00
-9.82822000 1.31566000e+00
-9.79822000 1.42240000e+00
-9.76822000 1.80679000e+00
-9.73822000 2.13899000e+00
-9.70822000 2.21808000e+00
-9.67822000 2.74133000e+00
-9.64822000 4.20637000e+00
-9.61822000 6.55536000e+00
-9.58822000 6.59179000e+00
-9.55822000 4.25097000e+00
-9.52822000 2.75624000e+00
-9.49822000 2.18613000e+00
-9.46822000 2.25102000e+00
-9.43822000 2.95849000e+00
-9.40822000 3.77830000e+00
-9.37822000 3.04997000e+00
-9.34822000 1.92884000e+00
-9.31822000 1.30454000e+00
-9.28822000 9.87466000e-01
-9.25822000 8.24185000e-01
-9.22822000 7.46026000e-01
-9.19822000 7.23053000e-01
-9.16822000 7.45515000e-01
-9.13822000 8.16847000e-01
-9.10822000 9.54436000e-01
-9.07822000 1.19545000e+00
-9.04822000 1.59811000e+00
-9.01822000 2.30909000e+00
-8.98822000 3.73211000e+00
-8.95481000 6.88461000e+00
-8.92481000 9.47728000e+00
-8.89481000 7.74458000e+00
-8.86481000 4.67049000e+00
-8.83481000 2.74905000e+00
-8.80481000 1.75887000e+00
-8.77481000 1.22849000e+00
-8.74481000 9.26495000e-01
-8.71481000 7.49583000e-01
-8.68481000 6.49035000e-01
-8.65481000 5.76621000e-01
-8.62481000 5.09527000e-01
-8.59481000 4.71584000e-01
-8.56481000 4.77305000e-01
-8.53481000 5.40544000e-01
-8.50481000 6.12352000e-01
-8.47481000 6.09696000e-01
-8.44481000 6.77147000e-01
-8.41481000 7.77548000e-01
-8.38481000 6.37288000e-01
-8.35481000 4.50264000e-01
-8.32481000 3.48611000e-01
-8.29481000 2.99629000e-01
-8.26481000 2.78563000e-01
-8.23481000 2.80107000e-01
-8.20481000 2.97708000e-01
-8.17481000 3.18652000e-01
-8.14481000 3.66072000e-01
-8.11481000 4.89030000e-01
-8.08481000 7.13439000e-01
-8.05481000 7.96924000e-01
-8.02481000 6.01440000e-01
-7.99481000 4.67401000e-01
-7.96481000 3.83168000e-01
-7.93481000 2.91110000e-01
-7.90481000 2.32704000e-01
-7.87481000 2.02059000e-01
-7.84481000 1.86899000e-01
-7.81481000 1.81884000e-01
-7.78481000 1.86306000e-01
-7.75481000 2.03667000e-01
-7.72481000 2.43930000e-01
-7.69481000 3.18517000e-01
-7.66481000 3.80410000e-01
-7.63481000 4.02596000e-01
-7.60481000 4.26405000e-01
-7.57481000 3.54925000e-01
-7.54481000 2.85285000e-01
-7.51481000 2.73624000e-01
-7.48481000 3.11185000e-01
-7.45481000 3.76870000e-01
-7.42481000 4.51419000e-01
-7.39481000 4.00158000e-01
-7.36481000 2.95687000e-01
-7.33481000 2.46423000e-01
-7.30481000 2.46186000e-01
-7.27481000 2.94497000e-01
-7.24481000 3.70968000e-01
-7.21481000 3.47131000e-01
-7.18481000 2.53483000e-01
-7.15481000 1.95684000e-01
-7.12481000 1.68724000e-01
-7.09481000 1.58303000e-01
-7.06481000 1.58481000e-01
-7.03481000 1.64969000e-01
-7.00139000 1.76351000e-01
-6.97139000 1.98992000e-01
-6.94139000 2.44727000e-01
-6.91139000 3.17135000e-01
-6.88139000 3.49349000e-01
-6.85139000 3.52905000e-01
-6.82139000 4.26007000e-01
-6.79139000 6.27184000e-01
-6.76139000 1.01709000e+00
-6.73139000 1.27220000e+00
-6.70139000 9.15493000e-01
-6.67139000 5.46488000e-01
-6.64139000 3.52639000e-01
-6.61139000 2.53776000e-01
-6.58139000 1.99249000e-01
-6.55139000 1.66722000e-01
-6.52139000 1.46114000e-01
-6.49139000 1.32578000e-01
-6.46139000 1.23745000e-01
-6.43139000 1.18675000e-01
-6.40139000 1.16987000e-01
-6.37139000 1.14854000e-01
-6.34139000 1.09039000e-01
-6.31139000 1.04570000e-01
-6.28139000 1.02158000e-01
-6.25139000 1.00667000e-01
-6.22139000 1.00034000e-01
-6.19139000 1.00345000e-01
-6.16139000 1.01585000e-01
-6.13139000 1.03894000e-01
-6.10139000 1.07629000e-01
-6.07139000 1.13518000e-01
-6.04139000 1.23047000e-01
-6.01139000 1.39415000e-01
-5.98139000 1.69216000e-01
-5.95139000 2.16657000e-01
-5.92139000 2.47031000e-01
-5.89139000 2.59672000e-01
-5.86139000 3.13562000e-01
-5.83139000 4.14295000e-01
-5.80139000 4.51245000e-01
-5.77139000 3.67130000e-01
-5.74139000 3.31349000e-01
-5.71139000 3.88438000e-01
-5.68139000 5.33358000e-01
-5.65139000 5.71290000e-01
-5.62139000 4.07196000e-01
-5.59139000 2.83490000e-01
-5.56139000 2.27117000e-01
-5.53139000 2.10268000e-01
-5.50139000 2.17545000e-01
-5.47139000 2.17269000e-01
-5.44139000 2.03814000e-01
-5.41139000 2.06497000e-01
-5.38139000 2.33118000e-01
-5.35139000 2.93094000e-01
-5.32139000 4.00205000e-01
-5.29139000 5.28735000e-01
-5.26139000 5.10297000e-01
-5.23139000 3.99617000e-01
-5.20139000 3.54577000e-01
-5.17139000 3.78100000e-01
-5.14139000 4.55366000e-01
-5.11139000 5.92059000e-01
-5.08139000 8.86541000e-01
-5.04798000 1.49774000e+00
-5.01798000 1.77380000e+00
-4.98798000 1.34493000e+00
-4.95798000 8.39547000e-01
-4.92798000 5.60058000e-01
-4.89798000 4.27782000e-01
-4.86798000 3.70199000e-01
-4.83798000 3.56552000e-01
-4.80798000 3.77529000e-01
-4.77798000 4.39025000e-01
-4.74798000 5.62125000e-01
-4.71798000 8.02541000e-01
-4.68798000 1.28727000e+00
-4.65798000 2.09732000e+00
-4.62798000 2.40067000e+00
-4.59798000 1.81595000e+00
-4.56798000 1.52450000e+00
-4.53798000 1.37250000e+00
-4.50798000 9.46919000e-01
-4.47798000 6.20583000e-01
-4.44798000 4.55203000e-01
-4.41798000 3.84701000e-01
-4.38798000 3.76665000e-01
-4.35798000 3.76891000e-01
-4.32798000 3.27095000e-01
-4.29798000 2.70439000e-01
-4.26798000 2.33169000e-01
-4.23798000 2.13467000e-01
-4.20798000 2.08730000e-01
-4.17798000 2.19024000e-01
-4.14798000 2.49236000e-01
-4.11798000 3.14700000e-01
-4.08798000 4.42563000e-01
-4.05798000 5.94905000e-01
-4.02798000 6.47708000e-01
-3.99798000 7.66907000e-01
-3.96798000 8.36754000e-01
-3.93798000 6.10583000e-01
-3.90798000 4.14551000e-01
-3.87798000 3.28620000e-01
-3.84798000 3.11118000e-01
-3.81798000 2.99700000e-01
-3.78798000 2.62456000e-01
-3.75798000 2.36575000e-01
-3.72798000 2.07375000e-01
-3.69798000 1.88194000e-01
-3.66798000 1.81434000e-01
-3.63798000 1.81600000e-01
-3.60798000 1.88188000e-01
-3.57798000 2.04544000e-01
-3.54798000 2.35245000e-01
-3.51798000 2.88345000e-01
-3.48798000 3.82533000e-01
-3.45798000 5.61928000e-01
-3.42798000 9.20840000e-01
-3.39798000 1.50792000e+00
-3.36798000 1.67720000e+00
-3.33798000 1.11158000e+00
-3.30798000 6.62819000e-01
-3.27798000 4.37642000e-01
-3.24798000 3.27538000e-01
-3.21798000 2.73052000e-01
-3.18798000 2.44857000e-01
-3.15798000 2.32089000e-01
-3.12798000 2.43039000e-01
-3.09456000 2.73918000e-01
-3.06456000 2.96249000e-01
-3.03456000 2.98567000e-01
-3.00456000 3.01548000e-01
-2.97456000 2.72207000e-01
-2.94456000 2.14179000e-01
-2.91456000 1.73386000e-01
-2.88456000 1.52821000e-01
-2.85456000 1.43424000e-01
-2.82456000 1.40500000e-01
-2.79456000 1.42308000e-01
-2.76456000 1.48420000e-01
-2.73456000 1.60104000e-01
-2.70456000 1.80752000e-01
-2.67456000 2.17186000e-01
-2.64456000 2.84741000e-01
-2.61456000 4.17797000e-01
-2.58456000 6.64246000e-01
-2.55456000 8.84216000e-01
-2.52456000 7.23087000e-01
-2.49456000 5.07832000e-01
-2.46456000 4.32527000e-01
-2.43456000 4.61528000e-01
-2.40456000 4.93881000e-01
-2.37456000 3.84225000e-01
-2.34456000 2.68682000e-01
-2.31456000 2.02908000e-01
-2.28456000 1.67865000e-01
-2.25456000 1.48552000e-01
-2.22456000 1.37310000e-01
-2.19456000 1.30813000e-01
-2.16456000 1.28684000e-01
-2.13456000 1.31379000e-01
-2.10456000 1.36161000e-01
-2.07456000 1.33756000e-01
-2.04456000 1.30955000e-01
-2.01456000 1.34086000e-01
-1.98456000 1.44522000e-01
-1.95456000 1.66772000e-01
-1.92456000 2.11865000e-01
-1.89456000 2.86224000e-01
-1.86456000 3.21300000e-01
-1.83456000 2.76929000e-01
-1.80456000 2.35304000e-01
-1.77456000 2.17461000e-01
-1.74456000 2.06313000e-01
-1.71456000 2.06373000e-01
-1.68456000 2.35897000e-01
-1.65456000 3.10774000e-01
-1.62456000 4.02425000e-01
-1.59456000 3.83891000e-01
-1.56456000 3.45872000e-01
-1.53456000 3.52650000e-01
-1.50456000 3.09266000e-01
-1.47456000 2.52622000e-01
-1.44456000 2.33896000e-01
-1.41456000 2.49658000e-01
-1.38456000 3.05360000e-01
-1.35456000 4.24022000e-01
-1.32456000 6.34664000e-01
-1.29456000 8.37323000e-01
-1.26456000 7.15884000e-01
-1.23456000 4.97484000e-01
-1.20456000 3.64682000e-01
-1.17456000 2.85259000e-01
-1.14115000 2.16243000e-01
-1.11115000 1.80392000e-01
-1.08115000 1.60779000e-01
-1.05115000 1.50330000e-01
-1.02115000 1.45942000e-01
-0.99114600 1.46892000e-01
-0.96114600 1.54545000e-01
-0.93114600 1.73610000e-01
-0.90114600 2.15302000e-01
-0.87114600 2.89061000e-01
-0.84114600 3.20193000e-01
-0.81114600 2.51670000e-01
-0.78114600 1.95845000e-01
-0.75114600 1.73340000e-01
-0.72114600 1.74231000e-01
-0.69114600 1.94664000e-01
-0.66114600 2.08991000e-01
-0.63114600 1.82387000e-01
-0.60114600 1.53430000e-01
-0.57114600 1.38001000e-01
-0.54114600 1.31064000e-01
-0.51114600 1.29192000e-01
-0.48114600 1.31380000e-01
-0.45114600 1.37142000e-01
-0.42114600 1.38979000e-01
-0.39114600 1.37053000e-01
-0.36114600 1.40019000e-01
-0.33114600 1.48026000e-01
-0.30114600 1.59642000e-01
-0.27114600 1.81719000e-01
-0.24114600 2.28789000e-01
-0.21114600 2.86265000e-01
-0.18114600 2.69653000e-01
-0.15114600 2.09940000e-01
-0.12114600 1.71521000e-01
-0.09114580 1.53225000e-01
-0.06114580 1.45158000e-01
-0.03114580 1.41895000e-01
-0.00114582 1.40721000e-01
0.02885420 1.41744000e-01
0.05885420 1.45071000e-01
0.08885420 1.50948000e-01
0.11885400 1.60217000e-01
0.14885400 1.74674000e-01
0.17885400 1.98295000e-01
0.20885400 2.40020000e-01
0.23885400 3.17793000e-01
0.26885400 4.61285000e-01
0.29885400 6.23710000e-01
0.32885400 5.53120000e-01
0.35885400 4.00899000e-01
0.38885400 3.24645000e-01
0.41885400 2.93597000e-01
0.44885400 2.77827000e-01
0.47885400 2.90235000e-01
0.50885400 3.48136000e-01
0.53885400 4.79675000e-01
0.56885400 6.48417000e-01
0.59885400 6.01286000e-01
0.62885400 4.58100000e-01
0.65885400 3.90919000e-01
0.68885400 3.53046000e-01
0.71885400 3.48167000e-01
0.74885400 3.73662000e-01
0.77885400 4.14456000e-01
