# E(MeV)  S_NSDRNSDR(K=1) for Se103_DDPCX
-18.72190000 3.48203000e-02
-18.69190000 3.53982000e-02
-18.66190000 3.59896000e-02
-18.63190000 3.65954000e-02
-18.60190000 3.72165000e-02
-18.57190000 3.78538000e-02
-18.54190000 3.85083000e-02
-18.51190000 3.91810000e-02
-18.48190000 3.98733000e-02
-18.45190000 4.05863000e-02
-18.42190000 4.13214000e-02
-18.39190000 4.20802000e-02
-18.36190000 4.28643000e-02
-18.33190000 4.36757000e-02
-18.30190000 4.45161000e-02
-18.27190000 4.53880000e-02
-18.24190000 4.62938000e-02
-18.21190000 4.72362000e-02
-18.18190000 4.82183000e-02
-18.15190000 4.92435000e-02
-18.12190000 5.03157000e-02
-18.09190000 5.14392000e-02
-18.06190000 5.26190000e-02
-18.03190000 5.38607000e-02
-18.00190000 5.51707000e-02
-17.97190000 5.65564000e-02
-17.94190000 5.80265000e-02
-17.91190000 5.95907000e-02
-17.88190000 6.12609000e-02
-17.85190000 6.30505000e-02
-17.82190000 6.49758000e-02
-17.79190000 6.70560000e-02
-17.76190000 6.93142000e-02
-17.73190000 7.17785000e-02
-17.70190000 7.44830000e-02
-17.67190000 7.74698000e-02
-17.64190000 8.07911000e-02
-17.61190000 8.45127000e-02
-17.58190000 8.87183000e-02
-17.55190000 9.35158000e-02
-17.52190000 9.90458000e-02
-17.49190000 1.05495000e-01
-17.46190000 1.13117000e-01
-17.43190000 1.22258000e-01
-17.40190000 1.33408000e-01
-17.37190000 1.47272000e-01
-17.34190000 1.64898000e-01
-17.31190000 1.87893000e-01
-17.28190000 2.18818000e-01
-17.25190000 2.61947000e-01
-17.22190000 3.24799000e-01
-17.19190000 4.21476000e-01
-17.16190000 5.80448000e-01
-17.13190000 8.63847000e-01
-17.10190000 1.41345000e+00
-17.07190000 2.49060000e+00
-17.04190000 3.81092000e+00
-17.01190000 3.31906000e+00
-16.98190000 1.94638000e+00
-16.95190000 1.13763000e+00
-16.92190000 7.33948000e-01
-16.89190000 5.20361000e-01
-16.86190000 3.97898000e-01
-16.83190000 3.22777000e-01
-16.80190000 2.74262000e-01
-16.76850000 2.38766000e-01
-16.73850000 2.17341000e-01
-16.70850000 2.02431000e-01
-16.67850000 1.92085000e-01
-16.64850000 1.85063000e-01
-16.61850000 1.80550000e-01
-16.58850000 1.78001000e-01
-16.55850000 1.77043000e-01
-16.52850000 1.77425000e-01
-16.49850000 1.78975000e-01
-16.46850000 1.81582000e-01
-16.43850000 1.85185000e-01
-16.40850000 1.89757000e-01
-16.37850000 1.95307000e-01
-16.34850000 2.01876000e-01
-16.31850000 2.09540000e-01
-16.28850000 2.18411000e-01
-16.25850000 2.28653000e-01
-16.22850000 2.40493000e-01
-16.19850000 2.54252000e-01
-16.16850000 2.70393000e-01
-16.13850000 2.89615000e-01
-16.10850000 3.13038000e-01
-16.07850000 3.42608000e-01
-16.04850000 3.82049000e-01
-16.01850000 4.39193000e-01
-15.98850000 5.30332000e-01
-15.95850000 6.68036000e-01
-15.92850000 7.52736000e-01
-15.89850000 7.24737000e-01
-15.86850000 7.33857000e-01
-15.83850000 8.09927000e-01
-15.80850000 9.54024000e-01
-15.77850000 1.18355000e+00
-15.74850000 1.48328000e+00
-15.71850000 1.84625000e+00
-15.68850000 2.43055000e+00
-15.65850000 3.54611000e+00
-15.62850000 5.77144000e+00
-15.59850000 1.01130000e+01
-15.56850000 1.50071000e+01
-15.53850000 1.25494000e+01
-15.50850000 7.38538000e+00
-15.47850000 4.46118000e+00
-15.44850000 3.03144000e+00
-15.41850000 2.30839000e+00
-15.38850000 1.93692000e+00
-15.35850000 1.76360000e+00
-15.32850000 1.72157000e+00
-15.29850000 1.78599000e+00
-15.26850000 1.95865000e+00
-15.23850000 2.26563000e+00
-15.20850000 2.75112000e+00
-15.17850000 3.48147000e+00
-15.14850000 4.68819000e+00
-15.11850000 6.85531000e+00
-15.08850000 1.10267000e+01
-15.05850000 1.93137000e+01
-15.02850000 3.13694000e+01
-14.99850000 3.09266000e+01
-14.96850000 1.93572000e+01
-14.93850000 1.22453000e+01
-14.90850000 9.73932000e+00
-14.87850000 1.04095000e+01
-14.84850000 1.20038000e+01
-14.81510000 9.00703000e+00
-14.78510000 5.67575000e+00
-14.75510000 3.84630000e+00
-14.72510000 2.89818000e+00
-14.69510000 2.40033000e+00
-14.66510000 2.18057000e+00
-14.63510000 2.19630000e+00
-14.60510000 2.32274000e+00
-14.57510000 2.16580000e+00
-14.54510000 1.96108000e+00
-14.51510000 1.95285000e+00
-14.48510000 2.15336000e+00
-14.45510000 2.64402000e+00
-14.42510000 3.62720000e+00
-14.39510000 4.90013000e+00
-14.36510000 5.08345000e+00
-14.33510000 4.79223000e+00
-14.30510000 4.74082000e+00
-14.27510000 5.41974000e+00
-14.24510000 6.06556000e+00
-14.21510000 5.89063000e+00
-14.18510000 6.36409000e+00
-14.15510000 7.87394000e+00
-14.12510000 1.04183000e+01
-14.09510000 1.55523000e+01
-14.06510000 2.53881000e+01
-14.03510000 3.75339000e+01
-14.00510000 4.78417000e+01
-13.97510000 4.64329000e+01
-13.94510000 3.11627000e+01
-13.91510000 1.85553000e+01
-13.88510000 1.20084000e+01
-13.85510000 8.98517000e+00
-13.82510000 8.08812000e+00
-13.79510000 9.17946000e+00
-13.76510000 1.20795000e+01
-13.73510000 1.20661000e+01
-13.70510000 8.03626000e+00
-13.67510000 5.17951000e+00
-13.64510000 3.75860000e+00
-13.61510000 3.00207000e+00
-13.58510000 2.39742000e+00
-13.55510000 1.96189000e+00
-13.52510000 1.69178000e+00
-13.49510000 1.52711000e+00
-13.46510000 1.43448000e+00
-13.43510000 1.40135000e+00
-13.40510000 1.43006000e+00
-13.37510000 1.54036000e+00
-13.34510000 1.78406000e+00
-13.31510000 2.28477000e+00
-13.28510000 3.29818000e+00
-13.25510000 4.82511000e+00
-13.22510000 4.93293000e+00
-13.19510000 3.62364000e+00
-13.16510000 2.87885000e+00
-13.13510000 2.76880000e+00
-13.10510000 3.16648000e+00
-13.07510000 4.22026000e+00
-13.04510000 6.19656000e+00
-13.01510000 7.78654000e+00
-12.98510000 7.53354000e+00
-12.95510000 8.42372000e+00
-12.92510000 1.22781000e+01
-12.89510000 2.00751000e+01
-12.86160000 2.41092000e+01
-12.83160000 1.62597000e+01
-12.80160000 1.00756000e+01
-12.77160000 7.55070000e+00
-12.74160000 7.54038000e+00
-12.71160000 9.29111000e+00
-12.68160000 9.04545000e+00
-12.65160000 6.00312000e+00
-12.62160000 3.89018000e+00
-12.59160000 2.85014000e+00
-12.56160000 2.41856000e+00
-12.53160000 2.42695000e+00
-12.50160000 2.69282000e+00
-12.47160000 2.48507000e+00
-12.44160000 2.06516000e+00
-12.41160000 2.01771000e+00
-12.38160000 2.37397000e+00
-12.35160000 2.75321000e+00
-12.32160000 2.96298000e+00
-12.29160000 3.18950000e+00
-12.26160000 2.82417000e+00
-12.23160000 2.07299000e+00
-12.20160000 1.67057000e+00
-12.17160000 1.64302000e+00
-12.14160000 1.92577000e+00
-12.11160000 2.12449000e+00
-12.08160000 1.85797000e+00
-12.05160000 1.72858000e+00
-12.02160000 1.94655000e+00
-11.99160000 2.56080000e+00
-11.96160000 3.46097000e+00
-11.93160000 4.64007000e+00
-11.90160000 5.13681000e+00
-11.87160000 4.23503000e+00
-11.84160000 3.98632000e+00
-11.81160000 5.00677000e+00
-11.78160000 7.76150000e+00
-11.75160000 1.14432000e+01
-11.72160000 1.03581000e+01
-11.69160000 6.65670000e+00
-11.66160000 4.50587000e+00
-11.63160000 3.52988000e+00
-11.60160000 3.21924000e+00
-11.57160000 2.64146000e+00
-11.54160000 1.86593000e+00
-11.51160000 1.37652000e+00
-11.48160000 1.09980000e+00
-11.45160000 9.60110000e-01
-11.42160000 9.13092000e-01
-11.39160000 9.17784000e-01
-11.36160000 9.82588000e-01
-11.33160000 1.18121000e+00
-11.30160000 1.59739000e+00
-11.27160000 1.92199000e+00
-11.24160000 1.75251000e+00
-11.21160000 1.49257000e+00
-11.18160000 1.24251000e+00
-11.15160000 1.09376000e+00
-11.12160000 1.05053000e+00
-11.09160000 1.01254000e+00
-11.06160000 1.01401000e+00
-11.03160000 1.18308000e+00
-11.00160000 1.59970000e+00
-10.97160000 2.15193000e+00
-10.94160000 2.28649000e+00
-10.90820000 2.02090000e+00
-10.87820000 1.65118000e+00
-10.84820000 1.50474000e+00
-10.81820000 1.63105000e+00
-10.78820000 1.95848000e+00
-10.75820000 2.34331000e+00
-10.72820000 3.04717000e+00
-10.69820000 4.57089000e+00
-10.66820000 7.59411000e+00
-10.63820000 1.16710000e+01
-10.60820000 1.32330000e+01
-10.57820000 1.10352000e+01
-10.54820000 7.59077000e+00
-10.51820000 6.37577000e+00
-10.48820000 7.01169000e+00
-10.45820000 6.41903000e+00
-10.42820000 4.13898000e+00
-10.39820000 2.61176000e+00
-10.36820000 1.82461000e+00
-10.33820000 1.40443000e+00
-10.30820000 1.18692000e+00
-10.27820000 1.13648000e+00
-10.24820000 1.19042000e+00
-10.21820000 1.10121000e+00
-10.18820000 9.66813000e-01
-10.15820000 9.26870000e-01
-10.12820000 8.09292000e-01
-10.09820000 6.85785000e-01
-10.06820000 6.24025000e-01
-10.03820000 5.84242000e-01
-10.00820000 5.90417000e-01
-9.97822000 6.66505000e-01
-9.94822000 8.57607000e-01
-9.91822000 1.24026000e+00
-9.88822000 1.64513000e+00
-9.85822000 1.53987000e+00
-9.82822000 1.16182000e+00
-9.79822000 9.02692000e-01
-9.76822000 8.03402000e-01
-9.73822000 8.61310000e-01
-9.70822000 1.11261000e+00
-9.67822000 1.58835000e+00
-9.64822000 1.75264000e+00
-9.61822000 1.32900000e+00
-9.58822000 1.05243000e+00
-9.55822000 1.06388000e+00
-9.52822000 1.16818000e+00
-9.49822000 9.94412000e-01
-9.46822000 7.82974000e-01
-9.43822000 6.88013000e-01
-9.40822000 6.79077000e-01
-9.37822000 7.38825000e-01
-9.34822000 8.76897000e-01
-9.31822000 1.11067000e+00
-9.28822000 1.38298000e+00
-9.25822000 1.76379000e+00
-9.22822000 2.50565000e+00
-9.19822000 4.03501000e+00
-9.16822000 6.91478000e+00
-9.13822000 9.05350000e+00
-9.10822000 6.74311000e+00
-9.07822000 4.30081000e+00
-9.04822000 3.41617000e+00
-9.01822000 3.48651000e+00
-8.98822000 3.04263000e+00
-8.95481000 1.91644000e+00
-8.92481000 1.30092000e+00
-8.89481000 9.78800000e-01
-8.86481000 8.05472000e-01
-8.83481000 7.13119000e-01
-8.80481000 6.71437000e-01
-8.77481000 6.60746000e-01
-8.74481000 6.79409000e-01
-8.71481000 7.38876000e-01
-8.68481000 8.53618000e-01
-8.65481000 1.05577000e+00
-8.62481000 1.41649000e+00
-8.59481000 2.08909000e+00
-8.56481000 3.29150000e+00
-8.53481000 4.78090000e+00
-8.50481000 6.62233000e+00
-8.47481000 8.25781000e+00
-8.44481000 6.28375000e+00
-8.41481000 3.72753000e+00
-8.38481000 2.28360000e+00
-8.35481000 1.56136000e+00
-8.32481000 1.18977000e+00
-8.29481000 9.72521000e-01
-8.26481000 8.46214000e-01
-8.23481000 8.01312000e-01
-8.20481000 8.32888000e-01
-8.17481000 9.42688000e-01
-8.14481000 1.13583000e+00
-8.11481000 1.53663000e+00
-8.08481000 2.34795000e+00
-8.05481000 3.44674000e+00
-8.02481000 3.91281000e+00
-7.99481000 2.98775000e+00
-7.96481000 2.14913000e+00
-7.93481000 1.87298000e+00
-7.90481000 2.08924000e+00
-7.87481000 2.83427000e+00
-7.84481000 3.99577000e+00
-7.81481000 3.72325000e+00
-7.78481000 2.36454000e+00
-7.75481000 1.51524000e+00
-7.72481000 1.04618000e+00
-7.69481000 7.88673000e-01
-7.66481000 6.59280000e-01
-7.63481000 5.87941000e-01
-7.60481000 5.69812000e-01
-7.57481000 6.36266000e-01
-7.54481000 8.34195000e-01
-7.51481000 1.07981000e+00
-7.48481000 9.45320000e-01
-7.45481000 6.55398000e-01
-7.42481000 4.93622000e-01
-7.39481000 4.26706000e-01
-7.36481000 4.08708000e-01
-7.33481000 4.09350000e-01
-7.30481000 4.44370000e-01
-7.27481000 5.43278000e-01
-7.24481000 6.99163000e-01
-7.21481000 7.72069000e-01
-7.18481000 8.12604000e-01
-7.15481000 8.89339000e-01
-7.12481000 1.09368000e+00
-7.09481000 1.53525000e+00
-7.06481000 2.02502000e+00
-7.03481000 2.64448000e+00
-7.00139000 2.95698000e+00
-6.97139000 2.03904000e+00
-6.94139000 1.27327000e+00
-6.91139000 8.91041000e-01
-6.88139000 7.30831000e-01
-6.85139000 7.04924000e-01
-6.82139000 7.97534000e-01
-6.79139000 1.00857000e+00
-6.76139000 1.27391000e+00
-6.73139000 1.63600000e+00
-6.70139000 1.60273000e+00
-6.67139000 1.32883000e+00
-6.64139000 1.22739000e+00
-6.61139000 1.16541000e+00
-6.58139000 1.32926000e+00
-6.55139000 1.74136000e+00
-6.52139000 2.35208000e+00
-6.49139000 2.37002000e+00
-6.46139000 1.56000000e+00
-6.43139000 1.00204000e+00
-6.40139000 7.45844000e-01
-6.37139000 5.79564000e-01
-6.34139000 4.58716000e-01
-6.31139000 4.07181000e-01
-6.28139000 4.15149000e-01
-6.25139000 4.48358000e-01
-6.22139000 4.63122000e-01
-6.19139000 4.16557000e-01
-6.16139000 3.74767000e-01
-6.13139000 3.99701000e-01
-6.10139000 4.98425000e-01
-6.07139000 5.46858000e-01
-6.04139000 4.66162000e-01
-6.01139000 4.44429000e-01
-5.98139000 5.13640000e-01
-5.95139000 5.27441000e-01
-5.92139000 4.56284000e-01
-5.89139000 4.66193000e-01
-5.86139000 6.02689000e-01
-5.83139000 7.78080000e-01
-5.80139000 7.07380000e-01
-5.77139000 5.27698000e-01
-5.74139000 3.94384000e-01
-5.71139000 3.10376000e-01
-5.68139000 2.60463000e-01
-5.65139000 2.41843000e-01
-5.62139000 2.48034000e-01
-5.59139000 2.79506000e-01
-5.56139000 3.41424000e-01
-5.53139000 4.51175000e-01
-5.50139000 6.36382000e-01
-5.47139000 6.97446000e-01
-5.44139000 5.49679000e-01
-5.41139000 4.17396000e-01
-5.38139000 3.49105000e-01
-5.35139000 3.38805000e-01
-5.32139000 3.57492000e-01
-5.29139000 3.90539000e-01
-5.26139000 4.70334000e-01
-5.23139000 6.12727000e-01
-5.20139000 8.55860000e-01
-5.17139000 1.29899000e+00
-5.14139000 1.81408000e+00
-5.11139000 2.10701000e+00
-5.08139000 1.83703000e+00
-5.04798000 1.61664000e+00
-5.01798000 1.92333000e+00
-4.98798000 2.08421000e+00
-4.95798000 1.48870000e+00
-4.92798000 1.00169000e+00
-4.89798000 7.90194000e-01
-4.86798000 7.62154000e-01
-4.83798000 7.06748000e-01
-4.80798000 5.21492000e-01
-4.77798000 3.84265000e-01
-4.74798000 3.06995000e-01
-4.71798000 2.65502000e-01
-4.68798000 2.44801000e-01
-4.65798000 2.39012000e-01
-4.62798000 2.47996000e-01
-4.59798000 2.75918000e-01
-4.56798000 3.32623000e-01
-4.53798000 4.42565000e-01
-4.50798000 6.48924000e-01
-4.47798000 8.70262000e-01
-4.44798000 9.10680000e-01
-4.41798000 8.57413000e-01
-4.38798000 8.15653000e-01
-4.35798000 8.24327000e-01
-4.32798000 7.42347000e-01
-4.29798000 7.12887000e-01
-4.26798000 7.71939000e-01
-4.23798000 7.77867000e-01
-4.20798000 8.26460000e-01
-4.17798000 9.46340000e-01
-4.14798000 8.83730000e-01
-4.11798000 7.93802000e-01
-4.08798000 8.24864000e-01
-4.05798000 9.43072000e-01
-4.02798000 8.69275000e-01
-3.99798000 6.97304000e-01
-3.96798000 5.73459000e-01
-3.93798000 4.52256000e-01
-3.90798000 3.75465000e-01
-3.87798000 3.66654000e-01
-3.84798000 3.56911000e-01
-3.81798000 2.94106000e-01
-3.78798000 2.55909000e-01
-3.75798000 2.50867000e-01
-3.72798000 2.57008000e-01
-3.69798000 2.92698000e-01
-3.66798000 3.71419000e-01
-3.63798000 4.01745000e-01
-3.60798000 3.65659000e-01
-3.57798000 3.81239000e-01
-3.54798000 4.08946000e-01
-3.51798000 4.24547000e-01
-3.48798000 4.99364000e-01
-3.45798000 5.69070000e-01
-3.42798000 5.79198000e-01
-3.39798000 6.65519000e-01
-3.36798000 7.51894000e-01
-3.33798000 5.91328000e-01
-3.30798000 3.96317000e-01
-3.27798000 2.94655000e-01
-3.24798000 2.49302000e-01
-3.21798000 2.19320000e-01
-3.18798000 2.07515000e-01
-3.15798000 2.23315000e-01
-3.12798000 2.78171000e-01
-3.09456000 3.83446000e-01
-3.06456000 4.28818000e-01
-3.03456000 3.59119000e-01
-3.00456000 2.93973000e-01
-2.97456000 2.54216000e-01
-2.94456000 2.06723000e-01
-2.91456000 1.73354000e-01
-2.88456000 1.59765000e-01
-2.85456000 1.63042000e-01
-2.82456000 1.67702000e-01
-2.79456000 1.59574000e-01
-2.76456000 1.56950000e-01
-2.73456000 1.72283000e-01
-2.70456000 2.12287000e-01
-2.67456000 2.62454000e-01
-2.64456000 2.67173000e-01
-2.61456000 2.80852000e-01
-2.58456000 3.58825000e-01
-2.55456000 4.42254000e-01
-2.52456000 3.79840000e-01
-2.49456000 2.61755000e-01
-2.46456000 1.91949000e-01
-2.43456000 1.58491000e-01
-2.40456000 1.40697000e-01
-2.37456000 1.29761000e-01
-2.34456000 1.24265000e-01
-2.31456000 1.23598000e-01
-2.28456000 1.28403000e-01
-2.25456000 1.40804000e-01
-2.22456000 1.62156000e-01
-2.19456000 1.85638000e-01
-2.16456000 2.07579000e-01
-2.13456000 2.30258000e-01
-2.10456000 2.80182000e-01
-2.07456000 3.59331000e-01
-2.04456000 4.04787000e-01
-2.01456000 3.16290000e-01
-1.98456000 2.30474000e-01
-1.95456000 1.86960000e-01
-1.92456000 1.68991000e-01
-1.89456000 1.59428000e-01
-1.86456000 1.54411000e-01
-1.83456000 1.50660000e-01
-1.80456000 1.46702000e-01
-1.77456000 1.47152000e-01
-1.74456000 1.53163000e-01
-1.71456000 1.67122000e-01
-1.68456000 1.88975000e-01
-1.65456000 1.96466000e-01
-1.62456000 1.95567000e-01
-1.59456000 2.06455000e-01
-1.56456000 2.27868000e-01
-1.53456000 2.66623000e-01
-1.50456000 3.14825000e-01
-1.47456000 4.10114000e-01
-1.44456000 5.96037000e-01
-1.41456000 8.21041000e-01
-1.38456000 7.92140000e-01
-1.35456000 6.24058000e-01
-1.32456000 4.94775000e-01
-1.29456000 3.83504000e-01
-1.26456000 3.22246000e-01
-1.23456000 3.17358000e-01
-1.20456000 3.48086000e-01
-1.17456000 3.73480000e-01
-1.14115000 3.39905000e-01
-1.11115000 2.87102000e-01
-1.08115000 2.59754000e-01
-1.05115000 2.61070000e-01
-1.02115000 2.88629000e-01
-0.99114600 3.41257000e-01
-0.96114600 3.81179000e-01
-0.93114600 4.04414000e-01
-0.90114600 4.60101000e-01
-0.87114600 5.53333000e-01
-0.84114600 7.25735000e-01
-0.81114600 1.00072000e+00
-0.78114600 1.47288000e+00
-0.75114600 2.39778000e+00
-0.72114600 3.13146000e+00
-0.69114600 2.35972000e+00
-0.66114600 1.49097000e+00
-0.63114600 1.11259000e+00
-0.60114600 9.58275000e-01
-0.57114600 7.32585000e-01
-0.54114600 5.33978000e-01
-0.51114600 4.24922000e-01
-0.48114600 3.70846000e-01
-0.45114600 3.48404000e-01
-0.42114600 3.49129000e-01
-0.39114600 3.66400000e-01
-0.36114600 3.67928000e-01
-0.33114600 3.64280000e-01
-0.30114600 3.83608000e-01
-0.27114600 4.28583000e-01
-0.24114600 5.05420000e-01
-0.21114600 6.34245000e-01
-0.18114600 8.58854000e-01
-0.15114600 1.27603000e+00
-0.12114600 2.09234000e+00
-0.09114580 3.52647000e+00
-0.06114580 4.58820000e+00
-0.03114580 3.66312000e+00
-0.00114582 2.27194000e+00
0.02885420 1.41527000e+00
0.05885420 9.80977000e-01
0.08885420 7.67782000e-01
0.11885400 6.53461000e-01
0.14885400 5.47236000e-01
0.17885400 4.68803000e-01
0.20885400 4.26570000e-01
0.23885400 4.03402000e-01
0.26885400 4.00375000e-01
0.29885400 4.19939000e-01
0.32885400 4.67995000e-01
0.35885400 5.62701000e-01
0.38885400 7.47263000e-01
0.41885400 1.10972000e+00
0.44885400 1.65615000e+00
0.47885400 1.77365000e+00
0.50885400 1.42626000e+00
0.53885400 1.24885000e+00
0.56885400 1.42323000e+00
0.59885400 1.84689000e+00
0.62885400 1.86052000e+00
0.65885400 1.66520000e+00
0.68885400 1.86738000e+00
0.71885400 2.28700000e+00
0.74885400 2.28043000e+00
0.77885400 2.02137000e+00
