# E(MeV)  S_GAMTGAMT(K=0) for Se103_DDPCX
-18.72190000 1.73171000e-03
-18.69190000 1.73976000e-03
-18.66190000 1.74787000e-03
-18.63190000 1.75604000e-03
-18.60190000 1.76428000e-03
-18.57190000 1.77259000e-03
-18.54190000 1.78096000e-03
-18.51190000 1.78940000e-03
-18.48190000 1.79791000e-03
-18.45190000 1.80649000e-03
-18.42190000 1.81514000e-03
-18.39190000 1.82386000e-03
-18.36190000 1.83266000e-03
-18.33190000 1.84153000e-03
-18.30190000 1.85047000e-03
-18.27190000 1.85949000e-03
-18.24190000 1.86859000e-03
-18.21190000 1.87777000e-03
-18.18190000 1.88703000e-03
-18.15190000 1.89636000e-03
-18.12190000 1.90578000e-03
-18.09190000 1.91528000e-03
-18.06190000 1.92487000e-03
-18.03190000 1.93455000e-03
-18.00190000 1.94431000e-03
-17.97190000 1.95415000e-03
-17.94190000 1.96409000e-03
-17.91190000 1.97412000e-03
-17.88190000 1.98425000e-03
-17.85190000 1.99446000e-03
-17.82190000 2.00478000e-03
-17.79190000 2.01519000e-03
-17.76190000 2.02570000e-03
-17.73190000 2.03631000e-03
-17.70190000 2.04702000e-03
-17.67190000 2.05783000e-03
-17.64190000 2.06875000e-03
-17.61190000 2.07978000e-03
-17.58190000 2.09092000e-03
-17.55190000 2.10216000e-03
-17.52190000 2.11352000e-03
-17.49190000 2.12500000e-03
-17.46190000 2.13659000e-03
-17.43190000 2.14830000e-03
-17.40190000 2.16013000e-03
-17.37190000 2.17208000e-03
-17.34190000 2.18415000e-03
-17.31190000 2.19636000e-03
-17.28190000 2.20869000e-03
-17.25190000 2.22115000e-03
-17.22190000 2.23375000e-03
-17.19190000 2.24648000e-03
-17.16190000 2.25935000e-03
-17.13190000 2.27236000e-03
-17.10190000 2.28552000e-03
-17.07190000 2.29882000e-03
-17.04190000 2.31228000e-03
-17.01190000 2.32588000e-03
-16.98190000 2.33964000e-03
-16.95190000 2.35356000e-03
-16.92190000 2.36764000e-03
-16.89190000 2.38188000e-03
-16.86190000 2.39629000e-03
-16.83190000 2.41087000e-03
-16.80190000 2.42563000e-03
-16.76850000 2.44228000e-03
-16.73850000 2.45741000e-03
-16.70850000 2.47274000e-03
-16.67850000 2.48825000e-03
-16.64850000 2.50396000e-03
-16.61850000 2.51987000e-03
-16.58850000 2.53599000e-03
-16.55850000 2.55231000e-03
-16.52850000 2.56884000e-03
-16.49850000 2.58559000e-03
-16.46850000 2.60257000e-03
-16.43850000 2.61978000e-03
-16.40850000 2.63722000e-03
-16.37850000 2.65490000e-03
-16.34850000 2.67283000e-03
-16.31850000 2.69102000e-03
-16.28850000 2.70947000e-03
-16.25850000 2.72819000e-03
-16.22850000 2.74719000e-03
-16.19850000 2.76648000e-03
-16.16850000 2.78607000e-03
-16.13850000 2.80597000e-03
-16.10850000 2.82619000e-03
-16.07850000 2.84675000e-03
-16.04850000 2.86766000e-03
-16.01850000 2.88895000e-03
-15.98850000 2.91062000e-03
-15.95850000 2.93272000e-03
-15.92850000 2.95526000e-03
-15.89850000 2.97828000e-03
-15.86850000 3.00184000e-03
-15.83850000 3.02598000e-03
-15.80850000 3.05079000e-03
-15.77850000 3.07637000e-03
-15.74850000 3.10287000e-03
-15.71850000 3.13048000e-03
-15.68850000 3.15951000e-03
-15.65850000 3.19042000e-03
-15.62850000 3.22397000e-03
-15.59850000 3.26140000e-03
-15.56850000 3.30497000e-03
-15.53850000 3.35903000e-03
-15.50850000 3.43259000e-03
-15.47850000 3.54584000e-03
-15.44850000 3.74378000e-03
-15.41850000 4.07987000e-03
-15.38850000 4.30540000e-03
-15.35850000 4.06299000e-03
-15.32850000 3.81647000e-03
-15.29850000 3.70338000e-03
-15.26850000 3.66234000e-03
-15.23850000 3.65526000e-03
-15.20850000 3.66545000e-03
-15.17850000 3.68544000e-03
-15.14850000 3.71173000e-03
-15.11850000 3.74241000e-03
-15.08850000 3.77533000e-03
-15.05850000 3.81017000e-03
-15.02850000 3.84773000e-03
-14.99850000 3.88794000e-03
-14.96850000 3.93080000e-03
-14.93850000 3.97658000e-03
-14.90850000 4.02581000e-03
-14.87850000 4.07939000e-03
-14.84850000 4.13883000e-03
-14.81510000 4.21510000e-03
-14.78510000 4.29778000e-03
-14.75510000 4.40345000e-03
-14.72510000 4.55146000e-03
-14.69510000 4.78500000e-03
-14.66510000 5.20033000e-03
-14.63510000 5.91266000e-03
-14.60510000 6.39424000e-03
-14.57510000 5.87599000e-03
-14.54510000 5.34987000e-03
-14.51510000 5.11473000e-03
-14.48510000 5.03251000e-03
-14.45510000 5.02085000e-03
-14.42510000 5.05474000e-03
-14.39510000 5.12155000e-03
-14.36510000 5.21719000e-03
-14.33510000 5.34533000e-03
-14.30510000 5.51838000e-03
-14.27510000 5.76348000e-03
-14.24510000 6.13875000e-03
-14.21510000 6.77477000e-03
-14.18510000 7.96065000e-03
-14.15510000 1.00282000e-02
-14.12510000 1.14862000e-02
-14.09510000 1.05403000e-02
-14.06510000 9.15972000e-03
-14.03510000 7.85529000e-03
-14.00510000 7.12390000e-03
-13.97510000 6.79368000e-03
-13.94510000 6.66464000e-03
-13.91510000 6.64148000e-03
-13.88510000 6.68134000e-03
-13.85510000 6.76455000e-03
-13.82510000 6.88271000e-03
-13.79510000 7.03406000e-03
-13.76510000 7.22220000e-03
-13.73510000 7.45695000e-03
-13.70510000 7.75805000e-03
-13.67510000 8.16401000e-03
-13.64510000 8.75347000e-03
-13.61510000 9.69639000e-03
-13.58510000 1.13453000e-02
-13.55510000 1.41156000e-02
-13.52510000 1.77629000e-02
-13.49510000 1.86358000e-02
-13.46510000 1.53677000e-02
-13.43510000 1.28903000e-02
-13.40510000 1.15687000e-02
-13.37510000 1.10334000e-02
-13.34510000 1.09653000e-02
-13.31510000 1.12157000e-02
-13.28510000 1.17990000e-02
-13.25510000 1.28725000e-02
-13.22510000 1.42768000e-02
-13.19510000 1.44551000e-02
-13.16510000 1.39151000e-02
-13.13510000 1.38829000e-02
-13.10510000 1.42851000e-02
-13.07510000 1.49764000e-02
-13.04510000 1.59155000e-02
-13.01510000 1.71257000e-02
-12.98510000 1.86808000e-02
-12.95510000 2.07189000e-02
-12.92510000 2.34853000e-02
-12.89510000 2.74314000e-02
-12.86160000 3.43305000e-02
-12.83160000 4.49641000e-02
-12.80160000 6.45949000e-02
-12.77160000 1.02263000e-01
-12.74160000 1.52038000e-01
-12.71160000 1.43271000e-01
-12.68160000 9.76005000e-02
-12.65160000 7.16284000e-02
-12.62160000 6.18042000e-02
-12.59160000 6.07675000e-02
-12.56160000 6.56951000e-02
-12.53160000 7.64627000e-02
-12.50160000 9.50497000e-02
-12.47160000 1.26436000e-01
-12.44160000 1.81760000e-01
-12.41160000 2.86571000e-01
-12.38160000 4.96336000e-01
-12.35160000 8.49005000e-01
-12.32160000 9.65443000e-01
-12.29160000 6.26227000e-01
-12.26160000 3.55156000e-01
-12.23160000 2.17763000e-01
-12.20160000 1.47557000e-01
-12.17160000 1.08886000e-01
-12.14160000 8.61612000e-02
-12.11160000 7.22816000e-02
-12.08160000 6.38006000e-02
-12.05160000 5.89992000e-02
-12.02160000 5.71057000e-02
-11.99160000 5.80337000e-02
-11.96160000 6.24834000e-02
-11.93160000 7.25533000e-02
-11.90160000 9.32680000e-02
-11.87160000 1.32463000e-01
-11.84160000 1.73247000e-01
-11.81160000 1.76252000e-01
-11.78160000 1.91977000e-01
-11.75160000 1.93367000e-01
-11.72160000 1.44253000e-01
-11.69160000 1.08530000e-01
-11.66160000 9.35114000e-02
-11.63160000 8.99901000e-02
-11.60160000 9.34305000e-02
-11.57160000 1.02548000e-01
-11.54160000 1.17793000e-01
-11.51160000 1.41148000e-01
-11.48160000 1.76783000e-01
-11.45160000 2.32882000e-01
-11.42160000 3.24907000e-01
-11.39160000 4.79259000e-01
-11.36160000 7.64029000e-01
-11.33160000 1.33561000e+00
-11.30160000 2.21797000e+00
-11.27160000 2.34174000e+00
-11.24160000 1.48911000e+00
-11.21160000 8.61236000e-01
-11.18160000 5.25363000e-01
-11.15160000 3.46849000e-01
-11.12160000 2.47302000e-01
-11.09160000 1.87791000e-01
-11.06160000 1.50119000e-01
-11.03160000 1.25312000e-01
-11.00160000 1.08440000e-01
-10.97160000 9.69256000e-02
-10.94160000 8.96042000e-02
-10.90820000 8.57147000e-02
-10.87820000 8.63478000e-02
-10.84820000 9.24452000e-02
-10.81820000 1.06540000e-01
-10.78820000 1.32029000e-01
-10.75820000 1.68775000e-01
-10.72820000 1.65617000e-01
-10.69820000 1.28781000e-01
-10.66820000 1.06998000e-01
-10.63820000 9.92158000e-02
-10.60820000 9.91701000e-02
-10.57820000 1.04102000e-01
-10.54820000 1.13250000e-01
-10.51820000 1.26945000e-01
-10.48820000 1.46423000e-01
-10.45820000 1.74066000e-01
-10.42820000 2.13797000e-01
-10.39820000 2.71465000e-01
-10.36820000 3.55891000e-01
-10.33820000 4.85508000e-01
-10.30820000 7.12479000e-01
-10.27820000 1.14462000e+00
-10.24820000 2.01083000e+00
-10.21820000 3.46927000e+00
-10.18820000 3.95512000e+00
-10.15820000 2.55037000e+00
-10.12820000 1.42444000e+00
-10.09820000 8.52177000e-01
-10.06820000 5.58085000e-01
-10.03820000 3.94196000e-01
-10.00820000 2.95740000e-01
-9.97822000 2.33144000e-01
-9.94822000 1.92023000e-01
-9.91822000 1.65034000e-01
-9.88822000 1.46935000e-01
-9.85822000 1.30373000e-01
-9.82822000 1.16021000e-01
-9.79822000 1.06168000e-01
-9.76822000 9.97507000e-02
-9.73822000 9.58355000e-02
-9.70822000 9.39340000e-02
-9.67822000 9.38232000e-02
-9.64822000 9.54537000e-02
-9.61822000 9.89192000e-02
-9.58822000 1.04465000e-01
-9.55822000 1.12530000e-01
-9.52822000 1.23834000e-01
-9.49822000 1.39555000e-01
-9.46822000 1.61677000e-01
-9.43822000 1.93535000e-01
-9.40822000 2.38813000e-01
-9.37822000 2.98895000e-01
-9.34822000 3.90140000e-01
-9.31822000 5.45917000e-01
-9.28822000 8.27860000e-01
-9.25822000 1.37849000e+00
-9.22822000 2.45755000e+00
-9.19822000 3.74847000e+00
-9.16822000 3.21688000e+00
-9.13822000 1.87257000e+00
-9.10822000 1.09808000e+00
-9.07822000 7.27155000e-01
-9.04822000 5.45358000e-01
-9.01822000 4.43033000e-01
-8.98822000 3.43135000e-01
-8.95481000 2.59686000e-01
-8.92481000 2.16661000e-01
-8.89481000 1.92892000e-01
-8.86481000 1.82285000e-01
-8.83481000 1.82881000e-01
-8.80481000 1.95917000e-01
-8.77481000 2.26340000e-01
-8.74481000 2.84432000e-01
-8.71481000 3.94161000e-01
-8.68481000 6.08400000e-01
-8.65481000 1.01478000e+00
-8.62481000 1.38819000e+00
-8.59481000 1.07420000e+00
-8.56481000 6.35351000e-01
-8.53481000 3.98337000e-01
-8.50481000 2.81459000e-01
-8.47481000 2.21638000e-01
-8.44481000 1.91290000e-01
-8.41481000 1.79087000e-01
-8.38481000 1.81579000e-01
-8.35481000 2.01252000e-01
-8.32481000 2.48921000e-01
-8.29481000 3.44659000e-01
-8.26481000 4.53479000e-01
-8.23481000 4.31051000e-01
-8.20481000 3.71991000e-01
-8.17481000 3.53302000e-01
-8.14481000 3.77873000e-01
-8.11481000 4.59563000e-01
-8.08481000 6.29643000e-01
-8.05481000 8.77206000e-01
-8.02481000 1.17233000e+00
-7.99481000 1.65814000e+00
-7.96481000 2.05391000e+00
-7.93481000 2.40682000e+00
-7.90481000 2.81580000e+00
-7.87481000 2.85434000e+00
-7.84481000 1.95858000e+00
-7.81481000 1.18502000e+00
-7.78481000 8.00100000e-01
-7.75481000 6.39582000e-01
-7.72481000 6.32064000e-01
-7.69481000 7.93837000e-01
-7.66481000 1.12126000e+00
-7.63481000 1.13833000e+00
-7.60481000 7.40378000e-01
-7.57481000 4.56563000e-01
-7.54481000 3.11749000e-01
-7.51481000 2.35621000e-01
-7.48481000 1.88794000e-01
-7.45481000 1.59710000e-01
-7.42481000 1.46203000e-01
-7.39481000 1.35496000e-01
-7.36481000 1.21436000e-01
-7.33481000 1.11781000e-01
-7.30481000 9.75424000e-02
-7.27481000 8.50593000e-02
-7.24481000 7.89387000e-02
-7.21481000 7.86607000e-02
-7.18481000 8.58068000e-02
-7.15481000 1.04594000e-01
-7.12481000 1.23019000e-01
-7.09481000 1.04753000e-01
-7.06481000 7.93577000e-02
-7.03481000 6.54782000e-02
-7.00139000 5.79711000e-02
-6.97139000 5.41156000e-02
-6.94139000 5.22130000e-02
-6.91139000 5.21445000e-02
-6.88139000 5.41552000e-02
-6.85139000 5.93513000e-02
-6.82139000 6.84641000e-02
-6.79139000 7.61964000e-02
-6.76139000 8.23946000e-02
-6.73139000 8.75610000e-02
-6.70139000 7.82350000e-02
-6.67139000 6.97316000e-02
-6.64139000 6.76293000e-02
-6.61139000 6.96520000e-02
-6.58139000 7.57391000e-02
-6.55139000 8.75714000e-02
-6.52139000 1.05018000e-01
-6.49139000 1.16834000e-01
-6.46139000 1.25718000e-01
-6.43139000 1.40649000e-01
-6.40139000 1.67420000e-01
-6.37139000 2.17576000e-01
-6.34139000 3.09346000e-01
-6.31139000 4.64261000e-01
-6.28139000 6.36054000e-01
-6.25139000 8.50538000e-01
-6.22139000 1.33397000e+00
-6.19139000 1.92861000e+00
-6.16139000 1.62341000e+00
-6.13139000 9.47535000e-01
-6.10139000 5.54578000e-01
-6.07139000 3.57038000e-01
-6.04139000 2.53636000e-01
-6.01139000 1.98489000e-01
-5.98139000 1.71047000e-01
-5.95139000 1.48366000e-01
-5.92139000 1.20997000e-01
-5.89139000 1.01979000e-01
-5.86139000 9.12345000e-02
-5.83139000 8.66334000e-02
-5.80139000 8.85204000e-02
-5.77139000 9.96273000e-02
-5.74139000 1.14696000e-01
-5.71139000 1.06290000e-01
-5.68139000 9.00721000e-02
-5.65139000 8.53204000e-02
-5.62139000 9.20738000e-02
-5.59139000 1.04250000e-01
-5.56139000 1.11926000e-01
-5.53139000 1.10163000e-01
-5.50139000 9.43531000e-02
-5.47139000 8.23759000e-02
-5.44139000 7.89633000e-02
-5.41139000 8.19378000e-02
-5.38139000 9.16831000e-02
-5.35139000 1.07342000e-01
-5.32139000 1.14123000e-01
-5.29139000 1.16029000e-01
-5.26139000 1.30474000e-01
-5.23139000 1.63788000e-01
-5.20139000 2.20572000e-01
-5.17139000 3.09897000e-01
-5.14139000 4.04132000e-01
-5.11139000 4.38364000e-01
-5.08139000 3.68643000e-01
-5.04798000 3.29799000e-01
-5.01798000 3.73998000e-01
-4.98798000 4.43793000e-01
-4.95798000 4.57572000e-01
-4.92798000 4.13496000e-01
-4.89798000 4.54844000e-01
-4.86798000 6.25524000e-01
-4.83798000 7.76674000e-01
-4.80798000 6.35031000e-01
-4.77798000 4.63597000e-01
-4.74798000 4.00889000e-01
-4.71798000 4.16613000e-01
-4.68798000 4.86695000e-01
-4.65798000 5.89734000e-01
-4.62798000 6.85089000e-01
-4.59798000 7.80450000e-01
-4.56798000 1.06101000e+00
-4.53798000 1.32505000e+00
-4.50798000 1.16231000e+00
-4.47798000 1.03465000e+00
-4.44798000 1.02212000e+00
-4.41798000 8.94910000e-01
-4.38798000 8.61505000e-01
-4.35798000 1.02727000e+00
-4.32798000 1.47652000e+00
-4.29798000 2.44516000e+00
-4.26798000 4.00147000e+00
-4.23798000 4.25093000e+00
-4.20798000 2.79548000e+00
-4.17798000 1.84097000e+00
-4.14798000 1.45798000e+00
-4.11798000 1.31245000e+00
-4.08798000 1.25924000e+00
-4.05798000 1.00087000e+00
-4.02798000 8.01022000e-01
-3.99798000 7.12248000e-01
-3.96798000 6.25239000e-01
-3.93798000 6.32876000e-01
-3.90798000 7.57862000e-01
-3.87798000 8.03134000e-01
-3.84798000 6.40172000e-01
-3.81798000 5.55277000e-01
-3.78798000 6.07287000e-01
-3.75798000 6.26837000e-01
-3.72798000 4.83727000e-01
-3.69798000 3.77470000e-01
-3.66798000 3.48556000e-01
-3.63798000 3.85587000e-01
-3.60798000 4.76477000e-01
-3.57798000 5.27635000e-01
-3.54798000 4.82614000e-01
-3.51798000 4.18342000e-01
-3.48798000 3.93690000e-01
-3.45798000 3.83134000e-01
-3.42798000 3.89793000e-01
-3.39798000 4.38617000e-01
-3.36798000 5.42385000e-01
-3.33798000 7.33105000e-01
-3.30798000 1.09098000e+00
-3.27798000 1.71554000e+00
-3.24798000 2.39475000e+00
-3.21798000 2.89887000e+00
-3.18798000 3.34479000e+00
-3.15798000 3.17009000e+00
-3.12798000 2.68052000e+00
-3.09456000 1.99872000e+00
-3.06456000 1.62907000e+00
-3.03456000 1.48301000e+00
-3.00456000 1.30588000e+00
-2.97456000 9.89514000e-01
-2.94456000 7.54209000e-01
-2.91456000 6.83039000e-01
-2.88456000 7.22252000e-01
-2.85456000 7.06153000e-01
-2.82456000 6.17208000e-01
-2.79456000 6.01689000e-01
-2.76456000 6.80802000e-01
-2.73456000 8.92328000e-01
-2.70456000 1.35117000e+00
-2.67456000 2.18497000e+00
-2.64456000 2.66843000e+00
-2.61456000 1.96782000e+00
-2.58456000 1.34082000e+00
-2.55456000 1.11814000e+00
-2.52456000 1.20659000e+00
-2.49456000 1.55442000e+00
-2.46456000 1.99258000e+00
-2.43456000 1.93689000e+00
-2.40456000 1.51903000e+00
-2.37456000 1.38851000e+00
-2.34456000 1.39944000e+00
-2.31456000 1.28831000e+00
-2.28456000 1.09599000e+00
-2.25456000 1.07878000e+00
-2.22456000 1.27419000e+00
-2.19456000 1.72019000e+00
-2.16456000 2.29999000e+00
-2.13456000 2.76127000e+00
-2.10456000 3.53068000e+00
-2.07456000 4.64985000e+00
-2.04456000 6.36721000e+00
-2.01456000 6.17817000e+00
-1.98456000 4.40564000e+00
-1.95456000 3.65277000e+00
-1.92456000 3.77472000e+00
-1.89456000 4.52018000e+00
-1.86456000 5.33850000e+00
-1.83456000 5.32114000e+00
-1.80456000 4.97077000e+00
-1.77456000 4.03080000e+00
-1.74456000 2.75804000e+00
-1.71456000 2.04972000e+00
-1.68456000 1.95622000e+00
-1.65456000 2.13348000e+00
-1.62456000 1.74973000e+00
-1.59456000 1.18764000e+00
-1.56456000 8.76304000e-01
-1.53456000 6.90450000e-01
-1.50456000 5.64386000e-01
-1.47456000 5.03855000e-01
-1.44456000 4.91362000e-01
-1.41456000 5.02336000e-01
-1.38456000 5.23790000e-01
-1.35456000 5.93531000e-01
-1.32456000 7.70103000e-01
-1.29456000 1.11910000e+00
-1.26456000 1.71001000e+00
-1.23456000 2.04096000e+00
-1.20456000 1.67806000e+00
-1.17456000 1.11965000e+00
-1.14115000 7.97111000e-01
-1.11115000 6.72516000e-01
-1.08115000 5.37596000e-01
-1.05115000 3.91986000e-01
-1.02115000 3.03037000e-01
-0.99114600 2.53000000e-01
-0.96114600 2.23603000e-01
-0.93114600 2.07803000e-01
-0.90114600 2.02845000e-01
-0.87114600 2.09423000e-01
-0.84114600 2.30159000e-01
-0.81114600 2.64037000e-01
-0.78114600 3.09106000e-01
-0.75114600 3.71438000e-01
-0.72114600 4.30292000e-01
-0.69114600 4.88259000e-01
-0.66114600 4.89775000e-01
-0.63114600 5.22508000e-01
-0.60114600 6.40078000e-01
-0.57114600 8.36686000e-01
-0.54114600 8.86430000e-01
-0.51114600 7.52191000e-01
-0.48114600 6.07103000e-01
-0.45114600 4.81109000e-01
-0.42114600 4.15531000e-01
-0.39114600 4.11382000e-01
-0.36114600 4.53372000e-01
-0.33114600 5.44526000e-01
-0.30114600 7.29888000e-01
-0.27114600 1.09111000e+00
-0.24114600 1.75694000e+00
-0.21114600 2.80332000e+00
-0.18114600 3.64040000e+00
-0.15114600 2.84874000e+00
-0.12114600 1.72810000e+00
-0.09114580 1.10808000e+00
-0.06114580 7.80016000e-01
-0.03114580 6.13665000e-01
-0.00114582 5.17487000e-01
0.02885420 4.47059000e-01
0.05885420 3.64607000e-01
0.08885420 3.15258000e-01
0.11885400 3.04471000e-01
0.14885400 3.08055000e-01
0.17885400 3.03190000e-01
0.20885400 3.18592000e-01
0.23885400 3.52896000e-01
0.26885400 4.31922000e-01
0.29885400 5.97958000e-01
0.32885400 7.18752000e-01
0.35885400 6.06628000e-01
0.38885400 5.25639000e-01
0.41885400 5.72273000e-01
0.44885400 7.04219000e-01
0.47885400 7.77481000e-01
0.50885400 7.04237000e-01
0.53885400 7.17206000e-01
0.56885400 8.90526000e-01
0.59885400 1.06453000e+00
0.62885400 1.09825000e+00
0.65885400 9.89756000e-01
0.68885400 7.33698000e-01
0.71885400 5.86235000e-01
0.74885400 5.64426000e-01
0.77885400 6.46059000e-01
