# E(MeV)  S_NSDRNSDR(Total=K0+2*K1) for Se113_DDPCX
-23.04740000 1.75046800e-01
-23.01740000 1.76586500e-01
-22.98740000 1.78150700e-01
-22.95740000 1.79739800e-01
-22.92740000 1.81354600e-01
-22.89740000 1.82995800e-01
-22.86740000 1.84663700e-01
-22.83740000 1.86359500e-01
-22.80740000 1.88083200e-01
-22.77740000 1.89835800e-01
-22.74740000 1.91618100e-01
-22.71740000 1.93430800e-01
-22.68740000 1.95274700e-01
-22.65740000 1.97150500e-01
-22.62740000 1.99059200e-01
-22.59740000 2.01001200e-01
-22.56740000 2.02977800e-01
-22.53740000 2.04990000e-01
-22.50740000 2.07038400e-01
-22.47740000 2.09124100e-01
-22.44740000 2.11247900e-01
-22.41740000 2.13411300e-01
-22.38740000 2.15615100e-01
-22.35740000 2.17860400e-01
-22.32740000 2.20148300e-01
-22.29740000 2.22480200e-01
-22.26740000 2.24857100e-01
-22.23740000 2.27280600e-01
-22.20740000 2.29751700e-01
-22.17740000 2.32272200e-01
-22.14740000 2.34843000e-01
-22.11740000 2.37466100e-01
-22.08740000 2.40142800e-01
-22.05740000 2.42874800e-01
-22.02740000 2.45663800e-01
-21.99740000 2.48511500e-01
-21.96740000 2.51419800e-01
-21.93740000 2.54390800e-01
-21.90740000 2.57426100e-01
-21.87740000 2.60528200e-01
-21.84740000 2.63698700e-01
-21.81740000 2.66940400e-01
-21.78740000 2.70255700e-01
-21.75740000 2.73646700e-01
-21.72740000 2.77116200e-01
-21.69740000 2.80666800e-01
-21.66740000 2.84301500e-01
-21.63740000 2.88023300e-01
-21.60740000 2.91835400e-01
-21.57740000 2.95740700e-01
-21.54740000 2.99742700e-01
-21.51740000 3.03847000e-01
-21.48740000 3.08052400e-01
-21.45740000 3.12370000e-01
-21.42740000 3.16797000e-01
-21.39740000 3.21344000e-01
-21.36740000 3.26010000e-01
-21.33740000 3.30805000e-01
-21.30740000 3.35733000e-01
-21.27740000 3.40796000e-01
-21.24740000 3.46006000e-01
-21.21740000 3.51364000e-01
-21.18740000 3.56880000e-01
-21.15740000 3.62560000e-01
-21.12740000 3.68412000e-01
-21.09740000 3.74445000e-01
-21.06740000 3.80667000e-01
-21.03740000 3.87086000e-01
-21.00740000 3.93713000e-01
-20.97740000 4.00562000e-01
-20.94740000 4.07641000e-01
-20.91740000 4.14966000e-01
-20.88740000 4.22548000e-01
-20.85740000 4.30403000e-01
-20.82740000 4.38548000e-01
-20.79740000 4.47000000e-01
-20.76740000 4.55782000e-01
-20.73740000 4.64911000e-01
-20.70740000 4.74415000e-01
-20.66140000 4.89763000e-01
-20.63140000 5.00342000e-01
-20.60140000 5.11401000e-01
-20.57140000 5.22987000e-01
-20.54140000 5.35142000e-01
-20.51140000 5.47920000e-01
-20.48140000 5.61379000e-01
-20.45140000 5.75597000e-01
-20.42140000 5.90648000e-01
-20.39140000 6.06636000e-01
-20.36140000 6.23675000e-01
-20.33140000 6.41908000e-01
-20.30140000 6.61509000e-01
-20.27140000 6.82689000e-01
-20.24140000 7.05723000e-01
-20.21140000 7.30956000e-01
-20.18140000 7.58839000e-01
-20.15140000 7.89973000e-01
-20.12140000 8.25177000e-01
-20.09140000 8.65598000e-01
-20.06140000 9.12879000e-01
-20.03140000 9.69478000e-01
-20.00140000 1.03918900e+00
-19.97140000 1.12815800e+00
-19.94140000 1.24688100e+00
-19.91140000 1.41442000e+00
-19.88140000 1.66799800e+00
-19.85140000 2.08639400e+00
-19.82140000 2.84779500e+00
-19.79140000 4.33063800e+00
-19.76140000 6.70566100e+00
-19.73140000 7.25701800e+00
-19.70140000 5.06040100e+00
-19.67140000 3.46014900e+00
-19.64140000 2.71938600e+00
-19.61140000 2.42630200e+00
-19.58140000 2.38637900e+00
-19.55140000 2.55000800e+00
-19.52140000 2.90553800e+00
-19.49140000 3.27542400e+00
-19.46140000 3.76556500e+00
-19.43140000 4.78552900e+00
-19.40140000 6.65705600e+00
-19.37140000 1.03175020e+01
-19.34140000 1.46794080e+01
-19.31140000 1.29692990e+01
-19.28140000 8.54858800e+00
-19.25140000 6.03193700e+00
-19.22140000 4.76186100e+00
-19.19140000 4.20871900e+00
-19.16140000 4.16550300e+00
-19.13140000 4.20807900e+00
-19.10140000 3.96222400e+00
-19.07140000 3.83587900e+00
-19.04140000 3.92353300e+00
-19.01140000 4.17386400e+00
-18.98140000 4.57436000e+00
-18.95140000 5.15168000e+00
-18.92140000 5.97311000e+00
-18.89140000 7.16333000e+00
-18.86140000 8.94701000e+00
-18.83140000 1.18210500e+01
-18.80140000 1.68796900e+01
-18.77140000 2.65696000e+01
-18.74140000 4.51095000e+01
-18.71140000 6.57269300e+01
-18.68140000 5.57203300e+01
-18.65140000 3.49243800e+01
-18.62140000 2.37049900e+01
-18.59140000 1.90246800e+01
-18.56140000 1.77804900e+01
-18.53140000 1.88660000e+01
-18.50140000 2.24204600e+01
-18.47140000 2.97103800e+01
-18.44140000 4.38246200e+01
-18.41140000 7.02255800e+01
-18.38140000 1.10422020e+02
-18.35140000 1.20895700e+02
-18.32140000 1.00136300e+02
-18.27550000 1.18851000e+02
-18.24550000 1.19795500e+02
-18.21550000 7.91054000e+01
-18.18550000 4.93262500e+01
-18.15550000 3.39414000e+01
-18.12550000 2.61222700e+01
-18.09550000 2.28114400e+01
-18.06550000 2.27827100e+01
-18.03550000 2.57855100e+01
-18.00550000 3.03151100e+01
-17.97550000 3.21771100e+01
-17.94550000 3.21880000e+01
-17.91550000 3.15289400e+01
-17.88550000 2.75794800e+01
-17.85550000 2.25130800e+01
-17.82550000 2.00670300e+01
-17.79550000 2.01413300e+01
-17.76550000 2.26378100e+01
-17.73550000 2.80556000e+01
-17.70550000 3.49845000e+01
-17.67550000 3.86696000e+01
-17.64550000 3.92221600e+01
-17.61550000 4.15511700e+01
-17.58550000 4.98430800e+01
-17.55550000 6.63974400e+01
-17.52550000 9.71828000e+01
-17.49550000 1.55828500e+02
-17.46550000 2.56735200e+02
-17.43550000 3.37035200e+02
-17.40550000 3.63555100e+02
-17.37550000 3.92930400e+02
-17.34550000 3.67247000e+02
-17.31550000 3.09409400e+02
-17.28550000 2.06140200e+02
-17.25550000 1.30146800e+02
-17.22550000 9.15862000e+01
-17.19550000 7.39440000e+01
-17.16550000 6.08161000e+01
-17.13550000 4.84050000e+01
-17.10550000 4.27140000e+01
-17.07550000 4.30378000e+01
-17.04550000 4.03891800e+01
-17.01550000 3.31690600e+01
-16.98550000 2.82135000e+01
-16.95550000 2.38211500e+01
-16.92550000 2.05269700e+01
-16.89550000 1.93320300e+01
-16.86550000 2.00665300e+01
-16.83550000 2.30923400e+01
-16.80550000 2.82791400e+01
-16.77550000 3.12303400e+01
-16.74550000 3.24543000e+01
-16.71550000 3.75198400e+01
-16.68550000 4.83807000e+01
-16.65550000 7.24750000e+01
-16.62550000 1.16334700e+02
-16.59550000 1.57781000e+02
-16.56550000 1.40908400e+02
-16.53550000 1.00691800e+02
-16.50550000 8.19635000e+01
-16.47550000 6.59265000e+01
-16.44550000 5.27856000e+01
-16.41550000 4.62370000e+01
-16.38550000 4.48597000e+01
-16.35550000 4.69518600e+01
-16.32550000 5.96551600e+01
-16.29550000 8.68040600e+01
-16.26550000 1.00568940e+02
-16.23550000 7.97421000e+01
-16.20550000 6.66918000e+01
-16.17550000 6.20865000e+01
-16.14550000 6.24548000e+01
-16.11550000 7.70027000e+01
-16.08550000 1.16099630e+02
-16.05550000 1.74305800e+02
-16.02550000 1.72942570e+02
-15.99550000 1.31113620e+02
-15.96550000 9.32670500e+01
-15.93550000 6.75892000e+01
-15.88950000 4.73428000e+01
-15.85950000 3.44891600e+01
-15.82950000 2.64533200e+01
-15.79950000 2.31614200e+01
-15.76950000 2.33425000e+01
-15.73950000 2.48234800e+01
-15.70950000 2.85435700e+01
-15.67950000 3.51727000e+01
-15.64950000 3.42950500e+01
-15.61950000 3.10961200e+01
-15.58950000 3.40186500e+01
-15.55950000 4.58426400e+01
-15.52950000 5.25478600e+01
-15.49950000 3.82785800e+01
-15.46950000 2.59273800e+01
-15.43950000 1.97708200e+01
-15.40950000 1.51746000e+01
-15.37950000 1.23134100e+01
-15.34950000 1.10827000e+01
-15.31950000 1.09862500e+01
-15.28950000 1.22004900e+01
-15.25950000 1.53510700e+01
-15.22950000 1.98265600e+01
-15.19950000 2.15156000e+01
-15.16950000 2.41587200e+01
-15.13950000 2.98045600e+01
-15.10950000 3.67096500e+01
-15.07950000 5.30078300e+01
-15.04950000 6.78996100e+01
-15.01950000 5.19639800e+01
-14.98950000 3.19154900e+01
-14.95950000 2.09129500e+01
-14.92950000 1.57096800e+01
-14.89950000 1.36058500e+01
-14.86950000 1.35689800e+01
-14.83950000 1.56470200e+01
-14.80950000 2.10630800e+01
-14.77950000 3.29442000e+01
-14.74950000 5.28077000e+01
-14.71950000 5.76769200e+01
-14.68950000 3.85136000e+01
-14.65950000 2.43493600e+01
-14.62950000 1.69729400e+01
-14.59950000 1.26091400e+01
-14.56950000 1.03650000e+01
-14.53950000 9.69859000e+00
-14.50950000 1.03710800e+01
-14.47950000 1.22579900e+01
-14.44950000 1.51519200e+01
-14.41950000 2.03400500e+01
-14.38950000 2.80057100e+01
-14.35950000 3.36413300e+01
-14.32950000 2.92122800e+01
-14.29950000 2.03656200e+01
-14.26950000 1.63263400e+01
-14.23950000 1.71213200e+01
-14.20950000 2.27779800e+01
-14.17950000 3.12747600e+01
-14.14950000 3.06517700e+01
-14.11950000 1.99564900e+01
-14.08950000 1.23390100e+01
-14.05950000 8.18965000e+00
-14.02950000 5.90909400e+00
-13.99950000 4.57884600e+00
-13.96950000 3.74626100e+00
-13.93950000 3.19648800e+00
-13.90950000 2.82500300e+00
-13.87950000 2.58120500e+00
-13.84950000 2.44434500e+00
-13.81950000 2.38050000e+00
-13.78950000 2.30869400e+00
-13.75950000 2.28622300e+00
-13.72950000 2.39874700e+00
-13.69950000 2.73072400e+00
-13.66950000 3.40057000e+00
-13.63950000 4.34278000e+00
-13.60950000 5.16997000e+00
-13.57950000 5.15668000e+00
-13.54950000 5.62136000e+00
-13.50350000 8.21150900e+00
-13.47350000 9.06510000e+00
-13.44350000 6.91508600e+00
-13.41350000 4.91379200e+00
-13.38350000 3.94708700e+00
-13.35350000 3.70857800e+00
-13.32350000 4.32607200e+00
-13.29350000 5.92709700e+00
-13.26350000 6.93185200e+00
-13.23350000 6.00113800e+00
-13.20350000 4.84288200e+00
-13.17350000 3.43461400e+00
-13.14350000 2.51416700e+00
-13.11350000 2.07778800e+00
-13.08350000 1.93905000e+00
-13.05350000 2.04722400e+00
-13.02350000 2.47598600e+00
-12.99350000 3.12617700e+00
-12.96350000 3.36714900e+00
-12.93350000 3.50259300e+00
-12.90350000 3.55470700e+00
-12.87350000 2.80882400e+00
-12.84350000 2.17134700e+00
-12.81350000 1.98776000e+00
-12.78350000 2.21270800e+00
-12.75350000 2.97108200e+00
-12.72350000 4.17586100e+00
-12.69350000 4.07455500e+00
-12.66350000 2.76298600e+00
-12.63350000 1.92685000e+00
-12.60350000 1.56796400e+00
-12.57350000 1.44162000e+00
-12.54350000 1.33687600e+00
-12.51350000 1.29213600e+00
-12.48350000 1.37941700e+00
-12.45350000 1.48232200e+00
-12.42350000 1.41518700e+00
-12.39350000 1.49614800e+00
-12.36350000 1.77666200e+00
-12.33350000 1.72789600e+00
-12.30350000 1.40763100e+00
-12.27350000 1.13049000e+00
-12.24350000 9.12935000e-01
-12.21350000 7.92207000e-01
-12.18350000 7.32147000e-01
-12.15350000 6.97327000e-01
-12.12350000 6.67524000e-01
-12.09350000 6.48835000e-01
-12.06350000 6.53535000e-01
-12.03350000 6.84292000e-01
-12.00350000 7.02866000e-01
-11.97350000 6.80408000e-01
-11.94350000 6.77839000e-01
-11.91350000 7.14907000e-01
-11.88350000 8.07723000e-01
-11.85350000 9.95960000e-01
-11.82350000 1.24215100e+00
-11.79350000 1.21787400e+00
-11.76350000 1.06345400e+00
-11.73350000 1.02468300e+00
-11.70350000 1.07546900e+00
-11.67350000 1.19039100e+00
-11.64350000 1.37652600e+00
-11.61350000 1.72235200e+00
-11.58350000 2.46258000e+00
-11.55350000 3.50336200e+00
-11.52350000 3.68720400e+00
-11.49350000 3.06919200e+00
-11.46350000 2.57585400e+00
-11.43350000 2.70247900e+00
-11.40350000 3.58246500e+00
-11.37350000 5.13449400e+00
-11.34350000 5.58982000e+00
-11.31350000 4.24059300e+00
-11.28350000 2.97527000e+00
-11.25350000 2.17829500e+00
-11.22350000 1.83258800e+00
-11.19350000 1.79172300e+00
-11.16350000 2.00996200e+00
-11.11760000 2.97216900e+00
-11.08760000 4.45078800e+00
-11.05760000 5.81597100e+00
-11.02760000 4.75299300e+00
-10.99760000 3.29864000e+00
-10.96760000 2.60206900e+00
-10.93760000 2.51805600e+00
-10.90760000 2.86789800e+00
-10.87760000 3.50161200e+00
-10.84760000 3.87276900e+00
-10.81760000 3.13783900e+00
-10.78760000 2.51671400e+00
-10.75760000 2.37100000e+00
-10.72760000 2.36976400e+00
-10.69760000 2.45087000e+00
-10.66760000 2.61570800e+00
-10.63760000 3.00958700e+00
-10.60760000 4.04402900e+00
-10.57760000 5.65508500e+00
-10.54760000 6.40565900e+00
-10.51760000 5.68058700e+00
-10.48760000 4.98690200e+00
-10.45760000 4.09731800e+00
-10.42760000 3.42460900e+00
-10.39760000 3.22031600e+00
-10.36760000 3.27989300e+00
-10.33760000 3.72435800e+00
-10.30760000 4.93069100e+00
-10.27760000 7.55276800e+00
-10.24760000 1.18344340e+01
-10.21760000 1.22953950e+01
-10.18760000 7.88589000e+00
-10.15760000 4.81657500e+00
-10.12760000 3.39113800e+00
-10.09760000 2.87677000e+00
-10.06760000 2.95013800e+00
-10.03760000 3.09029100e+00
-10.00760000 2.67863400e+00
-9.97757000 2.24301800e+00
-9.94757000 1.99653600e+00
-9.91757000 1.76105800e+00
-9.88757000 1.57596800e+00
-9.85757000 1.55996200e+00
-9.82757000 1.75175700e+00
-9.79757000 1.88663400e+00
-9.76757000 1.64663700e+00
-9.73757000 1.50855200e+00
-9.70757000 1.62523500e+00
-9.67757000 1.98433900e+00
-9.64757000 2.43841100e+00
-9.61757000 2.87521900e+00
-9.58757000 3.80679500e+00
-9.55757000 5.27335000e+00
-9.52757000 5.96924100e+00
-9.49757000 5.19275800e+00
-9.46757000 4.08065500e+00
-9.43757000 3.62702300e+00
-9.40757000 3.14719100e+00
-9.37757000 2.34213800e+00
-9.34757000 1.86215100e+00
-9.31757000 1.76421300e+00
-9.28757000 1.88393700e+00
-9.25757000 2.17346000e+00
-9.22757000 2.71008300e+00
-9.19757000 3.25849300e+00
-9.16757000 2.91078600e+00
-9.13757000 2.43612200e+00
-9.10757000 2.52974500e+00
-9.07757000 2.80432800e+00
-9.04757000 2.63944200e+00
-9.01757000 2.51181200e+00
-8.98757000 2.72646600e+00
-8.95757000 3.55366700e+00
-8.92757000 5.36774000e+00
-8.89757000 6.85614400e+00
-8.86757000 5.55011600e+00
-8.83757000 3.71286800e+00
-8.80757000 2.53672900e+00
-8.77757000 1.82112600e+00
-8.73160000 1.27269300e+00
-8.70160000 1.13771300e+00
-8.67160000 1.09499400e+00
-8.64160000 1.15854600e+00
-8.61160000 1.32834700e+00
-8.58160000 1.52712700e+00
-8.55160000 1.89633400e+00
-8.52160000 2.41702000e+00
-8.49160000 2.77112500e+00
-8.46160000 2.61519100e+00
-8.43160000 2.16095800e+00
-8.40160000 1.90195600e+00
-8.37160000 1.89373900e+00
-8.34160000 2.12695800e+00
-8.31160000 2.57414700e+00
-8.28160000 2.87864100e+00
-8.25160000 2.75224400e+00
-8.22160000 2.21561800e+00
-8.19160000 1.76870100e+00
-8.16160000 1.62705300e+00
-8.13160000 1.42384300e+00
-8.10160000 1.13716100e+00
-8.07160000 1.04394700e+00
-8.04160000 1.17100800e+00
-8.01160000 1.30324600e+00
-7.98160000 1.09774600e+00
-7.95160000 8.95010000e-01
-7.92160000 7.52679000e-01
-7.89160000 6.31809000e-01
-7.86160000 5.51837000e-01
-7.83160000 5.11102000e-01
-7.80160000 5.07173000e-01
-7.77160000 5.35035000e-01
-7.74160000 5.96543000e-01
-7.71160000 6.09011000e-01
-7.68160000 5.76477000e-01
-7.65160000 6.08763000e-01
-7.62160000 6.85661000e-01
-7.59160000 6.57614000e-01
-7.56160000 5.58386000e-01
-7.53160000 5.12951000e-01
-7.50160000 5.24402000e-01
-7.47160000 5.56454000e-01
-7.44160000 5.53544000e-01
-7.41160000 5.21959000e-01
-7.38160000 5.18524000e-01
-7.35160000 5.18927000e-01
-7.32160000 5.26783000e-01
-7.29160000 5.89032000e-01
-7.26160000 7.43259000e-01
-7.23160000 9.50884000e-01
-7.20160000 9.00399000e-01
-7.17160000 7.14833000e-01
-7.14160000 6.00602000e-01
-7.11160000 5.52563000e-01
-7.08160000 5.56373000e-01
-7.05160000 5.77176000e-01
-7.02160000 6.13853000e-01
-6.99160000 6.42890000e-01
-6.96160000 6.65569000e-01
-6.93160000 6.16766000e-01
-6.90160000 5.37660000e-01
-6.87160000 5.15926000e-01
-6.84160000 5.62634000e-01
-6.81160000 6.51106000e-01
-6.78160000 7.52336000e-01
-6.75160000 8.26219000e-01
-6.72160000 6.93967000e-01
-6.69160000 5.47023000e-01
-6.66160000 4.67820000e-01
-6.63160000 4.34017000e-01
-6.60160000 4.32720000e-01
-6.57160000 4.65572000e-01
-6.54160000 5.37365000e-01
-6.51160000 6.51768000e-01
-6.48160000 7.92853000e-01
-6.45160000 8.46358000e-01
-6.42160000 8.66754000e-01
-6.39160000 8.88895000e-01
-6.34564000 9.19815000e-01
-6.31564000 7.63360000e-01
-6.28564000 6.40482000e-01
-6.25564000 5.42944000e-01
-6.22564000 4.73024000e-01
-6.19564000 4.47890000e-01
-6.16564000 4.48312000e-01
-6.13564000 4.39714000e-01
-6.10564000 4.23620000e-01
-6.07564000 4.25738000e-01
-6.04564000 4.54060000e-01
-6.01564000 5.16561000e-01
-5.98564000 6.37592000e-01
-5.95564000 8.05332000e-01
-5.92564000 8.72563000e-01
-5.89564000 7.36542000e-01
-5.86564000 6.06917000e-01
-5.83564000 5.60388000e-01
-5.80564000 5.76343000e-01
-5.77564000 6.34804000e-01
-5.74564000 7.32975000e-01
-5.71564000 9.24839000e-01
-5.68564000 1.24467900e+00
-5.65564000 1.62226300e+00
-5.62564000 2.09073700e+00
-5.59564000 2.85445000e+00
-5.56564000 2.87104200e+00
-5.53564000 2.02825300e+00
-5.50564000 1.48673500e+00
-5.47564000 1.14579800e+00
-5.44564000 8.86631000e-01
-5.41564000 7.14272000e-01
-5.38564000 6.18218000e-01
-5.35564000 5.66614000e-01
-5.32564000 5.35022000e-01
-5.29564000 5.25077000e-01
-5.26564000 5.54665000e-01
-5.23564000 6.35610000e-01
-5.20564000 7.77216000e-01
-5.17564000 9.06866000e-01
-5.14564000 9.13044000e-01
-5.11564000 7.79799000e-01
-5.08564000 6.72996000e-01
-5.05564000 5.85279000e-01
-5.02564000 5.36276000e-01
-4.99564000 5.04807000e-01
-4.96564000 4.70435000e-01
-4.93564000 4.63709000e-01
-4.90564000 4.94532000e-01
-4.87564000 5.37674000e-01
-4.84564000 5.36733000e-01
-4.81564000 5.48248000e-01
-4.78564000 6.08632000e-01
-4.75564000 6.77718000e-01
-4.72564000 7.08121000e-01
-4.69564000 7.62059000e-01
-4.66564000 8.55982000e-01
-4.63564000 8.34403000e-01
-4.60564000 8.36490000e-01
-4.57564000 8.71147000e-01
-4.54564000 7.77399000e-01
-4.51564000 6.80469000e-01
-4.48564000 6.44428000e-01
-4.45564000 6.08621000e-01
-4.42564000 5.74684000e-01
-4.39564000 5.39905000e-01
-4.36564000 5.29846000e-01
-4.33564000 5.55399000e-01
-4.30564000 6.05658000e-01
-4.27564000 6.52048000e-01
-4.24564000 7.29790000e-01
-4.21564000 8.79953000e-01
-4.18564000 1.04333100e+00
-4.15564000 1.10975200e+00
-4.12564000 1.14978400e+00
-4.09564000 1.34571000e+00
-4.06564000 1.80575200e+00
-4.03564000 2.64848400e+00
-4.00564000 3.82046600e+00
-3.95967000 3.71831200e+00
-3.92967000 2.81679000e+00
-3.89967000 2.50563300e+00
-3.86967000 2.57227700e+00
-3.83967000 2.49096900e+00
-3.80967000 2.47781800e+00
-3.77967000 2.62370900e+00
-3.74967000 2.11574400e+00
-3.71967000 1.48902200e+00
-3.68967000 1.16154000e+00
-3.65967000 1.03550200e+00
-3.62967000 1.05644900e+00
-3.59967000 1.24638600e+00
-3.56967000 1.64113200e+00
-3.53967000 1.78533900e+00
-3.50967000 1.39007900e+00
-3.47967000 1.06036200e+00
-3.44967000 9.13522000e-01
-3.41967000 8.48730000e-01
-3.38967000 7.68918000e-01
-3.35967000 7.09694000e-01
-3.32967000 6.83916000e-01
-3.29967000 6.98143000e-01
-3.26967000 7.80031000e-01
-3.23967000 9.47978000e-01
-3.20967000 1.09054600e+00
-3.17967000 1.02559100e+00
-3.14967000 8.86452000e-01
-3.11967000 7.96120000e-01
-3.08967000 7.75282000e-01
-3.05967000 8.27649000e-01
-3.02967000 9.44779000e-01
-2.99967000 1.08424700e+00
-2.96967000 1.31885900e+00
-2.93967000 1.83412700e+00
-2.90967000 2.85520900e+00
-2.87967000 3.67415800e+00
-2.84967000 2.85225600e+00
-2.81967000 1.87920400e+00
-2.78967000 1.40066700e+00
-2.75967000 1.24779400e+00
-2.72967000 1.27384900e+00
-2.69967000 1.25612700e+00
-2.66967000 1.10269500e+00
-2.63967000 1.01670900e+00
-2.60967000 9.94189000e-01
-2.57967000 1.01156800e+00
-2.54967000 1.07055400e+00
-2.51967000 1.28444300e+00
-2.48967000 1.68132500e+00
-2.45967000 2.10064000e+00
-2.42967000 2.32891500e+00
-2.39967000 2.03465100e+00
-2.36967000 1.85967400e+00
-2.33967000 1.93529700e+00
-2.30967000 1.68283200e+00
-2.27967000 1.28146600e+00
-2.24967000 1.07282200e+00
-2.21967000 1.02618300e+00
-2.18967000 1.10827300e+00
-2.15967000 1.31964700e+00
-2.12967000 1.62357600e+00
-2.09967000 1.72516100e+00
-2.06967000 1.56430900e+00
-2.03967000 1.41734700e+00
-2.00967000 1.43328900e+00
-1.97967000 1.49226400e+00
-1.94967000 1.69825000e+00
-1.91967000 2.17840600e+00
-1.88967000 2.23134200e+00
-1.85967000 1.71034000e+00
-1.82967000 1.35573200e+00
-1.79967000 1.19522800e+00
-1.76967000 1.12536500e+00
-1.73967000 1.15764500e+00
-1.70967000 1.38351400e+00
-1.67967000 1.88026200e+00
-1.64967000 2.39121000e+00
-1.61967000 2.03193300e+00
-1.57370000 1.26088600e+00
-1.54370000 1.08368400e+00
-1.51370000 1.06429200e+00
-1.48370000 1.15719900e+00
-1.45370000 1.20004900e+00
-1.42370000 1.06274600e+00
-1.39370000 9.65996000e-01
-1.36370000 9.45390000e-01
-1.33370000 9.76471000e-01
-1.30370000 1.05863800e+00
-1.27370000 1.20576200e+00
-1.24370000 1.44900300e+00
-1.21370000 1.85082400e+00
-1.18370000 2.56569200e+00
-1.15370000 3.94206400e+00
-1.12370000 6.67713000e+00
-1.09370000 1.04165120e+01
-1.06370000 9.73220300e+00
-1.03370000 5.94295500e+00
-1.00370000 3.56128700e+00
-0.97369800 2.35310500e+00
-0.94369800 1.71773300e+00
-0.91369800 1.36076600e+00
-0.88369800 1.15124600e+00
-0.85369800 1.01149200e+00
-0.82369800 9.04350000e-01
-0.79369800 8.26387000e-01
-0.76369800 7.66116000e-01
-0.73369800 7.22777000e-01
-0.70369800 6.92561000e-01
-0.67369800 6.73486000e-01
-0.64369800 6.57714000e-01
-0.61369800 6.40679000e-01
-0.58369800 6.28559000e-01
-0.55369800 6.22388000e-01
-0.52369800 6.20410000e-01
-0.49369800 6.27967000e-01
-0.46369800 6.48915000e-01
-0.43369800 6.62945000e-01
-0.40369800 6.43915000e-01
-0.37369800 6.27567000e-01
-0.34369800 6.23741000e-01
-0.31369800 6.23249000e-01
-0.28369800 6.31317000e-01
-0.25369800 6.44400000e-01
-0.22369800 6.57345000e-01
-0.19369800 6.64093000e-01
-0.16369800 6.51106000e-01
-0.13369800 6.42506000e-01
-0.10369800 6.48132000e-01
-0.07369840 6.67234000e-01
-0.04369840 6.90823000e-01
-0.01369840 7.19250000e-01
0.01630160 7.77846000e-01
0.04630160 8.64989000e-01
0.07630160 8.59845000e-01
0.10630200 7.88515000e-01
0.13630200 7.54452000e-01
0.16630200 7.56966000e-01
0.19630200 7.89038000e-01
0.22630200 8.59135000e-01
0.25630200 9.87156000e-01
0.28630200 1.12614900e+00
0.31630200 1.09313500e+00
0.34630200 1.00128200e+00
0.37630200 9.83283000e-01
0.40630200 1.03351300e+00
0.43630200 1.15399700e+00
0.46630200 1.38143700e+00
0.49630200 1.81558800e+00
0.52630200 2.67902900e+00
0.55630200 4.12708400e+00
0.58630200 4.64724100e+00
0.61630200 3.33311200e+00
0.64630200 2.25011200e+00
0.67630200 1.67310000e+00
0.70630200 1.39208100e+00
0.73630200 1.26155200e+00
0.76630200 1.22795600e+00
