# E(MeV)  S_GAMTGAMT(K=1) for Se113_DDPCX
-23.04740000 1.55455000e-03
-23.01740000 1.56023000e-03
-22.98740000 1.56594000e-03
-22.95740000 1.57169000e-03
-22.92740000 1.57747000e-03
-22.89740000 1.58329000e-03
-22.86740000 1.58914000e-03
-22.83740000 1.59503000e-03
-22.80740000 1.60095000e-03
-22.77740000 1.60691000e-03
-22.74740000 1.61290000e-03
-22.71740000 1.61893000e-03
-22.68740000 1.62500000e-03
-22.65740000 1.63111000e-03
-22.62740000 1.63725000e-03
-22.59740000 1.64344000e-03
-22.56740000 1.64966000e-03
-22.53740000 1.65592000e-03
-22.50740000 1.66223000e-03
-22.47740000 1.66858000e-03
-22.44740000 1.67497000e-03
-22.41740000 1.68140000e-03
-22.38740000 1.68788000e-03
-22.35740000 1.69440000e-03
-22.32740000 1.70097000e-03
-22.29740000 1.70758000e-03
-22.26740000 1.71424000e-03
-22.23740000 1.72095000e-03
-22.20740000 1.72771000e-03
-22.17740000 1.73452000e-03
-22.14740000 1.74139000e-03
-22.11740000 1.74830000e-03
-22.08740000 1.75528000e-03
-22.05740000 1.76230000e-03
-22.02740000 1.76939000e-03
-21.99740000 1.77654000e-03
-21.96740000 1.78375000e-03
-21.93740000 1.79103000e-03
-21.90740000 1.79838000e-03
-21.87740000 1.80581000e-03
-21.84740000 1.81331000e-03
-21.81740000 1.82090000e-03
-21.78740000 1.82858000e-03
-21.75740000 1.83636000e-03
-21.72740000 1.84426000e-03
-21.69740000 1.85228000e-03
-21.66740000 1.86045000e-03
-21.63740000 1.86878000e-03
-21.60740000 1.87731000e-03
-21.57740000 1.88609000e-03
-21.54740000 1.89517000e-03
-21.51740000 1.90463000e-03
-21.48740000 1.91463000e-03
-21.45740000 1.92534000e-03
-21.42740000 1.93710000e-03
-21.39740000 1.95045000e-03
-21.36740000 1.96640000e-03
-21.33740000 1.98684000e-03
-21.30740000 2.01581000e-03
-21.27740000 2.06234000e-03
-21.24740000 2.14584000e-03
-21.21740000 2.27877000e-03
-21.18740000 2.32881000e-03
-21.15740000 2.22782000e-03
-21.12740000 2.15653000e-03
-21.09740000 2.13947000e-03
-21.06740000 2.16362000e-03
-21.03740000 2.23771000e-03
-21.00740000 2.36864000e-03
-20.97740000 2.40875000e-03
-20.94740000 2.28820000e-03
-20.91740000 2.19727000e-03
-20.88740000 2.15538000e-03
-20.85740000 2.13813000e-03
-20.82740000 2.13265000e-03
-20.79740000 2.13335000e-03
-20.76740000 2.13774000e-03
-20.73740000 2.14475000e-03
-20.70740000 2.15424000e-03
-20.66140000 2.17595000e-03
-20.63140000 2.19922000e-03
-20.60140000 2.22759000e-03
-20.57140000 2.23222000e-03
-20.54140000 2.22195000e-03
-20.51140000 2.21964000e-03
-20.48140000 2.22375000e-03
-20.45140000 2.23108000e-03
-20.42140000 2.24019000e-03
-20.39140000 2.25048000e-03
-20.36140000 2.26160000e-03
-20.33140000 2.27389000e-03
-20.30140000 2.28844000e-03
-20.27140000 2.30692000e-03
-20.24140000 2.32731000e-03
-20.21140000 2.33741000e-03
-20.18140000 2.34080000e-03
-20.15140000 2.34722000e-03
-20.12140000 2.35750000e-03
-20.09140000 2.37041000e-03
-20.06140000 2.38509000e-03
-20.03140000 2.40197000e-03
-20.00140000 2.42341000e-03
-19.97140000 2.45366000e-03
-19.94140000 2.49985000e-03
-19.91140000 2.55217000e-03
-19.88140000 2.57375000e-03
-19.85140000 2.59842000e-03
-19.82140000 2.61628000e-03
-19.79140000 2.62611000e-03
-19.76140000 2.60883000e-03
-19.73140000 2.58854000e-03
-19.70140000 2.59286000e-03
-19.67140000 2.61252000e-03
-19.64140000 2.62274000e-03
-19.61140000 2.62366000e-03
-19.58140000 2.62554000e-03
-19.55140000 2.63330000e-03
-19.52140000 2.64993000e-03
-19.49140000 2.67331000e-03
-19.46140000 2.69328000e-03
-19.43140000 2.71248000e-03
-19.40140000 2.74035000e-03
-19.37140000 2.77480000e-03
-19.34140000 2.82297000e-03
-19.31140000 2.89650000e-03
-19.28140000 2.98243000e-03
-19.25140000 3.09252000e-03
-19.22140000 3.29153000e-03
-19.19140000 3.56995000e-03
-19.16140000 3.57523000e-03
-19.13140000 3.33198000e-03
-19.10140000 3.21896000e-03
-19.07140000 3.25620000e-03
-19.04140000 3.34378000e-03
-19.01140000 3.30937000e-03
-18.98140000 3.22059000e-03
-18.95140000 3.14201000e-03
-18.92140000 3.08938000e-03
-18.89140000 3.06027000e-03
-18.86140000 3.05463000e-03
-18.83140000 3.06663000e-03
-18.80140000 3.09481000e-03
-18.77140000 3.13447000e-03
-18.74140000 3.17227000e-03
-18.71140000 3.19146000e-03
-18.68140000 3.17453000e-03
-18.65140000 3.16566000e-03
-18.62140000 3.17234000e-03
-18.59140000 3.18819000e-03
-18.56140000 3.21047000e-03
-18.53140000 3.24001000e-03
-18.50140000 3.27935000e-03
-18.47140000 3.31584000e-03
-18.44140000 3.32617000e-03
-18.41140000 3.33506000e-03
-18.38140000 3.35330000e-03
-18.35140000 3.37820000e-03
-18.32140000 3.40848000e-03
-18.27550000 3.46522000e-03
-18.24550000 3.49922000e-03
-18.21550000 3.53294000e-03
-18.18550000 3.57854000e-03
-18.15550000 3.63514000e-03
-18.12550000 3.68752000e-03
-18.09550000 3.75626000e-03
-18.06550000 3.85508000e-03
-18.03550000 3.90533000e-03
-18.00550000 3.91550000e-03
-17.97550000 3.96845000e-03
-17.94550000 4.02680000e-03
-17.91550000 4.05042000e-03
-17.88550000 4.09311000e-03
-17.85550000 4.17397000e-03
-17.82550000 4.28881000e-03
-17.79550000 4.44184000e-03
-17.76550000 4.67380000e-03
-17.73550000 5.05579000e-03
-17.70550000 5.74284000e-03
-17.67550000 7.03169000e-03
-17.64550000 8.72205000e-03
-17.61550000 8.60462000e-03
-17.58550000 7.55989000e-03
-17.55550000 7.54991000e-03
-17.52550000 8.63160000e-03
-17.49550000 9.13842000e-03
-17.46550000 7.79692000e-03
-17.43550000 6.75556000e-03
-17.40550000 6.40945000e-03
-17.37550000 6.54353000e-03
-17.34550000 7.15989000e-03
-17.31550000 8.55600000e-03
-17.28550000 1.13158000e-02
-17.25550000 1.43185000e-02
-17.22550000 1.28335000e-02
-17.19550000 9.83625000e-03
-17.16550000 8.31253000e-03
-17.13550000 7.69671000e-03
-17.10550000 7.44450000e-03
-17.07550000 7.53777000e-03
-17.04550000 8.02074000e-03
-17.01550000 9.01508000e-03
-16.98550000 1.08804000e-02
-16.95550000 1.44923000e-02
-16.92550000 2.15552000e-02
-16.89550000 3.18185000e-02
-16.86550000 3.35824000e-02
-16.83550000 2.56340000e-02
-16.80550000 1.89631000e-02
-16.77550000 1.36894000e-02
-16.74550000 1.06401000e-02
-16.71550000 9.03857000e-03
-16.68550000 8.16419000e-03
-16.65550000 7.67054000e-03
-16.62550000 7.39751000e-03
-16.59550000 7.26733000e-03
-16.56550000 7.24244000e-03
-16.53550000 7.31030000e-03
-16.50550000 7.48065000e-03
-16.47550000 7.77852000e-03
-16.44550000 8.18054000e-03
-16.41550000 8.54160000e-03
-16.38550000 8.90049000e-03
-16.35550000 9.56848000e-03
-16.32550000 1.07486000e-02
-16.29550000 1.28247000e-02
-16.26550000 1.67211000e-02
-16.23550000 2.42083000e-02
-16.20550000 3.44126000e-02
-16.17550000 3.62381000e-02
-16.14550000 3.00779000e-02
-16.11550000 2.23573000e-02
-16.08550000 1.82978000e-02
-16.05550000 1.73847000e-02
-16.02550000 1.74952000e-02
-15.99550000 1.72983000e-02
-15.96550000 1.56782000e-02
-15.93550000 1.46395000e-02
-15.88950000 1.52793000e-02
-15.85950000 1.76767000e-02
-15.82950000 2.22933000e-02
-15.79950000 2.64592000e-02
-15.76950000 2.74885000e-02
-15.73950000 3.25613000e-02
-15.70950000 4.58931000e-02
-15.67950000 6.07280000e-02
-15.64950000 5.29602000e-02
-15.61950000 3.74038000e-02
-15.58950000 3.01416000e-02
-15.55950000 2.97687000e-02
-15.52950000 3.59713000e-02
-15.49950000 5.16177000e-02
-15.46950000 7.06218000e-02
-15.43950000 6.11182000e-02
-15.40950000 3.98440000e-02
-15.37950000 2.75600000e-02
-15.34950000 2.14645000e-02
-15.31950000 1.83051000e-02
-15.28950000 1.65942000e-02
-15.25950000 1.57115000e-02
-15.22950000 1.53788000e-02
-15.19950000 1.52690000e-02
-15.16950000 1.51842000e-02
-15.13950000 1.50293000e-02
-15.10950000 1.49458000e-02
-15.07950000 1.50846000e-02
-15.04950000 1.53723000e-02
-15.01950000 1.57261000e-02
-14.98950000 1.61869000e-02
-14.95950000 1.67771000e-02
-14.92950000 1.74995000e-02
-14.89950000 1.83762000e-02
-14.86950000 1.94546000e-02
-14.83950000 2.07750000e-02
-14.80950000 2.23709000e-02
-14.77950000 2.44036000e-02
-14.74950000 2.71231000e-02
-14.71950000 3.09150000e-02
-14.68950000 3.64837000e-02
-14.65950000 4.52051000e-02
-14.62950000 5.98351000e-02
-14.59950000 8.65078000e-02
-14.56950000 1.38131000e-01
-14.53950000 2.15256000e-01
-14.50950000 2.25615000e-01
-14.47950000 1.56829000e-01
-14.44950000 1.04977000e-01
-14.41950000 8.00033000e-02
-14.38950000 7.17468000e-02
-14.35950000 7.60068000e-02
-14.32950000 9.54917000e-02
-14.29950000 1.31229000e-01
-14.26950000 1.38871000e-01
-14.23950000 1.03160000e-01
-14.20950000 7.74610000e-02
-14.17950000 6.57539000e-02
-14.14950000 6.11895000e-02
-14.11950000 6.06712000e-02
-14.08950000 6.30546000e-02
-14.05950000 6.80809000e-02
-14.02950000 7.55797000e-02
-13.99950000 8.50735000e-02
-13.96950000 9.41210000e-02
-13.93950000 1.03882000e-01
-13.90950000 1.18332000e-01
-13.87950000 1.39141000e-01
-13.84950000 1.70021000e-01
-13.81950000 2.15461000e-01
-13.78950000 2.83578000e-01
-13.75950000 3.93094000e-01
-13.72950000 5.79936000e-01
-13.69950000 9.37614000e-01
-13.66950000 1.64916000e+00
-13.63950000 2.68609000e+00
-13.60950000 2.65404000e+00
-13.57950000 1.61971000e+00
-13.54950000 9.39094000e-01
-13.50350000 4.96051000e-01
-13.47350000 3.68240000e-01
-13.44350000 3.01954000e-01
-13.41350000 2.78863000e-01
-13.38350000 2.97382000e-01
-13.35350000 3.50641000e-01
-13.32350000 3.83154000e-01
-13.29350000 3.68768000e-01
-13.26350000 3.00120000e-01
-13.23350000 2.48921000e-01
-13.20350000 2.33158000e-01
-13.17350000 2.42091000e-01
-13.14350000 2.72010000e-01
-13.11350000 3.27185000e-01
-13.08350000 4.21277000e-01
-13.05350000 5.85280000e-01
-13.02350000 8.87735000e-01
-12.99350000 1.45947000e+00
-12.96350000 2.43549000e+00
-12.93350000 3.52386000e+00
-12.90350000 3.06784000e+00
-12.87350000 1.81546000e+00
-12.84350000 1.06328000e+00
-12.81350000 6.87057000e-01
-12.78350000 4.89753000e-01
-12.75350000 3.79951000e-01
-12.72350000 3.16800000e-01
-12.69350000 2.80654000e-01
-12.66350000 2.62899000e-01
-12.63350000 2.59816000e-01
-12.60350000 2.70363000e-01
-12.57350000 2.96604000e-01
-12.54350000 3.45242000e-01
-12.51350000 4.31362000e-01
-12.48350000 5.83090000e-01
-12.45350000 7.91524000e-01
-12.42350000 9.08258000e-01
-12.39350000 1.05396000e+00
-12.36350000 1.46179000e+00
-12.33350000 2.36424000e+00
-12.30350000 4.11573000e+00
-12.27350000 5.72004000e+00
-12.24350000 4.46564000e+00
-12.21350000 2.76035000e+00
-12.18350000 2.02257000e+00
-12.15350000 2.03468000e+00
-12.12350000 2.37249000e+00
-12.09350000 1.94338000e+00
-12.06350000 1.19260000e+00
-12.03350000 7.46632000e-01
-12.00350000 5.09248000e-01
-11.97350000 3.73081000e-01
-11.94350000 2.88092000e-01
-11.91350000 2.31427000e-01
-11.88350000 1.91660000e-01
-11.85350000 1.62262000e-01
-11.82350000 1.40090000e-01
-11.79350000 1.22480000e-01
-11.76350000 1.07457000e-01
-11.73350000 9.52481000e-02
-11.70350000 8.53520000e-02
-11.67350000 7.71894000e-02
-11.64350000 7.03517000e-02
-11.61350000 6.45432000e-02
-11.58350000 5.95524000e-02
-11.55350000 5.52313000e-02
-11.52350000 5.14644000e-02
-11.49350000 4.81596000e-02
-11.46350000 4.52462000e-02
-11.43350000 4.26727000e-02
-11.40350000 4.03796000e-02
-11.37350000 3.83027000e-02
-11.34350000 3.64419000e-02
-11.31350000 3.47882000e-02
-11.28350000 3.33254000e-02
-11.25350000 3.20524000e-02
-11.22350000 3.09957000e-02
-11.19350000 3.02366000e-02
-11.16350000 2.98876000e-02
-11.11760000 2.93446000e-02
-11.08760000 2.85635000e-02
-11.05760000 2.69988000e-02
-11.02760000 2.54931000e-02
-10.99760000 2.43993000e-02
-10.96760000 2.35639000e-02
-10.93760000 2.28762000e-02
-10.90760000 2.22929000e-02
-10.87760000 2.18119000e-02
-10.84760000 2.14489000e-02
-10.81760000 2.12322000e-02
-10.78760000 2.09884000e-02
-10.75760000 2.04614000e-02
-10.72760000 1.99794000e-02
-10.69760000 1.96557000e-02
-10.66760000 1.94695000e-02
-10.63760000 1.94248000e-02
-10.60760000 1.95993000e-02
-10.57760000 1.98371000e-02
-10.54760000 1.93684000e-02
-10.51760000 1.86957000e-02
-10.48760000 1.83108000e-02
-10.45760000 1.81704000e-02
-10.42760000 1.82321000e-02
-10.39760000 1.84084000e-02
-10.36760000 1.83304000e-02
-10.33760000 1.81255000e-02
-10.30760000 1.79813000e-02
-10.27760000 1.77976000e-02
-10.24760000 1.77992000e-02
-10.21760000 1.81414000e-02
-10.18760000 1.90210000e-02
-10.15760000 2.02839000e-02
-10.12760000 2.00431000e-02
-10.09760000 1.87830000e-02
-10.06760000 1.80689000e-02
-10.03760000 1.78082000e-02
-10.00760000 1.77497000e-02
-9.97757000 1.78066000e-02
-9.94757000 1.78985000e-02
-9.91757000 1.80859000e-02
-9.88757000 1.84115000e-02
-9.85757000 1.89069000e-02
-9.82757000 1.96749000e-02
-9.79757000 2.08286000e-02
-9.76757000 2.22666000e-02
-9.73757000 2.42605000e-02
-9.70757000 2.77942000e-02
-9.67757000 3.35097000e-02
-9.64757000 4.19805000e-02
-9.61757000 5.15505000e-02
-9.58757000 5.88590000e-02
-9.55757000 5.35380000e-02
-9.52757000 4.57624000e-02
-9.49757000 4.70378000e-02
-9.46757000 5.69059000e-02
-9.43757000 6.83296000e-02
-9.40757000 7.14652000e-02
-9.37757000 5.77446000e-02
-9.34757000 4.41577000e-02
-9.31757000 3.89978000e-02
-9.28757000 4.05836000e-02
-9.25757000 4.61391000e-02
-9.22757000 4.43332000e-02
-9.19757000 3.78407000e-02
-9.16757000 3.42510000e-02
-9.13757000 3.13144000e-02
-9.10757000 3.00096000e-02
-9.07757000 3.09148000e-02
-9.04757000 3.24887000e-02
-9.01757000 3.39640000e-02
-8.98757000 3.57204000e-02
-8.95757000 3.53809000e-02
-8.92757000 3.40602000e-02
-8.89757000 3.23599000e-02
-8.86757000 3.20847000e-02
-8.83757000 3.33410000e-02
-8.80757000 3.47427000e-02
-8.77757000 3.67972000e-02
-8.73160000 4.38487000e-02
-8.70160000 5.07956000e-02
-8.67160000 5.97189000e-02
-8.64160000 7.38432000e-02
-8.61160000 9.80493000e-02
-8.58160000 1.22841000e-01
-8.55160000 1.42506000e-01
-8.52160000 1.87931000e-01
-8.49160000 2.08903000e-01
-8.46160000 1.58942000e-01
-8.43160000 1.20861000e-01
-8.40160000 1.01095000e-01
-8.37160000 9.19767000e-02
-8.34160000 9.33803000e-02
-8.31160000 1.06210000e-01
-8.28160000 1.16699000e-01
-8.25160000 1.01019000e-01
-8.22160000 8.38027000e-02
-8.19160000 7.70644000e-02
-8.16160000 7.82686000e-02
-8.13160000 8.78137000e-02
-8.10160000 1.06883000e-01
-8.07160000 1.23857000e-01
-8.04160000 1.30428000e-01
-8.01160000 1.30271000e-01
-7.98160000 1.35827000e-01
-7.95160000 1.52392000e-01
-7.92160000 1.86736000e-01
-7.89160000 2.26808000e-01
-7.86160000 2.59193000e-01
-7.83160000 2.47643000e-01
-7.80160000 2.45063000e-01
-7.77160000 2.91184000e-01
-7.74160000 4.07841000e-01
-7.71160000 6.32638000e-01
-7.68160000 9.54913000e-01
-7.65160000 1.09961000e+00
-7.62160000 8.57901000e-01
-7.59160000 6.59026000e-01
-7.56160000 6.08462000e-01
-7.53160000 5.50602000e-01
-7.50160000 4.18444000e-01
-7.47160000 3.35699000e-01
-7.44160000 3.06871000e-01
-7.41160000 3.20598000e-01
-7.38160000 3.73235000e-01
-7.35160000 4.87177000e-01
-7.32160000 6.98048000e-01
-7.29160000 9.43755000e-01
-7.26160000 9.06603000e-01
-7.23160000 7.57166000e-01
-7.20160000 7.79490000e-01
-7.17160000 1.02777000e+00
-7.14160000 1.45801000e+00
-7.11160000 1.72303000e+00
-7.08160000 1.37083000e+00
-7.05160000 9.44361000e-01
-7.02160000 7.48276000e-01
-6.99160000 6.05451000e-01
-6.96160000 5.03041000e-01
-6.93160000 4.47815000e-01
-6.90160000 4.08523000e-01
-6.87160000 3.70414000e-01
-6.84160000 3.50909000e-01
-6.81160000 3.72002000e-01
-6.78160000 4.42641000e-01
-6.75160000 5.87264000e-01
-6.72160000 8.15218000e-01
-6.69160000 9.02297000e-01
-6.66160000 8.16414000e-01
-6.63160000 8.11343000e-01
-6.60160000 8.97123000e-01
-6.57160000 9.86090000e-01
-6.54160000 1.22475000e+00
-6.51160000 1.59241000e+00
-6.48160000 1.57397000e+00
-6.45160000 1.33246000e+00
-6.42160000 1.05356000e+00
-6.39160000 9.60409000e-01
-6.34564000 1.29032000e+00
-6.31564000 1.74840000e+00
-6.28564000 2.29295000e+00
-6.25564000 3.32798000e+00
-6.22564000 3.97182000e+00
-6.19564000 3.41957000e+00
-6.16564000 2.74739000e+00
-6.13564000 2.14072000e+00
-6.10564000 1.59591000e+00
-6.07564000 1.11221000e+00
-6.04564000 8.01215000e-01
-6.01564000 6.07633000e-01
-5.98564000 4.86673000e-01
-5.95564000 4.19712000e-01
-5.92564000 3.87148000e-01
-5.89564000 3.87535000e-01
-5.86564000 4.22514000e-01
-5.83564000 4.76137000e-01
-5.80564000 5.18044000e-01
-5.77564000 5.94169000e-01
-5.74564000 7.74657000e-01
-5.71564000 1.17048000e+00
-5.68564000 1.90493000e+00
-5.65564000 2.51920000e+00
-5.62564000 2.04532000e+00
-5.59564000 1.30276000e+00
-5.56564000 9.30182000e-01
-5.53564000 8.19383000e-01
-5.50564000 8.22613000e-01
-5.47564000 9.41585000e-01
-5.44564000 1.27607000e+00
-5.41564000 1.57178000e+00
-5.38564000 1.42984000e+00
-5.35564000 1.04935000e+00
-5.32564000 8.26043000e-01
-5.29564000 6.77466000e-01
-5.26564000 5.74933000e-01
-5.23564000 5.62528000e-01
-5.20564000 6.07599000e-01
-5.17564000 6.69590000e-01
-5.14564000 8.16427000e-01
-5.11564000 1.13052000e+00
-5.08564000 1.43769000e+00
-5.05564000 1.52245000e+00
-5.02564000 1.55477000e+00
-4.99564000 1.50481000e+00
-4.96564000 1.15739000e+00
-4.93564000 8.85338000e-01
-4.90564000 8.10803000e-01
-4.87564000 8.38610000e-01
-4.84564000 9.72679000e-01
-4.81564000 1.23074000e+00
-4.78564000 1.24816000e+00
-4.75564000 1.05191000e+00
-4.72564000 1.03530000e+00
-4.69564000 1.19262000e+00
-4.66564000 1.43758000e+00
-4.63564000 1.74552000e+00
-4.60564000 2.45618000e+00
-4.57564000 3.55619000e+00
-4.54564000 3.87131000e+00
-4.51564000 3.70052000e+00
-4.48564000 3.00946000e+00
-4.45564000 2.24764000e+00
-4.42564000 2.13682000e+00
-4.39564000 2.26591000e+00
-4.36564000 1.75771000e+00
-4.33564000 1.18436000e+00
-4.30564000 8.86940000e-01
-4.27564000 7.20599000e-01
-4.24564000 5.84553000e-01
-4.21564000 5.01660000e-01
-4.18564000 4.62526000e-01
-4.15564000 4.56738000e-01
-4.12564000 4.90782000e-01
-4.09564000 5.60665000e-01
-4.06564000 6.02726000e-01
-4.03564000 6.55657000e-01
-4.00564000 7.91105000e-01
-3.95967000 1.08235000e+00
-3.92967000 1.38967000e+00
-3.89967000 1.85036000e+00
-3.86967000 2.33277000e+00
-3.83967000 2.31261000e+00
-3.80967000 1.85792000e+00
-3.77967000 1.45162000e+00
-3.74967000 1.37978000e+00
-3.71967000 1.56503000e+00
-3.68967000 1.97644000e+00
-3.65967000 2.00325000e+00
-3.62967000 1.59532000e+00
-3.59967000 1.28397000e+00
-3.56967000 1.04993000e+00
-3.53967000 9.09326000e-01
-3.50967000 8.48746000e-01
-3.47967000 8.44136000e-01
-3.44967000 8.12749000e-01
-3.41967000 7.92482000e-01
-3.38967000 8.58123000e-01
-3.35967000 1.02246000e+00
-3.32967000 1.23790000e+00
-3.29967000 1.49190000e+00
-3.26967000 2.01042000e+00
-3.23967000 2.78645000e+00
-3.20967000 3.12956000e+00
-3.17967000 3.27913000e+00
-3.14967000 3.86190000e+00
-3.11967000 5.29516000e+00
-3.08967000 6.73123000e+00
-3.05967000 6.45887000e+00
-3.02967000 5.98199000e+00
-2.99967000 5.71809000e+00
-2.96967000 5.02871000e+00
-2.93967000 3.99692000e+00
-2.90967000 3.59063000e+00
-2.87967000 3.89015000e+00
-2.84967000 4.93369000e+00
-2.81967000 6.84094000e+00
-2.78967000 9.48457000e+00
-2.75967000 1.17773000e+01
-2.72967000 1.54432000e+01
-2.69967000 1.72737000e+01
-2.66967000 1.41482000e+01
-2.63967000 1.07732000e+01
-2.60967000 7.15338000e+00
-2.57967000 4.68653000e+00
-2.54967000 3.42583000e+00
-2.51967000 2.96087000e+00
-2.48967000 3.12261000e+00
-2.45967000 3.64983000e+00
-2.42967000 3.35295000e+00
-2.39967000 2.55854000e+00
-2.36967000 2.11376000e+00
-2.33967000 1.98789000e+00
-2.30967000 2.03731000e+00
-2.27967000 1.82055000e+00
-2.24967000 1.60404000e+00
-2.21967000 1.52910000e+00
-2.18967000 1.54296000e+00
-2.15967000 1.70786000e+00
-2.12967000 2.03386000e+00
-2.09967000 2.67836000e+00
-2.06967000 3.72248000e+00
-2.03967000 5.23755000e+00
-2.00967000 6.37115000e+00
-1.97967000 5.36339000e+00
-1.94967000 4.21810000e+00
-1.91967000 3.47537000e+00
-1.88967000 3.28013000e+00
-1.85967000 3.09846000e+00
-1.82967000 2.41714000e+00
-1.79967000 1.89831000e+00
-1.76967000 1.56189000e+00
-1.73967000 1.28196000e+00
-1.70967000 1.01791000e+00
-1.67967000 8.03363000e-01
-1.64967000 6.89266000e-01
-1.61967000 6.13293000e-01
-1.57370000 4.73506000e-01
-1.54370000 4.08949000e-01
-1.51370000 3.58319000e-01
-1.48370000 3.16725000e-01
-1.45370000 2.88569000e-01
-1.42370000 2.80388000e-01
-1.39370000 2.79682000e-01
-1.36370000 2.76306000e-01
-1.33370000 2.72522000e-01
-1.30370000 2.66471000e-01
-1.27370000 2.72755000e-01
-1.24370000 2.66209000e-01
-1.21370000 2.35316000e-01
-1.18370000 2.13568000e-01
-1.15370000 1.99758000e-01
-1.12370000 1.97325000e-01
-1.09370000 2.04097000e-01
-1.06370000 2.16090000e-01
-1.03370000 2.26907000e-01
-1.00370000 2.45964000e-01
-0.97369800 2.75191000e-01
-0.94369800 3.29937000e-01
-0.91369800 4.54044000e-01
-0.88369800 6.08257000e-01
-0.85369800 5.53355000e-01
-0.82369800 3.89999000e-01
-0.79369800 2.92359000e-01
-0.76369800 2.44927000e-01
-0.73369800 2.31990000e-01
-0.70369800 2.44310000e-01
-0.67369800 2.67499000e-01
-0.64369800 2.85867000e-01
-0.61369800 2.76609000e-01
-0.58369800 2.62170000e-01
-0.55369800 2.41787000e-01
-0.52369800 2.34286000e-01
-0.49369800 2.41931000e-01
-0.46369800 2.44924000e-01
-0.43369800 2.43627000e-01
-0.40369800 2.57026000e-01
-0.37369800 2.64322000e-01
-0.34369800 2.65934000e-01
-0.31369800 2.90886000e-01
-0.28369800 3.27344000e-01
-0.25369800 3.43448000e-01
-0.22369800 3.74765000e-01
-0.19369800 4.44939000e-01
-0.16369800 5.48014000e-01
-0.13369800 6.55032000e-01
-0.10369800 7.82995000e-01
-0.07369840 7.41921000e-01
-0.04369840 5.99286000e-01
-0.01369840 4.86795000e-01
0.01630160 4.46660000e-01
0.04630160 4.85414000e-01
0.07630160 6.20006000e-01
0.10630200 8.66571000e-01
0.13630200 1.01598000e+00
0.16630200 9.65171000e-01
0.19630200 1.06685000e+00
0.22630200 1.33272000e+00
0.25630200 1.57216000e+00
0.28630200 1.75315000e+00
0.31630200 1.80473000e+00
0.34630200 1.49042000e+00
0.37630200 1.28904000e+00
0.40630200 1.43832000e+00
0.43630200 1.75920000e+00
0.46630200 1.93516000e+00
0.49630200 2.04529000e+00
0.52630200 2.26610000e+00
0.55630200 2.15655000e+00
0.58630200 1.52981000e+00
0.61630200 1.08875000e+00
0.64630200 9.43388000e-01
0.67630200 9.97106000e-01
0.70630200 1.01714000e+00
0.73630200 8.98502000e-01
0.76630200 8.42948000e-01
