# E(MeV)  S_NSDRNSDR(K=1) for Se113_DDPCX
-23.04740000 5.89433000e-02
-23.01740000 5.94651000e-02
-22.98740000 5.99953000e-02
-22.95740000 6.05341000e-02
-22.92740000 6.10817000e-02
-22.89740000 6.16384000e-02
-22.86740000 6.22043000e-02
-22.83740000 6.27798000e-02
-22.80740000 6.33649000e-02
-22.77740000 6.39600000e-02
-22.74740000 6.45653000e-02
-22.71740000 6.51811000e-02
-22.68740000 6.58077000e-02
-22.65740000 6.64453000e-02
-22.62740000 6.70943000e-02
-22.59740000 6.77548000e-02
-22.56740000 6.84273000e-02
-22.53740000 6.91121000e-02
-22.50740000 6.98095000e-02
-22.47740000 7.05198000e-02
-22.44740000 7.12433000e-02
-22.41740000 7.19806000e-02
-22.38740000 7.27319000e-02
-22.35740000 7.34977000e-02
-22.32740000 7.42783000e-02
-22.29740000 7.50742000e-02
-22.26740000 7.58858000e-02
-22.23740000 7.67137000e-02
-22.20740000 7.75582000e-02
-22.17740000 7.84200000e-02
-22.14740000 7.92994000e-02
-22.11740000 8.01971000e-02
-22.08740000 8.11136000e-02
-22.05740000 8.20495000e-02
-22.02740000 8.30054000e-02
-21.99740000 8.39820000e-02
-21.96740000 8.49799000e-02
-21.93740000 8.59999000e-02
-21.90740000 8.70426000e-02
-21.87740000 8.81089000e-02
-21.84740000 8.91994000e-02
-21.81740000 9.03151000e-02
-21.78740000 9.14569000e-02
-21.75740000 9.26256000e-02
-21.72740000 9.38222000e-02
-21.69740000 9.50477000e-02
-21.66740000 9.63032000e-02
-21.63740000 9.75898000e-02
-21.60740000 9.89087000e-02
-21.57740000 1.00261000e-01
-21.54740000 1.01648000e-01
-21.51740000 1.03072000e-01
-21.48740000 1.04532000e-01
-21.45740000 1.06033000e-01
-21.42740000 1.07573000e-01
-21.39740000 1.09157000e-01
-21.36740000 1.10784000e-01
-21.33740000 1.12458000e-01
-21.30740000 1.14181000e-01
-21.27740000 1.15953000e-01
-21.24740000 1.17779000e-01
-21.21740000 1.19659000e-01
-21.18740000 1.21598000e-01
-21.15740000 1.23597000e-01
-21.12740000 1.25660000e-01
-21.09740000 1.27791000e-01
-21.06740000 1.29992000e-01
-21.03740000 1.32267000e-01
-21.00740000 1.34620000e-01
-20.97740000 1.37057000e-01
-20.94740000 1.39581000e-01
-20.91740000 1.42199000e-01
-20.88740000 1.44915000e-01
-20.85740000 1.47736000e-01
-20.82740000 1.50669000e-01
-20.79740000 1.53721000e-01
-20.76740000 1.56902000e-01
-20.73740000 1.60219000e-01
-20.70740000 1.63684000e-01
-20.66140000 1.69305000e-01
-20.63140000 1.73199000e-01
-20.60140000 1.77287000e-01
-20.57140000 1.81589000e-01
-20.54140000 1.86125000e-01
-20.51140000 1.90918000e-01
-20.48140000 1.95995000e-01
-20.45140000 2.01391000e-01
-20.42140000 2.07141000e-01
-20.39140000 2.13292000e-01
-20.36140000 2.19898000e-01
-20.33140000 2.27026000e-01
-20.30140000 2.34758000e-01
-20.27140000 2.43195000e-01
-20.24140000 2.52468000e-01
-20.21140000 2.62744000e-01
-20.18140000 2.74241000e-01
-20.15140000 2.87252000e-01
-20.12140000 3.02177000e-01
-20.09140000 3.19580000e-01
-20.06140000 3.40271000e-01
-20.03140000 3.65464000e-01
-20.00140000 3.97041000e-01
-19.97140000 4.38055000e-01
-19.94140000 4.93730000e-01
-19.91140000 5.73566000e-01
-19.88140000 6.96136000e-01
-19.85140000 9.00777000e-01
-19.82140000 1.27651000e+00
-19.79140000 2.01245000e+00
-19.76140000 3.19381000e+00
-19.73140000 3.46242000e+00
-19.70140000 2.35571000e+00
-19.67140000 1.54510000e+00
-19.64140000 1.16069000e+00
-19.61140000 9.93476000e-01
-19.58140000 9.39191000e-01
-19.55140000 9.58682000e-01
-19.52140000 1.04579000e+00
-19.49140000 1.22046000e+00
-19.46140000 1.53819000e+00
-19.43140000 2.09254000e+00
-19.40140000 3.04255000e+00
-19.37140000 4.86975000e+00
-19.34140000 7.03410000e+00
-19.31140000 6.14441000e+00
-19.28140000 3.87152000e+00
-19.25140000 2.55479000e+00
-19.22140000 1.94786000e+00
-19.19140000 1.71180000e+00
-19.16140000 1.70325000e+00
-19.13140000 1.72060000e+00
-19.10140000 1.58447000e+00
-19.07140000 1.50205000e+00
-19.04140000 1.52175000e+00
-19.01140000 1.61813000e+00
-18.98140000 1.78463000e+00
-18.95140000 2.03388000e+00
-18.92140000 2.39843000e+00
-18.89140000 2.93899000e+00
-18.86140000 3.76545000e+00
-18.83140000 5.12232000e+00
-18.80140000 7.54992000e+00
-18.77140000 1.22616000e+01
-18.74140000 2.13671000e+01
-18.71140000 3.15184000e+01
-18.68140000 2.63439000e+01
-18.65140000 1.56999000e+01
-18.62140000 9.73870000e+00
-18.59140000 6.89897000e+00
-18.56140000 5.54833000e+00
-18.53140000 4.98005000e+00
-18.50140000 4.95803000e+00
-18.47140000 5.46069000e+00
-18.44140000 6.54226000e+00
-18.41140000 7.83419000e+00
-18.38140000 9.57411000e+00
-18.35140000 1.32892000e+01
-18.32140000 2.10743000e+01
-18.27550000 4.69796000e+01
-18.24550000 5.18677000e+01
-18.21550000 3.38952000e+01
-18.18550000 2.03704000e+01
-18.15550000 1.34941000e+01
-18.12550000 1.00633000e+01
-18.09550000 8.64036000e+00
-18.06550000 8.64724000e+00
-18.03550000 1.00453000e+01
-18.00550000 1.21032000e+01
-17.97550000 1.23797000e+01
-17.94550000 1.08620000e+01
-17.91550000 8.42742000e+00
-17.88550000 6.80754000e+00
-17.85550000 6.17889000e+00
-17.82550000 6.09424000e+00
-17.79550000 6.43105000e+00
-17.76550000 7.24930000e+00
-17.73550000 8.70205000e+00
-17.70550000 1.10119000e+01
-17.67550000 1.37801000e+01
-17.64550000 1.51488000e+01
-17.61550000 1.66544000e+01
-17.58550000 2.06158000e+01
-17.55550000 2.83069000e+01
-17.52550000 4.26877000e+01
-17.49550000 7.04172000e+01
-17.46550000 1.18239000e+02
-17.43550000 1.53773000e+02
-17.40550000 1.58343000e+02
-17.37550000 1.55712000e+02
-17.34550000 1.12945000e+02
-17.31550000 7.07612000e+01
-17.28550000 4.71111000e+01
-17.25550000 3.31419000e+01
-17.22550000 2.57416000e+01
-17.19550000 2.26376000e+01
-17.16550000 1.95427000e+01
-17.13550000 1.52014000e+01
-17.10550000 1.25032000e+01
-17.07550000 1.12602000e+01
-17.04550000 9.74739000e+00
-17.01550000 8.61858000e+00
-16.98550000 8.21590000e+00
-16.95550000 7.19421000e+00
-16.92550000 6.08918000e+00
-16.89550000 5.64306000e+00
-16.86550000 5.85826000e+00
-16.83550000 6.92311000e+00
-16.80550000 8.85297000e+00
-16.77550000 9.29057000e+00
-16.74550000 8.03630000e+00
-16.71550000 7.93247000e+00
-16.68550000 9.64715000e+00
-16.65550000 1.39592000e+01
-16.62550000 1.98923000e+01
-16.59550000 1.93655000e+01
-16.56550000 1.61862000e+01
-16.53550000 1.75386000e+01
-16.50550000 2.09337000e+01
-16.47550000 1.86717000e+01
-16.44550000 1.40415000e+01
-16.41550000 1.02070000e+01
-16.38550000 8.29150000e+00
-16.35550000 7.51463000e+00
-16.32550000 7.56308000e+00
-16.29550000 8.52298000e+00
-16.26550000 9.90872000e+00
-16.23550000 1.08448000e+01
-16.20550000 1.28740000e+01
-16.17550000 1.62666000e+01
-16.14550000 2.15537000e+01
-16.11550000 3.18907000e+01
-16.08550000 5.31109000e+01
-16.05550000 8.31424000e+01
-16.02550000 8.29374000e+01
-15.99550000 6.21129000e+01
-15.96550000 4.27791000e+01
-15.93550000 2.87077000e+01
-15.88950000 1.67978000e+01
-15.85950000 1.22670000e+01
-15.82950000 9.92657000e+00
-15.79950000 9.15056000e+00
-15.76950000 9.67778000e+00
-15.73950000 1.06148000e+01
-15.70950000 1.24888000e+01
-15.67950000 1.55997000e+01
-15.64950000 1.46432000e+01
-15.61950000 1.24724000e+01
-15.58950000 1.38010000e+01
-15.55950000 1.91999000e+01
-15.52950000 2.22360000e+01
-15.49950000 1.61179000e+01
-15.46950000 1.08491000e+01
-15.43950000 8.20703000e+00
-15.40950000 6.07322000e+00
-15.37950000 4.64281000e+00
-15.34950000 3.87862000e+00
-15.31950000 3.46674000e+00
-15.28950000 3.31437000e+00
-15.25950000 3.39116000e+00
-15.22950000 3.72678000e+00
-15.19950000 4.43010000e+00
-15.16950000 5.76011000e+00
-15.13950000 8.32408000e+00
-15.10950000 1.35050000e+01
-15.07950000 2.33102000e+01
-15.04950000 3.15870000e+01
-15.01950000 2.39761000e+01
-14.98950000 1.40485000e+01
-14.95950000 8.46211000e+00
-14.92950000 5.60526000e+00
-14.89950000 4.07298000e+00
-14.86950000 3.20494000e+00
-14.83950000 2.71216000e+00
-14.80950000 2.47459000e+00
-14.77950000 2.48735000e+00
-14.74950000 2.64200000e+00
-14.71950000 2.49171000e+00
-14.68950000 2.31135000e+00
-14.65950000 2.31558000e+00
-14.62950000 2.21177000e+00
-14.59950000 2.10697000e+00
-14.56950000 2.19253000e+00
-14.53950000 2.54076000e+00
-14.50950000 3.24714000e+00
-14.47950000 4.32156000e+00
-14.44950000 5.62229000e+00
-14.41950000 7.77294000e+00
-14.38950000 1.15414000e+01
-14.35950000 1.49773000e+01
-14.32950000 1.31968000e+01
-14.29950000 8.91370000e+00
-14.26950000 6.80801000e+00
-14.23950000 6.82505000e+00
-14.20950000 8.96858000e+00
-14.17950000 1.32122000e+01
-14.14950000 1.37087000e+01
-14.11950000 8.93038000e+00
-14.08950000 5.41836000e+00
-14.05950000 3.50760000e+00
-14.02950000 2.46693000e+00
-13.99950000 1.86742000e+00
-13.96950000 1.49675000e+00
-13.93950000 1.25443000e+00
-13.90950000 1.09209000e+00
-13.87950000 9.86368000e-01
-13.84950000 9.27424000e-01
-13.81950000 8.97554000e-01
-13.78950000 8.55498000e-01
-13.75950000 8.30778000e-01
-13.72950000 8.56286000e-01
-13.69950000 9.53488000e-01
-13.66950000 1.14127000e+00
-13.63950000 1.32136000e+00
-13.60950000 1.44587000e+00
-13.57950000 1.65091000e+00
-13.54950000 2.21445000e+00
-13.50350000 3.74236000e+00
-13.47350000 4.22168000e+00
-13.44350000 3.16984000e+00
-13.41350000 2.19522000e+00
-13.38350000 1.72558000e+00
-13.35350000 1.59339000e+00
-13.32350000 1.84976000e+00
-13.29350000 2.54899000e+00
-13.26350000 3.01102000e+00
-13.23350000 2.65094000e+00
-13.20350000 2.16439000e+00
-13.17350000 1.50844000e+00
-13.14350000 1.07266000e+00
-13.11350000 8.62994000e-01
-13.08350000 7.87305000e-01
-13.05350000 8.13712000e-01
-13.02350000 9.70302000e-01
-12.99350000 1.26118000e+00
-12.96350000 1.43174000e+00
-12.93350000 1.54963000e+00
-12.90350000 1.61441000e+00
-12.87350000 1.26645000e+00
-12.84350000 9.62125000e-01
-12.81350000 8.78845000e-01
-12.78350000 9.96558000e-01
-12.75350000 1.37891000e+00
-12.72350000 1.98286000e+00
-12.69350000 1.93219000e+00
-12.66350000 1.27441000e+00
-12.63350000 8.51401000e-01
-12.60350000 6.62567000e-01
-12.57350000 5.82348000e-01
-12.54350000 5.03244000e-01
-12.51350000 4.39575000e-01
-12.48350000 4.02887000e-01
-12.45350000 3.99854000e-01
-12.42350000 4.45007000e-01
-12.39350000 5.67099000e-01
-12.36350000 7.50161000e-01
-12.33350000 7.47311000e-01
-12.30350000 5.98416000e-01
-12.27350000 4.65325000e-01
-12.24350000 3.57658000e-01
-12.21350000 2.94020000e-01
-12.18350000 2.59167000e-01
-12.15350000 2.39410000e-01
-12.12350000 2.28615000e-01
-12.09350000 2.24949000e-01
-12.06350000 2.29742000e-01
-12.03350000 2.44504000e-01
-12.00350000 2.49817000e-01
-11.97350000 2.30662000e-01
-11.94350000 2.15463000e-01
-11.91350000 2.09126000e-01
-11.88350000 2.08193000e-01
-11.85350000 2.10821000e-01
-11.82350000 2.16820000e-01
-11.79350000 2.28191000e-01
-11.76350000 2.46671000e-01
-11.73350000 2.66749000e-01
-11.70350000 2.87557000e-01
-11.67350000 3.21608000e-01
-11.64350000 3.51047000e-01
-11.61350000 3.71084000e-01
-11.58350000 4.25970000e-01
-11.55350000 5.44251000e-01
-11.52350000 7.33497000e-01
-11.49350000 8.46141000e-01
-11.46350000 8.74607000e-01
-11.43350000 1.07733000e+00
-11.40350000 1.59046000e+00
-11.37350000 2.40747000e+00
-11.34350000 2.66013000e+00
-11.31350000 2.00279000e+00
-11.28350000 1.38139000e+00
-11.25350000 9.90536000e-01
-11.22350000 8.24009000e-01
-11.19350000 8.06815000e-01
-11.16350000 9.14940000e-01
-11.11760000 1.38062000e+00
-11.08760000 2.09961000e+00
-11.05760000 2.78384000e+00
-11.02760000 2.27419000e+00
-10.99760000 1.56014000e+00
-10.96760000 1.21577000e+00
-10.93760000 1.17055000e+00
-10.90760000 1.33324000e+00
-10.87760000 1.62555000e+00
-10.84760000 1.79195000e+00
-10.81760000 1.43659000e+00
-10.78760000 1.14516000e+00
-10.75760000 1.08452000e+00
-10.72760000 1.08531000e+00
-10.69760000 1.11737000e+00
-10.66760000 1.17793000e+00
-10.63760000 1.32838000e+00
-10.60760000 1.75561000e+00
-10.57760000 2.44832000e+00
-10.54760000 2.83288000e+00
-10.51760000 2.57978000e+00
-10.48760000 2.31913000e+00
-10.45760000 1.91900000e+00
-10.42760000 1.60268000e+00
-10.39760000 1.50687000e+00
-10.36760000 1.53842000e+00
-10.33760000 1.75863000e+00
-10.30760000 2.35556000e+00
-10.27760000 3.66645000e+00
-10.24760000 5.82025000e+00
-10.21760000 6.06185000e+00
-10.18760000 3.86031000e+00
-10.15760000 2.32147000e+00
-10.12760000 1.60162000e+00
-10.09760000 1.34095000e+00
-10.06760000 1.36895000e+00
-10.03760000 1.41495000e+00
-10.00760000 1.15664000e+00
-9.97757000 8.50938000e-01
-9.94757000 6.79898000e-01
-9.91757000 5.96920000e-01
-9.88757000 5.82304000e-01
-9.85757000 6.34296000e-01
-9.82757000 7.59777000e-01
-9.79757000 8.39054000e-01
-9.76757000 7.20109000e-01
-9.73757000 6.42034000e-01
-9.70757000 6.79539000e-01
-9.67757000 8.31918000e-01
-9.64757000 1.02309000e+00
-9.61757000 1.19453000e+00
-9.58757000 1.63373000e+00
-9.55757000 2.31473000e+00
-9.52757000 2.62859000e+00
-9.49757000 2.26582000e+00
-9.46757000 1.70124000e+00
-9.43757000 1.40241000e+00
-9.40757000 1.15941000e+00
-9.37757000 8.68680000e-01
-9.34757000 6.92397000e-01
-9.31757000 6.43826000e-01
-9.28757000 7.03126000e-01
-9.25757000 8.71013000e-01
-9.22757000 1.16569000e+00
-9.19757000 1.48259000e+00
-9.16757000 1.33370000e+00
-9.13757000 1.09985000e+00
-9.10757000 1.13019000e+00
-9.07757000 1.24493000e+00
-9.04757000 1.17562000e+00
-9.01757000 1.13449000e+00
-8.98757000 1.24460000e+00
-8.95757000 1.64149000e+00
-8.92757000 2.54208000e+00
-8.89757000 3.30064000e+00
-8.86757000 2.64413000e+00
-8.83757000 1.69172000e+00
-8.80757000 1.06469000e+00
-8.77757000 7.37084000e-01
-8.73160000 5.21102000e-01
-8.70160000 4.63074000e-01
-8.67160000 4.36092000e-01
-8.64160000 4.45397000e-01
-8.61160000 5.04926000e-01
-8.58160000 6.16979000e-01
-8.55160000 8.12154000e-01
-8.52160000 1.05256000e+00
-8.49160000 1.18769000e+00
-8.46160000 1.10114000e+00
-8.43160000 9.26377000e-01
-8.40160000 8.37725000e-01
-8.37160000 8.50949000e-01
-8.34160000 9.69451000e-01
-8.31160000 1.18235000e+00
-8.28160000 1.32111000e+00
-8.25160000 1.25760000e+00
-8.22160000 9.80945000e-01
-8.19160000 7.21970000e-01
-8.16160000 5.84139000e-01
-8.13160000 4.73341000e-01
-8.10160000 4.03469000e-01
-8.07160000 4.10009000e-01
-8.04160000 5.00136000e-01
-8.01160000 5.79479000e-01
-7.98160000 4.83070000e-01
-7.95160000 3.83466000e-01
-7.92160000 3.09600000e-01
-7.89160000 2.44373000e-01
-7.86160000 2.05877000e-01
-7.83160000 1.87123000e-01
-7.80160000 1.79598000e-01
-7.77160000 1.77371000e-01
-7.74160000 1.82028000e-01
-7.71160000 1.85320000e-01
-7.68160000 1.94351000e-01
-7.65160000 2.27130000e-01
-7.62160000 2.71990000e-01
-7.59160000 2.58948000e-01
-7.56160000 2.09178000e-01
-7.53160000 1.81469000e-01
-7.50160000 1.73197000e-01
-7.47160000 1.68842000e-01
-7.44160000 1.67463000e-01
-7.41160000 1.64804000e-01
-7.38160000 1.63687000e-01
-7.35160000 1.51191000e-01
-7.32160000 1.33896000e-01
-7.29160000 1.23819000e-01
-7.26160000 1.19434000e-01
-7.23160000 1.18716000e-01
-7.20160000 1.21367000e-01
-7.17160000 1.28619000e-01
-7.14160000 1.41299000e-01
-7.11160000 1.55230000e-01
-7.08160000 1.71052000e-01
-7.05160000 1.81423000e-01
-7.02160000 1.92940000e-01
-6.99160000 2.19245000e-01
-6.96160000 2.48979000e-01
-6.93160000 2.33342000e-01
-6.90160000 1.95694000e-01
-6.87160000 1.79236000e-01
-6.84160000 1.85866000e-01
-6.81160000 2.11685000e-01
-6.78160000 2.64863000e-01
-6.75160000 3.09901000e-01
-6.72160000 2.57542000e-01
-6.69160000 1.96877000e-01
-6.66160000 1.68168000e-01
-6.63160000 1.58563000e-01
-6.60160000 1.61122000e-01
-6.57160000 1.77885000e-01
-6.54160000 2.11469000e-01
-6.51160000 2.63309000e-01
-6.48160000 3.24556000e-01
-6.45160000 3.34397000e-01
-6.42160000 3.20836000e-01
-6.39160000 3.22028000e-01
-6.34564000 3.48253000e-01
-6.31564000 2.93877000e-01
-6.28564000 2.47895000e-01
-6.25564000 2.09676000e-01
-6.22564000 1.81191000e-01
-6.19564000 1.72228000e-01
-6.16564000 1.73891000e-01
-6.13564000 1.69297000e-01
-6.10564000 1.60226000e-01
-6.07564000 1.60534000e-01
-6.04564000 1.73587000e-01
-6.01564000 2.05166000e-01
-5.98564000 2.64847000e-01
-5.95564000 3.44423000e-01
-5.92564000 3.69609000e-01
-5.89564000 2.97179000e-01
-5.86564000 2.37472000e-01
-5.83564000 2.16612000e-01
-5.80564000 2.21592000e-01
-5.77564000 2.42840000e-01
-5.74564000 2.77095000e-01
-5.71564000 3.42322000e-01
-5.68564000 4.43391000e-01
-5.65564000 5.79298000e-01
-5.62564000 8.51307000e-01
-5.59564000 1.28756000e+00
-5.56564000 1.31995000e+00
-5.53564000 9.05715000e-01
-5.50564000 6.35963000e-01
-5.47564000 4.77603000e-01
-5.44564000 3.62477000e-01
-5.41564000 2.82062000e-01
-5.38564000 2.33505000e-01
-5.35564000 2.05664000e-01
-5.32564000 1.91426000e-01
-5.29564000 1.89484000e-01
-5.26564000 2.01003000e-01
-5.23564000 2.29751000e-01
-5.20564000 2.77092000e-01
-5.17564000 3.04372000e-01
-5.14564000 2.94716000e-01
-5.11564000 2.46377000e-01
-5.08564000 2.06509000e-01
-5.05564000 1.80243000e-01
-5.02564000 1.61879000e-01
-4.99564000 1.51223000e-01
-4.96564000 1.48533000e-01
-4.93564000 1.53912000e-01
-4.90564000 1.70736000e-01
-4.87564000 1.89773000e-01
-4.84564000 1.83291000e-01
-4.81564000 1.75093000e-01
-4.78564000 1.77397000e-01
-4.75564000 1.69853000e-01
-4.72564000 1.54617000e-01
-4.69564000 1.47365000e-01
-4.66564000 1.47275000e-01
-4.63564000 1.48038000e-01
-4.60564000 1.49189000e-01
-4.57564000 1.55169000e-01
-4.54564000 1.66740000e-01
-4.51564000 1.80477000e-01
-4.48564000 1.94466000e-01
-4.45564000 2.00150000e-01
-4.42564000 2.02369000e-01
-4.39564000 1.96189000e-01
-4.36564000 1.97226000e-01
-4.33564000 2.12959000e-01
-4.30564000 2.38581000e-01
-4.27564000 2.59456000e-01
-4.24564000 2.92591000e-01
-4.21564000 3.60890000e-01
-4.18564000 4.35605000e-01
-4.15564000 4.61941000e-01
-4.12564000 4.88083000e-01
-4.09564000 5.90237000e-01
-4.06564000 8.12865000e-01
-4.03564000 1.22262000e+00
-4.00564000 1.81057000e+00
-3.95967000 1.77910000e+00
-3.92967000 1.33461000e+00
-3.89967000 1.17845000e+00
-3.86967000 1.20650000e+00
-3.83967000 1.15220000e+00
-3.80967000 1.11893000e+00
-3.77967000 1.17582000e+00
-3.74967000 9.44494000e-01
-3.71967000 6.55460000e-01
-3.68967000 5.04933000e-01
-3.65967000 4.49245000e-01
-3.62967000 4.63430000e-01
-3.59967000 5.59404000e-01
-3.56967000 7.55829000e-01
-3.53967000 8.24955000e-01
-3.50967000 6.21387000e-01
-3.47967000 4.45293000e-01
-3.44967000 3.49868000e-01
-3.41967000 2.92939000e-01
-3.38967000 2.61400000e-01
-3.35967000 2.48802000e-01
-3.32967000 2.40763000e-01
-3.29967000 2.39253000e-01
-3.26967000 2.54137000e-01
-3.23967000 2.83745000e-01
-3.20967000 2.88291000e-01
-3.17967000 2.62619000e-01
-3.14967000 2.51422000e-01
-3.11967000 2.57864000e-01
-3.08967000 2.77113000e-01
-3.05967000 3.13793000e-01
-3.02967000 3.70921000e-01
-2.99967000 4.38323000e-01
-2.96967000 5.63141000e-01
-2.93967000 8.34709000e-01
-2.90967000 1.35356000e+00
-2.87967000 1.76637000e+00
-2.84967000 1.35528000e+00
-2.81967000 8.65963000e-01
-2.78967000 6.22322000e-01
-2.75967000 5.43393000e-01
-2.72967000 5.60425000e-01
-2.69967000 5.53548000e-01
-2.66967000 4.73756000e-01
-2.63967000 4.21706000e-01
-2.60967000 3.92862000e-01
-2.57967000 3.91975000e-01
-2.54967000 4.37631000e-01
-2.51967000 5.58227000e-01
-2.48967000 7.61124000e-01
-2.45967000 9.70543000e-01
-2.42967000 1.08257000e+00
-2.39967000 9.27316000e-01
-2.36967000 8.24308000e-01
-2.33967000 8.57592000e-01
-2.30967000 7.43514000e-01
-2.27967000 5.48828000e-01
-2.24967000 4.40961000e-01
-2.21967000 4.05038000e-01
-2.18967000 4.26687000e-01
-2.15967000 5.08215000e-01
-2.12967000 6.29656000e-01
-2.09967000 6.27465000e-01
-2.06967000 5.13773000e-01
-2.03967000 4.51866000e-01
-2.00967000 4.53790000e-01
-1.97967000 5.18378000e-01
-1.94967000 6.88604000e-01
-1.91967000 9.70138000e-01
-1.88967000 1.01800000e+00
-1.85967000 7.68935000e-01
-1.82967000 5.98143000e-01
-1.79967000 5.21992000e-01
-1.76967000 4.89411000e-01
-1.73967000 5.06249000e-01
-1.70967000 6.17887000e-01
-1.67967000 8.61971000e-01
-1.64967000 1.11219000e+00
-1.61967000 9.35525000e-01
-1.57370000 5.56623000e-01
-1.54370000 4.67786000e-01
-1.51370000 4.57604000e-01
-1.48370000 5.06609000e-01
-1.45370000 5.30661000e-01
-1.42370000 4.63119000e-01
-1.39370000 4.14684000e-01
-1.36370000 4.04423000e-01
-1.33370000 4.20082000e-01
-1.30370000 4.61382000e-01
-1.27370000 5.35846000e-01
-1.24370000 6.58079000e-01
-1.21370000 8.59202000e-01
-1.18370000 1.21663000e+00
-1.15370000 1.90469000e+00
-1.12370000 3.27202000e+00
-1.09370000 5.14145000e+00
-1.06370000 4.79898000e+00
-1.03370000 2.90398000e+00
-1.00370000 1.71268000e+00
-0.97369800 1.10806000e+00
-0.94369800 7.89997000e-01
-0.91369800 6.11213000e-01
-0.88369800 5.06068000e-01
-0.85369800 4.35697000e-01
-0.82369800 3.81508000e-01
-0.79369800 3.41741000e-01
-0.76369800 3.10540000e-01
-0.73369800 2.87260000e-01
-0.70369800 2.69459000e-01
-0.67369800 2.56032000e-01
-0.64369800 2.45996000e-01
-0.61369800 2.38588000e-01
-0.58369800 2.33386000e-01
-0.55369800 2.29715000e-01
-0.52369800 2.26512000e-01
-0.49369800 2.25007000e-01
-0.46369800 2.26156000e-01
-0.43369800 2.27464000e-01
-0.40369800 2.24429000e-01
-0.37369800 2.20884000e-01
-0.34369800 2.20077000e-01
-0.31369800 2.21444000e-01
-0.28369800 2.25086000e-01
-0.25369800 2.30515000e-01
-0.22369800 2.39037000e-01
-0.19369800 2.44092000e-01
-0.16369800 2.37576000e-01
-0.13369800 2.32040000e-01
-0.10369800 2.32219000e-01
-0.07369840 2.36993000e-01
-0.04369840 2.40285000e-01
-0.01369840 2.39009000e-01
0.01630160 2.38338000e-01
0.04630160 2.41021000e-01
0.07630160 2.45768000e-01
0.10630200 2.51006000e-01
0.13630200 2.59249000e-01
0.16630200 2.72825000e-01
0.19630200 2.94998000e-01
0.22630200 3.33242000e-01
0.25630200 3.98958000e-01
0.28630200 4.69295000e-01
0.31630200 4.53048000e-01
0.34630200 4.06928000e-01
0.37630200 3.97321000e-01
0.40630200 4.21304000e-01
0.43630200 4.79684000e-01
0.46630200 5.91215000e-01
0.49630200 8.05760000e-01
0.52630200 1.23404000e+00
0.55630200 1.95661000e+00
0.58630200 2.21491000e+00
0.61630200 1.55563000e+00
0.64630200 1.01428000e+00
0.67630200 7.28468000e-01
0.70630200 5.89009000e-01
0.73630200 5.22598000e-01
0.76630200 5.02621000e-01
