# E(MeV)  S_NSDRNSDR(K=0) for Se113_DDPCX
-23.04740000 5.71602000e-02
-23.01740000 5.76563000e-02
-22.98740000 5.81601000e-02
-22.95740000 5.86716000e-02
-22.92740000 5.91912000e-02
-22.89740000 5.97190000e-02
-22.86740000 6.02551000e-02
-22.83740000 6.07999000e-02
-22.80740000 6.13534000e-02
-22.77740000 6.19158000e-02
-22.74740000 6.24875000e-02
-22.71740000 6.30686000e-02
-22.68740000 6.36593000e-02
-22.65740000 6.42599000e-02
-22.62740000 6.48706000e-02
-22.59740000 6.54916000e-02
-22.56740000 6.61232000e-02
-22.53740000 6.67658000e-02
-22.50740000 6.74194000e-02
-22.47740000 6.80845000e-02
-22.44740000 6.87613000e-02
-22.41740000 6.94501000e-02
-22.38740000 7.01513000e-02
-22.35740000 7.08650000e-02
-22.32740000 7.15917000e-02
-22.29740000 7.23318000e-02
-22.26740000 7.30855000e-02
-22.23740000 7.38532000e-02
-22.20740000 7.46353000e-02
-22.17740000 7.54322000e-02
-22.14740000 7.62442000e-02
-22.11740000 7.70719000e-02
-22.08740000 7.79156000e-02
-22.05740000 7.87758000e-02
-22.02740000 7.96530000e-02
-21.99740000 8.05475000e-02
-21.96740000 8.14600000e-02
-21.93740000 8.23910000e-02
-21.90740000 8.33409000e-02
-21.87740000 8.43104000e-02
-21.84740000 8.52999000e-02
-21.81740000 8.63102000e-02
-21.78740000 8.73419000e-02
-21.75740000 8.83955000e-02
-21.72740000 8.94718000e-02
-21.69740000 9.05714000e-02
-21.66740000 9.16951000e-02
-21.63740000 9.28437000e-02
-21.60740000 9.40180000e-02
-21.57740000 9.52187000e-02
-21.54740000 9.64467000e-02
-21.51740000 9.77030000e-02
-21.48740000 9.89884000e-02
-21.45740000 1.00304000e-01
-21.42740000 1.01651000e-01
-21.39740000 1.03030000e-01
-21.36740000 1.04442000e-01
-21.33740000 1.05889000e-01
-21.30740000 1.07371000e-01
-21.27740000 1.08890000e-01
-21.24740000 1.10448000e-01
-21.21740000 1.12046000e-01
-21.18740000 1.13684000e-01
-21.15740000 1.15366000e-01
-21.12740000 1.17092000e-01
-21.09740000 1.18863000e-01
-21.06740000 1.20683000e-01
-21.03740000 1.22552000e-01
-21.00740000 1.24473000e-01
-20.97740000 1.26448000e-01
-20.94740000 1.28479000e-01
-20.91740000 1.30568000e-01
-20.88740000 1.32718000e-01
-20.85740000 1.34931000e-01
-20.82740000 1.37210000e-01
-20.79740000 1.39558000e-01
-20.76740000 1.41978000e-01
-20.73740000 1.44473000e-01
-20.70740000 1.47047000e-01
-20.66140000 1.51153000e-01
-20.63140000 1.53944000e-01
-20.60140000 1.56827000e-01
-20.57140000 1.59809000e-01
-20.54140000 1.62892000e-01
-20.51140000 1.66084000e-01
-20.48140000 1.69389000e-01
-20.45140000 1.72815000e-01
-20.42140000 1.76366000e-01
-20.39140000 1.80052000e-01
-20.36140000 1.83879000e-01
-20.33140000 1.87856000e-01
-20.30140000 1.91993000e-01
-20.27140000 1.96299000e-01
-20.24140000 2.00787000e-01
-20.21140000 2.05468000e-01
-20.18140000 2.10357000e-01
-20.15140000 2.15469000e-01
-20.12140000 2.20823000e-01
-20.09140000 2.26438000e-01
-20.06140000 2.32337000e-01
-20.03140000 2.38550000e-01
-20.00140000 2.45107000e-01
-19.97140000 2.52048000e-01
-19.94140000 2.59421000e-01
-19.91140000 2.67288000e-01
-19.88140000 2.75726000e-01
-19.85140000 2.84840000e-01
-19.82140000 2.94775000e-01
-19.79140000 3.05738000e-01
-19.76140000 3.18041000e-01
-19.73140000 3.32178000e-01
-19.70140000 3.48981000e-01
-19.67140000 3.69949000e-01
-19.64140000 3.98006000e-01
-19.61140000 4.39350000e-01
-19.58140000 5.07997000e-01
-19.55140000 6.32644000e-01
-19.52140000 8.13958000e-01
-19.49140000 8.34504000e-01
-19.46140000 6.89185000e-01
-19.43140000 6.00449000e-01
-19.40140000 5.71956000e-01
-19.37140000 5.78002000e-01
-19.34140000 6.11208000e-01
-19.31140000 6.80479000e-01
-19.28140000 8.05548000e-01
-19.25140000 9.22357000e-01
-19.22140000 8.66141000e-01
-19.19140000 7.85119000e-01
-19.16140000 7.59003000e-01
-19.13140000 7.66879000e-01
-19.10140000 7.93284000e-01
-19.07140000 8.31779000e-01
-19.04140000 8.80033000e-01
-19.01140000 9.37604000e-01
-18.98140000 1.00510000e+00
-18.95140000 1.08392000e+00
-18.92140000 1.17625000e+00
-18.89140000 1.28535000e+00
-18.86140000 1.41611000e+00
-18.83140000 1.57641000e+00
-18.80140000 1.77985000e+00
-18.77140000 2.04640000e+00
-18.74140000 2.37530000e+00
-18.71140000 2.69013000e+00
-18.68140000 3.03253000e+00
-18.65140000 3.52458000e+00
-18.62140000 4.22759000e+00
-18.59140000 5.22674000e+00
-18.56140000 6.68383000e+00
-18.53140000 8.90590000e+00
-18.50140000 1.25044000e+01
-18.47140000 1.87890000e+01
-18.44140000 3.07401000e+01
-18.41140000 5.45572000e+01
-18.38140000 9.12738000e+01
-18.35140000 9.43173000e+01
-18.32140000 5.79877000e+01
-18.27550000 2.48918000e+01
-18.24550000 1.60601000e+01
-18.21550000 1.13150000e+01
-18.18550000 8.58545000e+00
-18.15550000 6.95320000e+00
-18.12550000 5.99567000e+00
-18.09550000 5.53072000e+00
-18.06550000 5.48823000e+00
-18.03550000 5.69491000e+00
-18.00550000 6.10871000e+00
-17.97550000 7.41771000e+00
-17.94550000 1.04640000e+01
-17.91550000 1.46741000e+01
-17.88550000 1.39644000e+01
-17.85550000 1.01553000e+01
-17.82550000 7.87855000e+00
-17.79550000 7.27923000e+00
-17.76550000 8.13921000e+00
-17.73550000 1.06515000e+01
-17.70550000 1.29607000e+01
-17.67550000 1.11094000e+01
-17.64550000 8.92456000e+00
-17.61550000 8.24237000e+00
-17.58550000 8.61148000e+00
-17.55550000 9.78364000e+00
-17.52550000 1.18074000e+01
-17.49550000 1.49941000e+01
-17.46550000 2.02572000e+01
-17.43550000 2.94892000e+01
-17.40550000 4.68691000e+01
-17.37550000 8.15064000e+01
-17.34550000 1.41357000e+02
-17.31550000 1.67887000e+02
-17.28550000 1.11918000e+02
-17.25550000 6.38630000e+01
-17.22550000 4.01030000e+01
-17.19550000 2.86688000e+01
-17.16550000 2.17307000e+01
-17.13550000 1.80022000e+01
-17.10550000 1.77076000e+01
-17.07550000 2.05174000e+01
-17.04550000 2.08944000e+01
-17.01550000 1.59319000e+01
-16.98550000 1.17817000e+01
-16.95550000 9.43273000e+00
-16.92550000 8.34861000e+00
-16.89550000 8.04591000e+00
-16.86550000 8.35001000e+00
-16.83550000 9.24612000e+00
-16.80550000 1.05732000e+01
-16.77550000 1.26492000e+01
-16.74550000 1.63817000e+01
-16.71550000 2.16549000e+01
-16.68550000 2.90864000e+01
-16.65550000 4.45566000e+01
-16.62550000 7.65501000e+01
-16.59550000 1.19050000e+02
-16.56550000 1.08536000e+02
-16.53550000 6.56146000e+01
-16.50550000 4.00961000e+01
-16.47550000 2.85831000e+01
-16.44550000 2.47026000e+01
-16.41550000 2.58230000e+01
-16.38550000 2.82767000e+01
-16.35550000 3.19226000e+01
-16.32550000 4.45290000e+01
-16.29550000 6.97581000e+01
-16.26550000 8.07515000e+01
-16.23550000 5.80525000e+01
-16.20550000 4.09438000e+01
-16.17550000 2.95533000e+01
-16.14550000 1.93474000e+01
-16.11550000 1.32213000e+01
-16.08550000 9.87783000e+00
-16.05550000 8.02100000e+00
-16.02550000 7.06777000e+00
-15.99550000 6.88782000e+00
-15.96550000 7.70885000e+00
-15.93550000 1.01738000e+01
-15.88950000 1.37472000e+01
-15.85950000 9.95516000e+00
-15.82950000 6.60018000e+00
-15.79950000 4.86030000e+00
-15.76950000 3.98694000e+00
-15.73950000 3.59388000e+00
-15.70950000 3.56597000e+00
-15.67950000 3.97330000e+00
-15.64950000 5.00865000e+00
-15.61950000 6.15132000e+00
-15.58950000 6.41665000e+00
-15.55950000 7.44284000e+00
-15.52950000 8.07586000e+00
-15.49950000 6.04278000e+00
-15.46950000 4.22918000e+00
-15.43950000 3.35676000e+00
-15.40950000 3.02816000e+00
-15.37950000 3.02779000e+00
-15.34950000 3.32546000e+00
-15.31950000 4.05277000e+00
-15.28950000 5.57175000e+00
-15.25950000 8.56875000e+00
-15.22950000 1.23730000e+01
-15.19950000 1.26554000e+01
-15.16950000 1.26385000e+01
-15.13950000 1.31564000e+01
-15.10950000 9.69965000e+00
-15.07950000 6.38743000e+00
-15.04950000 4.72561000e+00
-15.01950000 4.01178000e+00
-14.98950000 3.81849000e+00
-14.95950000 3.98873000e+00
-14.92950000 4.49916000e+00
-14.89950000 5.45989000e+00
-14.86950000 7.15910000e+00
-14.83950000 1.02227000e+01
-14.80950000 1.61139000e+01
-14.77950000 2.79695000e+01
-14.74950000 4.75237000e+01
-14.71950000 5.26935000e+01
-14.68950000 3.38909000e+01
-14.65950000 1.97182000e+01
-14.62950000 1.25494000e+01
-14.59950000 8.39520000e+00
-14.56950000 5.97994000e+00
-14.53950000 4.61707000e+00
-14.50950000 3.87680000e+00
-14.47950000 3.61487000e+00
-14.44950000 3.90734000e+00
-14.41950000 4.79417000e+00
-14.38950000 4.92291000e+00
-14.35950000 3.68673000e+00
-14.32950000 2.81868000e+00
-14.29950000 2.53822000e+00
-14.26950000 2.71032000e+00
-14.23950000 3.47122000e+00
-14.20950000 4.84082000e+00
-14.17950000 4.85036000e+00
-14.14950000 3.23437000e+00
-14.11950000 2.09573000e+00
-14.08950000 1.50229000e+00
-14.05950000 1.17445000e+00
-14.02950000 9.75234000e-01
-13.99950000 8.44006000e-01
-13.96950000 7.52761000e-01
-13.93950000 6.87628000e-01
-13.90950000 6.40823000e-01
-13.87950000 6.08469000e-01
-13.84950000 5.89497000e-01
-13.81950000 5.85392000e-01
-13.78950000 5.97698000e-01
-13.75950000 6.24667000e-01
-13.72950000 6.86175000e-01
-13.69950000 8.23748000e-01
-13.66950000 1.11803000e+00
-13.63950000 1.70006000e+00
-13.60950000 2.27823000e+00
-13.57950000 1.85486000e+00
-13.54950000 1.19246000e+00
-13.50350000 7.26789000e-01
-13.47350000 6.21740000e-01
-13.44350000 5.75406000e-01
-13.41350000 5.23352000e-01
-13.38350000 4.95927000e-01
-13.35350000 5.21798000e-01
-13.32350000 6.26552000e-01
-13.29350000 8.29117000e-01
-13.26350000 9.09812000e-01
-13.23350000 6.99258000e-01
-13.20350000 5.14102000e-01
-13.17350000 4.17734000e-01
-13.14350000 3.68847000e-01
-13.11350000 3.51800000e-01
-13.08350000 3.64440000e-01
-13.05350000 4.19800000e-01
-13.02350000 5.35382000e-01
-12.99350000 6.03817000e-01
-12.96350000 5.03669000e-01
-12.93350000 4.03333000e-01
-12.90350000 3.25887000e-01
-12.87350000 2.75924000e-01
-12.84350000 2.47097000e-01
-12.81350000 2.30070000e-01
-12.78350000 2.19592000e-01
-12.75350000 2.13262000e-01
-12.72350000 2.10141000e-01
-12.69350000 2.10175000e-01
-12.66350000 2.14166000e-01
-12.63350000 2.24048000e-01
-12.60350000 2.42830000e-01
-12.57350000 2.76924000e-01
-12.54350000 3.30388000e-01
-12.51350000 4.12986000e-01
-12.48350000 5.73643000e-01
-12.45350000 6.82614000e-01
-12.42350000 5.25173000e-01
-12.39350000 3.61950000e-01
-12.36350000 2.76340000e-01
-12.33350000 2.33274000e-01
-12.30350000 2.10799000e-01
-12.27350000 1.99840000e-01
-12.24350000 1.97619000e-01
-12.21350000 2.04167000e-01
-12.18350000 2.13813000e-01
-12.15350000 2.18507000e-01
-12.12350000 2.10294000e-01
-12.09350000 1.98937000e-01
-12.06350000 1.94051000e-01
-12.03350000 1.95284000e-01
-12.00350000 2.03232000e-01
-11.97350000 2.19084000e-01
-11.94350000 2.46913000e-01
-11.91350000 2.96655000e-01
-11.88350000 3.91337000e-01
-11.85350000 5.74318000e-01
-11.82350000 8.08511000e-01
-11.79350000 7.61492000e-01
-11.76350000 5.70112000e-01
-11.73350000 4.91185000e-01
-11.70350000 5.00355000e-01
-11.67350000 5.47175000e-01
-11.64350000 6.74432000e-01
-11.61350000 9.80184000e-01
-11.58350000 1.61064000e+00
-11.55350000 2.41486000e+00
-11.52350000 2.22021000e+00
-11.49350000 1.37691000e+00
-11.46350000 8.26640000e-01
-11.43350000 5.47819000e-01
-11.40350000 4.01545000e-01
-11.37350000 3.19554000e-01
-11.34350000 2.69560000e-01
-11.31350000 2.35013000e-01
-11.28350000 2.12490000e-01
-11.25350000 1.97223000e-01
-11.22350000 1.84570000e-01
-11.19350000 1.78093000e-01
-11.16350000 1.80082000e-01
-11.11760000 2.10929000e-01
-11.08760000 2.51568000e-01
-11.05760000 2.48291000e-01
-11.02760000 2.04613000e-01
-10.99760000 1.78360000e-01
-10.96760000 1.70529000e-01
-10.93760000 1.76956000e-01
-10.90760000 2.01418000e-01
-10.87760000 2.50512000e-01
-10.84760000 2.88869000e-01
-10.81760000 2.64659000e-01
-10.78760000 2.26394000e-01
-10.75760000 2.01960000e-01
-10.72760000 1.99144000e-01
-10.69760000 2.16130000e-01
-10.66760000 2.59848000e-01
-10.63760000 3.52827000e-01
-10.60760000 5.32809000e-01
-10.57760000 7.58445000e-01
-10.54760000 7.39899000e-01
-10.51760000 5.21027000e-01
-10.48760000 3.48642000e-01
-10.45760000 2.59318000e-01
-10.42760000 2.19249000e-01
-10.39760000 2.06576000e-01
-10.36760000 2.03053000e-01
-10.33760000 2.07098000e-01
-10.30760000 2.19571000e-01
-10.27760000 2.19868000e-01
-10.24760000 1.93934000e-01
-10.21760000 1.71695000e-01
-10.18760000 1.65270000e-01
-10.15760000 1.73635000e-01
-10.12760000 1.87898000e-01
-10.09760000 1.94870000e-01
-10.06760000 2.12238000e-01
-10.03760000 2.60391000e-01
-10.00760000 3.65354000e-01
-9.97757000 5.41142000e-01
-9.94757000 6.36740000e-01
-9.91757000 5.67218000e-01
-9.88757000 4.11360000e-01
-9.85757000 2.91370000e-01
-9.82757000 2.32203000e-01
-9.79757000 2.08526000e-01
-9.76757000 2.06419000e-01
-9.73757000 2.24484000e-01
-9.70757000 2.66157000e-01
-9.67757000 3.20503000e-01
-9.64757000 3.92231000e-01
-9.61757000 4.86159000e-01
-9.58757000 5.39335000e-01
-9.55757000 6.43890000e-01
-9.52757000 7.12061000e-01
-9.49757000 6.61118000e-01
-9.46757000 6.78175000e-01
-9.43757000 8.22203000e-01
-9.40757000 8.28371000e-01
-9.37757000 6.04778000e-01
-9.34757000 4.77357000e-01
-9.31757000 4.76561000e-01
-9.28757000 4.77685000e-01
-9.25757000 4.31434000e-01
-9.22757000 3.78703000e-01
-9.19757000 2.93313000e-01
-9.16757000 2.43386000e-01
-9.13757000 2.36422000e-01
-9.10757000 2.69365000e-01
-9.07757000 3.14468000e-01
-9.04757000 2.88202000e-01
-9.01757000 2.42832000e-01
-8.98757000 2.37266000e-01
-8.95757000 2.70687000e-01
-8.92757000 2.83580000e-01
-8.89757000 2.54864000e-01
-8.86757000 2.61856000e-01
-8.83757000 3.29428000e-01
-8.80757000 4.07349000e-01
-8.77757000 3.46958000e-01
-8.73160000 2.30489000e-01
-8.70160000 2.11565000e-01
-8.67160000 2.22810000e-01
-8.64160000 2.67752000e-01
-8.61160000 3.18495000e-01
-8.58160000 2.93169000e-01
-8.55160000 2.72026000e-01
-8.52160000 3.11900000e-01
-8.49160000 3.95745000e-01
-8.46160000 4.12911000e-01
-8.43160000 3.08204000e-01
-8.40160000 2.26506000e-01
-8.37160000 1.91841000e-01
-8.34160000 1.88056000e-01
-8.31160000 2.09447000e-01
-8.28160000 2.36421000e-01
-8.25160000 2.37044000e-01
-8.22160000 2.53728000e-01
-8.19160000 3.24761000e-01
-8.16160000 4.58775000e-01
-8.13160000 4.77161000e-01
-8.10160000 3.30223000e-01
-8.07160000 2.23929000e-01
-8.04160000 1.70736000e-01
-8.01160000 1.44288000e-01
-7.98160000 1.31606000e-01
-7.95160000 1.28078000e-01
-7.92160000 1.33479000e-01
-7.89160000 1.43063000e-01
-7.86160000 1.40083000e-01
-7.83160000 1.36856000e-01
-7.80160000 1.47977000e-01
-7.77160000 1.80293000e-01
-7.74160000 2.32487000e-01
-7.71160000 2.38371000e-01
-7.68160000 1.87775000e-01
-7.65160000 1.54503000e-01
-7.62160000 1.41681000e-01
-7.59160000 1.39718000e-01
-7.56160000 1.40030000e-01
-7.53160000 1.50013000e-01
-7.50160000 1.78008000e-01
-7.47160000 2.18770000e-01
-7.44160000 2.18618000e-01
-7.41160000 1.92351000e-01
-7.38160000 1.91150000e-01
-7.35160000 2.16545000e-01
-7.32160000 2.58991000e-01
-7.29160000 3.41394000e-01
-7.26160000 5.04391000e-01
-7.23160000 7.13452000e-01
-7.20160000 6.57665000e-01
-7.17160000 4.57595000e-01
-7.14160000 3.18004000e-01
-7.11160000 2.42103000e-01
-7.08160000 2.14269000e-01
-7.05160000 2.14330000e-01
-7.02160000 2.27973000e-01
-6.99160000 2.04400000e-01
-6.96160000 1.67611000e-01
-6.93160000 1.50082000e-01
-6.90160000 1.46272000e-01
-6.87160000 1.57454000e-01
-6.84160000 1.90902000e-01
-6.81160000 2.27736000e-01
-6.78160000 2.22610000e-01
-6.75160000 2.06417000e-01
-6.72160000 1.78883000e-01
-6.69160000 1.53269000e-01
-6.66160000 1.31484000e-01
-6.63160000 1.16891000e-01
-6.60160000 1.10476000e-01
-6.57160000 1.09802000e-01
-6.54160000 1.14427000e-01
-6.51160000 1.25150000e-01
-6.48160000 1.43741000e-01
-6.45160000 1.77564000e-01
-6.42160000 2.25082000e-01
-6.39160000 2.44839000e-01
-6.34564000 2.23309000e-01
-6.31564000 1.75606000e-01
-6.28564000 1.44692000e-01
-6.25564000 1.23592000e-01
-6.22564000 1.10642000e-01
-6.19564000 1.03434000e-01
-6.16564000 1.00530000e-01
-6.13564000 1.01120000e-01
-6.10564000 1.03168000e-01
-6.07564000 1.04670000e-01
-6.04564000 1.06886000e-01
-6.01564000 1.06229000e-01
-5.98564000 1.07898000e-01
-5.95564000 1.16486000e-01
-5.92564000 1.33345000e-01
-5.89564000 1.42184000e-01
-5.86564000 1.31973000e-01
-5.83564000 1.27164000e-01
-5.80564000 1.33159000e-01
-5.77564000 1.49124000e-01
-5.74564000 1.78785000e-01
-5.71564000 2.40195000e-01
-5.68564000 3.57897000e-01
-5.65564000 4.63667000e-01
-5.62564000 3.88123000e-01
-5.59564000 2.79330000e-01
-5.56564000 2.31142000e-01
-5.53564000 2.16823000e-01
-5.50564000 2.14809000e-01
-5.47564000 1.90592000e-01
-5.44564000 1.61677000e-01
-5.41564000 1.50148000e-01
-5.38564000 1.51208000e-01
-5.35564000 1.55286000e-01
-5.32564000 1.52170000e-01
-5.29564000 1.46109000e-01
-5.26564000 1.52659000e-01
-5.23564000 1.76108000e-01
-5.20564000 2.23032000e-01
-5.17564000 2.98122000e-01
-5.14564000 3.23612000e-01
-5.11564000 2.87045000e-01
-5.08564000 2.59978000e-01
-5.05564000 2.24793000e-01
-5.02564000 2.12518000e-01
-4.99564000 2.02361000e-01
-4.96564000 1.73369000e-01
-4.93564000 1.55885000e-01
-4.90564000 1.53060000e-01
-4.87564000 1.58128000e-01
-4.84564000 1.70151000e-01
-4.81564000 1.98062000e-01
-4.78564000 2.53838000e-01
-4.75564000 3.38012000e-01
-4.72564000 3.98887000e-01
-4.69564000 4.67329000e-01
-4.66564000 5.61432000e-01
-4.63564000 5.38327000e-01
-4.60564000 5.38112000e-01
-4.57564000 5.60809000e-01
-4.54564000 4.43919000e-01
-4.51564000 3.19515000e-01
-4.48564000 2.55496000e-01
-4.45564000 2.08321000e-01
-4.42564000 1.69946000e-01
-4.39564000 1.47527000e-01
-4.36564000 1.35394000e-01
-4.33564000 1.29481000e-01
-4.30564000 1.28496000e-01
-4.27564000 1.33136000e-01
-4.24564000 1.44608000e-01
-4.21564000 1.58173000e-01
-4.18564000 1.72121000e-01
-4.15564000 1.85870000e-01
-4.12564000 1.73618000e-01
-4.09564000 1.65236000e-01
-4.06564000 1.80022000e-01
-4.03564000 2.03244000e-01
-4.00564000 1.99326000e-01
-3.95967000 1.60112000e-01
-3.92967000 1.47570000e-01
-3.89967000 1.48733000e-01
-3.86967000 1.59277000e-01
-3.83967000 1.86569000e-01
-3.80967000 2.39958000e-01
-3.77967000 2.72069000e-01
-3.74967000 2.26756000e-01
-3.71967000 1.78102000e-01
-3.68967000 1.51674000e-01
-3.65967000 1.37012000e-01
-3.62967000 1.29589000e-01
-3.59967000 1.27578000e-01
-3.56967000 1.29474000e-01
-3.53967000 1.35429000e-01
-3.50967000 1.47305000e-01
-3.47967000 1.69776000e-01
-3.44967000 2.13786000e-01
-3.41967000 2.62852000e-01
-3.38967000 2.46118000e-01
-3.35967000 2.12090000e-01
-3.32967000 2.02390000e-01
-3.29967000 2.19637000e-01
-3.26967000 2.71757000e-01
-3.23967000 3.80488000e-01
-3.20967000 5.13964000e-01
-3.17967000 5.00353000e-01
-3.14967000 3.83608000e-01
-3.11967000 2.80392000e-01
-3.08967000 2.21056000e-01
-3.05967000 2.00063000e-01
-3.02967000 2.02937000e-01
-2.99967000 2.07601000e-01
-2.96967000 1.92577000e-01
-2.93967000 1.64709000e-01
-2.90967000 1.48089000e-01
-2.87967000 1.41418000e-01
-2.84967000 1.41696000e-01
-2.81967000 1.47278000e-01
-2.78967000 1.56023000e-01
-2.75967000 1.61008000e-01
-2.72967000 1.52999000e-01
-2.69967000 1.49031000e-01
-2.66967000 1.55183000e-01
-2.63967000 1.73297000e-01
-2.60967000 2.08465000e-01
-2.57967000 2.27618000e-01
-2.54967000 1.95292000e-01
-2.51967000 1.67989000e-01
-2.48967000 1.59077000e-01
-2.45967000 1.59554000e-01
-2.42967000 1.63775000e-01
-2.39967000 1.80019000e-01
-2.36967000 2.11058000e-01
-2.33967000 2.20113000e-01
-2.30967000 1.95804000e-01
-2.27967000 1.83810000e-01
-2.24967000 1.90900000e-01
-2.21967000 2.16107000e-01
-2.18967000 2.54899000e-01
-2.15967000 3.03217000e-01
-2.12967000 3.64264000e-01
-2.09967000 4.70231000e-01
-2.06967000 5.36763000e-01
-2.03967000 5.13615000e-01
-2.00967000 5.25709000e-01
-1.97967000 4.55508000e-01
-1.94967000 3.21042000e-01
-1.91967000 2.38130000e-01
-1.88967000 1.95342000e-01
-1.85967000 1.72470000e-01
-1.82967000 1.59446000e-01
-1.79967000 1.51244000e-01
-1.76967000 1.46543000e-01
-1.73967000 1.45147000e-01
-1.70967000 1.47740000e-01
-1.67967000 1.56320000e-01
-1.64967000 1.66830000e-01
-1.61967000 1.60883000e-01
-1.57370000 1.47640000e-01
-1.54370000 1.48112000e-01
-1.51370000 1.49084000e-01
-1.48370000 1.43981000e-01
-1.45370000 1.38727000e-01
-1.42370000 1.36508000e-01
-1.39370000 1.36628000e-01
-1.36370000 1.36544000e-01
-1.33370000 1.36307000e-01
-1.30370000 1.35874000e-01
-1.27370000 1.34070000e-01
-1.24370000 1.32845000e-01
-1.21370000 1.32420000e-01
-1.18370000 1.32432000e-01
-1.15370000 1.32684000e-01
-1.12370000 1.33090000e-01
-1.09370000 1.33612000e-01
-1.06370000 1.34243000e-01
-1.03370000 1.34995000e-01
-1.00370000 1.35927000e-01
-0.97369800 1.36985000e-01
-0.94369800 1.37739000e-01
-0.91369800 1.38340000e-01
-0.88369800 1.39110000e-01
-0.85369800 1.40098000e-01
-0.82369800 1.41334000e-01
-0.79369800 1.42905000e-01
-0.76369800 1.45036000e-01
-0.73369800 1.48257000e-01
-0.70369800 1.53643000e-01
-0.67369800 1.61422000e-01
-0.64369800 1.65722000e-01
-0.61369800 1.63503000e-01
-0.58369800 1.61787000e-01
-0.55369800 1.62958000e-01
-0.52369800 1.67386000e-01
-0.49369800 1.77953000e-01
-0.46369800 1.96603000e-01
-0.43369800 2.08017000e-01
-0.40369800 1.95057000e-01
-0.37369800 1.85799000e-01
-0.34369800 1.83587000e-01
-0.31369800 1.80361000e-01
-0.28369800 1.81145000e-01
-0.25369800 1.83370000e-01
-0.22369800 1.79271000e-01
-0.19369800 1.75909000e-01
-0.16369800 1.75954000e-01
-0.13369800 1.78426000e-01
-0.10369800 1.83694000e-01
-0.07369840 1.93248000e-01
-0.04369840 2.10253000e-01
-0.01369840 2.41232000e-01
0.01630160 3.01170000e-01
0.04630160 3.82947000e-01
0.07630160 3.68309000e-01
0.10630200 2.86503000e-01
0.13630200 2.35954000e-01
0.16630200 2.11316000e-01
0.19630200 1.99042000e-01
0.22630200 1.92651000e-01
0.25630200 1.89240000e-01
0.28630200 1.87559000e-01
0.31630200 1.87039000e-01
0.34630200 1.87426000e-01
0.37630200 1.88641000e-01
0.40630200 1.90905000e-01
0.43630200 1.94629000e-01
0.46630200 1.99007000e-01
0.49630200 2.04068000e-01
0.52630200 2.10949000e-01
0.55630200 2.13864000e-01
0.58630200 2.17421000e-01
0.61630200 2.21852000e-01
0.64630200 2.21552000e-01
0.67630200 2.16164000e-01
0.70630200 2.14063000e-01
0.73630200 2.16356000e-01
0.76630200 2.22714000e-01
