# E(MeV)  S_GAMTGAMT(K=0) for Se113_DDPCX
-23.04740000 1.52263000e-03
-23.01740000 1.52818000e-03
-22.98740000 1.53375000e-03
-22.95740000 1.53936000e-03
-22.92740000 1.54501000e-03
-22.89740000 1.55069000e-03
-22.86740000 1.55640000e-03
-22.83740000 1.56215000e-03
-22.80740000 1.56793000e-03
-22.77740000 1.57375000e-03
-22.74740000 1.57960000e-03
-22.71740000 1.58549000e-03
-22.68740000 1.59142000e-03
-22.65740000 1.59739000e-03
-22.62740000 1.60339000e-03
-22.59740000 1.60944000e-03
-22.56740000 1.61552000e-03
-22.53740000 1.62164000e-03
-22.50740000 1.62781000e-03
-22.47740000 1.63401000e-03
-22.44740000 1.64026000e-03
-22.41740000 1.64655000e-03
-22.38740000 1.65288000e-03
-22.35740000 1.65926000e-03
-22.32740000 1.66568000e-03
-22.29740000 1.67214000e-03
-22.26740000 1.67865000e-03
-22.23740000 1.68521000e-03
-22.20740000 1.69182000e-03
-22.17740000 1.69848000e-03
-22.14740000 1.70518000e-03
-22.11740000 1.71194000e-03
-22.08740000 1.71875000e-03
-22.05740000 1.72561000e-03
-22.02740000 1.73253000e-03
-21.99740000 1.73951000e-03
-21.96740000 1.74654000e-03
-21.93740000 1.75364000e-03
-21.90740000 1.76080000e-03
-21.87740000 1.76803000e-03
-21.84740000 1.77533000e-03
-21.81740000 1.78270000e-03
-21.78740000 1.79016000e-03
-21.75740000 1.79770000e-03
-21.72740000 1.80534000e-03
-21.69740000 1.81308000e-03
-21.66740000 1.82095000e-03
-21.63740000 1.82896000e-03
-21.60740000 1.83713000e-03
-21.57740000 1.84551000e-03
-21.54740000 1.85414000e-03
-21.51740000 1.86310000e-03
-21.48740000 1.87252000e-03
-21.45740000 1.88257000e-03
-21.42740000 1.89358000e-03
-21.39740000 1.90609000e-03
-21.36740000 1.92114000e-03
-21.33740000 1.94082000e-03
-21.30740000 1.96971000e-03
-21.27740000 2.01822000e-03
-21.24740000 2.10537000e-03
-21.21740000 2.20869000e-03
-21.18740000 2.17888000e-03
-21.15740000 2.08807000e-03
-21.12740000 2.03854000e-03
-21.09740000 2.01815000e-03
-21.06740000 2.01145000e-03
-21.03740000 2.01138000e-03
-21.00740000 2.01478000e-03
-20.97740000 2.02018000e-03
-20.94740000 2.02681000e-03
-20.91740000 2.03427000e-03
-20.88740000 2.04230000e-03
-20.85740000 2.05077000e-03
-20.82740000 2.05958000e-03
-20.79740000 2.06870000e-03
-20.76740000 2.07807000e-03
-20.73740000 2.08770000e-03
-20.70740000 2.09758000e-03
-20.66140000 2.11324000e-03
-20.63140000 2.12386000e-03
-20.60140000 2.13488000e-03
-20.57140000 2.14643000e-03
-20.54140000 2.15874000e-03
-20.51140000 2.17219000e-03
-20.48140000 2.18758000e-03
-20.45140000 2.20647000e-03
-20.42140000 2.23244000e-03
-20.39140000 2.27342000e-03
-20.36140000 2.33979000e-03
-20.33140000 2.39287000e-03
-20.30140000 2.35808000e-03
-20.27140000 2.31598000e-03
-20.24140000 2.29933000e-03
-20.21140000 2.29706000e-03
-20.18140000 2.30170000e-03
-20.15140000 2.31010000e-03
-20.12140000 2.32106000e-03
-20.09140000 2.33438000e-03
-20.06140000 2.34892000e-03
-20.03140000 2.36147000e-03
-20.00140000 2.37487000e-03
-19.97140000 2.39184000e-03
-19.94140000 2.41387000e-03
-19.91140000 2.44114000e-03
-19.88140000 2.46694000e-03
-19.85140000 2.50049000e-03
-19.82140000 2.56229000e-03
-19.79140000 2.66337000e-03
-19.76140000 2.75448000e-03
-19.73140000 2.71299000e-03
-19.70140000 2.62679000e-03
-19.67140000 2.58466000e-03
-19.64140000 2.57148000e-03
-19.61140000 2.57360000e-03
-19.58140000 2.58371000e-03
-19.55140000 2.59804000e-03
-19.52140000 2.61261000e-03
-19.49140000 2.61988000e-03
-19.46140000 2.62889000e-03
-19.43140000 2.64211000e-03
-19.40140000 2.65834000e-03
-19.37140000 2.67719000e-03
-19.34140000 2.69933000e-03
-19.31140000 2.72677000e-03
-19.28140000 2.76186000e-03
-19.25140000 2.80050000e-03
-19.22140000 2.84335000e-03
-19.19140000 2.87678000e-03
-19.16140000 2.90941000e-03
-19.13140000 2.98588000e-03
-19.10140000 3.13639000e-03
-19.07140000 3.28841000e-03
-19.04140000 3.21044000e-03
-19.01140000 3.08179000e-03
-18.98140000 3.02710000e-03
-18.95140000 3.01432000e-03
-18.92140000 3.00683000e-03
-18.89140000 3.00786000e-03
-18.86140000 3.02119000e-03
-18.83140000 3.04541000e-03
-18.80140000 3.08287000e-03
-18.77140000 3.12893000e-03
-18.74140000 3.14727000e-03
-18.71140000 3.15065000e-03
-18.68140000 3.16156000e-03
-18.65140000 3.17623000e-03
-18.62140000 3.19593000e-03
-18.59140000 3.22135000e-03
-18.56140000 3.25161000e-03
-18.53140000 3.28725000e-03
-18.50140000 3.33076000e-03
-18.47140000 3.38373000e-03
-18.44140000 3.43568000e-03
-18.41140000 3.49619000e-03
-18.38140000 3.59834000e-03
-18.35140000 3.76308000e-03
-18.32140000 3.92965000e-03
-18.27550000 3.86043000e-03
-18.24550000 3.77243000e-03
-18.21550000 3.75783000e-03
-18.18550000 3.79448000e-03
-18.15550000 3.87117000e-03
-18.12550000 3.93706000e-03
-18.09550000 3.94845000e-03
-18.06550000 3.97289000e-03
-18.03550000 4.01673000e-03
-18.00550000 4.07937000e-03
-17.97550000 4.16531000e-03
-17.94550000 4.26975000e-03
-17.91550000 4.37057000e-03
-17.88550000 4.48874000e-03
-17.85550000 4.64843000e-03
-17.82550000 4.82233000e-03
-17.79550000 5.00774000e-03
-17.76550000 5.27457000e-03
-17.73550000 5.68210000e-03
-17.70550000 6.33397000e-03
-17.67550000 7.28650000e-03
-17.64550000 7.94995000e-03
-17.61550000 8.31928000e-03
-17.58550000 9.37012000e-03
-17.55550000 1.13972000e-02
-17.52550000 1.37155000e-02
-17.49550000 1.65637000e-02
-17.46550000 2.29764000e-02
-17.43550000 3.67499000e-02
-17.40550000 5.80738000e-02
-17.37550000 5.91707000e-02
-17.34550000 3.78902000e-02
-17.31550000 2.33256000e-02
-17.28550000 1.60952000e-02
-17.25550000 1.25092000e-02
-17.22550000 1.08214000e-02
-17.19550000 1.04212000e-02
-17.16550000 1.06295000e-02
-17.13550000 9.60223000e-03
-17.10550000 8.14438000e-03
-17.07550000 7.26477000e-03
-17.04550000 6.77938000e-03
-17.01550000 6.49958000e-03
-16.98550000 6.33676000e-03
-16.95550000 6.24759000e-03
-16.92550000 6.19164000e-03
-16.89550000 6.15361000e-03
-16.86550000 6.14472000e-03
-16.83550000 6.16061000e-03
-16.80550000 6.19564000e-03
-16.77550000 6.24661000e-03
-16.74550000 6.31194000e-03
-16.71550000 6.39114000e-03
-16.68550000 6.48472000e-03
-16.65550000 6.59451000e-03
-16.62550000 6.72446000e-03
-16.59550000 6.88263000e-03
-16.56550000 7.08611000e-03
-16.53550000 7.37322000e-03
-16.50550000 7.82575000e-03
-16.47550000 8.50777000e-03
-16.44550000 8.93446000e-03
-16.41550000 8.62906000e-03
-16.38550000 8.37443000e-03
-16.35550000 8.35839000e-03
-16.32550000 8.48186000e-03
-16.29550000 8.68829000e-03
-16.26550000 8.94824000e-03
-16.23550000 9.25077000e-03
-16.20550000 9.57312000e-03
-16.17550000 9.93419000e-03
-16.14550000 1.03625000e-02
-16.11550000 1.08672000e-02
-16.08550000 1.14625000e-02
-16.05550000 1.21723000e-02
-16.02550000 1.30327000e-02
-15.99550000 1.40993000e-02
-15.96550000 1.54601000e-02
-15.93550000 1.72605000e-02
-15.88950000 2.15137000e-02
-15.85950000 2.61395000e-02
-15.82950000 3.37965000e-02
-15.79950000 4.77143000e-02
-15.76950000 7.45618000e-02
-15.73950000 1.17677000e-01
-15.70950000 1.31004000e-01
-15.67950000 9.21729000e-02
-15.64950000 6.33427000e-02
-15.61950000 5.14616000e-02
-15.58950000 4.70976000e-02
-15.55950000 4.70720000e-02
-15.52950000 5.33007000e-02
-15.49950000 6.18514000e-02
-15.46950000 6.12381000e-02
-15.43950000 6.04751000e-02
-15.40950000 6.64290000e-02
-15.37950000 7.96016000e-02
-15.34950000 1.02372000e-01
-15.31950000 1.40809000e-01
-15.28950000 2.08742000e-01
-15.25950000 3.40433000e-01
-15.22950000 6.01572000e-01
-15.19950000 9.60403000e-01
-15.16950000 9.04489000e-01
-15.13950000 5.38340000e-01
-15.10950000 3.07009000e-01
-15.07950000 1.91300000e-01
-15.04950000 1.30544000e-01
-15.01950000 9.59216000e-02
-14.98950000 7.47518000e-02
-14.95950000 6.10947000e-02
-14.92950000 5.18984000e-02
-14.89950000 4.54680000e-02
-14.86950000 4.09370000e-02
-14.83950000 3.77653000e-02
-14.80950000 3.55833000e-02
-14.77950000 3.41310000e-02
-14.74950000 3.32860000e-02
-14.71950000 3.29843000e-02
-14.68950000 3.31878000e-02
-14.65950000 3.38953000e-02
-14.62950000 3.51159000e-02
-14.59950000 3.69351000e-02
-14.56950000 3.95750000e-02
-14.53950000 4.33933000e-02
-14.50950000 4.88427000e-02
-14.47950000 5.64711000e-02
-14.44950000 6.83695000e-02
-14.41950000 8.78085000e-02
-14.38950000 1.19543000e-01
-14.35950000 1.78856000e-01
-14.32950000 2.52659000e-01
-14.29950000 2.33104000e-01
-14.26950000 1.70413000e-01
-14.23950000 1.40797000e-01
-14.20950000 1.37422000e-01
-14.17950000 1.51746000e-01
-14.14950000 1.83067000e-01
-14.11950000 2.38221000e-01
-14.08950000 3.35433000e-01
-14.05950000 5.16186000e-01
-14.02950000 8.76100000e-01
-13.99950000 1.55126000e+00
-13.96950000 2.10330000e+00
-13.93950000 1.55544000e+00
-13.90950000 8.78913000e-01
-13.87950000 5.17623000e-01
-13.84950000 3.35891000e-01
-13.81950000 2.37643000e-01
-13.78950000 1.80337000e-01
-13.75950000 1.45507000e-01
-13.72950000 1.23933000e-01
-13.69950000 1.08650000e-01
-13.66950000 9.73403000e-02
-13.63950000 9.05918000e-02
-13.60950000 8.77029000e-02
-13.57950000 8.83137000e-02
-13.54950000 9.26595000e-02
-13.50350000 1.10709000e-01
-13.47350000 1.37559000e-01
-13.44350000 1.90985000e-01
-13.41350000 2.86542000e-01
-13.38350000 3.48022000e-01
-13.35350000 2.74304000e-01
-13.32350000 2.04458000e-01
-13.29350000 1.76836000e-01
-13.26350000 1.74607000e-01
-13.23350000 1.90143000e-01
-13.20350000 2.23652000e-01
-13.17350000 2.81560000e-01
-13.14350000 3.80089000e-01
-13.11350000 5.56143000e-01
-13.08350000 8.94964000e-01
-13.05350000 1.56973000e+00
-13.02350000 2.56184000e+00
-12.99350000 2.53874000e+00
-12.96350000 1.55248000e+00
-12.93350000 8.95431000e-01
-12.90350000 5.68139000e-01
-12.87350000 4.00547000e-01
-12.84350000 3.09199000e-01
-12.81350000 2.57828000e-01
-12.78350000 2.30069000e-01
-12.75350000 2.18133000e-01
-12.72350000 2.18554000e-01
-12.69350000 2.29866000e-01
-12.66350000 2.52391000e-01
-12.63350000 2.90191000e-01
-12.60350000 3.50050000e-01
-12.57350000 4.44227000e-01
-12.54350000 5.96862000e-01
-12.51350000 8.58357000e-01
-12.48350000 1.34096000e+00
-12.45350000 2.29573000e+00
-12.42350000 4.06482000e+00
-12.39350000 5.58211000e+00
-12.36350000 4.27946000e+00
-12.33350000 2.42298000e+00
-12.30350000 1.39687000e+00
-12.27350000 8.78129000e-01
-12.24350000 5.96918000e-01
-12.21350000 4.31310000e-01
-12.18350000 3.26562000e-01
-12.15350000 2.56268000e-01
-12.12350000 2.06709000e-01
-12.09350000 1.70678000e-01
-12.06350000 1.43790000e-01
-12.03350000 1.23252000e-01
-12.00350000 1.07245000e-01
-11.97350000 9.42612000e-02
-11.94350000 8.35445000e-02
-11.91350000 7.48086000e-02
-11.88350000 6.76679000e-02
-11.85350000 6.18520000e-02
-11.82350000 5.69884000e-02
-11.79350000 5.23390000e-02
-11.76350000 4.81265000e-02
-11.73350000 4.45756000e-02
-11.70350000 4.15465000e-02
-11.67350000 3.89183000e-02
-11.64350000 3.66140000e-02
-11.61350000 3.45819000e-02
-11.58350000 3.27808000e-02
-11.55350000 3.11579000e-02
-11.52350000 2.96897000e-02
-11.49350000 2.83741000e-02
-11.46350000 2.71944000e-02
-11.43350000 2.61335000e-02
-11.40350000 2.51818000e-02
-11.37350000 2.43373000e-02
-11.34350000 2.36032000e-02
-11.31350000 2.29602000e-02
-11.28350000 2.23508000e-02
-11.25350000 2.18453000e-02
-11.22350000 2.15313000e-02
-11.19350000 2.14930000e-02
-11.16350000 2.15371000e-02
-11.11760000 2.08262000e-02
-11.08760000 2.07819000e-02
-11.05760000 2.15356000e-02
-11.02760000 2.33398000e-02
-10.99760000 2.52959000e-02
-10.96760000 2.53149000e-02
-10.93760000 2.23794000e-02
-10.90760000 1.99497000e-02
-10.87760000 1.86212000e-02
-10.84760000 1.78816000e-02
-10.81760000 1.74816000e-02
-10.78760000 1.73212000e-02
-10.75760000 1.73908000e-02
-10.72760000 1.76709000e-02
-10.69760000 1.80638000e-02
-10.66760000 1.89102000e-02
-10.63760000 2.03664000e-02
-10.60760000 2.21381000e-02
-10.57760000 2.58989000e-02
-10.54760000 3.26182000e-02
-10.51760000 3.39513000e-02
-10.48760000 2.68574000e-02
-10.45760000 2.15837000e-02
-10.42760000 1.89429000e-02
-10.39760000 1.76294000e-02
-10.36760000 1.69828000e-02
-10.33760000 1.67438000e-02
-10.30760000 1.68585000e-02
-10.27760000 1.74484000e-02
-10.24760000 1.88837000e-02
-10.21760000 2.13585000e-02
-10.18760000 2.19984000e-02
-10.15760000 1.96134000e-02
-10.12760000 1.78084000e-02
-10.09760000 1.69723000e-02
-10.06760000 1.66605000e-02
-10.03760000 1.65423000e-02
-10.00760000 1.65240000e-02
-9.97757000 1.66642000e-02
-9.94757000 1.69805000e-02
-9.91757000 1.74161000e-02
-9.88757000 1.76961000e-02
-9.85757000 1.79821000e-02
-9.82757000 1.85156000e-02
-9.79757000 1.93699000e-02
-9.76757000 2.05341000e-02
-9.73757000 2.15579000e-02
-9.70757000 2.26692000e-02
-9.67757000 2.45372000e-02
-9.64757000 2.75837000e-02
-9.61757000 3.26508000e-02
-9.58757000 4.15220000e-02
-9.55757000 5.56744000e-02
-9.52757000 6.95502000e-02
-9.49757000 8.90343000e-02
-9.46757000 1.27876000e-01
-9.43757000 1.59359000e-01
-9.40757000 1.51611000e-01
-9.37757000 1.05181000e-01
-9.34757000 7.04286000e-02
-9.31757000 5.39535000e-02
-9.28757000 4.86581000e-02
-9.25757000 5.01583000e-02
-9.22757000 5.02308000e-02
-9.19757000 4.87057000e-02
-9.16757000 5.15302000e-02
-9.13757000 4.83177000e-02
-9.10757000 3.99746000e-02
-9.07757000 3.53098000e-02
-9.04757000 3.38077000e-02
-9.01757000 3.47500000e-02
-8.98757000 3.86683000e-02
-8.95757000 4.75166000e-02
-8.92757000 6.12580000e-02
-8.89757000 6.25467000e-02
-8.86757000 5.06671000e-02
-8.83757000 4.35674000e-02
-8.80757000 4.15950000e-02
-8.77757000 4.22068000e-02
-8.73160000 4.66214000e-02
-8.70160000 5.26150000e-02
-8.67160000 6.28447000e-02
-8.64160000 7.77105000e-02
-8.61160000 9.86933000e-02
-8.58160000 1.29779000e-01
-8.55160000 1.79309000e-01
-8.52160000 2.72510000e-01
-8.49160000 4.20153000e-01
-8.46160000 4.33481000e-01
-8.43160000 2.95415000e-01
-8.40160000 1.98169000e-01
-8.37160000 1.41882000e-01
-8.34160000 1.09909000e-01
-8.31160000 9.45835000e-02
-8.28160000 8.71566000e-02
-8.25160000 7.97242000e-02
-8.22160000 7.17335000e-02
-8.19160000 6.86839000e-02
-8.16160000 7.01943000e-02
-8.13160000 7.42451000e-02
-8.10160000 7.81308000e-02
-8.07160000 8.49556000e-02
-8.04160000 9.81061000e-02
-8.01160000 1.21367000e-01
-7.98160000 1.62675000e-01
-7.95160000 2.39674000e-01
-7.92160000 3.55972000e-01
-7.89160000 4.09321000e-01
-7.86160000 3.59432000e-01
-7.83160000 2.95856000e-01
-7.80160000 2.72946000e-01
-7.77160000 2.52764000e-01
-7.74160000 2.59727000e-01
-7.71160000 3.15242000e-01
-7.68160000 4.24575000e-01
-7.65160000 5.92559000e-01
-7.62160000 8.42291000e-01
-7.59160000 9.74599000e-01
-7.56160000 7.59331000e-01
-7.53160000 6.03306000e-01
-7.50160000 6.22280000e-01
-7.47160000 8.10986000e-01
-7.44160000 1.10992000e+00
-7.41160000 1.42533000e+00
-7.38160000 1.88514000e+00
-7.35160000 1.78598000e+00
-7.32160000 1.26453000e+00
-7.29160000 1.01322000e+00
-7.26160000 9.54683000e-01
-7.23160000 8.87057000e-01
-7.20160000 8.48978000e-01
-7.17160000 7.19349000e-01
-7.14160000 6.08728000e-01
-7.11160000 5.59170000e-01
-7.08160000 5.83343000e-01
-7.05160000 7.13921000e-01
-7.02160000 7.29682000e-01
-6.99160000 6.32468000e-01
-6.96160000 6.35052000e-01
-6.93160000 5.94208000e-01
-6.90160000 5.21708000e-01
-6.87160000 5.35879000e-01
-6.84160000 5.24694000e-01
-6.81160000 5.14209000e-01
-6.78160000 5.43186000e-01
-6.75160000 5.28742000e-01
-6.72160000 5.13896000e-01
-6.69160000 5.85979000e-01
-6.66160000 6.27057000e-01
-6.63160000 5.66212000e-01
-6.60160000 6.10505000e-01
-6.57160000 7.48591000e-01
-6.54160000 7.29756000e-01
-6.51160000 5.84057000e-01
-6.48160000 4.53957000e-01
-6.45160000 3.40284000e-01
-6.42160000 2.92198000e-01
-6.39160000 3.04920000e-01
-6.34564000 4.22937000e-01
-6.31564000 4.56950000e-01
-6.28564000 5.08097000e-01
-6.25564000 6.55203000e-01
-6.22564000 7.09284000e-01
-6.19564000 5.40595000e-01
-6.16564000 3.68514000e-01
-6.13564000 2.79056000e-01
-6.10564000 2.44940000e-01
-6.07564000 2.31146000e-01
-6.04564000 2.23205000e-01
-6.01564000 2.32464000e-01
-5.98564000 2.59465000e-01
-5.95564000 3.00511000e-01
-5.92564000 3.42975000e-01
-5.89564000 3.60964000e-01
-5.86564000 4.23525000e-01
-5.83564000 5.67783000e-01
-5.80564000 8.07986000e-01
-5.77564000 1.04919000e+00
-5.74564000 1.00833000e+00
-5.71564000 8.53486000e-01
-5.68564000 8.97638000e-01
-5.65564000 1.14614000e+00
-5.62564000 1.64497000e+00
-5.59564000 2.24679000e+00
-5.56564000 1.97621000e+00
-5.53564000 1.33758000e+00
-5.50564000 1.07089000e+00
-5.47564000 1.03621000e+00
-5.44564000 9.19417000e-01
-5.41564000 8.89139000e-01
-5.38564000 1.09271000e+00
-5.35564000 1.27178000e+00
-5.32564000 9.66969000e-01
-5.29564000 6.20471000e-01
-5.26564000 4.41219000e-01
-5.23564000 3.65590000e-01
-5.20564000 3.46766000e-01
-5.17564000 3.20723000e-01
-5.14564000 2.85387000e-01
-5.11564000 2.88144000e-01
-5.08564000 3.13127000e-01
-5.05564000 2.98241000e-01
-5.02564000 2.84007000e-01
-4.99564000 2.77117000e-01
-4.96564000 2.55261000e-01
-4.93564000 2.32598000e-01
-4.90564000 2.25041000e-01
-4.87564000 2.24066000e-01
-4.84564000 2.13569000e-01
-4.81564000 2.12606000e-01
-4.78564000 2.23409000e-01
-4.75564000 2.40069000e-01
-4.72564000 2.45287000e-01
-4.69564000 2.49921000e-01
-4.66564000 2.62613000e-01
-4.63564000 2.86154000e-01
-4.60564000 3.28015000e-01
-4.57564000 3.98518000e-01
-4.54564000 4.92633000e-01
-4.51564000 5.37869000e-01
-4.48564000 5.67261000e-01
-4.45564000 6.54354000e-01
-4.42564000 8.06719000e-01
-4.39564000 1.06051000e+00
-4.36564000 1.51037000e+00
-4.33564000 2.37165000e+00
-4.30564000 3.99289000e+00
-4.27564000 5.59758000e+00
-4.24564000 4.91256000e+00
-4.21564000 4.12834000e+00
-4.18564000 4.35074000e+00
-4.15564000 4.36677000e+00
-4.12564000 4.69838000e+00
-4.09564000 4.81290000e+00
-4.06564000 3.32938000e+00
-4.03564000 2.08267000e+00
-4.00564000 1.44558000e+00
-3.95967000 1.06188000e+00
-3.92967000 1.02760000e+00
-3.89967000 1.13653000e+00
-3.86967000 1.39444000e+00
-3.83967000 1.66067000e+00
-3.80967000 1.50708000e+00
-3.77967000 1.28752000e+00
-3.74967000 1.16856000e+00
-3.71967000 1.02515000e+00
-3.68967000 9.21832000e-01
-3.65967000 9.14686000e-01
-3.62967000 9.85706000e-01
-3.59967000 1.13052000e+00
-3.56967000 1.32852000e+00
-3.53967000 1.57362000e+00
-3.50967000 1.95270000e+00
-3.47967000 2.59481000e+00
-3.44967000 3.52258000e+00
-3.41967000 4.89315000e+00
-3.38967000 7.65913000e+00
-3.35967000 1.32300000e+01
-3.32967000 2.03141000e+01
-3.29967000 1.96858000e+01
-3.26967000 1.46044000e+01
-3.23967000 9.22431000e+00
-3.20967000 5.68294000e+00
-3.17967000 3.82871000e+00
-3.14967000 2.85985000e+00
-3.11967000 2.36660000e+00
-3.08967000 2.15671000e+00
-3.05967000 2.12950000e+00
-3.02967000 2.21209000e+00
-2.99967000 2.44630000e+00
-2.96967000 2.70075000e+00
-2.93967000 2.93341000e+00
-2.90967000 3.58264000e+00
-2.87967000 4.90374000e+00
-2.84967000 7.50167000e+00
-2.81967000 1.22197000e+01
-2.78967000 1.57993000e+01
-2.75967000 1.47460000e+01
-2.72967000 1.51830000e+01
-2.69967000 1.62499000e+01
-2.66967000 1.19564000e+01
-2.63967000 7.19037000e+00
-2.60967000 4.57654000e+00
-2.57967000 3.18885000e+00
-2.54967000 2.43765000e+00
-2.51967000 2.02085000e+00
-2.48967000 1.81358000e+00
-2.45967000 1.82771000e+00
-2.42967000 2.08794000e+00
-2.39967000 2.61636000e+00
-2.36967000 3.39915000e+00
-2.33967000 3.58846000e+00
-2.30967000 2.93730000e+00
-2.27967000 2.38312000e+00
-2.24967000 2.22391000e+00
-2.21967000 2.23448000e+00
-2.18967000 1.87058000e+00
-2.15967000 1.45061000e+00
-2.12967000 1.25830000e+00
-2.09967000 1.18684000e+00
-2.06967000 1.19082000e+00
-2.03967000 1.27190000e+00
-2.00967000 1.42077000e+00
-1.97967000 1.68368000e+00
-1.94967000 2.15720000e+00
-1.91967000 3.02032000e+00
-1.88967000 4.54583000e+00
-1.85967000 7.33094000e+00
-1.82967000 1.24270000e+01
-1.79967000 1.66032000e+01
-1.76967000 1.27713000e+01
-1.73967000 7.91831000e+00
-1.70967000 5.62770000e+00
-1.67967000 4.21935000e+00
-1.64967000 2.84964000e+00
-1.61967000 2.00738000e+00
-1.57370000 1.38907000e+00
-1.54370000 1.19871000e+00
-1.51370000 1.08372000e+00
-1.48370000 1.01123000e+00
-1.45370000 9.98855000e-01
-1.42370000 8.57398000e-01
-1.39370000 6.76436000e-01
-1.36370000 5.86779000e-01
-1.33370000 5.84284000e-01
-1.30370000 6.77343000e-01
-1.27370000 8.05951000e-01
-1.24370000 7.31018000e-01
-1.21370000 5.77869000e-01
-1.18370000 4.75141000e-01
-1.15370000 4.14867000e-01
-1.12370000 3.81483000e-01
-1.09370000 3.44547000e-01
-1.06370000 3.31187000e-01
-1.03370000 3.60738000e-01
-1.00370000 3.87332000e-01
-0.97369800 3.58465000e-01
-0.94369800 3.44148000e-01
-0.91369800 3.86571000e-01
-0.88369800 4.15225000e-01
-0.85369800 3.46666000e-01
-0.82369800 2.72229000e-01
-0.79369800 2.35560000e-01
-0.76369800 2.30653000e-01
-0.73369800 2.42693000e-01
-0.70369800 2.30366000e-01
-0.67369800 1.92158000e-01
-0.64369800 1.68458000e-01
-0.61369800 1.61506000e-01
-0.58369800 1.63384000e-01
-0.55369800 1.58965000e-01
-0.52369800 1.54893000e-01
-0.49369800 1.55562000e-01
-0.46369800 1.53605000e-01
-0.43369800 1.54831000e-01
-0.40369800 1.56578000e-01
-0.37369800 1.64024000e-01
-0.34369800 1.69118000e-01
-0.31369800 1.67659000e-01
-0.28369800 1.63696000e-01
-0.25369800 1.60232000e-01
-0.22369800 1.65928000e-01
-0.19369800 1.84819000e-01
-0.16369800 2.12397000e-01
-0.13369800 2.28398000e-01
-0.10369800 2.39968000e-01
-0.07369840 2.71248000e-01
-0.04369840 3.39130000e-01
-0.01369840 4.73476000e-01
0.01630160 7.34142000e-01
0.04630160 1.07117000e+00
0.07630160 1.05774000e+00
0.10630200 7.45516000e-01
0.13630200 5.39526000e-01
0.16630200 4.63118000e-01
0.19630200 4.76105000e-01
0.22630200 5.77723000e-01
0.25630200 7.11254000e-01
0.28630200 8.18370000e-01
0.31630200 1.11330000e+00
0.34630200 1.77502000e+00
0.37630200 2.39367000e+00
0.40630200 1.86789000e+00
0.43630200 1.11268000e+00
0.46630200 7.06041000e-01
0.49630200 5.08811000e-01
0.52630200 4.03367000e-01
0.55630200 3.53782000e-01
0.58630200 3.34685000e-01
0.61630200 3.01723000e-01
0.64630200 2.59929000e-01
0.67630200 2.31958000e-01
0.70630200 2.24431000e-01
0.73630200 2.37671000e-01
0.76630200 2.78583000e-01
