# E(MeV)  S_NSDRNSDR(Total=K0+2*K1) for Ta193_DDPCX
-5.30030000 3.43280400e+00
-5.27030000 5.49444800e+00
-5.24030000 9.39999300e+00
-5.21030000 1.56735540e+01
-5.18030000 1.59773090e+01
-5.15030000 9.23580600e+00
-5.12030000 4.43009500e+00
-5.09030000 1.79678500e+00
-5.06030000 1.22386400e-01
-5.03030000 -1.25748670e+00
-5.00030000 -2.75356200e+00
-4.97030000 -4.79505230e+00
-4.94030000 -8.11142560e+00
-4.91030000 -1.42616681e+01
-4.88030000 -2.63155187e+01
-4.85030000 -4.34230580e+01
-4.82030000 -4.19444070e+01
-4.79030000 -2.52865680e+01
-4.76030000 -1.49088300e+01
-4.73030000 -9.39381000e+00
-4.68904000 -4.98479100e+00
-4.65904000 -3.28857000e+00
-4.62904000 -2.23561940e+00
-4.59904000 -1.51519990e+00
-4.56904000 -9.52261000e-01
-4.53904000 -4.15372000e-01
-4.50904000 1.48849000e-01
-4.47904000 3.77440800e-01
-4.44904000 2.42935400e-01
-4.41904000 1.78529000e-01
-4.38904000 2.05460000e-01
-4.35904000 2.76803000e-01
-4.32904000 3.72242400e-01
-4.29904000 4.86885200e-01
-4.26904000 6.23522800e-01
-4.23904000 7.90506800e-01
-4.20904000 1.00273520e+00
-4.17904000 1.28548920e+00
-4.14904000 1.68306062e+00
-4.11904000 2.27765074e+00
-4.07778000 3.74705280e+00
-4.04778000 5.85699240e+00
-4.01778000 9.99912560e+00
-3.98778000 1.77933068e+01
-3.95778000 2.45856748e+01
-3.92778000 1.85428726e+01
-3.89778000 1.05296218e+01
-3.86778000 6.21505340e+00
-3.83778000 4.05034020e+00
-3.80778000 2.88499920e+00
-3.77778000 2.20737320e+00
-3.74778000 1.78814400e+00
-3.71778000 1.51661000e+00
-3.68778000 1.33514800e+00
-3.65778000 1.21168000e+00
-3.62778000 1.12740400e+00
-3.59778000 1.07077400e+00
-3.56778000 1.03452900e+00
-3.53778000 1.01409600e+00
-3.50778000 1.00631900e+00
-3.46653000 1.00839100e+00
-3.43653000 1.01774700e+00
-3.40653000 1.03474100e+00
-3.37653000 1.05856400e+00
-3.34653000 1.08862900e+00
-3.31653000 1.12469300e+00
-3.28653000 1.16675900e+00
-3.25653000 1.21501600e+00
-3.22653000 1.26983000e+00
-3.19653000 1.33174500e+00
-3.16653000 1.40150200e+00
-3.13653000 1.48010100e+00
-3.10653000 1.56886600e+00
-3.07653000 1.66962400e+00
-3.04653000 1.78499700e+00
-3.01653000 1.91869700e+00
-2.98653000 2.07295700e+00
-2.95653000 2.24691400e+00
-2.92653000 2.45431800e+00
-2.89653000 2.71414400e+00
-2.85527000 3.21214800e+00
-2.82527000 3.76780000e+00
-2.79527000 4.65841000e+00
-2.76527000 5.99540000e+00
-2.73527000 6.74945000e+00
-2.70527000 6.38373000e+00
-2.67527000 6.35952000e+00
-2.64527000 6.90927000e+00
-2.61527000 7.97008000e+00
-2.58527000 9.67144000e+00
-2.55527000 1.23953900e+01
-2.52527000 1.63758500e+01
-2.49527000 2.00232100e+01
-2.46527000 2.39320400e+01
-2.43527000 3.03793600e+01
-2.40527000 4.24361000e+01
-2.37527000 6.65353000e+01
-2.34527000 1.11918600e+02
-2.31527000 1.66444500e+02
-2.28527000 1.79082200e+02
-2.24401000 1.24359100e+02
-2.21401000 8.91694000e+01
-2.18401000 7.72177000e+01
-2.15401000 6.47549000e+01
-2.12401000 5.81229000e+01
-2.09401000 6.83618000e+01
-2.06401000 9.39609000e+01
-2.03401000 9.76125000e+01
-2.00401000 7.51198000e+01
-1.97401000 6.68063000e+01
-1.94401000 7.64264000e+01
-1.91401000 7.85254000e+01
-1.88401000 5.39961000e+01
-1.85401000 3.44934600e+01
-1.82401000 2.46287600e+01
-1.79401000 1.99933800e+01
-1.76401000 1.83456200e+01
-1.73401000 1.87170200e+01
-1.70401000 1.98204000e+01
-1.67401000 2.21093400e+01
-1.63276000 3.16425600e+01
-1.60276000 4.82219400e+01
-1.57276000 7.88449400e+01
-1.54276000 1.02100020e+02
-1.51276000 7.93098600e+01
-1.48276000 5.39701800e+01
-1.45276000 4.43596400e+01
-1.42276000 4.74526000e+01
-1.39276000 6.15452000e+01
-1.36276000 8.19295000e+01
-1.33276000 7.86571000e+01
-1.30276000 5.39559000e+01
-1.27276000 4.04747000e+01
-1.24276000 3.97552000e+01
-1.21276000 5.09575400e+01
-1.18276000 6.94845400e+01
-1.15276000 7.89657000e+01
-1.12276000 6.99897200e+01
-1.09276000 4.51840400e+01
-1.06276000 2.89468000e+01
-1.02150000 2.06960000e+01
-0.99150000 2.00454000e+01
-0.96150000 1.77320300e+01
-0.93150000 1.38151200e+01
-0.90150000 1.22384100e+01
-0.87150000 1.34806600e+01
-0.84150000 1.65670000e+01
-0.81150000 1.52436200e+01
-0.78150000 1.07963000e+01
-0.75150000 8.16705000e+00
-0.72150000 6.44878000e+00
-0.69150000 5.09991000e+00
-0.66150000 4.27517000e+00
-0.63150000 3.79533000e+00
-0.60150000 3.51055000e+00
-0.57150000 3.32491000e+00
-0.54150000 3.23902000e+00
-0.51150000 3.26991000e+00
-0.48150000 3.44059000e+00
-0.45150000 3.81461000e+00
-0.41024300 4.91420000e+00
-0.38024300 6.54911000e+00
-0.35024300 9.84634000e+00
-0.32024300 1.55750200e+01
-0.29024300 1.86915300e+01
-0.26024300 1.38029900e+01
-0.23024300 9.11544000e+00
-0.20024300 6.36517000e+00
-0.17024300 4.91962000e+00
-0.14024300 4.21194000e+00
-0.11024300 3.84776000e+00
-0.08024310 3.73954000e+00
-0.05024310 3.87428000e+00
-0.02024310 4.28088000e+00
0.00975692 4.95719000e+00
0.03975690 5.58311000e+00
0.06975690 6.38972000e+00
0.09975690 8.01343000e+00
0.12975700 1.11313700e+01
0.15975700 1.72066000e+01
0.20101300 3.15674300e+01
0.23101300 3.47823000e+01
0.26101300 3.46222800e+01
0.29101300 3.59951600e+01
0.32101300 3.54924400e+01
0.35101300 3.79153000e+01
0.38101300 3.11638800e+01
0.41101300 2.13812000e+01
0.44101300 1.55025300e+01
0.47101300 1.32804400e+01
0.50101300 1.41082300e+01
0.53101300 1.79430400e+01
0.56101300 2.26249200e+01
0.59101300 2.28995000e+01
0.62101300 2.14252100e+01
0.65101300 2.26256800e+01
0.68101300 2.94418600e+01
0.71101300 4.45390200e+01
0.74101300 5.33468000e+01
0.77101300 4.26875000e+01
