# E(MeV)  S_NSDRNSDR(K=1) for Tb170_DDPCX
-7.62783000 -5.76623000e-01
-7.59783000 -5.37701000e-01
-7.56783000 -5.17960000e-01
-7.53783000 -5.11556000e-01
-7.50783000 -5.15919000e-01
-7.47783000 -5.30251000e-01
-7.44783000 -5.54935000e-01
-7.41783000 -5.91385000e-01
-7.38783000 -6.42170000e-01
-7.35783000 -7.11400000e-01
-7.32783000 -8.05482000e-01
-7.29783000 -9.34504000e-01
-7.26783000 -1.11480000e+00
-7.23783000 -1.37394000e+00
-7.20783000 -1.76091000e+00
-7.17783000 -2.36859000e+00
-7.14783000 -3.38661000e+00
-7.11783000 -5.23298000e+00
-7.08783000 -8.85818000e+00
-7.05783000 -1.58367000e+01
-7.02783000 -2.29993000e+01
-6.99783000 -1.83407000e+01
-6.96783000 -1.04483000e+01
-6.93783000 -6.06251000e+00
-6.90783000 -3.87366000e+00
-6.87783000 -2.71292000e+00
-6.84783000 -2.05645000e+00
-6.81783000 -1.67389000e+00
-6.78382000 -1.44088000e+00
-6.75382000 -1.36319000e+00
-6.72382000 -1.39589000e+00
-6.69382000 -1.56254000e+00
-6.66382000 -1.93576000e+00
-6.63382000 -2.69157000e+00
-6.60382000 -4.24266000e+00
-6.57382000 -7.33011000e+00
-6.54382000 -1.09195000e+01
-6.51382000 -9.19542000e+00
-6.48382000 -5.32852000e+00
-6.45382000 -3.09138000e+00
-6.42382000 -1.96398000e+00
-6.39382000 -1.35753000e+00
-6.36382000 -1.00379000e+00
-6.33382000 -7.84586000e-01
-6.30382000 -6.45172000e-01
-6.27382000 -5.60161000e-01
-6.24382000 -5.20977000e-01
-6.21382000 -5.33957000e-01
-6.18382000 -6.28592000e-01
-6.15382000 -8.82008000e-01
-6.12382000 -1.42372000e+00
-6.09382000 -1.96395000e+00
-6.06382000 -1.48750000e+00
-6.03382000 -7.44846000e-01
-6.00382000 -2.79532000e-01
-5.97382000 3.71743000e-02
-5.93981000 3.73220000e-01
-5.90981000 7.60419000e-01
-5.87981000 1.38679000e+00
-5.84981000 2.56038000e+00
-5.81981000 4.77773000e+00
-5.78981000 7.02020000e+00
-5.75981000 5.54882000e+00
-5.72981000 3.09902000e+00
-5.69981000 1.74403000e+00
-5.66981000 1.06955000e+00
-5.63981000 7.12098000e-01
-5.60981000 5.08692000e-01
-5.57981000 3.87206000e-01
-5.54981000 3.13895000e-01
-5.51981000 2.72699000e-01
-5.48981000 2.57373000e-01
-5.45981000 2.69726000e-01
-5.42981000 3.23119000e-01
-5.39981000 4.53519000e-01
-5.36981000 7.15284000e-01
-5.33981000 9.38766000e-01
-5.30981000 7.18377000e-01
-5.27981000 4.38591000e-01
-5.24981000 2.88652000e-01
-5.21981000 2.13966000e-01
-5.18981000 1.74912000e-01
-5.15981000 1.53927000e-01
-5.12981000 1.43224000e-01
-5.09580000 1.39100000e-01
-5.06580000 1.40918000e-01
-5.03580000 1.47698000e-01
-5.00580000 1.60614000e-01
-4.97580000 1.82946000e-01
-4.94580000 2.22527000e-01
-4.91580000 2.97514000e-01
-4.88580000 4.37400000e-01
-4.85580000 5.76930000e-01
-4.82580000 4.93030000e-01
-4.79580000 3.56303000e-01
-4.76580000 2.87247000e-01
-4.73580000 2.60537000e-01
-4.70580000 2.54822000e-01
-4.67580000 2.60779000e-01
-4.64580000 2.74578000e-01
-4.61580000 2.94797000e-01
-4.58580000 3.21218000e-01
-4.55580000 3.54394000e-01
-4.52580000 3.95525000e-01
-4.49580000 4.46537000e-01
-4.46580000 5.10299000e-01
-4.43580000 5.91059000e-01
-4.40580000 6.95193000e-01
-4.37580000 8.32533000e-01
-4.34580000 1.01881000e+00
-4.31580000 1.28034000e+00
-4.28580000 1.66372000e+00
-4.25179000 2.36021000e+00
-4.22179000 3.41803000e+00
-4.19179000 5.34190000e+00
-4.16179000 9.08115000e+00
-4.13179000 1.54877000e+01
-4.10179000 1.95956000e+01
-4.07179000 1.85984000e+01
-4.04179000 1.58757000e+01
-4.01179000 9.98669000e+00
-3.98179000 5.88663000e+00
-3.95179000 3.76184000e+00
-3.92179000 2.62976000e+00
-3.89179000 1.98432000e+00
-3.86179000 1.60042000e+00
-3.83179000 1.37608000e+00
-3.80179000 1.26921000e+00
-3.77179000 1.26981000e+00
-3.74179000 1.32579000e+00
-3.71179000 1.33886000e+00
-3.68179000 1.44124000e+00
-3.65179000 1.75726000e+00
-3.62179000 2.44823000e+00
-3.59179000 3.88904000e+00
-3.56179000 6.35603000e+00
-3.53179000 7.24414000e+00
-3.50179000 4.91908000e+00
-3.47179000 3.07078000e+00
-3.44179000 2.21589000e+00
-3.40778000 1.92035000e+00
-3.37778000 2.09451000e+00
-3.34778000 2.77581000e+00
-3.31778000 3.83391000e+00
-3.28778000 3.72909000e+00
-3.25778000 2.83810000e+00
-3.22778000 2.53908000e+00
-3.19778000 2.95410000e+00
-3.16778000 4.27973000e+00
-3.13778000 6.29730000e+00
-3.10778000 6.06446000e+00
-3.07778000 4.10662000e+00
-3.04778000 3.01933000e+00
-3.01778000 2.78542000e+00
-2.98778000 3.24386000e+00
-2.95778000 4.65414000e+00
-2.92778000 7.59351000e+00
-2.89778000 1.02909000e+01
-2.86778000 7.92414000e+00
-2.83778000 4.67420000e+00
-2.80778000 2.91787000e+00
-2.77778000 2.04797000e+00
-2.74778000 1.59936000e+00
-2.71778000 1.36702000e+00
-2.68778000 1.26309000e+00
-2.65778000 1.25158000e+00
-2.62778000 1.32422000e+00
-2.59778000 1.49433000e+00
-2.56377000 1.85808000e+00
-2.53377000 2.43552000e+00
-2.50377000 3.47625000e+00
-2.47377000 5.47902000e+00
-2.44377000 9.50518000e+00
-2.41377000 1.60015000e+01
-2.38377000 1.72924000e+01
-2.35377000 1.09616000e+01
-2.32377000 6.27536000e+00
-2.29377000 3.91038000e+00
-2.26377000 2.75197000e+00
-2.23377000 2.20066000e+00
-2.20377000 1.81451000e+00
-2.17377000 1.44707000e+00
-2.14377000 1.24930000e+00
-2.11377000 1.12660000e+00
-2.08377000 9.31534000e-01
-2.05377000 7.72070000e-01
-2.02377000 6.75654000e-01
-1.99377000 6.19078000e-01
-1.96377000 5.89106000e-01
-1.93377000 5.81351000e-01
-1.90377000 5.92940000e-01
-1.87377000 6.21591000e-01
-1.84377000 6.91827000e-01
-1.81377000 8.20260000e-01
-1.78377000 8.91223000e-01
-1.75377000 8.50337000e-01
-1.71976000 8.69984000e-01
-1.68976000 9.73098000e-01
-1.65976000 1.18013000e+00
-1.62976000 1.56116000e+00
-1.59976000 2.28319000e+00
-1.56976000 3.69471000e+00
-1.53976000 5.85171000e+00
-1.50976000 6.24453000e+00
-1.47976000 4.61043000e+00
-1.44976000 3.88029000e+00
-1.41976000 4.45962000e+00
-1.38976000 6.54788000e+00
-1.35976000 9.18825000e+00
-1.32976000 7.78290000e+00
-1.29976000 4.64603000e+00
-1.26976000 2.81932000e+00
-1.23976000 1.90025000e+00
-1.20976000 1.41227000e+00
-1.17976000 1.13829000e+00
-1.14976000 9.82866000e-01
-1.11976000 8.88841000e-01
-1.08976000 8.25801000e-01
-1.05976000 8.02240000e-01
-1.02976000 8.19079000e-01
-0.99976100 8.84089000e-01
-0.96976100 1.02631000e+00
-0.93976100 1.31446000e+00
-0.90976100 1.89834000e+00
-0.87575100 2.96935000e+00
-0.84575100 3.01588000e+00
-0.81575100 2.13126000e+00
-0.78575100 1.57213000e+00
-0.75575100 1.35909000e+00
-0.72575100 1.35209000e+00
-0.69575100 1.50564000e+00
-0.66575100 1.74461000e+00
-0.63575100 1.99157000e+00
-0.60575100 2.51357000e+00
-0.57575100 3.44256000e+00
-0.54575100 4.38439000e+00
-0.51575100 4.91841000e+00
-0.48575100 4.28529000e+00
-0.45575100 3.78370000e+00
-0.42575100 3.98325000e+00
-0.39575100 4.85033000e+00
-0.36575100 6.60708000e+00
-0.33575100 9.98024000e+00
-0.30575100 1.66368000e+01
-0.27575100 2.87296000e+01
-0.24575100 3.95692000e+01
-0.21575100 3.17613000e+01
-0.18575100 2.13997000e+01
-0.15575100 1.56833000e+01
-0.12575100 1.12218000e+01
-0.09575080 9.32975000e+00
-0.06575080 1.01866000e+01
-0.03174040 1.27745000e+01
-0.00174040 1.05640000e+01
0.02825960 6.72063000e+00
0.05825960 4.49300000e+00
0.08825960 3.25944000e+00
0.11826000 2.55159000e+00
0.14826000 2.20968000e+00
0.17826000 2.09754000e+00
0.20826000 2.02934000e+00
0.23826000 2.11395000e+00
0.26826000 2.63647000e+00
0.29826000 3.69694000e+00
0.32826000 3.98310000e+00
0.35826000 2.82191000e+00
0.38826000 1.93608000e+00
0.41826000 1.44225000e+00
0.44826000 1.15709000e+00
0.47826000 1.03749000e+00
0.50826000 9.88383000e-01
0.53826000 9.06694000e-01
0.56826000 8.79811000e-01
0.59826000 8.86333000e-01
0.62826000 8.10725000e-01
0.65826000 7.54560000e-01
0.68826000 7.67218000e-01
0.71826000 8.62804000e-01
0.74826000 1.09172000e+00
0.77826000 1.51955000e+00
