# E(MeV)  S_GAMTGAMT(K=0) for Tb170_DDPCX
-7.62783000 1.42402000e-03
-7.59783000 1.48262000e-03
-7.56783000 1.53090000e-03
-7.53783000 1.57131000e-03
-7.50783000 1.60557000e-03
-7.47783000 1.63493000e-03
-7.44783000 1.66030000e-03
-7.41783000 1.68237000e-03
-7.38783000 1.70165000e-03
-7.35783000 1.71852000e-03
-7.32783000 1.73326000e-03
-7.29783000 1.74609000e-03
-7.26783000 1.75714000e-03
-7.23783000 1.76652000e-03
-7.20783000 1.77427000e-03
-7.17783000 1.78040000e-03
-7.14783000 1.78488000e-03
-7.11783000 1.78765000e-03
-7.08783000 1.78862000e-03
-7.05783000 1.78762000e-03
-7.02783000 1.78449000e-03
-6.99783000 1.77898000e-03
-6.96783000 1.77079000e-03
-6.93783000 1.75956000e-03
-6.90783000 1.74483000e-03
-6.87783000 1.72605000e-03
-6.84783000 1.70253000e-03
-6.81783000 1.67342000e-03
-6.78382000 1.63232000e-03
-6.75382000 1.58741000e-03
-6.72382000 1.53261000e-03
-6.69382000 1.46572000e-03
-6.66382000 1.38393000e-03
-6.63382000 1.28356000e-03
-6.60382000 1.15978000e-03
-6.57382000 1.00612000e-03
-6.54382000 8.13811000e-04
-6.51382000 5.70722000e-04
-6.48382000 2.59757000e-04
-6.45382000 -1.43752000e-04
-6.42382000 -6.76339000e-04
-6.39382000 -1.39378000e-03
-6.36382000 -2.38431000e-03
-6.33382000 -3.79341000e-03
-6.30382000 -5.87317000e-03
-6.27382000 -9.08677000e-03
-6.24382000 -1.43464000e-02
-6.21382000 -2.35925000e-02
-6.18382000 -4.12313000e-02
-6.15382000 -7.67018000e-02
-6.12382000 -1.35009000e-01
-6.09382000 -1.49164000e-01
-6.06382000 -9.11307000e-02
-6.03382000 -4.64742000e-02
-6.00382000 -2.29803000e-02
-5.97382000 -9.55682000e-03
-5.93981000 1.03056000e-03
-5.90981000 9.87415000e-03
-5.87981000 2.12830000e-02
-5.84981000 4.00171000e-02
-5.81981000 7.53130000e-02
-5.78981000 1.30558000e-01
-5.75981000 1.40374000e-01
-5.72981000 8.74002000e-02
-5.69981000 4.88976000e-02
-5.66981000 2.96094000e-02
-5.63981000 1.97159000e-02
-5.60981000 1.42179000e-02
-5.57981000 1.09285000e-02
-5.54981000 8.83993000e-03
-5.51981000 7.45037000e-03
-5.48981000 6.49148000e-03
-5.45981000 5.81070000e-03
-5.42981000 5.31673000e-03
-5.39981000 4.95252000e-03
-5.36981000 4.68109000e-03
-5.33981000 4.47775000e-03
-5.30981000 4.32556000e-03
-5.27981000 4.21264000e-03
-5.24981000 4.13049000e-03
-5.21981000 4.07295000e-03
-5.18981000 4.03549000e-03
-5.15981000 4.01478000e-03
-5.12981000 4.00831000e-03
-5.09580000 4.01589000e-03
-5.06580000 4.03425000e-03
-5.03580000 4.06257000e-03
-5.00580000 4.10022000e-03
-4.97580000 4.14681000e-03
-4.94580000 4.20218000e-03
-4.91580000 4.26633000e-03
-4.88580000 4.33947000e-03
-4.85580000 4.42196000e-03
-4.82580000 4.51434000e-03
-4.79580000 4.61734000e-03
-4.76580000 4.73187000e-03
-4.73580000 4.85910000e-03
-4.70580000 5.00043000e-03
-4.67580000 5.15756000e-03
-4.64580000 5.33259000e-03
-4.61580000 5.52802000e-03
-4.58580000 5.74692000e-03
-4.55580000 5.99302000e-03
-4.52580000 6.27090000e-03
-4.49580000 6.58620000e-03
-4.46580000 6.94598000e-03
-4.43580000 7.35905000e-03
-4.40580000 7.83665000e-03
-4.37580000 8.39317000e-03
-4.34580000 9.04734000e-03
-4.31580000 9.82388000e-03
-4.28580000 1.07559000e-02
-4.25179000 1.20587000e-02
-4.22179000 1.34971000e-02
-4.19179000 1.53050000e-02
-4.16179000 1.76229000e-02
-4.13179000 2.06656000e-02
-4.10179000 2.47742000e-02
-4.07179000 3.05180000e-02
-4.04179000 3.89012000e-02
-4.01179000 5.18220000e-02
-3.98179000 7.31576000e-02
-3.95179000 1.11427000e-01
-3.92179000 1.84941000e-01
-3.89179000 3.10395000e-01
-3.86179000 3.88767000e-01
-3.83179000 3.65596000e-01
-3.80179000 4.03577000e-01
-3.77179000 4.15828000e-01
-3.74179000 2.78642000e-01
-3.71179000 1.61408000e-01
-3.68179000 9.97506000e-02
-3.65179000 6.72278000e-02
-3.62179000 4.86037000e-02
-3.59179000 3.70750000e-02
-3.56179000 2.94763000e-02
-3.53179000 2.42140000e-02
-3.50179000 2.04242000e-02
-3.47179000 1.76074000e-02
-3.44179000 1.54597000e-02
-3.40778000 1.35923000e-02
-3.37778000 1.23066000e-02
-3.34778000 1.12720000e-02
-3.31778000 1.04307000e-02
-3.28778000 9.74148000e-03
-3.25778000 9.17523000e-03
-3.22778000 8.71172000e-03
-3.19778000 8.33850000e-03
-3.16778000 8.05144000e-03
-3.13778000 7.85846000e-03
-3.10778000 7.79025000e-03
-3.07778000 7.92842000e-03
-3.04778000 8.45893000e-03
-3.01778000 9.51488000e-03
-2.98778000 9.80120000e-03
-2.95778000 8.51777000e-03
-2.92778000 7.48074000e-03
-2.89778000 6.93258000e-03
-2.86778000 6.64598000e-03
-2.83778000 6.50461000e-03
-2.80778000 6.47238000e-03
-2.77778000 6.56609000e-03
-2.74778000 6.87032000e-03
-2.71778000 7.56336000e-03
-2.68778000 8.48918000e-03
-2.65778000 8.18238000e-03
-2.62778000 7.16787000e-03
-2.59778000 6.55723000e-03
-2.56377000 6.23008000e-03
-2.53377000 6.09371000e-03
-2.50377000 6.02917000e-03
-2.47377000 6.00900000e-03
-2.44377000 6.02331000e-03
-2.41377000 6.07376000e-03
-2.38377000 6.17638000e-03
-2.35377000 6.37274000e-03
-2.32377000 6.70418000e-03
-2.29377000 6.90944000e-03
-2.26377000 6.75230000e-03
-2.23377000 6.66185000e-03
-2.20377000 6.63866000e-03
-2.17377000 6.61276000e-03
-2.14377000 6.65659000e-03
-2.11377000 6.77366000e-03
-2.08377000 6.97047000e-03
-2.05377000 7.29316000e-03
-2.02377000 7.84612000e-03
-1.99377000 8.62399000e-03
-1.96377000 9.02205000e-03
-1.93377000 8.74589000e-03
-1.90377000 8.39901000e-03
-1.87377000 8.38259000e-03
-1.84377000 8.57653000e-03
-1.81377000 8.72088000e-03
-1.78377000 8.88290000e-03
-1.75377000 9.17458000e-03
-1.71976000 9.65470000e-03
-1.68976000 1.02189000e-02
-1.65976000 1.09451000e-02
-1.62976000 1.18457000e-02
-1.59976000 1.30150000e-02
-1.56976000 1.46969000e-02
-1.53976000 1.72911000e-02
-1.50976000 2.16684000e-02
-1.47976000 2.96759000e-02
-1.44976000 4.23805000e-02
-1.41976000 4.72604000e-02
-1.38976000 3.90189000e-02
-1.35976000 3.43039000e-02
-1.32976000 3.52639000e-02
-1.29976000 4.08956000e-02
-1.26976000 5.17819000e-02
-1.23976000 6.94924000e-02
-1.20976000 1.01340000e-01
-1.17976000 1.63508000e-01
-1.14976000 2.67349000e-01
-1.11976000 3.77487000e-01
-1.08976000 3.34505000e-01
-1.05976000 2.08627000e-01
-1.02976000 1.40944000e-01
-0.99976100 1.22242000e-01
-0.96976100 1.18230000e-01
-0.93976100 1.00937000e-01
-0.90976100 9.22397000e-02
-0.87575100 7.34596000e-02
-0.84575100 5.21060000e-02
-0.81575100 3.98384000e-02
-0.78575100 3.37229000e-02
-0.75575100 3.10133000e-02
-0.72575100 3.05743000e-02
-0.69575100 3.20253000e-02
-0.66575100 3.53273000e-02
-0.63575100 4.16041000e-02
-0.60575100 5.31889000e-02
-0.57575100 7.49171000e-02
-0.54575100 1.17979000e-01
-0.51575100 2.03349000e-01
-0.48575100 3.10448000e-01
-0.45575100 2.73697000e-01
-0.42575100 1.62008000e-01
-0.39575100 9.54594000e-02
-0.36575100 6.20966000e-02
-0.33575100 4.43421000e-02
-0.30575100 3.40677000e-02
-0.27575100 2.76792000e-02
-0.24575100 2.34761000e-02
-0.21575100 2.05888000e-02
-0.18575100 1.85410000e-02
-0.15575100 1.70566000e-02
-0.12575100 1.59685000e-02
-0.09575080 1.51721000e-02
-0.06575080 1.46022000e-02
-0.03174040 1.41814000e-02
-0.00174040 1.39899000e-02
0.02825960 1.39717000e-02
0.05825960 1.41621000e-02
0.08825960 1.46522000e-02
0.11826000 1.56441000e-02
0.14826000 1.74514000e-02
0.17826000 1.99150000e-02
0.20826000 2.34186000e-02
0.23826000 2.98089000e-02
0.26826000 3.46721000e-02
0.29826000 3.09388000e-02
0.32826000 2.49162000e-02
0.35826000 2.07203000e-02
0.38826000 1.88608000e-02
0.41826000 1.83980000e-02
0.44826000 1.88257000e-02
0.47826000 2.00535000e-02
0.50826000 2.23176000e-02
0.53826000 2.62772000e-02
0.56826000 3.27533000e-02
0.59826000 4.06252000e-02
0.62826000 5.17937000e-02
0.65826000 7.27701000e-02
0.68826000 1.04469000e-01
0.71826000 1.05335000e-01
0.74826000 7.59324000e-02
0.77826000 5.94931000e-02
