# E(MeV)  S_NSDRNSDR(K=0) for Tc105_DDPCX
-2.97057000 -1.49947000e-02
-2.94057000 -1.46296000e-02
-2.91057000 -1.42684000e-02
-2.88057000 -1.39110000e-02
-2.85057000 -1.35572000e-02
-2.82057000 -1.32069000e-02
-2.79057000 -1.28601000e-02
-2.76057000 -1.25165000e-02
-2.73057000 -1.21762000e-02
-2.70057000 -1.18390000e-02
-2.67057000 -1.15047000e-02
-2.64057000 -1.11734000e-02
-2.59229000 -1.06461000e-02
-2.56229000 -1.03219000e-02
-2.53229000 -1.00003000e-02
-2.50229000 -9.68115000e-03
-2.47229000 -9.36440000e-03
-2.44229000 -9.04992000e-03
-2.41229000 -8.73764000e-03
-2.38229000 -8.42745000e-03
-2.35229000 -8.11927000e-03
-2.32229000 -7.81300000e-03
-2.29229000 -7.50855000e-03
-2.26229000 -7.20583000e-03
-2.21401000 -6.72200000e-03
-2.18401000 -6.42335000e-03
-2.15401000 -6.12608000e-03
-2.12401000 -5.83011000e-03
-2.09401000 -5.53532000e-03
-2.06401000 -5.24163000e-03
-2.03401000 -4.94892000e-03
-2.00401000 -4.65710000e-03
-1.97401000 -4.36606000e-03
-1.94401000 -4.07568000e-03
-1.91401000 -3.78586000e-03
-1.88401000 -3.49648000e-03
-1.83572000 -3.03135000e-03
-1.80572000 -2.74253000e-03
-1.77572000 -2.45370000e-03
-1.74572000 -2.16471000e-03
-1.71572000 -1.87542000e-03
-1.68572000 -1.58567000e-03
-1.65572000 -1.29529000e-03
-1.62572000 -1.00413000e-03
-1.59572000 -7.11986000e-04
-1.56572000 -4.18675000e-04
-1.53572000 -1.23986000e-04
-1.50572000 1.72306000e-04
-1.45744000 6.53166000e-04
-1.42744000 9.54829000e-04
-1.39744000 1.25907000e-03
-1.36744000 1.56621000e-03
-1.33744000 1.87663000e-03
-1.30744000 2.19071000e-03
-1.27744000 2.50890000e-03
-1.24744000 2.83171000e-03
-1.21744000 3.15969000e-03
-1.18744000 3.49349000e-03
-1.15744000 3.83382000e-03
-1.12744000 4.18152000e-03
-1.07915000 4.75911000e-03
-1.04915000 5.13100000e-03
-1.01915000 5.51459000e-03
-0.98915200 5.91165000e-03
-0.95915200 6.32427000e-03
-0.92915200 6.75505000e-03
-0.89915200 7.20718000e-03
-0.86915200 7.68464000e-03
-0.83915200 8.19250000e-03
-0.80915200 8.73729000e-03
-0.77915200 9.32757000e-03
-0.74915200 9.97476000e-03
-0.70086800 1.11776000e-02
-0.67086800 1.20634000e-02
-0.64086800 1.31003000e-02
-0.61086800 1.43475000e-02
-0.58086800 1.58971000e-02
-0.55086800 1.78996000e-02
-0.52086800 2.06127000e-02
-0.49086800 2.45056000e-02
-0.46086800 3.04940000e-02
-0.43086800 4.05105000e-02
-0.40086800 5.89232000e-02
-0.37086800 9.52009000e-02
-0.32258300 1.81653000e-01
-0.29258300 1.44986000e-01
-0.26258300 8.86217000e-02
-0.23258300 5.79579000e-02
-0.20258300 4.29100000e-02
-0.17258300 3.51529000e-02
-0.14258300 3.09625000e-02
-0.11258300 2.86796000e-02
-0.08258320 2.75110000e-02
-0.05258320 2.70500000e-02
-0.02258320 2.70762000e-02
0.00741676 2.74666000e-02
0.05570120 2.86996000e-02
0.08570120 2.97971000e-02
0.11570100 3.11426000e-02
0.14570100 3.27497000e-02
0.17570100 3.46470000e-02
0.20570100 3.68802000e-02
0.23570100 3.95167000e-02
0.26570100 4.26539000e-02
0.29570100 4.64329000e-02
0.32570100 5.10629000e-02
0.35570100 5.68646000e-02
0.38570100 6.43499000e-02
0.43398600 8.23604000e-02
0.46398600 1.00311000e-01
0.49398600 1.28617000e-01
0.52398600 1.77604000e-01
0.55398600 2.70281000e-01
0.58398600 4.36887000e-01
0.61398600 5.62847000e-01
0.64398600 4.41628000e-01
0.67398600 3.09005000e-01
0.70398600 2.53829000e-01
0.73398600 2.47936000e-01
0.76398600 2.77151000e-01
