# E(MeV)  S_GAMTGAMT(Total=K0+2*K1) for Tc105_DDPCX
-2.97057000 9.99725000e-02
-2.94057000 8.24825000e-02
-2.91057000 7.17501000e-02
-2.88057000 6.49641000e-02
-2.85057000 6.06674000e-02
-2.82057000 5.80574000e-02
-2.79057000 5.66727000e-02
-2.76057000 5.62474000e-02
-2.73057000 5.66374000e-02
-2.70057000 5.77868000e-02
-2.67057000 5.97151000e-02
-2.64057000 6.25241000e-02
-2.59229000 6.94934000e-02
-2.56229000 7.60827000e-02
-2.53229000 8.55183000e-02
-2.50229000 9.97125000e-02
-2.47229000 1.22594700e-01
-2.44229000 1.62860600e-01
-2.41229000 2.40214800e-01
-2.38229000 3.85396800e-01
-2.35229000 5.21716400e-01
-2.32229000 4.20419400e-01
-2.29229000 2.72030000e-01
-2.26229000 1.93463600e-01
-2.21401000 1.45251900e-01
-2.18401000 1.35630400e-01
-2.15401000 1.33237200e-01
-2.12401000 1.35451500e-01
-2.09401000 1.41092400e-01
-2.06401000 1.49694900e-01
-2.03401000 1.61212200e-01
-2.00401000 1.75899400e-01
-1.97401000 1.94292600e-01
-1.94401000 2.17247400e-01
-1.91401000 2.46045600e-01
-1.88401000 2.82591200e-01
-1.83572000 3.65485800e-01
-1.80572000 4.40073200e-01
-1.77572000 5.43256200e-01
-1.74572000 6.91796200e-01
-1.71572000 9.16640400e-01
-1.68572000 1.27929480e+00
-1.65572000 1.91207240e+00
-1.62572000 3.11568200e+00
-1.59572000 5.47930400e+00
-1.56572000 8.72823000e+00
-1.53572000 8.28090200e+00
-1.50572000 5.19785600e+00
-1.45744000 2.94788800e+00
-1.42744000 2.90411600e+00
-1.39744000 3.79308100e+00
-1.36744000 5.78513700e+00
-1.33744000 6.72530900e+00
-1.30744000 4.56705100e+00
-1.27744000 2.65647900e+00
-1.24744000 1.66446700e+00
-1.21744000 1.15248100e+00
-1.18744000 8.69805000e-01
-1.15744000 7.07279000e-01
-1.12744000 6.17871000e-01
-1.07915000 5.86813000e-01
-1.04915000 6.04785000e-01
-1.01915000 6.22852000e-01
-0.98915200 7.02738000e-01
-0.95915200 9.01154000e-01
-0.92915200 1.31923200e+00
-0.89915200 2.16236700e+00
-0.86915200 3.36903600e+00
-0.83915200 3.41993000e+00
-0.80915200 2.26730300e+00
-0.77915200 1.42940100e+00
-0.74915200 1.06828100e+00
-0.70086800 7.51255000e-01
-0.67086800 5.91800000e-01
-0.64086800 5.28579000e-01
-0.61086800 5.50848000e-01
-0.58086800 6.80681100e-01
-0.55086800 9.74311100e-01
-0.52086800 1.29901470e+00
-0.49086800 1.27106730e+00
-0.46086800 9.82755000e-01
-0.43086800 8.07475000e-01
-0.40086800 8.36338000e-01
-0.37086800 9.17820000e-01
-0.32258300 6.25986600e-01
-0.29258300 4.73334000e-01
-0.26258300 4.16414700e-01
-0.23258300 4.35463600e-01
-0.20258300 4.64695100e-01
-0.17258300 4.06577400e-01
-0.14258300 3.54363000e-01
-0.11258300 3.46108000e-01
-0.08258320 3.72712000e-01
-0.05258320 4.34675000e-01
-0.02258320 5.47698000e-01
0.00741676 7.52676000e-01
0.05570120 1.53398200e+00
0.08570120 2.34844500e+00
0.11570100 2.68130200e+00
0.14570100 3.04705400e+00
0.17570100 3.59179600e+00
0.20570100 2.76530000e+00
0.23570100 1.72375200e+00
0.26570100 1.20505600e+00
0.29570100 1.03598200e+00
0.32570100 1.12429700e+00
0.35570100 1.52187200e+00
0.38570100 2.17167600e+00
0.43398600 2.20839000e+00
0.46398600 2.21591200e+00
0.49398600 1.73420300e+00
0.52398600 1.10005100e+00
0.55398600 7.53683000e-01
0.58398600 6.04251000e-01
0.61398600 5.80522000e-01
0.64398600 6.86120000e-01
0.67398600 9.66728000e-01
0.70398600 1.20266400e+00
0.73398600 9.30148000e-01
0.76398600 6.15107000e-01
