# E(MeV)  S_NSDRNSDR(Total=K0+2*K1) for Tc105_DDPCX
-2.97057000 -3.91085000e-02
-2.94057000 -3.81886000e-02
-2.91057000 -3.72774000e-02
-2.88057000 -3.63750000e-02
-2.85057000 -3.54808000e-02
-2.82057000 -3.45945000e-02
-2.79057000 -3.37159000e-02
-2.76057000 -3.28445000e-02
-2.73057000 -3.19801000e-02
-2.70057000 -3.11224800e-02
-2.67057000 -3.02711400e-02
-2.64057000 -2.94259600e-02
-2.59229000 -2.80777000e-02
-2.56229000 -2.72468400e-02
-2.53229000 -2.64209200e-02
-2.50229000 -2.55995100e-02
-2.47229000 -2.47823200e-02
-2.44229000 -2.39689200e-02
-2.41229000 -2.31589400e-02
-2.38229000 -2.23519300e-02
-2.35229000 -2.15474500e-02
-2.32229000 -2.07450200e-02
-2.29229000 -1.99441100e-02
-2.26229000 -1.91441500e-02
-2.21401000 -1.78570200e-02
-2.18401000 -1.70564100e-02
-2.15401000 -1.62541400e-02
-2.12401000 -1.54492500e-02
-2.09401000 -1.46406600e-02
-2.06401000 -1.38271100e-02
-2.03401000 -1.30071200e-02
-2.00401000 -1.21789800e-02
-1.97401000 -1.13406400e-02
-1.94401000 -1.04896000e-02
-1.91401000 -9.62286000e-03
-1.88401000 -8.73668000e-03
-1.83572000 -7.25735000e-03
-1.80572000 -6.29523000e-03
-1.77572000 -5.28992000e-03
-1.74572000 -4.22971000e-03
-1.71572000 -3.09895200e-03
-1.68572000 -1.87623600e-03
-1.65572000 -5.31624000e-04
-1.62572000 9.77754000e-04
-1.59572000 2.71515400e-03
-1.56572000 4.77682500e-03
-1.53572000 7.31495400e-03
-1.50572000 1.05810460e-02
-1.45744000 1.86056860e-02
-1.42744000 2.69252290e-02
-1.39744000 4.06112700e-02
-1.36744000 6.53840100e-02
-1.33744000 1.13954430e-01
-1.30744000 2.00469710e-01
-1.27744000 2.51500900e-01
-1.24744000 1.74567910e-01
-1.21744000 9.99186900e-02
-1.18744000 6.15574900e-02
-1.15744000 4.24234200e-02
-1.12744000 3.22433200e-02
-1.07915000 2.42507900e-02
-1.04915000 2.18246800e-02
-1.01915000 2.04273100e-02
-0.98915200 1.96898900e-02
-0.95915200 1.93986300e-02
-0.92915200 1.94240900e-02
-0.89915200 1.96854400e-02
-0.86915200 2.01312600e-02
-0.83915200 2.07290800e-02
-0.80915200 2.14594700e-02
-0.77915200 2.23126500e-02
-0.74915200 2.32869200e-02
-0.70086800 2.51281800e-02
-0.67086800 2.64705200e-02
-0.64086800 2.80049200e-02
-0.61086800 2.97879200e-02
-0.58086800 3.19100200e-02
-0.55086800 3.45209600e-02
-0.52086800 3.78783400e-02
-0.49086800 4.24519200e-02
-0.46086800 4.91585600e-02
-0.43086800 5.99326000e-02
-0.40086800 7.91444000e-02
-0.37086800 1.16265900e-01
-0.32258300 2.04178800e-01
-0.29258300 1.68491000e-01
-0.26258300 1.13167700e-01
-0.23258300 8.36139000e-02
-0.20258300 6.97540000e-02
-0.17258300 6.32739000e-02
-0.14258300 6.04633000e-02
-0.11258300 5.96798000e-02
-0.08258320 6.01528000e-02
-0.05258320 6.15048000e-02
-0.02258320 6.35550000e-02
0.00741676 6.62364000e-02
0.05570120 7.19398000e-02
0.08570120 7.65339000e-02
0.11570100 8.22502000e-02
0.14570100 8.96335000e-02
0.17570100 9.97880000e-02
0.20570100 1.15116600e-01
0.23570100 1.40649300e-01
0.26570100 1.79436700e-01
0.29570100 1.98638100e-01
0.32570100 1.84755700e-01
0.35570100 1.82995600e-01
0.38570100 1.99953100e-01
0.43398600 2.72882200e-01
0.46398600 3.39193000e-01
0.49398600 3.95399000e-01
0.52398600 5.10512000e-01
0.55398600 7.66859000e-01
0.58398600 1.17420300e+00
0.61398600 1.29818900e+00
0.64398600 1.01512200e+00
0.67398600 8.16587000e-01
0.70398600 6.68017000e-01
0.73398600 5.67932000e-01
0.76398600 5.56383000e-01
