# E(MeV)  S_GAMTGAMT(Total=K0+2*K1) for Tc141_DDPCX
-22.21550000 5.03662000e-03
-22.18550000 5.05394000e-03
-22.15550000 5.07136000e-03
-22.12550000 5.08886000e-03
-22.09550000 5.10645000e-03
-22.06550000 5.12411000e-03
-22.03550000 5.14188000e-03
-22.00550000 5.15974000e-03
-21.97550000 5.17770000e-03
-21.94550000 5.19576000e-03
-21.91550000 5.21390000e-03
-21.88550000 5.23215000e-03
-21.85550000 5.25052000e-03
-21.82550000 5.26896000e-03
-21.79550000 5.28753000e-03
-21.76550000 5.30621000e-03
-21.73550000 5.32497000e-03
-21.70550000 5.34388000e-03
-21.67550000 5.36289000e-03
-21.64550000 5.38201000e-03
-21.61550000 5.40126000e-03
-21.58550000 5.42064000e-03
-21.55550000 5.44013000e-03
-21.52550000 5.45977000e-03
-21.49550000 5.47953000e-03
-21.46550000 5.49943000e-03
-21.43550000 5.51947000e-03
-21.40550000 5.53966000e-03
-21.37550000 5.56001000e-03
-21.34550000 5.58054000e-03
-21.31550000 5.60123000e-03
-21.28550000 5.62209000e-03
-21.25550000 5.64317000e-03
-21.22550000 5.66445000e-03
-21.19550000 5.68598000e-03
-21.16550000 5.70777000e-03
-21.13550000 5.72986000e-03
-21.10550000 5.75231000e-03
-21.07550000 5.77520000e-03
-21.04550000 5.79865000e-03
-21.01550000 5.82281000e-03
-20.98550000 5.84798000e-03
-20.95550000 5.87461000e-03
-20.92550000 5.90352000e-03
-20.89550000 5.93642000e-03
-20.86550000 5.97677000e-03
-20.83550000 6.03244000e-03
-20.80550000 6.11732000e-03
-20.77550000 6.21415000e-03
-20.74550000 6.22301000e-03
-20.71550000 6.20660000e-03
-20.68550000 6.24411000e-03
-20.65550000 6.35385000e-03
-20.62550000 6.53337000e-03
-20.59550000 6.57418000e-03
-20.56550000 6.43167000e-03
-20.53550000 6.33742000e-03
-20.50550000 6.30231000e-03
-20.47550000 6.29640000e-03
-20.44550000 6.30458000e-03
-20.41550000 6.32022000e-03
-20.38550000 6.34034000e-03
-20.35550000 6.36348000e-03
-20.32550000 6.38901000e-03
-20.29550000 6.41675000e-03
-20.26550000 6.44681000e-03
-20.23550000 6.47975000e-03
-20.20550000 6.51668000e-03
-20.17550000 6.55973000e-03
-20.14550000 6.61309000e-03
-20.11550000 6.68550000e-03
-20.08550000 6.79418000e-03
-20.05550000 6.96125000e-03
-20.02550000 7.23058000e-03
-19.99550000 7.58891000e-03
-19.96550000 7.54259000e-03
-19.91280000 7.05997000e-03
-19.88280000 6.95996000e-03
-19.85280000 6.92301000e-03
-19.82280000 6.91594000e-03
-19.79280000 6.92429000e-03
-19.76280000 6.94129000e-03
-19.73280000 6.96369000e-03
-19.70280000 6.98971000e-03
-19.67280000 7.01842000e-03
-19.64280000 7.04930000e-03
-19.61280000 7.08214000e-03
-19.58280000 7.11696000e-03
-19.55280000 7.15408000e-03
-19.52280000 7.19430000e-03
-19.49280000 7.23956000e-03
-19.46280000 7.29411000e-03
-19.43280000 7.36491000e-03
-19.40280000 7.43635000e-03
-19.37280000 7.45769000e-03
-19.34280000 7.46958000e-03
-19.31280000 7.49932000e-03
-19.28280000 7.54150000e-03
-19.25280000 7.59200000e-03
-19.22280000 7.64972000e-03
-19.19280000 7.71538000e-03
-19.16280000 7.79109000e-03
-19.13280000 7.88068000e-03
-19.10280000 7.99090000e-03
-19.07280000 8.13412000e-03
-19.04280000 8.33417000e-03
-19.01280000 8.64137000e-03
-18.98280000 9.16855000e-03
-18.95280000 1.01499000e-02
-18.92280000 1.16422500e-02
-18.89280000 1.19747200e-02
-18.86280000 1.08662900e-02
-18.83280000 1.01137700e-02
-18.80280000 9.95561000e-03
-18.77280000 1.02992800e-02
-18.74280000 1.12076400e-02
-18.71280000 1.23221100e-02
-18.68280000 1.26755100e-02
-18.65280000 1.36241200e-02
-18.62280000 1.63457400e-02
-18.59280000 1.95230500e-02
-18.56280000 1.97032000e-02
-18.53280000 1.64317500e-02
-18.50280000 1.37123700e-02
-18.47280000 1.24864700e-02
-18.44280000 1.21815300e-02
-18.41280000 1.25527200e-02
-18.38280000 1.31916600e-02
-18.35280000 1.32319600e-02
-18.32280000 1.31274600e-02
-18.29280000 1.38229500e-02
-18.26280000 1.40318800e-02
-18.23280000 1.29416600e-02
-18.20280000 1.21326300e-02
-18.17280000 1.19734600e-02
-18.14280000 1.19830400e-02
-18.11280000 1.21693500e-02
-18.08280000 1.26011400e-02
-18.05280000 1.30189900e-02
-18.02280000 1.25369200e-02
-17.99280000 1.17691200e-02
-17.96280000 1.14688600e-02
-17.93280000 1.15037900e-02
-17.90280000 1.17053100e-02
-17.87280000 1.19792900e-02
-17.84280000 1.25213400e-02
-17.81280000 1.35948900e-02
-17.78280000 1.51295900e-02
-17.75280000 1.62028100e-02
-17.72280000 1.63847900e-02
-17.69280000 1.72196100e-02
-17.66280000 1.89526800e-02
-17.61000000 2.37774500e-02
-17.58000000 2.56991200e-02
-17.55000000 2.93427500e-02
-17.52000000 3.88843300e-02
-17.49000000 4.74392300e-02
-17.46000000 4.00937900e-02
-17.43000000 3.14156900e-02
-17.40000000 2.72435900e-02
-17.37000000 2.60237000e-02
-17.34000000 2.82981800e-02
-17.31000000 3.34874800e-02
-17.28000000 4.09965600e-02
-17.25000000 5.45857800e-02
-17.22000000 6.64879200e-02
-17.19000000 7.00184000e-02
-17.16000000 6.69907000e-02
-17.13000000 5.94983000e-02
-17.10000000 4.92251000e-02
-17.07000000 3.72912000e-02
-17.04000000 2.89528600e-02
-17.01000000 2.48240300e-02
-16.98000000 2.31993500e-02
-16.95000000 2.34611300e-02
-16.92000000 2.57379800e-02
-16.89000000 2.99795000e-02
-16.86000000 3.51703900e-02
-16.83000000 4.48209300e-02
-16.80000000 6.37514900e-02
-16.77000000 9.14723500e-02
-16.74000000 9.01943500e-02
-16.71000000 6.34765500e-02
-16.68000000 4.69832300e-02
-16.65000000 3.63229600e-02
-16.62000000 2.88889600e-02
-16.59000000 2.49041100e-02
-16.56000000 2.33946400e-02
-16.53000000 2.21052900e-02
-16.50000000 2.09495300e-02
-16.47000000 2.13761300e-02
-16.44000000 2.21607500e-02
-16.41000000 2.12140800e-02
-16.38000000 2.09429700e-02
-16.35000000 2.26946800e-02
-16.32000000 2.50934300e-02
-16.29000000 2.31325600e-02
-16.26000000 2.02063000e-02
-16.23000000 1.89980400e-02
-16.20000000 1.87025900e-02
-16.17000000 1.92379300e-02
-16.14000000 1.94235300e-02
-16.11000000 1.88727200e-02
-16.08000000 1.88046200e-02
-16.05000000 1.90859800e-02
-16.02000000 1.91825200e-02
-15.99000000 1.91769900e-02
-15.96000000 1.90802900e-02
-15.93000000 1.81248600e-02
-15.90000000 1.73932300e-02
-15.87000000 1.71969200e-02
-15.84000000 1.74867400e-02
-15.81000000 1.82131400e-02
-15.78000000 1.88383900e-02
-15.75000000 1.93118300e-02
-15.72000000 2.07059200e-02
-15.69000000 2.33340600e-02
-15.66000000 2.48197000e-02
-15.63000000 2.43914600e-02
-15.60000000 2.51165400e-02
-15.57000000 2.71010800e-02
-15.54000000 3.22260000e-02
-15.51000000 3.96625600e-02
-15.48000000 3.88382600e-02
-15.45000000 3.40230200e-02
-15.42000000 3.04288000e-02
-15.39000000 2.67623200e-02
-15.36000000 2.46884400e-02
-15.30720000 2.39316500e-02
-15.27720000 2.42075700e-02
-15.24720000 2.51860700e-02
-15.21720000 2.66798800e-02
-15.18720000 2.69617300e-02
-15.15720000 2.64753200e-02
-15.12720000 2.69070800e-02
-15.09720000 2.80342200e-02
-15.06720000 2.98211300e-02
-15.03720000 3.35650900e-02
-15.00720000 3.63632200e-02
-14.97720000 3.44101300e-02
-14.94720000 3.28145800e-02
-14.91720000 3.24410500e-02
-14.88720000 3.35856900e-02
-14.85720000 3.63892000e-02
-14.82720000 3.91937600e-02
-14.79720000 4.33378400e-02
-14.76720000 5.20777800e-02
-14.73720000 6.32403000e-02
-14.70720000 7.16602000e-02
-14.67720000 8.16936000e-02
-14.64720000 7.94191000e-02
-14.61720000 7.00579000e-02
-14.58720000 6.71055000e-02
-14.55720000 7.46189000e-02
-14.52720000 9.56712000e-02
-14.49720000 1.25485000e-01
-14.46720000 1.23781600e-01
-14.43720000 1.08904000e-01
-14.40720000 1.08772800e-01
-14.37720000 1.14952300e-01
-14.34720000 1.10848300e-01
-14.31720000 9.65168000e-02
-14.28720000 8.41815000e-02
-14.25720000 8.17123000e-02
-14.22720000 8.84372000e-02
-14.19720000 9.68763000e-02
-14.16720000 1.11262800e-01
-14.13720000 1.43741600e-01
-14.10720000 2.04608100e-01
-14.07720000 2.62223200e-01
-14.04720000 2.44269100e-01
-14.01720000 2.33251700e-01
-13.98720000 2.67463800e-01
-13.95720000 3.34113800e-01
-13.92720000 3.86446400e-01
-13.89720000 3.86763600e-01
-13.86720000 4.23048800e-01
-13.83720000 5.70026600e-01
-13.80720000 7.93336800e-01
-13.77720000 7.51489000e-01
-13.74720000 5.08085000e-01
-13.71720000 3.19622200e-01
-13.68720000 2.23210200e-01
-13.65720000 1.73785900e-01
-13.62720000 1.52617300e-01
-13.59720000 1.56702200e-01
-13.56720000 1.90096600e-01
-13.53720000 2.38757300e-01
-13.50720000 2.22005600e-01
-13.47720000 1.65066300e-01
-13.44720000 1.30732700e-01
-13.41720000 1.15509800e-01
-13.38720000 1.12756600e-01
-13.35720000 1.23872600e-01
-13.32720000 1.50631100e-01
-13.29720000 1.89644500e-01
-13.26720000 2.51938500e-01
-13.23720000 2.79214500e-01
-13.20720000 2.08220200e-01
-13.17720000 1.48204000e-01
-13.14720000 1.19959800e-01
-13.11720000 1.10671400e-01
-13.08720000 1.15088400e-01
-13.05720000 1.33914700e-01
-13.00440000 1.58568400e-01
-12.97440000 1.39221400e-01
-12.94440000 1.35038700e-01
-12.91440000 1.49448400e-01
-12.88440000 1.85534200e-01
-12.85440000 2.36035000e-01
-12.82440000 2.38487400e-01
-12.79440000 2.22182800e-01
-12.76440000 2.22785400e-01
-12.73440000 2.31939600e-01
-12.70440000 2.59413100e-01
-12.67440000 2.66953100e-01
-12.64440000 2.38239100e-01
-12.61440000 2.21223800e-01
-12.58440000 2.19074900e-01
-12.55440000 2.29139400e-01
-12.52440000 2.54042800e-01
-12.49440000 2.99991800e-01
-12.46440000 3.87992000e-01
-12.43440000 5.10750000e-01
-12.40440000 5.54271000e-01
-12.37440000 5.31499000e-01
-12.34440000 5.80646000e-01
-12.31440000 7.23141100e-01
-12.28440000 9.90365900e-01
-12.25440000 1.34684170e+00
-12.22440000 1.68148220e+00
-12.19440000 2.10000460e+00
-12.16440000 2.34408060e+00
-12.13440000 2.04992940e+00
-12.10440000 1.75452660e+00
-12.07440000 1.85547080e+00
-12.04440000 2.16782500e+00
-12.01440000 2.37173820e+00
-11.98440000 3.00959370e+00
-11.95440000 4.71447210e+00
-11.92440000 7.04604940e+00
-11.89440000 6.27613910e+00
-11.86440000 3.77150740e+00
-11.83440000 2.30697150e+00
-11.80440000 1.64998660e+00
-11.77440000 1.37748510e+00
-11.74440000 1.20385870e+00
-11.71440000 1.01427100e+00
-11.68440000 9.69732000e-01
-11.65440000 1.11123460e+00
-11.62440000 1.18240700e+00
-11.59440000 1.06349400e+00
-11.56440000 9.50043000e-01
-11.53440000 7.84031000e-01
-11.50440000 6.46290000e-01
-11.47440000 6.07892700e-01
-11.44440000 6.41844700e-01
-11.41440000 6.01944000e-01
-11.38440000 5.27137000e-01
-11.35440000 4.97148000e-01
-11.32440000 4.49481000e-01
-11.29440000 4.21965000e-01
-11.26440000 4.43083000e-01
-11.23440000 4.47884000e-01
-11.20440000 4.07618000e-01
-11.17440000 4.02087000e-01
-11.14440000 4.43135000e-01
-11.11440000 4.83298000e-01
-11.08440000 5.24304000e-01
-11.05440000 6.05207000e-01
-11.02440000 7.48736000e-01
-10.99440000 1.00665400e+00
-10.96440000 1.45531800e+00
-10.93440000 1.78852500e+00
-10.90440000 1.72324800e+00
-10.87440000 1.76864600e+00
-10.84440000 1.99011800e+00
-10.81440000 2.21212800e+00
-10.78440000 1.89695400e+00
-10.75440000 1.57488900e+00
-10.70160000 2.01408400e+00
-10.67160000 2.71775200e+00
-10.64160000 3.17887800e+00
-10.61160000 3.08859000e+00
-10.58160000 2.61489800e+00
-10.55160000 2.18439400e+00
-10.52160000 2.04500800e+00
-10.49160000 2.05646400e+00
-10.46160000 2.15111600e+00
-10.43160000 2.09453800e+00
-10.40160000 1.82135200e+00
-10.37160000 1.70120000e+00
-10.34160000 1.79593100e+00
-10.31160000 1.93808000e+00
-10.28160000 2.22027200e+00
-10.25160000 2.74499800e+00
-10.22160000 3.61611600e+00
-10.19160000 4.77731200e+00
-10.16160000 5.20659800e+00
-10.13160000 5.29148600e+00
-10.10160000 4.30706000e+00
-10.07160000 3.04208600e+00
-10.04160000 2.22935200e+00
-10.01160000 1.96440000e+00
-9.98163000 2.18030500e+00
-9.95163000 2.66526300e+00
-9.92163000 2.53435200e+00
-9.89163000 2.12401500e+00
-9.86163000 1.80013800e+00
-9.83163000 1.60022300e+00
-9.80163000 1.51654900e+00
-9.77163000 1.61741100e+00
-9.74163000 1.86247200e+00
-9.71163000 2.27178800e+00
-9.68163000 2.84100800e+00
-9.65163000 2.60820400e+00
-9.62163000 1.84385600e+00
-9.59163000 1.41092800e+00
-9.56163000 1.31626100e+00
-9.53163000 1.48536400e+00
-9.50163000 1.74985400e+00
-9.47163000 1.97829600e+00
-9.44163000 2.37246200e+00
-9.41163000 2.25660400e+00
-9.38163000 1.82522700e+00
-9.35163000 1.69673900e+00
-9.32163000 1.61598100e+00
-9.29163000 1.67819700e+00
-9.26163000 1.98940500e+00
-9.23163000 1.95586400e+00
-9.20163000 1.56027900e+00
-9.17163000 1.21502400e+00
-9.14163000 1.07979500e+00
-9.11163000 1.11969300e+00
-9.08163000 1.30505300e+00
-9.05163000 1.57973700e+00
-9.02163000 1.71783500e+00
-8.99163000 1.79371700e+00
-8.96163000 1.97703200e+00
-8.93163000 1.85410000e+00
-8.90163000 1.66856900e+00
-8.87163000 1.72046900e+00
-8.84163000 2.03406600e+00
-8.81163000 2.60602000e+00
-8.78163000 3.66021600e+00
-8.75163000 4.81833000e+00
-8.72163000 4.40555600e+00
-8.69163000 2.94845000e+00
-8.66163000 2.06333600e+00
-8.63163000 1.74770400e+00
-8.60163000 1.78000200e+00
-8.57163000 2.09246400e+00
-8.54163000 2.51177600e+00
-8.51163000 2.15764800e+00
-8.48163000 1.58854800e+00
-8.45163000 1.37430800e+00
-8.39885000 1.52046500e+00
-8.36885000 1.60391800e+00
-8.33885000 1.97024600e+00
-8.30885000 2.86695200e+00
-8.27885000 3.50456800e+00
-8.24885000 2.79160200e+00
-8.21885000 2.23522200e+00
-8.18885000 2.40838000e+00
-8.15885000 3.21837300e+00
-8.12885000 3.55397300e+00
-8.09885000 2.60401400e+00
-8.06885000 1.83841900e+00
-8.03885000 1.41769600e+00
-8.00885000 1.23228100e+00
-7.97885000 1.24536000e+00
-7.94885000 1.43075100e+00
-7.91885000 1.55296200e+00
-7.88885000 1.61849600e+00
-7.85885000 1.81569800e+00
-7.82885000 1.56638400e+00
-7.79885000 1.21626100e+00
-7.76885000 1.14114500e+00
-7.73885000 1.05039700e+00
-7.70885000 8.02477000e-01
-7.67885000 6.22987000e-01
-7.64885000 5.30290000e-01
-7.61885000 4.76151000e-01
-7.58885000 4.40385000e-01
-7.55885000 4.30941000e-01
-7.52885000 4.60672000e-01
-7.49885000 5.46810000e-01
-7.46885000 6.79611000e-01
-7.43885000 8.24448000e-01
-7.40885000 9.16556000e-01
-7.37885000 1.03133100e+00
-7.34885000 1.32087300e+00
-7.31885000 1.56529800e+00
-7.28885000 1.61725700e+00
-7.25885000 1.41805100e+00
-7.22885000 1.24685400e+00
-7.19885000 1.28366500e+00
-7.16885000 1.29460100e+00
-7.13885000 1.32276300e+00
-7.10885000 1.35892900e+00
-7.07885000 1.32865900e+00
-7.04885000 1.50842100e+00
-7.01885000 1.97808000e+00
-6.98885000 2.45168200e+00
-6.95885000 2.47137000e+00
-6.92885000 2.16495700e+00
-6.89885000 1.66686700e+00
-6.86885000 1.22623000e+00
-6.83885000 1.03599400e+00
-6.80885000 1.02272800e+00
-6.77885000 1.12640200e+00
-6.74885000 1.25000900e+00
-6.71885000 1.34809000e+00
-6.68885000 1.30421400e+00
-6.65885000 1.14225100e+00
-6.62885000 1.15506700e+00
-6.59885000 1.28597300e+00
-6.56885000 1.36814000e+00
-6.53885000 1.14599300e+00
-6.50885000 9.81405000e-01
-6.47885000 1.02289600e+00
-6.44885000 1.09703700e+00
-6.41885000 1.13058500e+00
-6.38885000 1.30403900e+00
-6.35885000 1.66693900e+00
-6.32885000 1.67518000e+00
-6.29885000 1.26077300e+00
-6.26885000 1.05530900e+00
-6.23885000 1.12351900e+00
-6.20885000 1.45094600e+00
-6.17885000 1.88414500e+00
-6.14885000 2.00917900e+00
-6.09607000 1.43812700e+00
-6.06607000 1.19155000e+00
-6.03607000 1.14866600e+00
-6.00607000 1.14923400e+00
-5.97607000 1.03371100e+00
-5.94607000 9.52635000e-01
-5.91607000 9.90529000e-01
-5.88607000 1.19693200e+00
-5.85607000 1.66773000e+00
-5.82607000 2.22995400e+00
-5.79607000 2.12321100e+00
-5.76607000 1.50174300e+00
-5.73607000 1.17428500e+00
-5.70607000 1.08921700e+00
-5.67607000 1.02885600e+00
-5.64607000 1.04267000e+00
-5.61607000 1.16586300e+00
-5.58607000 1.44486700e+00
-5.55607000 1.76697000e+00
-5.52607000 1.71453400e+00
-5.49607000 1.40554600e+00
-5.46607000 1.18193600e+00
-5.43607000 1.02623600e+00
-5.40607000 1.04233800e+00
-5.37607000 1.15471400e+00
-5.34607000 1.14852200e+00
-5.31607000 1.12452000e+00
-5.28607000 1.17839900e+00
-5.25607000 1.11649500e+00
-5.22607000 1.01817600e+00
-5.19607000 1.06704900e+00
-5.16607000 1.31434500e+00
-5.13607000 1.81962800e+00
-5.10607000 2.68195600e+00
-5.07607000 3.80350600e+00
-5.04607000 5.11457600e+00
-5.01607000 5.01755200e+00
-4.98607000 3.57780400e+00
-4.95607000 2.88099000e+00
-4.92607000 2.85949200e+00
-4.89607000 2.89057000e+00
-4.86607000 2.58232400e+00
-4.83607000 1.99792400e+00
-4.80607000 1.53171700e+00
-4.77607000 1.29065500e+00
-4.74607000 1.21797900e+00
-4.71607000 1.30280400e+00
-4.68607000 1.55145800e+00
-4.65607000 2.04195200e+00
-4.62607000 2.68818000e+00
-4.59607000 3.14449400e+00
-4.56607000 3.56605500e+00
-4.53607000 3.88310200e+00
-4.50607000 3.69434100e+00
-4.47607000 3.31477800e+00
-4.44607000 3.40962900e+00
-4.41607000 3.28609000e+00
-4.38607000 2.85300800e+00
-4.35607000 2.70792000e+00
-4.32607000 2.76579600e+00
-4.29607000 2.85464000e+00
-4.26607000 3.40777000e+00
-4.23607000 4.55897400e+00
-4.20607000 4.94718200e+00
-4.17607000 3.85974800e+00
-4.14607000 2.85166800e+00
-4.11607000 2.54635100e+00
-4.08607000 2.47217000e+00
-4.05607000 2.09201900e+00
-4.02607000 1.63056000e+00
-3.99607000 1.37250000e+00
-3.96607000 1.37132500e+00
-3.93607000 1.55684200e+00
-3.90607000 1.71119600e+00
-3.87607000 1.63444800e+00
-3.84607000 1.60505500e+00
-3.79329000 1.66917900e+00
-3.76329000 1.44784400e+00
-3.73329000 1.38751000e+00
-3.70329000 1.45807200e+00
-3.67329000 1.45159500e+00
-3.64329000 1.48234600e+00
-3.61329000 1.77640000e+00
-3.58329000 2.17667600e+00
-3.55329000 2.37837400e+00
-3.52329000 2.37877600e+00
-3.49329000 2.16554000e+00
-3.46329000 1.99189300e+00
-3.43329000 1.86757100e+00
-3.40329000 1.92688400e+00
-3.37329000 2.05648400e+00
-3.34329000 1.88069700e+00
-3.31329000 1.67167800e+00
-3.28329000 1.51148300e+00
-3.25329000 1.48987200e+00
-3.22329000 1.56578400e+00
-3.19329000 1.74570200e+00
-3.16329000 1.94174300e+00
-3.13329000 2.05246000e+00
-3.10329000 2.12383100e+00
-3.07329000 2.21281200e+00
-3.04329000 2.57303300e+00
-3.01329000 3.09652300e+00
-2.98329000 3.02834500e+00
-2.95329000 2.69964800e+00
-2.92329000 2.90475000e+00
-2.89329000 3.65969400e+00
-2.86329000 4.64530000e+00
-2.83329000 4.88676200e+00
-2.80329000 4.45570800e+00
-2.77329000 4.54732800e+00
-2.74329000 5.56716000e+00
-2.71329000 7.28910000e+00
-2.68329000 7.46248000e+00
-2.65329000 6.62592000e+00
-2.62329000 7.01352000e+00
-2.59329000 7.76584000e+00
-2.56329000 6.78218000e+00
-2.53329000 5.41239000e+00
-2.50329000 4.37193600e+00
-2.47329000 3.41667500e+00
-2.44329000 2.94001600e+00
-2.41329000 2.84008700e+00
-2.38329000 2.85489600e+00
-2.35329000 2.59086900e+00
-2.32329000 2.27793600e+00
-2.29329000 2.16028500e+00
-2.26329000 2.22731400e+00
-2.23329000 2.51290000e+00
-2.20329000 3.08622800e+00
-2.17329000 3.89926000e+00
-2.14329000 5.04660000e+00
-2.11329000 6.28186000e+00
-2.08329000 6.32886000e+00
-2.05329000 5.31979000e+00
-2.02329000 4.40353000e+00
-1.99329000 3.99299000e+00
-1.96329000 4.08477000e+00
-1.93329000 4.42269800e+00
-1.90329000 4.39315400e+00
-1.87329000 4.15834000e+00
-1.84329000 4.38311000e+00
-1.81329000 5.23859000e+00
-1.78329000 7.03422000e+00
-1.75329000 9.96045000e+00
-1.72329000 1.29314800e+01
-1.69329000 1.51981900e+01
-1.66329000 1.81608900e+01
-1.63329000 1.63408000e+01
-1.60329000 1.12143200e+01
-1.57329000 7.87563000e+00
-1.54329000 6.35223000e+00
-1.49051000 6.26888000e+00
-1.46051000 7.41243000e+00
-1.43051000 8.89678000e+00
-1.40051000 9.21185000e+00
-1.37051000 9.46525000e+00
-1.34051000 9.20755000e+00
-1.31051000 8.87580000e+00
-1.28051000 9.16963000e+00
-1.25051000 9.94042000e+00
-1.22051000 1.11363600e+01
-1.19051000 1.34254900e+01
-1.16051000 1.83963900e+01
-1.13051000 2.76496700e+01
-1.10051000 4.32713400e+01
-1.07051000 5.84929000e+01
-1.04051000 6.06294900e+01
-1.01051000 4.75161200e+01
-0.98051100 3.29284400e+01
-0.95051100 2.64011400e+01
-0.92051100 2.52993400e+01
-0.89051100 2.10734100e+01
-0.86051100 1.49965600e+01
-0.83051100 1.16631500e+01
-0.80051100 1.08122100e+01
-0.77051100 1.03753000e+01
-0.74051100 1.01241900e+01
-0.71051100 1.10718000e+01
-0.68051100 1.19778900e+01
-0.65051100 1.04723260e+01
-0.62051100 7.98633300e+00
-0.59051100 6.30667800e+00
-0.56051100 5.15639800e+00
-0.53051100 4.43256500e+00
-0.50051100 4.17466700e+00
-0.47051100 4.26109100e+00
-0.44051100 4.75717600e+00
-0.41051100 6.01956000e+00
-0.38051100 8.66940000e+00
-0.35051100 1.35720400e+01
-0.32051100 1.95587400e+01
-0.29051100 2.03614300e+01
-0.26051100 1.57632780e+01
-0.23051100 1.28262070e+01
-0.20051100 1.29976010e+01
-0.17051100 1.35100040e+01
-0.14051100 1.11994190e+01
-0.11051100 8.46459000e+00
-0.08051080 7.31076000e+00
-0.05051080 7.35290000e+00
-0.02051080 7.50813000e+00
0.00948925 8.29607000e+00
0.03948920 9.61550000e+00
0.06948920 9.04801000e+00
0.09948920 7.88157700e+00
0.12948900 6.58596700e+00
0.15948900 5.48962000e+00
0.18948900 5.25623000e+00
0.21948900 5.56357000e+00
0.24948900 5.53589000e+00
0.27948900 5.05804000e+00
0.30948900 5.16181000e+00
0.33948900 5.87287000e+00
0.36948900 6.67791000e+00
0.39948900 6.97914000e+00
0.42948900 7.03484000e+00
0.45948900 7.26924000e+00
0.48948900 7.61117000e+00
0.51948900 7.64206300e+00
0.54948900 6.94169900e+00
0.57948900 6.88729400e+00
0.60948900 6.94470700e+00
0.63948900 5.97545200e+00
0.66948900 5.15027600e+00
0.69948900 4.82133400e+00
0.72948900 4.77327100e+00
0.75948900 5.27439000e+00
