# E(MeV)  S_NSDRNSDR(K=1) for Tc141_DDPCX
-22.21550000 2.51701000e-01
-22.18550000 3.24400000e-01
-22.15550000 4.37077000e-01
-22.12550000 6.23255000e-01
-22.09550000 8.66961000e-01
-22.06550000 9.81197000e-01
-22.03550000 1.10086000e+00
-22.00550000 1.46456000e+00
-21.97550000 2.26103000e+00
-21.94550000 3.90806000e+00
-21.91550000 6.65665000e+00
-21.88550000 7.43303000e+00
-21.85550000 4.76339000e+00
-21.82550000 2.69697000e+00
-21.79550000 1.66213000e+00
-21.76550000 1.15303000e+00
-21.73550000 9.06834000e-01
-21.70550000 7.56584000e-01
-21.67550000 5.95276000e-01
-21.64550000 4.77238000e-01
-21.61550000 4.06828000e-01
-21.58550000 3.65910000e-01
-21.55550000 3.44373000e-01
-21.52550000 3.37991000e-01
-21.49550000 3.46102000e-01
-21.46550000 3.71178000e-01
-21.43550000 4.19992000e-01
-21.40550000 5.07246000e-01
-21.37550000 6.64839000e-01
-21.34550000 9.65300000e-01
-21.31550000 1.57030000e+00
-21.28550000 2.65757000e+00
-21.25550000 3.28383000e+00
-21.22550000 2.29058000e+00
-21.19550000 1.33507000e+00
-21.16550000 8.39555000e-01
-21.13550000 5.87290000e-01
-21.10550000 4.48428000e-01
-21.07550000 3.65874000e-01
-21.04550000 3.13702000e-01
-21.01550000 2.79196000e-01
-20.98550000 2.55636000e-01
-20.95550000 2.39230000e-01
-20.92550000 2.27722000e-01
-20.89550000 2.19706000e-01
-20.86550000 2.14273000e-01
-20.83550000 2.10818000e-01
-20.80550000 2.08927000e-01
-20.77550000 2.08314000e-01
-20.74550000 2.08779000e-01
-20.71550000 2.10179000e-01
-20.68550000 2.12419000e-01
-20.65550000 2.15434000e-01
-20.62550000 2.19185000e-01
-20.59550000 2.23653000e-01
-20.56550000 2.28839000e-01
-20.53550000 2.34758000e-01
-20.50550000 2.41441000e-01
-20.47550000 2.48935000e-01
-20.44550000 2.57304000e-01
-20.41550000 2.66631000e-01
-20.38550000 2.77021000e-01
-20.35550000 2.88604000e-01
-20.32550000 3.01546000e-01
-20.29550000 3.16050000e-01
-20.26550000 3.32379000e-01
-20.23550000 3.50864000e-01
-20.20550000 3.71942000e-01
-20.17550000 3.96192000e-01
-20.14550000 4.24410000e-01
-20.11550000 4.57737000e-01
-20.08550000 4.97884000e-01
-20.05550000 5.47611000e-01
-20.02550000 6.11756000e-01
-19.99550000 6.99679000e-01
-19.96550000 8.30524000e-01
-19.91280000 1.20627000e+00
-19.88280000 1.34072000e+00
-19.85280000 1.52071000e+00
-19.82280000 1.85925000e+00
-19.79280000 2.11725000e+00
-19.76280000 2.32316000e+00
-19.73280000 2.85025000e+00
-19.70280000 3.94730000e+00
-19.67280000 6.11565000e+00
-19.64280000 1.01296000e+01
-19.61280000 1.39664000e+01
-19.58280000 1.32992000e+01
-19.55280000 1.38682000e+01
-19.52280000 1.54292000e+01
-19.49280000 1.15847000e+01
-19.46280000 7.38559000e+00
-19.43280000 5.18041000e+00
-19.40280000 4.14793000e+00
-19.37280000 3.85500000e+00
-19.34280000 4.16953000e+00
-19.31280000 5.18194000e+00
-19.28280000 6.51422000e+00
-19.25280000 7.20776000e+00
-19.22280000 8.87309000e+00
-19.19280000 1.30978000e+01
-19.16280000 1.87974000e+01
-19.13280000 2.15845000e+01
-19.10280000 2.62063000e+01
-19.07280000 2.60991000e+01
-19.04280000 1.77652000e+01
-19.01280000 1.27704000e+01
-18.98280000 1.14762000e+01
-18.95280000 9.55664000e+00
-18.92280000 6.98568000e+00
-18.89280000 5.18280000e+00
-18.86280000 4.21709000e+00
-18.83280000 4.02702000e+00
-18.80280000 4.59975000e+00
-18.77280000 5.56383000e+00
-18.74280000 5.29341000e+00
-18.71280000 4.54661000e+00
-18.68280000 3.92131000e+00
-18.65280000 3.57732000e+00
-18.62280000 3.70398000e+00
-18.59280000 4.29572000e+00
-18.56280000 5.50931000e+00
-18.53280000 7.82282000e+00
-18.50280000 1.18786000e+01
-18.47280000 1.66420000e+01
-18.44280000 2.30887000e+01
-18.41280000 3.51810000e+01
-18.38280000 3.90390000e+01
-18.35280000 2.65539000e+01
-18.32280000 1.63327000e+01
-18.29280000 1.05424000e+01
-18.26280000 7.45986000e+00
-18.23280000 6.24578000e+00
-18.20280000 5.80429000e+00
-18.17280000 4.91571000e+00
-18.14280000 4.12836000e+00
-18.11280000 3.20560000e+00
-18.08280000 2.42528000e+00
-18.05280000 1.96359000e+00
-18.02280000 1.69912000e+00
-17.99280000 1.55735000e+00
-17.96280000 1.51756000e+00
-17.93280000 1.56196000e+00
-17.90280000 1.56277000e+00
-17.87280000 1.54409000e+00
-17.84280000 1.55264000e+00
-17.81280000 1.52333000e+00
-17.78280000 1.58099000e+00
-17.75280000 1.78099000e+00
-17.72280000 2.18560000e+00
-17.69280000 2.91892000e+00
-17.66280000 3.94960000e+00
-17.61000000 7.31284000e+00
-17.58000000 1.18221000e+01
-17.55000000 1.42120000e+01
-17.52000000 9.82962000e+00
-17.49000000 5.74701000e+00
-17.46000000 3.64168000e+00
-17.43000000 2.58440000e+00
-17.40000000 2.03334000e+00
-17.37000000 1.76417000e+00
-17.34000000 1.64125000e+00
-17.31000000 1.46854000e+00
-17.28000000 1.29783000e+00
-17.25000000 1.20814000e+00
-17.22000000 1.18090000e+00
-17.19000000 1.19823000e+00
-17.16000000 1.25937000e+00
-17.13000000 1.38507000e+00
-17.10000000 1.61485000e+00
-17.07000000 2.03681000e+00
-17.04000000 2.85482000e+00
-17.01000000 4.45685000e+00
-16.98000000 6.54294000e+00
-16.95000000 6.24212000e+00
-16.92000000 4.74292000e+00
-16.89000000 3.77975000e+00
-16.86000000 2.79583000e+00
-16.83000000 2.13608000e+00
-16.80000000 1.80749000e+00
-16.77000000 1.65829000e+00
-16.74000000 1.60775000e+00
-16.71000000 1.62201000e+00
-16.68000000 1.69145000e+00
-16.65000000 1.82118000e+00
-16.62000000 1.99343000e+00
-16.59000000 2.12224000e+00
-16.56000000 2.26788000e+00
-16.53000000 2.50216000e+00
-16.50000000 2.83895000e+00
-16.47000000 3.31324000e+00
-16.44000000 3.98800000e+00
-16.41000000 4.88646000e+00
-16.38000000 5.87497000e+00
-16.35000000 7.27692000e+00
-16.32000000 9.62838000e+00
-16.29000000 1.36664000e+01
-16.26000000 1.96599000e+01
-16.23000000 2.81466000e+01
-16.20000000 3.94630000e+01
-16.17000000 4.86645000e+01
-16.14000000 6.86795000e+01
-16.11000000 9.82273000e+01
-16.08000000 8.52588000e+01
-16.05000000 5.00928000e+01
-16.02000000 2.92751000e+01
-15.99000000 1.89844000e+01
-15.96000000 1.37111000e+01
-15.93000000 1.07193000e+01
-15.90000000 9.00611000e+00
-15.87000000 7.86950000e+00
-15.84000000 7.18283000e+00
-15.81000000 7.17311000e+00
-15.78000000 7.44319000e+00
-15.75000000 7.63626000e+00
-15.72000000 8.40473000e+00
-15.69000000 1.03401000e+01
-15.66000000 1.41158000e+01
-15.63000000 2.13011000e+01
-15.60000000 3.48951000e+01
-15.57000000 5.20692000e+01
-15.54000000 4.83837000e+01
-15.51000000 3.24221000e+01
-15.48000000 2.48422000e+01
-15.45000000 2.41602000e+01
-15.42000000 2.54088000e+01
-15.39000000 1.96673000e+01
-15.36000000 1.31709000e+01
-15.30720000 8.64090000e+00
-15.27720000 8.29039000e+00
-15.24720000 9.15868000e+00
-15.21720000 1.16760000e+01
-15.18720000 1.73471000e+01
-15.15720000 2.81557000e+01
-15.12720000 3.56568000e+01
-15.09720000 2.63157000e+01
-15.06720000 1.66134000e+01
-15.03720000 1.20940000e+01
-15.00720000 1.03690000e+01
-14.97720000 9.90728000e+00
-14.94720000 1.12168000e+01
-14.91720000 1.54590000e+01
-14.88720000 2.44111000e+01
-14.85720000 3.27371000e+01
-14.82720000 2.61012000e+01
-14.79720000 1.73083000e+01
-14.76720000 1.35823000e+01
-14.73720000 1.37982000e+01
-14.70720000 1.41993000e+01
-14.67720000 1.05105000e+01
-14.64720000 7.17616000e+00
-14.61720000 5.43300000e+00
-14.58720000 4.58015000e+00
-14.55720000 4.23826000e+00
-14.52720000 4.28716000e+00
-14.49720000 4.76256000e+00
-14.46720000 5.92182000e+00
-14.43720000 8.41122000e+00
-14.40720000 1.27563000e+01
-14.37720000 1.47093000e+01
-14.34720000 1.13363000e+01
-14.31720000 9.14908000e+00
-14.28720000 9.63130000e+00
-14.25720000 1.27117000e+01
-14.22720000 1.56822000e+01
-14.19720000 1.45683000e+01
-14.16720000 1.47229000e+01
-14.13720000 1.50872000e+01
-14.10720000 1.22387000e+01
-14.07720000 8.95101000e+00
-14.04720000 7.25905000e+00
-14.01720000 6.98193000e+00
-13.98720000 7.74149000e+00
-13.95720000 8.59313000e+00
-13.92720000 9.13418000e+00
-13.89720000 1.07668000e+01
-13.86720000 1.42942000e+01
-13.83720000 2.14432000e+01
-13.80720000 3.54269000e+01
-13.77720000 5.27551000e+01
-13.74720000 4.69116000e+01
-13.71720000 3.01223000e+01
-13.68720000 2.14294000e+01
-13.65720000 1.93734000e+01
-13.62720000 2.18109000e+01
-13.59720000 2.69748000e+01
-13.56720000 2.97206000e+01
-13.53720000 2.96003000e+01
-13.50720000 3.43902000e+01
-13.47720000 4.93247000e+01
-13.44720000 6.40963000e+01
-13.41720000 5.38318000e+01
-13.38720000 4.11499000e+01
-13.35720000 3.36496000e+01
-13.32720000 3.10104000e+01
-13.29720000 3.50311000e+01
-13.26720000 4.21045000e+01
-13.23720000 3.77555000e+01
-13.20720000 2.71331000e+01
-13.17720000 2.24382000e+01
-13.14720000 2.15610000e+01
-13.11720000 1.80301000e+01
-13.08720000 1.51765000e+01
-13.05720000 1.52122000e+01
-13.00440000 2.43861000e+01
-12.97440000 3.35210000e+01
-12.94440000 3.03094000e+01
-12.91440000 2.30059000e+01
-12.88440000 1.92254000e+01
-12.85440000 1.47902000e+01
-12.82440000 1.13582000e+01
-12.79440000 1.00700000e+01
-12.76440000 1.11007000e+01
-12.73440000 1.47546000e+01
-12.70440000 1.77412000e+01
-12.67440000 1.46307000e+01
-12.64440000 1.17303000e+01
-12.61440000 1.09366000e+01
-12.58440000 1.07840000e+01
-12.55440000 9.75767000e+00
-12.52440000 9.52013000e+00
-12.49440000 1.11370000e+01
-12.46440000 1.46009000e+01
-12.43440000 1.91194000e+01
-12.40440000 2.71992000e+01
-12.37440000 4.25657000e+01
-12.34440000 5.42859000e+01
-12.31440000 4.11500000e+01
-12.28440000 2.51367000e+01
-12.25440000 1.70830000e+01
-12.22440000 1.44809000e+01
-12.19440000 1.57600000e+01
-12.16440000 2.02315000e+01
-12.13440000 2.31603000e+01
-12.10440000 1.74265000e+01
-12.07440000 1.10862000e+01
-12.04440000 7.70308000e+00
-12.01440000 6.15196000e+00
-11.98440000 5.63177000e+00
-11.95440000 5.82734000e+00
-11.92440000 6.47326000e+00
-11.89440000 7.35671000e+00
-11.86440000 7.84782000e+00
-11.83440000 7.02666000e+00
-11.80440000 6.68472000e+00
-11.77440000 7.77686000e+00
-11.74440000 1.06997000e+01
-11.71440000 1.61501000e+01
-11.68440000 2.20954000e+01
-11.65440000 1.88374000e+01
-11.62440000 1.34089000e+01
-11.59440000 1.09259000e+01
-11.56440000 8.18693000e+00
-11.53440000 5.94712000e+00
-11.50440000 4.92782000e+00
-11.47440000 4.62477000e+00
-11.44440000 4.90666000e+00
-11.41440000 5.66152000e+00
-11.38440000 5.97073000e+00
-11.35440000 5.93547000e+00
-11.32440000 5.62064000e+00
-11.29440000 5.68510000e+00
-11.26440000 6.67833000e+00
-11.23440000 9.05438000e+00
-11.20440000 1.40385000e+01
-11.17440000 2.39180000e+01
-11.14440000 3.72205000e+01
-11.11440000 3.55512000e+01
-11.08440000 2.23042000e+01
-11.05440000 1.30679000e+01
-11.02440000 8.16085000e+00
-10.99440000 5.60368000e+00
-10.96440000 4.20665000e+00
-10.93440000 3.39523000e+00
-10.90440000 2.90115000e+00
-10.87440000 2.66693000e+00
-10.84440000 2.55965000e+00
-10.81440000 2.31624000e+00
-10.78440000 2.18125000e+00
-10.75440000 2.23383000e+00
-10.70160000 1.92123000e+00
-10.67160000 1.80053000e+00
-10.64160000 2.00441000e+00
-10.61160000 2.48227000e+00
-10.58160000 2.42232000e+00
-10.55160000 1.78769000e+00
-10.52160000 1.36066000e+00
-10.49160000 1.14535000e+00
-10.46160000 1.04984000e+00
-10.43160000 9.97129000e-01
-10.40160000 9.32092000e-01
-10.37160000 8.92957000e-01
-10.34160000 8.86671000e-01
-10.31160000 9.17277000e-01
-10.28160000 9.95233000e-01
-10.25160000 1.12570000e+00
-10.22160000 1.33520000e+00
-10.19160000 1.71512000e+00
-10.16160000 2.19056000e+00
-10.13160000 2.07075000e+00
-10.10160000 1.72687000e+00
-10.07160000 1.52816000e+00
-10.04160000 1.38520000e+00
-10.01160000 1.31640000e+00
-9.98163000 1.32837000e+00
-9.95163000 1.43364000e+00
-9.92163000 1.63395000e+00
-9.89163000 1.96166000e+00
-9.86163000 2.54712000e+00
-9.83163000 3.60470000e+00
-9.80163000 4.91857000e+00
-9.77163000 5.03631000e+00
-9.74163000 4.53746000e+00
-9.71163000 4.78029000e+00
-9.68163000 5.88817000e+00
-9.65163000 8.33305000e+00
-9.62163000 1.34475000e+01
-9.59163000 2.26187000e+01
-9.56163000 2.84430000e+01
-9.53163000 2.20377000e+01
-9.50163000 1.51839000e+01
-9.47163000 1.18193000e+01
-9.44163000 1.09545000e+01
-9.41163000 1.17137000e+01
-9.38163000 1.03881000e+01
-9.35163000 8.22527000e+00
-9.32163000 7.88415000e+00
-9.29163000 8.67521000e+00
-9.26163000 9.61358000e+00
-9.23163000 1.12664000e+01
-9.20163000 1.19696000e+01
-9.17163000 9.06575000e+00
-9.14163000 5.89228000e+00
-9.11163000 4.07305000e+00
-9.08163000 3.18887000e+00
-9.05163000 2.80850000e+00
-9.02163000 2.71541000e+00
-8.99163000 2.74889000e+00
-8.96163000 2.94624000e+00
-8.93163000 3.49797000e+00
-8.90163000 4.57432000e+00
-8.87163000 6.21121000e+00
-8.84163000 8.30037000e+00
-8.81163000 1.17579000e+01
-8.78163000 1.79510000e+01
-8.75163000 2.07124000e+01
-8.72163000 1.53753000e+01
-8.69163000 1.12187000e+01
-8.66163000 1.07457000e+01
-8.63163000 1.14479000e+01
-8.60163000 9.03375000e+00
-8.57163000 6.23360000e+00
-8.54163000 4.98966000e+00
-8.51163000 4.53237000e+00
-8.48163000 4.13751000e+00
-8.45163000 4.25028000e+00
-8.39885000 5.14761000e+00
-8.36885000 5.05984000e+00
-8.33885000 5.52043000e+00
-8.30885000 6.95777000e+00
-8.27885000 6.96806000e+00
-8.24885000 5.48760000e+00
-8.21885000 4.89174000e+00
-8.18885000 5.62602000e+00
-8.15885000 7.24800000e+00
-8.12885000 7.62719000e+00
-8.09885000 6.80832000e+00
-8.06885000 6.39974000e+00
-8.03885000 6.08107000e+00
-8.00885000 5.99462000e+00
-7.97885000 5.37996000e+00
-7.94885000 4.42182000e+00
-7.91885000 3.94572000e+00
-7.88885000 3.80766000e+00
-7.85885000 3.83657000e+00
-7.82885000 4.35419000e+00
-7.79885000 5.43248000e+00
-7.76885000 7.55879000e+00
-7.73885000 1.15907000e+01
-7.70885000 1.36876000e+01
-7.67885000 9.63592000e+00
-7.64885000 5.98470000e+00
-7.61885000 4.32048000e+00
-7.58885000 3.76587000e+00
-7.55885000 3.67537000e+00
-7.52885000 4.15846000e+00
-7.49885000 5.37833000e+00
-7.46885000 7.09296000e+00
-7.43885000 7.22189000e+00
-7.40885000 4.97765000e+00
-7.37885000 3.25800000e+00
-7.34885000 2.34491000e+00
-7.31885000 1.74277000e+00
-7.28885000 1.41375000e+00
-7.25885000 1.28702000e+00
-7.22885000 1.14924000e+00
-7.19885000 9.46046000e-01
-7.16885000 7.86223000e-01
-7.13885000 6.71499000e-01
-7.10885000 5.92482000e-01
-7.07885000 5.40663000e-01
-7.04885000 5.07893000e-01
-7.01885000 4.93635000e-01
-6.98885000 5.04175000e-01
-6.95885000 5.36182000e-01
-6.92885000 5.56814000e-01
-6.89885000 5.67666000e-01
-6.86885000 5.47261000e-01
-6.83885000 5.41345000e-01
-6.80885000 5.47346000e-01
-6.77885000 5.13654000e-01
-6.74885000 4.92354000e-01
-6.71885000 5.07031000e-01
-6.68885000 5.55269000e-01
-6.65885000 6.32003000e-01
-6.62885000 7.77717000e-01
-6.59885000 9.96582000e-01
-6.56885000 1.25746000e+00
-6.53885000 1.52662000e+00
-6.50885000 1.41789000e+00
-6.47885000 1.22765000e+00
-6.44885000 1.14561000e+00
-6.41885000 9.81456000e-01
-6.38885000 8.72137000e-01
-6.35885000 8.88548000e-01
-6.32885000 1.01707000e+00
-6.29885000 1.19480000e+00
-6.26885000 1.53484000e+00
-6.23885000 1.77919000e+00
-6.20885000 1.58413000e+00
-6.17885000 1.08974000e+00
-6.14885000 7.33477000e-01
-6.09607000 4.76081000e-01
-6.06607000 4.23731000e-01
-6.03607000 4.06697000e-01
-6.00607000 4.03165000e-01
-5.97607000 3.94216000e-01
-5.94607000 3.89369000e-01
-5.91607000 4.06329000e-01
-5.88607000 4.60455000e-01
-5.85607000 5.79653000e-01
-5.82607000 7.97199000e-01
-5.79607000 9.93807000e-01
-5.76607000 9.72331000e-01
-5.73607000 9.01663000e-01
-5.70607000 9.65884000e-01
-5.67607000 1.28740000e+00
-5.64607000 1.86246000e+00
-5.61607000 2.09307000e+00
-5.58607000 1.51681000e+00
-5.55607000 9.90926000e-01
-5.52607000 7.34636000e-01
-5.49607000 6.39509000e-01
-5.46607000 6.37639000e-01
-5.43607000 6.90722000e-01
-5.40607000 7.54560000e-01
-5.37607000 8.23355000e-01
-5.34607000 9.99049000e-01
-5.31607000 1.04647000e+00
-5.28607000 9.35956000e-01
-5.25607000 8.21360000e-01
-5.22607000 6.72630000e-01
-5.19607000 5.84361000e-01
-5.16607000 4.90514000e-01
-5.13607000 3.91169000e-01
-5.10607000 3.34080000e-01
-5.07607000 3.08552000e-01
-5.04607000 3.02143000e-01
-5.01607000 3.11132000e-01
-4.98607000 3.43385000e-01
-4.95607000 4.10146000e-01
-4.92607000 4.76212000e-01
-4.89607000 4.84693000e-01
-4.86607000 4.74378000e-01
-4.83607000 4.33131000e-01
-4.80607000 3.84712000e-01
-4.77607000 3.67297000e-01
-4.74607000 3.86147000e-01
-4.71607000 4.44004000e-01
-4.68607000 5.47430000e-01
-4.65607000 7.19998000e-01
-4.62607000 1.01389000e+00
-4.59607000 1.42350000e+00
-4.56607000 1.58001000e+00
-4.53607000 1.35517000e+00
-4.50607000 1.12793000e+00
-4.47607000 9.93222000e-01
-4.44607000 8.89108000e-01
-4.41607000 7.19368000e-01
-4.38607000 6.10545000e-01
-4.35607000 5.79320000e-01
-4.32607000 5.69228000e-01
-4.29607000 6.09513000e-01
-4.26607000 7.41092000e-01
-4.23607000 9.32675000e-01
-4.20607000 1.15947000e+00
-4.17607000 1.47594000e+00
-4.14607000 1.76641000e+00
-4.11607000 2.19169000e+00
-4.08607000 2.25147000e+00
-4.05607000 2.01339000e+00
-4.02607000 1.91859000e+00
-3.99607000 1.64945000e+00
-3.96607000 1.21412000e+00
-3.93607000 9.32499000e-01
-3.90607000 7.80302000e-01
-3.87607000 6.85335000e-01
-3.84607000 6.48955000e-01
-3.79329000 7.73979000e-01
-3.76329000 7.13402000e-01
-3.73329000 6.05335000e-01
-3.70329000 5.36862000e-01
-3.67329000 5.33702000e-01
-3.64329000 5.97877000e-01
-3.61329000 6.35606000e-01
-3.58329000 5.56096000e-01
-3.55329000 5.21370000e-01
-3.52329000 5.76296000e-01
-3.49329000 6.45572000e-01
-3.46329000 6.51184000e-01
-3.43329000 5.89593000e-01
-3.40329000 5.14776000e-01
-3.37329000 4.92000000e-01
-3.34329000 5.58210000e-01
-3.31329000 6.81782000e-01
-3.28329000 7.54840000e-01
-3.25329000 7.60139000e-01
-3.22329000 7.48884000e-01
-3.19329000 7.18928000e-01
-3.16329000 6.17799000e-01
-3.13329000 4.80022000e-01
-3.10329000 4.05817000e-01
-3.07329000 3.93819000e-01
-3.04329000 4.32847000e-01
-3.01329000 4.81757000e-01
-2.98329000 5.12603000e-01
-2.95329000 6.04469000e-01
-2.92329000 7.44693000e-01
-2.89329000 8.12322000e-01
-2.86329000 7.85957000e-01
-2.83329000 8.52373000e-01
-2.80329000 8.92042000e-01
-2.77329000 6.99560000e-01
-2.74329000 5.16064000e-01
-2.71329000 4.01324000e-01
-2.68329000 3.31057000e-01
-2.65329000 2.95370000e-01
-2.62329000 2.82268000e-01
-2.59329000 2.85428000e-01
-2.56329000 2.94480000e-01
-2.53329000 3.01692000e-01
-2.50329000 3.23483000e-01
-2.47329000 3.63459000e-01
-2.44329000 3.87489000e-01
-2.41329000 3.77933000e-01
-2.38329000 3.63264000e-01
-2.35329000 3.52327000e-01
-2.32329000 3.32685000e-01
-2.29329000 3.26401000e-01
-2.26329000 3.55054000e-01
-2.23329000 4.23097000e-01
-2.20329000 4.69160000e-01
-2.17329000 4.51197000e-01
-2.14329000 4.69190000e-01
-2.11329000 5.50546000e-01
-2.08329000 6.36768000e-01
-2.05329000 6.82364000e-01
-2.02329000 7.52618000e-01
-1.99329000 6.99723000e-01
-1.96329000 5.63541000e-01
-1.93329000 5.01218000e-01
-1.90329000 5.11954000e-01
-1.87329000 5.92122000e-01
-1.84329000 7.56533000e-01
-1.81329000 9.93002000e-01
-1.78329000 1.10408000e+00
-1.75329000 1.00836000e+00
-1.72329000 8.05264000e-01
-1.69329000 6.18791000e-01
-1.66329000 5.26009000e-01
-1.63329000 5.19983000e-01
-1.60329000 5.96382000e-01
-1.57329000 6.88670000e-01
-1.54329000 6.49296000e-01
-1.49051000 5.48408000e-01
-1.46051000 5.72725000e-01
-1.43051000 6.14079000e-01
-1.40051000 6.81115000e-01
-1.37051000 6.82435000e-01
-1.34051000 6.19017000e-01
-1.31051000 5.95292000e-01
-1.28051000 6.37400000e-01
-1.25051000 7.71679000e-01
-1.22051000 9.02919000e-01
-1.19051000 8.67297000e-01
-1.16051000 7.80058000e-01
-1.13051000 7.23692000e-01
-1.10051000 6.71460000e-01
-1.07051000 6.43919000e-01
-1.04051000 6.66620000e-01
-1.01051000 7.11148000e-01
-0.98051100 7.85396000e-01
-0.95051100 9.20147000e-01
-0.92051100 1.11207000e+00
-0.89051100 1.41230000e+00
-0.86051100 1.91347000e+00
-0.83051100 2.07080000e+00
-0.80051100 1.82113000e+00
-0.77051100 1.65945000e+00
-0.74051100 1.61153000e+00
-0.71051100 1.63594000e+00
-0.68051100 1.85734000e+00
-0.65051100 2.20556000e+00
-0.62051100 2.45437000e+00
-0.59051100 2.95768000e+00
-0.56051100 4.19544000e+00
-0.53051100 6.57895000e+00
-0.50051100 1.02833000e+01
-0.47051100 1.13376000e+01
-0.44051100 7.67434000e+00
-0.41051100 4.83072000e+00
-0.38051100 3.36070000e+00
-0.35051100 2.60223000e+00
-0.32051100 2.11460000e+00
-0.29051100 1.69772000e+00
-0.26051100 1.30360000e+00
-0.23051100 1.03162000e+00
-0.20051100 8.74918000e-01
-0.17051100 7.86007000e-01
-0.14051100 7.38224000e-01
-0.11051100 7.24034000e-01
-0.08051080 7.49046000e-01
-0.05051080 8.24003000e-01
-0.02051080 9.11812000e-01
0.00948925 9.96712000e-01
0.03948920 1.13504000e+00
0.06948920 1.46419000e+00
0.09948920 2.03497000e+00
0.12948900 2.40771000e+00
0.15948900 2.27186000e+00
0.18948900 2.12044000e+00
0.21948900 1.70815000e+00
0.24948900 1.43040000e+00
0.27948900 1.45350000e+00
0.30948900 1.64399000e+00
0.33948900 1.69114000e+00
0.36948900 1.54854000e+00
0.39948900 1.40031000e+00
0.42948900 1.19987000e+00
0.45948900 1.02597000e+00
0.48948900 9.77726000e-01
0.51948900 1.08405000e+00
0.54948900 1.29988000e+00
0.57948900 1.46130000e+00
0.60948900 1.61195000e+00
0.63948900 1.71283000e+00
0.66948900 1.78133000e+00
0.69948900 1.71851000e+00
0.72948900 1.66112000e+00
0.75948900 1.43943000e+00
