# E(MeV)  S_NSDRNSDR(K=1) for Th247_DDPCX
-5.03336000 1.97438000e-01
-5.00336000 2.01034000e-01
-4.97336000 2.04713000e-01
-4.94336000 2.08481000e-01
-4.91336000 2.12342000e-01
-4.88336000 2.16304000e-01
-4.85336000 2.20375000e-01
-4.82336000 2.24564000e-01
-4.79336000 2.28887000e-01
-4.76336000 2.33362000e-01
-4.73336000 2.38025000e-01
-4.70336000 2.42937000e-01
-4.67336000 2.48220000e-01
-4.64336000 2.54147000e-01
-4.61336000 2.61285000e-01
-4.58336000 2.69836000e-01
-4.55336000 2.75705000e-01
-4.52336000 2.77864000e-01
-4.49336000 2.81126000e-01
-4.44880000 2.88353000e-01
-4.41880000 2.94066000e-01
-4.38880000 3.00202000e-01
-4.35880000 3.06682000e-01
-4.32880000 3.13479000e-01
-4.29880000 3.20586000e-01
-4.26880000 3.28010000e-01
-4.23880000 3.35765000e-01
-4.20880000 3.43870000e-01
-4.17880000 3.52348000e-01
-4.14880000 3.61227000e-01
-4.11880000 3.70537000e-01
-4.08880000 3.80315000e-01
-4.05880000 3.90600000e-01
-4.02880000 4.01438000e-01
-3.99880000 4.12882000e-01
-3.96880000 4.24993000e-01
-3.93880000 4.37841000e-01
-3.90880000 4.51505000e-01
-3.86423000 4.73517000e-01
-3.83423000 4.89658000e-01
-3.80423000 5.07027000e-01
-3.77423000 5.25799000e-01
-3.74423000 5.46186000e-01
-3.71423000 5.68451000e-01
-3.68423000 5.92922000e-01
-3.65423000 6.20019000e-01
-3.62423000 6.50280000e-01
-3.59423000 6.84421000e-01
-3.56423000 7.23402000e-01
-3.53423000 7.68550000e-01
-3.50423000 8.21748000e-01
-3.47423000 8.85751000e-01
-3.44423000 9.64744000e-01
-3.41423000 1.06535000e+00
-3.38423000 1.19856000e+00
-3.35423000 1.38375000e+00
-3.32423000 1.65734000e+00
-3.27967000 2.40631000e+00
-3.24967000 3.43882000e+00
-3.21967000 5.45254000e+00
-3.18967000 8.71956000e+00
-3.15967000 9.65513000e+00
-3.12967000 6.60486000e+00
-3.09967000 4.27693000e+00
-3.06967000 3.15596000e+00
-3.03967000 2.64731000e+00
-3.00967000 2.44147000e+00
-2.97967000 2.40869000e+00
-2.94967000 2.49808000e+00
-2.91967000 2.69786000e+00
-2.88967000 3.02370000e+00
-2.85967000 3.52173000e+00
-2.82967000 4.28691000e+00
-2.79967000 5.51716000e+00
-2.76967000 7.53543000e+00
-2.73967000 1.08987000e+01
-2.69511000 2.23843000e+01
-2.66511000 3.20784000e+01
-2.63511000 2.70703000e+01
-2.60511000 1.74804000e+01
-2.57511000 1.25862000e+01
-2.54511000 1.09417000e+01
-2.51511000 1.12689000e+01
-2.48511000 1.33735000e+01
-2.45511000 1.79973000e+01
-2.42511000 2.72488000e+01
-2.39511000 4.53594000e+01
-2.36511000 7.61559000e+01
-2.33511000 8.95700000e+01
-2.30511000 5.97772000e+01
-2.27511000 3.41487000e+01
-2.24511000 2.10790000e+01
-2.21511000 1.44711000e+01
-2.18511000 1.09153000e+01
-2.15511000 8.93140000e+00
-2.11055000 7.60253000e+00
-2.08055000 7.47459000e+00
-2.05055000 7.80881000e+00
-2.02055000 8.62623000e+00
-1.99055000 1.05562000e+01
-1.96055000 1.47262000e+01
-1.93055000 2.30016000e+01
-1.90055000 3.21368000e+01
-1.87055000 2.75206000e+01
-1.84055000 1.85249000e+01
-1.81055000 1.40313000e+01
-1.78055000 1.26618000e+01
-1.75055000 1.31645000e+01
-1.72055000 1.55460000e+01
-1.69055000 2.00003000e+01
-1.66055000 2.46197000e+01
-1.63055000 3.11596000e+01
-1.60055000 4.22289000e+01
-1.57055000 4.97335000e+01
-1.52598000 7.68171000e+01
-1.49598000 1.23097000e+02
-1.46598000 1.41601000e+02
-1.43598000 9.44333000e+01
-1.40598000 5.54743000e+01
-1.37598000 3.65986000e+01
-1.34598000 2.86684000e+01
-1.31598000 2.51055000e+01
-1.28598000 2.13743000e+01
-1.25598000 1.86677000e+01
-1.22598000 1.80678000e+01
-1.19598000 2.06564000e+01
-1.16598000 2.81814000e+01
-1.13598000 4.03716000e+01
-1.10598000 3.99194000e+01
-1.07598000 2.72930000e+01
-1.04598000 1.93435000e+01
-1.01598000 1.61155000e+01
-0.98598200 1.56282000e+01
-0.94141900 1.89688000e+01
-0.91141900 2.51664000e+01
-0.88141900 3.70575000e+01
-0.85141900 5.54481000e+01
-0.82141900 7.45018000e+01
-0.79141900 9.33566000e+01
-0.76141900 1.09741000e+02
-0.73141900 8.36759000e+01
-0.70141900 5.04519000e+01
-0.67141900 3.19644000e+01
-0.64141900 2.24670000e+01
-0.61141900 1.73625000e+01
-0.58141900 1.46860000e+01
-0.55141900 1.34777000e+01
-0.52141900 1.33493000e+01
-0.49141900 1.42844000e+01
-0.46141900 1.66521000e+01
-0.43141900 2.14950000e+01
-0.40141900 3.10952000e+01
-0.35685600 5.63417000e+01
-0.32685600 5.67740000e+01
-0.29685600 4.40699000e+01
-0.26685600 3.93115000e+01
-0.23685600 4.06533000e+01
-0.20685600 4.74672000e+01
-0.17685600 6.58048000e+01
-0.14685600 9.63984000e+01
-0.11685600 1.14015000e+02
-0.08685620 1.33227000e+02
-0.05685620 1.65856000e+02
-0.02685620 1.44710000e+02
0.00314379 1.04705000e+02
0.03314380 9.23600000e+01
0.06314380 9.06044000e+01
0.09314380 8.19283000e+01
0.12314400 8.20250000e+01
0.15314400 9.43009000e+01
0.18314400 9.68474000e+01
0.22770700 6.28818000e+01
0.25770700 4.93638000e+01
0.28770700 4.72992000e+01
0.31770700 5.26963000e+01
0.34770700 5.32160000e+01
0.37770700 3.79181000e+01
0.40770700 2.44939000e+01
0.43770700 1.73700000e+01
0.46770700 1.37789000e+01
0.49770700 1.21574000e+01
0.52770700 1.20695000e+01
0.55770700 1.40025000e+01
0.58770700 1.81773000e+01
0.61770700 1.87619000e+01
0.64770700 1.35743000e+01
0.67770700 9.72392000e+00
0.70770700 7.80027000e+00
0.73770700 6.90188000e+00
0.76770700 6.56734000e+00
