# E(MeV)  S_NSDRNSDR(K=1) for Th243_DDPCX
-4.37721000 1.43334000e-01
-4.34721000 1.47305000e-01
-4.31721000 1.51421000e-01
-4.28721000 1.55698000e-01
-4.25721000 1.60154000e-01
-4.22721000 1.64809000e-01
-4.19721000 1.69686000e-01
-4.16721000 1.74813000e-01
-4.13721000 1.80222000e-01
-4.10721000 1.85948000e-01
-4.07721000 1.92036000e-01
-4.04721000 1.98538000e-01
-4.01721000 2.05516000e-01
-3.98721000 2.13044000e-01
-3.95721000 2.21212000e-01
-3.92721000 2.30132000e-01
-3.89721000 2.39942000e-01
-3.85827000 2.54292000e-01
-3.82827000 2.66875000e-01
-3.79827000 2.81114000e-01
-3.76827000 2.97403000e-01
-3.73827000 3.16259000e-01
-3.70827000 3.38385000e-01
-3.67827000 3.64740000e-01
-3.64827000 3.96672000e-01
-3.61827000 4.36118000e-01
-3.58827000 4.85942000e-01
-3.55827000 5.50513000e-01
-3.52827000 6.36754000e-01
-3.49827000 7.56135000e-01
-3.46827000 9.28669000e-01
-3.43827000 1.19152000e+00
-3.40827000 1.61886000e+00
-3.37827000 2.37087000e+00
-3.33932000 4.47697000e+00
-3.30932000 7.87984000e+00
-3.27932000 1.13160000e+01
-3.24932000 9.00246000e+00
-3.21932000 5.19593000e+00
-3.18932000 3.08709000e+00
-3.15932000 2.03127000e+00
-3.12932000 1.46595000e+00
-3.09932000 1.13845000e+00
-3.06932000 9.36135000e-01
-3.03932000 8.05025000e-01
-3.00932000 7.17218000e-01
-2.97932000 6.57303000e-01
-2.94932000 6.16299000e-01
-2.91932000 5.88753000e-01
-2.88932000 5.71268000e-01
-2.85932000 5.61714000e-01
-2.82037000 5.59121000e-01
-2.79037000 5.63946000e-01
-2.76037000 5.74697000e-01
-2.73037000 5.91980000e-01
-2.70037000 6.17172000e-01
-2.67037000 6.52857000e-01
-2.64037000 7.03739000e-01
-2.61037000 7.78626000e-01
-2.58037000 8.94979000e-01
-2.55037000 1.09004000e+00
-2.52037000 1.44792000e+00
-2.49037000 2.13814000e+00
-2.46037000 3.14354000e+00
-2.43037000 3.22555000e+00
-2.40037000 2.55028000e+00
-2.37037000 2.38177000e+00
-2.34037000 2.43680000e+00
-2.30142000 1.80455000e+00
-2.27142000 1.40419000e+00
-2.24142000 1.21513000e+00
-2.21142000 1.13921000e+00
-2.18142000 1.12520000e+00
-2.15142000 1.14974000e+00
-2.12142000 1.20500000e+00
-2.09142000 1.30074000e+00
-2.06142000 1.45854000e+00
-2.03142000 1.72852000e+00
-2.00142000 2.19941000e+00
-1.97142000 2.74003000e+00
-1.94142000 2.70630000e+00
-1.91142000 2.52462000e+00
-1.88142000 2.63548000e+00
-1.85142000 3.05020000e+00
-1.82142000 3.86050000e+00
-1.78247000 6.07899000e+00
-1.75247000 9.74238000e+00
-1.72247000 1.53110000e+01
-1.69247000 1.58265000e+01
-1.66247000 1.07128000e+01
-1.63247000 7.36189000e+00
-1.60247000 5.98088000e+00
-1.57247000 5.69297000e+00
-1.54247000 6.16877000e+00
-1.51247000 7.49157000e+00
-1.48247000 1.01807000e+01
-1.45247000 1.51839000e+01
-1.42247000 2.21985000e+01
-1.39247000 3.15319000e+01
-1.36247000 3.91093000e+01
-1.33247000 2.99671000e+01
-1.30247000 1.95748000e+01
-1.26352000 1.35715000e+01
-1.23352000 1.17716000e+01
-1.20352000 1.18312000e+01
-1.17352000 1.38742000e+01
-1.14352000 1.88963000e+01
-1.11352000 2.93328000e+01
-1.08352000 4.46049000e+01
-1.05352000 4.60623000e+01
-1.02352000 3.76596000e+01
-0.99352400 3.92751000e+01
-0.96352400 4.69125000e+01
-0.93352400 4.06809000e+01
-0.90352400 3.08345000e+01
-0.87352400 2.91958000e+01
-0.84352400 3.66394000e+01
-0.81352400 5.33851000e+01
-0.78352400 6.08128000e+01
-0.74457500 4.65763000e+01
-0.71457500 4.76312000e+01
-0.68457500 6.26930000e+01
-0.65457500 7.69345000e+01
-0.62457500 5.79208000e+01
-0.59457500 3.47638000e+01
-0.56457500 2.24469000e+01
-0.53457500 1.65820000e+01
-0.50457500 1.34584000e+01
-0.47457500 1.11619000e+01
-0.44457500 9.84705000e+00
-0.41457500 9.34494000e+00
-0.38457500 9.30528000e+00
-0.35457500 9.91500000e+00
-0.32457500 1.15017000e+01
-0.29457500 1.46681000e+01
-0.26457500 2.08155000e+01
-0.22562700 3.78438000e+01
-0.19562700 5.24778000e+01
-0.16562700 4.53529000e+01
-0.13562700 3.41437000e+01
-0.10562700 3.24496000e+01
-0.07562700 4.14673000e+01
-0.04562700 6.34949000e+01
-0.01562700 7.98104000e+01
0.01437300 5.99073000e+01
0.04437300 3.96157000e+01
0.07437300 3.20657000e+01
0.10437300 3.04326000e+01
0.13437300 2.67737000e+01
0.16437300 2.36531000e+01
0.19437300 2.30853000e+01
0.22437300 2.73902000e+01
0.25437300 3.95133000e+01
0.29332200 6.60799000e+01
0.32332200 6.48342000e+01
0.35332200 5.49385000e+01
0.38332200 5.70104000e+01
0.41332200 5.30784000e+01
0.44332200 4.65152000e+01
0.47332200 4.99304000e+01
0.50332200 4.52647000e+01
0.53332200 3.08292000e+01
0.56332200 2.14406000e+01
0.59332200 1.65692000e+01
0.62332200 1.48217000e+01
0.65332200 1.55239000e+01
0.68332200 1.77374000e+01
0.71332200 2.00055000e+01
0.74332200 2.30623000e+01
0.77332200 3.06176000e+01
