# E(MeV)  S_NSDRNSDR(K=0) for Th247_DDPCX
-5.03336000 1.86067000e-01
-5.00336000 1.98148000e-01
-4.97336000 2.11889000e-01
-4.94336000 2.27681000e-01
-4.91336000 2.46038000e-01
-4.88336000 2.67649000e-01
-4.85336000 2.93454000e-01
-4.82336000 3.24759000e-01
-4.79336000 3.63421000e-01
-4.76336000 4.12158000e-01
-4.73336000 4.75059000e-01
-4.70336000 5.58506000e-01
-4.67336000 6.72873000e-01
-4.64336000 8.35864000e-01
-4.61336000 1.07950000e+00
-4.58336000 1.46576000e+00
-4.55336000 2.12431000e+00
-4.52336000 3.34646000e+00
-4.49336000 5.77754000e+00
-4.44880000 1.20710000e+01
-4.41880000 1.09529000e+01
-4.38880000 6.44636000e+00
-4.35880000 3.69833000e+00
-4.32880000 2.32540000e+00
-4.29880000 1.60132000e+00
-4.26880000 1.18671000e+00
-4.23880000 9.31860000e-01
-4.20880000 7.66225000e-01
-4.17880000 6.53876000e-01
-4.14880000 5.75190000e-01
-4.11880000 5.18793000e-01
-4.08880000 4.77759000e-01
-4.05880000 4.47695000e-01
-4.02880000 4.25712000e-01
-3.99880000 4.09860000e-01
-3.96880000 3.98790000e-01
-3.93880000 3.91553000e-01
-3.90880000 3.87475000e-01
-3.86423000 3.86253000e-01
-3.83423000 3.88235000e-01
-3.80423000 3.92241000e-01
-3.77423000 3.98159000e-01
-3.74423000 4.05947000e-01
-3.71423000 4.15627000e-01
-3.68423000 4.27288000e-01
-3.65423000 4.41100000e-01
-3.62423000 4.57335000e-01
-3.59423000 4.76402000e-01
-3.56423000 4.98921000e-01
-3.53423000 5.25839000e-01
-3.50423000 5.58663000e-01
-3.47423000 5.99895000e-01
-3.44423000 6.53959000e-01
-3.41423000 7.29259000e-01
-3.38423000 8.43134000e-01
-3.35423000 1.03420000e+00
-3.32423000 1.38771000e+00
-3.27967000 2.27875000e+00
-3.24967000 2.18528000e+00
-3.21967000 1.64126000e+00
-3.18967000 1.33578000e+00
-3.15967000 1.22228000e+00
-3.12967000 1.20633000e+00
-3.09967000 1.24544000e+00
-3.06967000 1.32332000e+00
-3.03967000 1.43557000e+00
-3.00967000 1.58443000e+00
-2.97967000 1.77753000e+00
-2.94967000 2.02887000e+00
-2.91967000 2.36226000e+00
-2.88967000 2.81905000e+00
-2.85967000 3.47560000e+00
-2.82967000 4.48503000e+00
-2.79967000 6.17579000e+00
-2.76967000 9.17188000e+00
-2.73967000 1.32835000e+01
-2.69511000 1.40868000e+01
-2.66511000 1.51172000e+01
-2.63511000 2.01611000e+01
-2.60511000 3.18297000e+01
-2.57511000 5.57850000e+01
-2.54511000 8.68607000e+01
-2.51511000 7.75966000e+01
-2.48511000 4.52934000e+01
-2.45511000 2.58036000e+01
-2.42511000 1.60493000e+01
-2.39511000 1.08847000e+01
-2.36511000 7.91623000e+00
-2.33511000 6.08670000e+00
-2.30511000 4.89698000e+00
-2.27511000 4.09261000e+00
-2.24511000 3.53475000e+00
-2.21511000 3.14335000e+00
-2.18511000 2.87037000e+00
-2.15511000 2.68623000e+00
-2.11055000 2.53969000e+00
-2.08055000 2.51321000e+00
-2.05055000 2.54089000e+00
-2.02055000 2.62451000e+00
-1.99055000 2.77075000e+00
-1.96055000 2.99260000e+00
-1.93055000 3.31208000e+00
-1.90055000 3.76572000e+00
-1.87055000 4.41496000e+00
-1.84055000 5.36725000e+00
-1.81055000 6.82157000e+00
-1.78055000 9.17355000e+00
-1.75055000 1.32742000e+01
-1.72055000 2.10486000e+01
-1.69055000 3.61218000e+01
-1.66055000 5.55467000e+01
-1.63055000 5.15892000e+01
-1.60055000 3.53540000e+01
-1.57055000 2.89869000e+01
-1.52598000 3.93547000e+01
-1.49598000 5.69269000e+01
-1.46598000 5.70516000e+01
-1.43598000 3.72157000e+01
-1.40598000 2.19622000e+01
-1.37598000 1.41009000e+01
-1.34598000 1.00945000e+01
-1.31598000 7.91367000e+00
-1.28598000 6.37547000e+00
-1.25598000 5.26226000e+00
-1.22598000 4.50219000e+00
-1.19598000 4.13703000e+00
-1.16598000 4.09643000e+00
-1.13598000 3.83222000e+00
-1.10598000 3.27387000e+00
-1.07598000 2.89842000e+00
-1.04598000 2.70385000e+00
-1.01598000 2.62261000e+00
-0.98598200 2.62861000e+00
-0.94141900 2.81305000e+00
-0.91141900 3.07505000e+00
-0.88141900 3.51142000e+00
-0.85141900 4.36106000e+00
-0.82141900 5.53403000e+00
-0.79141900 5.56436000e+00
-0.76141900 4.88504000e+00
-0.73141900 4.79658000e+00
-0.70141900 5.39789000e+00
-0.67141900 6.86977000e+00
-0.64141900 9.50792000e+00
-0.61141900 1.12608000e+01
-0.58141900 1.00496000e+01
-0.55141900 9.61238000e+00
-0.52141900 1.12889000e+01
-0.49141900 1.55038000e+01
-0.46141900 1.97678000e+01
-0.43141900 1.83078000e+01
-0.40141900 1.69914000e+01
-0.35685600 2.23789000e+01
-0.32685600 3.11594000e+01
-0.29685600 3.78564000e+01
-0.26685600 4.24744000e+01
-0.23685600 4.55054000e+01
-0.20685600 4.87392000e+01
-0.17685600 5.90659000e+01
-0.14685600 6.21799000e+01
-0.11685600 6.80306000e+01
-0.08685620 9.62060000e+01
-0.05685620 1.57924000e+02
-0.02685620 2.13345000e+02
0.00314379 1.83182000e+02
0.03314380 1.20174000e+02
0.06314380 7.23660000e+01
0.09314380 4.49556000e+01
0.12314400 3.00442000e+01
0.15314400 2.17068000e+01
0.18314400 1.68053000e+01
0.22770700 1.29515000e+01
0.25770700 1.21105000e+01
0.28770700 1.27757000e+01
0.31770700 1.42427000e+01
0.34770700 1.51552000e+01
0.37770700 1.29513000e+01
0.40770700 9.42239000e+00
0.43770700 7.33996000e+00
0.46770700 6.31781000e+00
0.49770700 5.89939000e+00
0.52770700 5.91448000e+00
0.55770700 6.34207000e+00
0.58770700 7.40116000e+00
0.61770700 9.64549000e+00
0.64770700 1.32104000e+01
0.67770700 1.51863000e+01
0.70770700 1.66302000e+01
0.73770700 2.27224000e+01
0.76770700 3.27847000e+01
