# E(MeV)  S_NSDRNSDR(K=0) for Th243_DDPCX
-4.37721000 4.89979000e-02
-4.34721000 5.09747000e-02
-4.31721000 5.29704000e-02
-4.28721000 5.49867000e-02
-4.25721000 5.70248000e-02
-4.22721000 5.90863000e-02
-4.19721000 6.11728000e-02
-4.16721000 6.32859000e-02
-4.13721000 6.54274000e-02
-4.10721000 6.75990000e-02
-4.07721000 6.98027000e-02
-4.04721000 7.20402000e-02
-4.01721000 7.43138000e-02
-3.98721000 7.66255000e-02
-3.95721000 7.89776000e-02
-3.92721000 8.13724000e-02
-3.89721000 8.38126000e-02
-3.85827000 8.70524000e-02
-3.82827000 8.96067000e-02
-3.79827000 9.22156000e-02
-3.76827000 9.48822000e-02
-3.73827000 9.76098000e-02
-3.70827000 1.00402000e-01
-3.67827000 1.03263000e-01
-3.64827000 1.06196000e-01
-3.61827000 1.09206000e-01
-3.58827000 1.12298000e-01
-3.55827000 1.15476000e-01
-3.52827000 1.18745000e-01
-3.49827000 1.22113000e-01
-3.46827000 1.25584000e-01
-3.43827000 1.29165000e-01
-3.40827000 1.32864000e-01
-3.37827000 1.36688000e-01
-3.33932000 1.41854000e-01
-3.30932000 1.46000000e-01
-3.27932000 1.50302000e-01
-3.24932000 1.54772000e-01
-3.21932000 1.59422000e-01
-3.18932000 1.64267000e-01
-3.15932000 1.69321000e-01
-3.12932000 1.74601000e-01
-3.09932000 1.80128000e-01
-3.06932000 1.85921000e-01
-3.03932000 1.92006000e-01
-3.00932000 1.98410000e-01
-2.97932000 2.05166000e-01
-2.94932000 2.12311000e-01
-2.91932000 2.19889000e-01
-2.88932000 2.27952000e-01
-2.85932000 2.36565000e-01
-2.82037000 2.48699000e-01
-2.79037000 2.58913000e-01
-2.76037000 2.70039000e-01
-2.73037000 2.82274000e-01
-2.70037000 2.95907000e-01
-2.67037000 3.11371000e-01
-2.64037000 3.29363000e-01
-2.61037000 3.51083000e-01
-2.58037000 3.78766000e-01
-2.55037000 4.16960000e-01
-2.52037000 4.75698000e-01
-2.49037000 5.77266000e-01
-2.46037000 7.49328000e-01
-2.43037000 8.74085000e-01
-2.40037000 7.65198000e-01
-2.37037000 6.51413000e-01
-2.34037000 6.07495000e-01
-2.30142000 6.06751000e-01
-2.27142000 6.28174000e-01
-2.24142000 6.61671000e-01
-2.21142000 7.05213000e-01
-2.18142000 7.58621000e-01
-2.15142000 8.22831000e-01
-2.12142000 8.99683000e-01
-2.09142000 9.91975000e-01
-2.06142000 1.10371000e+00
-2.03142000 1.24056000e+00
-2.00142000 1.41062000e+00
-1.97142000 1.62573000e+00
-1.94142000 1.90364000e+00
-1.91142000 2.27186000e+00
-1.88142000 2.77475000e+00
-1.85142000 3.48738000e+00
-1.82142000 4.54416000e+00
-1.78247000 6.88058000e+00
-1.75247000 1.01932000e+01
-1.72247000 1.64101000e+01
-1.69247000 2.87028000e+01
-1.66247000 4.83218000e+01
-1.63247000 5.49920000e+01
-1.60247000 3.93363000e+01
-1.57247000 2.31111000e+01
-1.54247000 1.41561000e+01
-1.51247000 9.30487000e+00
-1.48247000 6.55006000e+00
-1.45247000 4.95519000e+00
-1.42247000 3.98969000e+00
-1.39247000 3.38911000e+00
-1.36247000 3.02106000e+00
-1.33247000 2.81895000e+00
-1.30247000 2.75400000e+00
-1.26352000 2.87534000e+00
-1.23352000 3.17527000e+00
-1.20352000 3.78619000e+00
-1.17352000 4.99404000e+00
-1.14352000 7.24022000e+00
-1.11352000 9.45816000e+00
-1.08352000 8.67620000e+00
-1.05352000 7.76272000e+00
-1.02352000 8.62277000e+00
-0.99352400 1.17467000e+01
-0.96352400 1.87572000e+01
-0.93352400 3.11914000e+01
-0.90352400 3.66752000e+01
-0.87352400 2.51372000e+01
-0.84352400 1.54464000e+01
-0.81352400 1.09503000e+01
-0.78352400 9.43928000e+00
-0.74457500 1.06024000e+01
-0.71457500 1.46824000e+01
-0.68457500 2.34621000e+01
-0.65457500 3.21874000e+01
-0.62457500 2.54176000e+01
-0.59457500 1.51190000e+01
-0.56457500 9.46930000e+00
-0.53457500 6.64529000e+00
-0.50457500 5.14686000e+00
-0.47457500 4.36886000e+00
-0.44457500 4.05871000e+00
-0.41457500 4.17238000e+00
-0.38457500 4.58314000e+00
-0.35457500 4.37180000e+00
-0.32457500 3.77873000e+00
-0.29457500 3.50993000e+00
-0.26457500 3.53525000e+00
-0.22562700 3.92595000e+00
-0.19562700 4.61160000e+00
-0.16562700 5.90711000e+00
-0.13562700 7.78663000e+00
-0.10562700 8.39216000e+00
-0.07562700 7.96083000e+00
-0.04562700 7.92429000e+00
-0.01562700 8.62964000e+00
0.01437300 1.04190000e+01
0.04437300 1.38005000e+01
0.07437300 2.01436000e+01
0.10437300 3.20842000e+01
0.13437300 4.81417000e+01
0.16437300 5.13599000e+01
0.19437300 5.22305000e+01
0.22437300 6.96480000e+01
0.25437300 8.83287000e+01
0.29332200 6.78582000e+01
0.32332200 5.50312000e+01
0.35332200 4.41706000e+01
0.38332200 3.89355000e+01
0.41332200 4.56083000e+01
0.44332200 6.74406000e+01
0.47332200 8.93955000e+01
0.50332200 6.95549000e+01
0.53332200 4.14971000e+01
0.56332200 2.63470000e+01
0.59332200 1.91192000e+01
0.62332200 1.59889000e+01
0.65332200 1.57393000e+01
0.68332200 1.85757000e+01
0.71332200 2.32435000e+01
0.74332200 2.31921000e+01
0.77332200 2.15063000e+01
