# E(MeV)  S_NSDRNSDR(K=1) for Th297_DDPCX
-17.28620000 2.30739000e-01
-17.25620000 2.34614000e-01
-17.22620000 2.33866000e-01
-17.19620000 2.32757000e-01
-17.16620000 2.33006000e-01
-17.13620000 2.34026000e-01
-17.10620000 2.35424000e-01
-17.07620000 2.37026000e-01
-17.04620000 2.38754000e-01
-17.01620000 2.40571000e-01
-16.98620000 2.42461000e-01
-16.95620000 2.44412000e-01
-16.92620000 2.46420000e-01
-16.89620000 2.48483000e-01
-16.86620000 2.50601000e-01
-16.83620000 2.52774000e-01
-16.80620000 2.55004000e-01
-16.77620000 2.57292000e-01
-16.74620000 2.59640000e-01
-16.71620000 2.62051000e-01
-16.68620000 2.64529000e-01
-16.65620000 2.67076000e-01
-16.62620000 2.69697000e-01
-16.59620000 2.72395000e-01
-16.56620000 2.75175000e-01
-16.53620000 2.78041000e-01
-16.50620000 2.81000000e-01
-16.47620000 2.84057000e-01
-16.44620000 2.87218000e-01
-16.41620000 2.90492000e-01
-16.38620000 2.93885000e-01
-16.35620000 2.97407000e-01
-16.32620000 3.01067000e-01
-16.29620000 3.04876000e-01
-16.26620000 3.08847000e-01
-16.23620000 3.12994000e-01
-16.20620000 3.17330000e-01
-16.17620000 3.21875000e-01
-16.14620000 3.26647000e-01
-16.11620000 3.31671000e-01
-16.08620000 3.36971000e-01
-16.05620000 3.42578000e-01
-16.02620000 3.48529000e-01
-15.99620000 3.54865000e-01
-15.96620000 3.61637000e-01
-15.93620000 3.68906000e-01
-15.90620000 3.76748000e-01
-15.87620000 3.85260000e-01
-15.84620000 3.94563000e-01
-15.81620000 4.04821000e-01
-15.78620000 4.16262000e-01
-15.75620000 4.29213000e-01
-15.72620000 4.44180000e-01
-15.69620000 4.61997000e-01
-15.66620000 4.84102000e-01
-15.63620000 5.13077000e-01
-15.60620000 5.54128000e-01
-15.57620000 6.12489000e-01
-15.54620000 6.93338000e-01
-15.51620000 8.08810000e-01
-15.47640000 8.99909000e-01
-15.44640000 9.69389000e-01
-15.41640000 9.69921000e-01
-15.38640000 8.91851000e-01
-15.35640000 8.56737000e-01
-15.32640000 8.74370000e-01
-15.29640000 9.29020000e-01
-15.26640000 1.01668000e+00
-15.23640000 1.14326000e+00
-15.20640000 1.31304000e+00
-15.17640000 1.50855000e+00
-15.14640000 1.77162000e+00
-15.11640000 2.17479000e+00
-15.08640000 2.80598000e+00
-15.05640000 3.83597000e+00
-15.02640000 5.62595000e+00
-14.99640000 9.04331000e+00
-14.96640000 1.58395000e+01
-14.93640000 2.57076000e+01
-14.90640000 2.52217000e+01
-14.87640000 1.55443000e+01
-14.84640000 9.38635000e+00
-14.81640000 6.63852000e+00
-14.78640000 5.48855000e+00
-14.75640000 4.85762000e+00
-14.72640000 4.02920000e+00
-14.69640000 3.39039000e+00
-14.66640000 3.02654000e+00
-14.63640000 3.01305000e+00
-14.60640000 2.72784000e+00
-14.57640000 2.07089000e+00
-14.54640000 1.64225000e+00
-14.51640000 1.43335000e+00
-14.48640000 1.33783000e+00
-14.45640000 1.25932000e+00
-14.42640000 1.15677000e+00
-14.39640000 1.07682000e+00
-14.36640000 1.02865000e+00
-14.33640000 1.00294000e+00
-14.30640000 9.94449000e-01
-14.27640000 9.92401000e-01
-14.24640000 9.98493000e-01
-14.21640000 1.01554000e+00
-14.18640000 1.04461000e+00
-14.15640000 1.08657000e+00
-14.12640000 1.14061000e+00
-14.09640000 1.21490000e+00
-14.06640000 1.30348000e+00
-14.03640000 1.37997000e+00
-14.00640000 1.45393000e+00
-13.97640000 1.56747000e+00
-13.94640000 1.74099000e+00
-13.91640000 1.99096000e+00
-13.88640000 2.26715000e+00
-13.85640000 2.58344000e+00
-13.82640000 3.10344000e+00
-13.79640000 3.82724000e+00
-13.76640000 4.64786000e+00
-13.73640000 6.04984000e+00
-13.70640000 8.84768000e+00
-13.66650000 1.62890000e+01
-13.63650000 2.12536000e+01
-13.60650000 1.83994000e+01
-13.57650000 1.45490000e+01
-13.54650000 1.46987000e+01
-13.51650000 1.76515000e+01
-13.48650000 2.09345000e+01
-13.45650000 2.68712000e+01
-13.42650000 3.41949000e+01
-13.39650000 4.74051000e+01
-13.36650000 5.62040000e+01
-13.33650000 3.93462000e+01
-13.30650000 2.26405000e+01
-13.27650000 1.38880000e+01
-13.24650000 9.44789000e+00
-13.21650000 7.08847000e+00
-13.18650000 5.86476000e+00
-13.15650000 5.44921000e+00
-13.12650000 5.57615000e+00
-13.09650000 5.17428000e+00
-13.06650000 4.18490000e+00
-13.03650000 3.53325000e+00
-13.00650000 3.01179000e+00
-12.97650000 2.65912000e+00
-12.94650000 2.50028000e+00
-12.91650000 2.50193000e+00
-12.88650000 2.48584000e+00
-12.85650000 2.41405000e+00
-12.82650000 2.44999000e+00
-12.79650000 2.35296000e+00
-12.76650000 2.09163000e+00
-12.73650000 1.91447000e+00
-12.70650000 1.81689000e+00
-12.67650000 1.77624000e+00
-12.64650000 1.77450000e+00
-12.61650000 1.79654000e+00
-12.58650000 1.84206000e+00
-12.55650000 1.90873000e+00
-12.52650000 1.98510000e+00
-12.49650000 2.08622000e+00
-12.46650000 2.22653000e+00
-12.43650000 2.41748000e+00
-12.40650000 2.68227000e+00
-12.37650000 3.03061000e+00
-12.34650000 3.41977000e+00
-12.31650000 3.92060000e+00
-12.28650000 4.68887000e+00
-12.25650000 5.94418000e+00
-12.22650000 8.27038000e+00
-12.19650000 1.26937000e+01
-12.16650000 1.89454000e+01
-12.13650000 2.04031000e+01
-12.10650000 1.62751000e+01
-12.07650000 1.38018000e+01
-12.04650000 1.41658000e+01
-12.01650000 1.82086000e+01
-11.98650000 2.77493000e+01
-11.95650000 3.82387000e+01
-11.92650000 3.30833000e+01
-11.89650000 2.30612000e+01
-11.85670000 1.73638000e+01
-11.82670000 1.73479000e+01
-11.79670000 2.06726000e+01
-11.76670000 2.52264000e+01
-11.73670000 2.78352000e+01
-11.70670000 3.35018000e+01
-11.67670000 4.72820000e+01
-11.64670000 7.29123000e+01
-11.61670000 9.12639000e+01
-11.58670000 7.53112000e+01
-11.55670000 6.26348000e+01
-11.52670000 5.92583000e+01
-11.49670000 5.01437000e+01
-11.46670000 3.58377000e+01
-11.43670000 2.48276000e+01
-11.40670000 2.02661000e+01
-11.37670000 1.96962000e+01
-11.34670000 1.77692000e+01
-11.31670000 1.40633000e+01
-11.28670000 1.20383000e+01
-11.25670000 1.16074000e+01
-11.22670000 1.23566000e+01
-11.19670000 1.42750000e+01
-11.16670000 1.79687000e+01
-11.13670000 2.48901000e+01
-11.10670000 3.86007000e+01
-11.07670000 6.60211000e+01
-11.04670000 1.04646000e+02
-11.01670000 1.05562000e+02
-10.98670000 7.34798000e+01
-10.95670000 4.55660000e+01
-10.92670000 2.90413000e+01
-10.89670000 2.00531000e+01
-10.86670000 1.53998000e+01
-10.83670000 1.33073000e+01
-10.80670000 1.21104000e+01
-10.77670000 1.04471000e+01
-10.74670000 8.49648000e+00
-10.71670000 7.39441000e+00
-10.68670000 7.12417000e+00
-10.65670000 7.16733000e+00
-10.62670000 6.85436000e+00
-10.59670000 6.37318000e+00
-10.56670000 6.11941000e+00
-10.53670000 6.34906000e+00
-10.50670000 7.20287000e+00
-10.47670000 8.98824000e+00
-10.44670000 1.17924000e+01
-10.41670000 1.49244000e+01
-10.38670000 1.70594000e+01
-10.35670000 1.53842000e+01
-10.32670000 1.42838000e+01
-10.29670000 1.63271000e+01
-10.26670000 2.09711000e+01
-10.23670000 2.66480000e+01
-10.20670000 2.94267000e+01
-10.17670000 3.49446000e+01
-10.14670000 5.11633000e+01
-10.11670000 6.81810000e+01
-10.08670000 5.65012000e+01
-10.04680000 3.43638000e+01
-10.01680000 3.00372000e+01
-9.98684000 2.67400000e+01
-9.95684000 2.05842000e+01
-9.92684000 1.77299000e+01
-9.89684000 1.81880000e+01
-9.86684000 2.21505000e+01
-9.83684000 3.05379000e+01
-9.80684000 3.21947000e+01
-9.77684000 2.21516000e+01
-9.74684000 1.45154000e+01
-9.71684000 1.06253000e+01
-9.68684000 8.70787000e+00
-9.65684000 7.95270000e+00
-9.62684000 8.17342000e+00
-9.59684000 9.57328000e+00
-9.56684000 1.14365000e+01
-9.53684000 1.05191000e+01
-9.50684000 8.55744000e+00
-9.47684000 7.65851000e+00
-9.44684000 7.78668000e+00
-9.41684000 8.89050000e+00
-9.38684000 1.04143000e+01
-9.35684000 1.06860000e+01
-9.32684000 9.79907000e+00
-9.29684000 9.37193000e+00
-9.26684000 1.00366000e+01
-9.23684000 1.19080000e+01
-9.20684000 1.54996000e+01
-9.17684000 2.15263000e+01
-9.14684000 2.89505000e+01
-9.11684000 3.93220000e+01
-9.08684000 4.61405000e+01
-9.05684000 3.77082000e+01
-9.02684000 2.95013000e+01
-8.99684000 2.61168000e+01
-8.96684000 2.77248000e+01
-8.93684000 3.50117000e+01
-8.90684000 4.55552000e+01
-8.87684000 5.31169000e+01
-8.84684000 6.18723000e+01
-8.81684000 7.97820000e+01
-8.78684000 9.51759000e+01
-8.75684000 1.10619000e+02
-8.72684000 1.29493000e+02
-8.69684000 1.16105000e+02
-8.66684000 8.46037000e+01
-8.63684000 6.99643000e+01
-8.60684000 5.92911000e+01
-8.57684000 4.33743000e+01
-8.54684000 3.19134000e+01
-8.51684000 2.49327000e+01
-8.48684000 2.11992000e+01
-8.45684000 1.94809000e+01
-8.42684000 1.92945000e+01
-8.39684000 2.08356000e+01
-8.36684000 2.48672000e+01
-8.33684000 3.32711000e+01
-8.30684000 4.74774000e+01
-8.27684000 5.71191000e+01
-8.23698000 5.82525000e+01
-8.20698000 7.12640000e+01
-8.17698000 8.51609000e+01
-8.14698000 7.06589000e+01
-8.11698000 5.40250000e+01
-8.08698000 4.98263000e+01
-8.05698000 5.55133000e+01
-8.02698000 7.02124000e+01
-7.99698000 9.41042000e+01
-7.96698000 1.04303000e+02
-7.93698000 9.68640000e+01
-7.90698000 9.07537000e+01
-7.87698000 8.42654000e+01
-7.84698000 8.62565000e+01
-7.81698000 1.08214000e+02
-7.78698000 1.51922000e+02
-7.75698000 2.21396000e+02
-7.72698000 2.91344000e+02
-7.69698000 2.53515000e+02
-7.66698000 1.92078000e+02
-7.63698000 1.62184000e+02
-7.60698000 1.60641000e+02
-7.57698000 1.71826000e+02
-7.54698000 1.93434000e+02
-7.51698000 1.86979000e+02
-7.48698000 1.63014000e+02
-7.45698000 1.35586000e+02
-7.42698000 1.14007000e+02
-7.39698000 1.14160000e+02
-7.36698000 1.24419000e+02
-7.33698000 1.51104000e+02
-7.30698000 1.85454000e+02
-7.27698000 2.00732000e+02
-7.24698000 2.12342000e+02
-7.21698000 1.74649000e+02
-7.18698000 1.27063000e+02
-7.15698000 1.11260000e+02
-7.12698000 1.23289000e+02
-7.09698000 1.45932000e+02
-7.06698000 1.31040000e+02
-7.03698000 9.55411000e+01
-7.00698000 7.69001000e+01
-6.97698000 7.21523000e+01
-6.94698000 7.69353000e+01
-6.91698000 8.55292000e+01
-6.88698000 1.00084000e+02
-6.85698000 1.03710000e+02
-6.82698000 9.79798000e+01
-6.79698000 1.06371000e+02
-6.76698000 1.24583000e+02
-6.73698000 1.54784000e+02
-6.70698000 2.15402000e+02
-6.67698000 3.24155000e+02
-6.64698000 4.40233000e+02
-6.61698000 4.53041000e+02
-6.58698000 3.77973000e+02
-6.55698000 2.64778000e+02
-6.52698000 1.76584000e+02
-6.49698000 1.23246000e+02
-6.46698000 9.18005000e+01
-6.42713000 7.17356000e+01
-6.39713000 6.67931000e+01
-6.36713000 6.86671000e+01
-6.33713000 8.08363000e+01
-6.30713000 1.06764000e+02
-6.27713000 1.42813000e+02
-6.24713000 1.74818000e+02
-6.21713000 2.03768000e+02
-6.18713000 1.99379000e+02
-6.15713000 1.65066000e+02
-6.12713000 1.40238000e+02
-6.09713000 1.26947000e+02
-6.06713000 1.15294000e+02
-6.03713000 1.17710000e+02
-6.00713000 1.37769000e+02
-5.97713000 1.85464000e+02
-5.94713000 2.35202000e+02
-5.91713000 2.11758000e+02
-5.88713000 1.70897000e+02
-5.85713000 1.71114000e+02
-5.82713000 2.20648000e+02
-5.79713000 3.04668000e+02
-5.76713000 3.24789000e+02
-5.73713000 2.49780000e+02
-5.70713000 1.88908000e+02
-5.67713000 1.72753000e+02
-5.64713000 2.05711000e+02
-5.61713000 2.67104000e+02
-5.58713000 2.78024000e+02
-5.55713000 2.71983000e+02
-5.52713000 2.29956000e+02
-5.49713000 1.91969000e+02
-5.46713000 1.86418000e+02
-5.43713000 1.62379000e+02
-5.40713000 1.28442000e+02
-5.37713000 1.06872000e+02
-5.34713000 9.11087000e+01
-5.31713000 7.32600000e+01
-5.28713000 6.58075000e+01
-5.25713000 6.77813000e+01
-5.22713000 7.68207000e+01
-5.19713000 8.97419000e+01
-5.16713000 8.52868000e+01
-5.13713000 7.66393000e+01
-5.10713000 8.15796000e+01
-5.07713000 9.10950000e+01
-5.04713000 9.96794000e+01
-5.01713000 1.16049000e+02
-4.98713000 1.31516000e+02
-4.95713000 1.33237000e+02
-4.92713000 1.22218000e+02
-4.89713000 1.20430000e+02
-4.86713000 1.29782000e+02
-4.83713000 1.34327000e+02
-4.80713000 1.29977000e+02
-4.77713000 1.19025000e+02
-4.74713000 1.05298000e+02
-4.71713000 1.10249000e+02
-4.68713000 1.41970000e+02
-4.65713000 1.89453000e+02
-4.61728000 1.54331000e+02
-4.58728000 9.89382000e+01
-4.55728000 6.92058000e+01
-4.52728000 5.68430000e+01
-4.49728000 5.13097000e+01
-4.46728000 4.54562000e+01
-4.43728000 4.28260000e+01
-4.40728000 4.60595000e+01
-4.37728000 5.44008000e+01
-4.34728000 5.63241000e+01
-4.31728000 5.31651000e+01
-4.28728000 5.45474000e+01
-4.25728000 5.56954000e+01
-4.22728000 5.37784000e+01
-4.19728000 5.93406000e+01
-4.16728000 6.56068000e+01
-4.13728000 6.35678000e+01
-4.10728000 6.02828000e+01
-4.07728000 6.47134000e+01
-4.04728000 8.53894000e+01
-4.01728000 1.30333000e+02
-3.98728000 2.04470000e+02
-3.95728000 2.59956000e+02
-3.92728000 2.05103000e+02
-3.89728000 1.31729000e+02
-3.86728000 8.90588000e+01
-3.83728000 6.74639000e+01
-3.80728000 6.00665000e+01
-3.77728000 5.60162000e+01
-3.74728000 4.79696000e+01
-3.71728000 4.30764000e+01
-3.68728000 4.36832000e+01
-3.65728000 4.64034000e+01
-3.62728000 5.31421000e+01
-3.59728000 7.01561000e+01
-3.56728000 8.95673000e+01
-3.53728000 8.25806000e+01
-3.50728000 6.22284000e+01
-3.47728000 5.27054000e+01
-3.44728000 5.79305000e+01
-3.41728000 7.27738000e+01
-3.38728000 6.73706000e+01
-3.35728000 4.89429000e+01
-3.32728000 4.05689000e+01
-3.29728000 3.94462000e+01
-3.26728000 3.60245000e+01
-3.23728000 3.08575000e+01
-3.20728000 3.12378000e+01
-3.17728000 3.76809000e+01
-3.14728000 4.53073000e+01
-3.11728000 5.02275000e+01
-3.08728000 5.60546000e+01
-3.05728000 4.89707000e+01
-3.02728000 3.46736000e+01
-2.99728000 2.68823000e+01
-2.96728000 2.42625000e+01
-2.93728000 2.30013000e+01
-2.90728000 2.26003000e+01
-2.87728000 2.61105000e+01
-2.84728000 3.57273000e+01
-2.80743000 4.94612000e+01
-2.77743000 4.05611000e+01
-2.74743000 3.05860000e+01
-2.71743000 2.71638000e+01
-2.68743000 2.64377000e+01
-2.65743000 2.79457000e+01
-2.62743000 3.50953000e+01
-2.59743000 4.21082000e+01
-2.56743000 3.94804000e+01
-2.53743000 3.21000000e+01
-2.50743000 2.95759000e+01
-2.47743000 3.00843000e+01
-2.44743000 3.14376000e+01
-2.41743000 3.19810000e+01
-2.38743000 2.79026000e+01
-2.35743000 2.31401000e+01
-2.32743000 2.22786000e+01
-2.29743000 2.51268000e+01
-2.26743000 2.71822000e+01
-2.23743000 2.91754000e+01
-2.20743000 3.29469000e+01
-2.17743000 3.26863000e+01
-2.14743000 2.84149000e+01
-2.11743000 2.46731000e+01
-2.08743000 2.64983000e+01
-2.05743000 2.74626000e+01
-2.02743000 2.42746000e+01
-1.99743000 2.28005000e+01
-1.96743000 2.22960000e+01
-1.93743000 1.93359000e+01
-1.90743000 1.63469000e+01
-1.87743000 1.58658000e+01
-1.84743000 1.61000000e+01
-1.81743000 1.69239000e+01
-1.78743000 1.62582000e+01
-1.75743000 1.50617000e+01
-1.72743000 1.41181000e+01
-1.69743000 1.39134000e+01
-1.66743000 1.43552000e+01
-1.63743000 1.48289000e+01
-1.60743000 1.58476000e+01
-1.57743000 1.76037000e+01
-1.54743000 2.02302000e+01
-1.51743000 2.47720000e+01
-1.48743000 3.46224000e+01
-1.45743000 4.88527000e+01
-1.42743000 5.75237000e+01
-1.39743000 6.58713000e+01
-1.36743000 6.12954000e+01
-1.33743000 4.38533000e+01
-1.30743000 3.31269000e+01
-1.27743000 2.78844000e+01
-1.24743000 2.27101000e+01
-1.21743000 1.80494000e+01
-1.18743000 1.59427000e+01
-1.15743000 1.62838000e+01
-1.12743000 1.70738000e+01
-1.09743000 1.68007000e+01
-1.06743000 1.78000000e+01
-1.03743000 2.00927000e+01
-0.99758100 2.34815000e+01
-0.96758100 2.58683000e+01
-0.93758100 2.50585000e+01
-0.90758100 2.13244000e+01
-0.87758100 2.04147000e+01
-0.84758100 2.10417000e+01
-0.81758100 2.35427000e+01
-0.78758100 2.80235000e+01
-0.75758100 3.49239000e+01
-0.72758100 5.16211000e+01
-0.69758100 7.71602000e+01
-0.66758100 7.51328000e+01
-0.63758100 5.07835000e+01
-0.60758100 3.68850000e+01
-0.57758100 3.46735000e+01
-0.54758100 3.87613000e+01
-0.51758100 4.10920000e+01
-0.48758100 3.42675000e+01
-0.45758100 2.46728000e+01
-0.42758100 1.90451000e+01
-0.39758100 1.69691000e+01
-0.36758100 1.72620000e+01
-0.33758100 1.89557000e+01
-0.30758100 2.19769000e+01
-0.27758100 2.77167000e+01
-0.24758100 3.77473000e+01
-0.21758100 5.04594000e+01
-0.18758100 4.68303000e+01
-0.15758100 3.32559000e+01
-0.12758100 2.63368000e+01
-0.09758080 2.52536000e+01
-0.06758080 2.51377000e+01
-0.03758080 2.32282000e+01
-0.00758084 1.90141000e+01
0.02241920 1.45924000e+01
0.05241920 1.11732000e+01
0.08241920 9.53149000e+00
0.11241900 9.61866000e+00
0.14241900 9.86887000e+00
0.17241900 9.15043000e+00
0.20241900 8.52781000e+00
0.23241900 8.11334000e+00
0.26241900 7.80104000e+00
0.29241900 6.95834000e+00
0.32241900 5.44831000e+00
0.35241900 4.32784000e+00
0.38241900 3.76745000e+00
0.41241900 3.54792000e+00
0.44241900 3.46814000e+00
0.47241900 3.41193000e+00
0.50241900 3.38002000e+00
0.53241900 3.41324000e+00
0.56241900 3.79898000e+00
0.59241900 4.72836000e+00
0.62241900 5.47976000e+00
0.65241900 4.94460000e+00
0.68241900 4.67747000e+00
0.71241900 5.14610000e+00
0.74241900 5.13507000e+00
0.77241900 4.62545000e+00
