# E(MeV)  S_NSDRNSDR(K=0) for Th297_DDPCX
-17.28620000 1.79158000e-01
-17.25620000 1.80460000e-01
-17.22620000 1.81782000e-01
-17.19620000 1.83125000e-01
-17.16620000 1.84489000e-01
-17.13620000 1.85876000e-01
-17.10620000 1.87286000e-01
-17.07620000 1.88719000e-01
-17.04620000 1.90178000e-01
-17.01620000 1.91661000e-01
-16.98620000 1.93171000e-01
-16.95620000 1.94709000e-01
-16.92620000 1.96275000e-01
-16.89620000 1.97872000e-01
-16.86620000 1.99500000e-01
-16.83620000 2.01160000e-01
-16.80620000 2.02857000e-01
-16.77620000 2.04590000e-01
-16.74620000 2.06365000e-01
-16.71620000 2.08185000e-01
-16.68620000 2.10056000e-01
-16.65620000 2.11988000e-01
-16.62620000 2.13995000e-01
-16.59620000 2.16103000e-01
-16.56620000 2.18359000e-01
-16.53620000 2.20861000e-01
-16.50620000 2.23826000e-01
-16.47620000 2.27733000e-01
-16.44620000 2.33206000e-01
-16.41620000 2.37765000e-01
-16.38620000 2.37152000e-01
-16.35620000 2.36327000e-01
-16.32620000 2.37042000e-01
-16.29620000 2.38632000e-01
-16.26620000 2.40663000e-01
-16.23620000 2.42947000e-01
-16.20620000 2.45401000e-01
-16.17620000 2.47986000e-01
-16.14620000 2.50685000e-01
-16.11620000 2.53489000e-01
-16.08620000 2.56397000e-01
-16.05620000 2.59410000e-01
-16.02620000 2.62530000e-01
-15.99620000 2.65764000e-01
-15.96620000 2.69117000e-01
-15.93620000 2.72599000e-01
-15.90620000 2.76220000e-01
-15.87620000 2.79991000e-01
-15.84620000 2.83928000e-01
-15.81620000 2.88047000e-01
-15.78620000 2.92372000e-01
-15.75620000 2.96929000e-01
-15.72620000 3.01753000e-01
-15.69620000 3.06892000e-01
-15.66620000 3.12409000e-01
-15.63620000 3.18393000e-01
-15.60620000 3.24981000e-01
-15.57620000 3.32389000e-01
-15.54620000 3.40993000e-01
-15.51620000 3.51508000e-01
-15.47640000 3.71088000e-01
-15.44640000 3.92726000e-01
-15.41640000 4.13837000e-01
-15.38640000 4.30678000e-01
-15.35640000 4.63897000e-01
-15.32640000 5.32135000e-01
-15.29640000 6.43633000e-01
-15.26640000 6.95376000e-01
-15.23640000 6.20047000e-01
-15.20640000 5.56626000e-01
-15.17640000 5.39552000e-01
-15.14640000 5.54197000e-01
-15.11640000 5.97096000e-01
-15.08640000 6.80161000e-01
-15.05640000 8.39543000e-01
-15.02640000 1.15085000e+00
-14.99640000 1.59316000e+00
-14.96640000 1.57424000e+00
-14.93640000 1.17554000e+00
-14.90640000 9.41495000e-01
-14.87640000 8.67259000e-01
-14.84640000 9.02092000e-01
-14.81640000 1.05884000e+00
-14.78640000 1.38268000e+00
-14.75640000 1.63944000e+00
-14.72640000 1.47040000e+00
-14.69640000 1.28488000e+00
-14.66640000 1.27525000e+00
-14.63640000 1.41734000e+00
-14.60640000 1.34346000e+00
-14.57640000 1.09007000e+00
-14.54640000 9.39825000e-01
-14.51640000 8.75416000e-01
-14.48640000 8.52885000e-01
-14.45640000 8.51565000e-01
-14.42640000 8.64251000e-01
-14.39640000 8.87569000e-01
-14.36640000 9.19823000e-01
-14.33640000 9.60938000e-01
-14.30640000 1.01003000e+00
-14.27640000 1.06165000e+00
-14.24640000 1.11801000e+00
-14.21640000 1.18516000e+00
-14.18640000 1.26535000e+00
-14.15640000 1.36054000e+00
-14.12640000 1.47415000e+00
-14.09640000 1.61178000e+00
-14.06640000 1.78242000e+00
-14.03640000 2.00139000e+00
-14.00640000 2.29691000e+00
-13.97640000 2.72462000e+00
-13.94640000 3.39583000e+00
-13.91640000 4.52868000e+00
-13.88640000 6.01983000e+00
-13.85640000 6.24054000e+00
-13.82640000 5.71544000e+00
-13.79640000 5.84672000e+00
-13.76640000 6.60270000e+00
-13.73640000 7.93763000e+00
-13.70640000 1.01233000e+01
-13.66650000 1.53625000e+01
-13.63650000 2.28498000e+01
-13.60650000 3.71061000e+01
-13.57650000 6.55112000e+01
-13.54650000 1.09441000e+02
-13.51650000 1.13880000e+02
-13.48650000 7.14010000e+01
-13.45650000 4.18587000e+01
-13.42650000 2.80139000e+01
-13.39650000 2.10872000e+01
-13.36650000 1.58995000e+01
-13.33650000 1.19597000e+01
-13.30650000 9.54695000e+00
-13.27650000 8.26174000e+00
-13.24650000 7.71062000e+00
-13.21650000 7.74604000e+00
-13.18650000 8.38436000e+00
-13.15650000 9.78184000e+00
-13.12650000 1.24381000e+01
-13.09650000 1.60794000e+01
-13.06650000 1.90278000e+01
-13.03650000 2.46658000e+01
-13.00650000 3.75496000e+01
-12.97650000 6.28732000e+01
-12.94650000 9.91712000e+01
-12.91650000 9.56839000e+01
-12.88650000 5.75510000e+01
-12.85650000 3.27597000e+01
-12.82650000 2.03099000e+01
-12.79650000 1.37734000e+01
-12.76650000 1.00593000e+01
-12.73650000 7.81927000e+00
-12.70650000 6.44783000e+00
-12.67650000 5.69462000e+00
-12.64650000 5.52417000e+00
-12.61650000 5.77234000e+00
-12.58650000 5.43480000e+00
-12.55650000 4.74926000e+00
-12.52650000 4.39350000e+00
-12.49650000 3.95564000e+00
-12.46650000 3.37428000e+00
-12.43650000 3.12295000e+00
-12.40650000 3.22565000e+00
-12.37650000 3.45757000e+00
-12.34650000 3.65960000e+00
-12.31650000 3.93199000e+00
-12.28650000 3.57899000e+00
-12.25650000 3.12792000e+00
-12.22650000 3.14976000e+00
-12.19650000 3.74099000e+00
-12.16650000 5.01904000e+00
-12.13650000 6.43045000e+00
-12.10650000 5.90628000e+00
-12.07650000 4.45311000e+00
-12.04650000 3.93748000e+00
-12.01650000 4.01809000e+00
-11.98650000 3.49955000e+00
-11.95650000 2.77558000e+00
-11.92650000 2.39295000e+00
-11.89650000 2.24662000e+00
-11.85670000 2.25838000e+00
-11.82670000 2.38388000e+00
-11.79670000 2.60054000e+00
-11.76670000 2.90994000e+00
-11.73670000 3.38149000e+00
-11.70670000 4.10048000e+00
-11.67670000 5.26641000e+00
-11.64670000 7.28557000e+00
-11.61670000 1.07809000e+01
-11.58670000 1.58765000e+01
-11.55670000 2.38946000e+01
-11.52670000 3.77425000e+01
-11.49670000 4.46927000e+01
-11.46670000 3.15995000e+01
-11.43670000 1.81484000e+01
-11.40670000 1.10469000e+01
-11.37670000 7.46530000e+00
-11.34670000 5.57484000e+00
-11.31670000 4.53184000e+00
-11.28670000 3.84298000e+00
-11.25670000 3.34728000e+00
-11.22670000 2.84544000e+00
-11.19670000 2.45751000e+00
-11.16670000 2.24305000e+00
-11.13670000 2.13266000e+00
-11.10670000 1.98363000e+00
-11.07670000 1.83547000e+00
-11.04670000 1.74055000e+00
-11.01670000 1.68381000e+00
-10.98670000 1.66212000e+00
-10.95670000 1.69268000e+00
-10.92670000 1.80249000e+00
-10.89670000 1.99852000e+00
-10.86670000 2.16414000e+00
-10.83670000 2.22247000e+00
-10.80670000 2.34517000e+00
-10.77670000 2.32753000e+00
-10.74670000 2.15877000e+00
-10.71670000 1.96763000e+00
-10.68670000 1.90576000e+00
-10.65670000 1.87944000e+00
-10.62670000 1.74384000e+00
-10.59670000 1.63259000e+00
-10.56670000 1.58978000e+00
-10.53670000 1.58608000e+00
-10.50670000 1.60965000e+00
-10.47670000 1.66109000e+00
-10.44670000 1.74830000e+00
-10.41670000 1.89009000e+00
-10.38670000 2.12287000e+00
-10.35670000 2.51179000e+00
-10.32670000 3.16943000e+00
-10.29670000 3.63209000e+00
-10.26670000 3.16009000e+00
-10.23670000 2.68563000e+00
-10.20670000 2.48847000e+00
-10.17670000 2.50454000e+00
-10.14670000 2.71070000e+00
-10.11670000 2.97798000e+00
-10.08670000 3.17162000e+00
-10.04680000 3.50183000e+00
-10.01680000 3.53185000e+00
-9.98684000 3.38722000e+00
-9.95684000 3.43747000e+00
-9.92684000 3.65744000e+00
-9.89684000 3.62818000e+00
-9.86684000 3.56299000e+00
-9.83684000 3.67251000e+00
-9.80684000 3.91627000e+00
-9.77684000 4.25974000e+00
-9.74684000 4.74540000e+00
-9.71684000 5.44633000e+00
-9.68684000 6.48767000e+00
-9.65684000 8.12952000e+00
-9.62684000 1.09401000e+01
-9.59684000 1.59412000e+01
-9.56684000 2.27681000e+01
-9.53684000 2.53752000e+01
-9.50684000 2.77220000e+01
-9.47684000 3.85455000e+01
-9.44684000 5.46650000e+01
-9.41684000 5.04668000e+01
-9.38684000 3.61285000e+01
-9.35684000 3.15501000e+01
-9.32684000 3.71972000e+01
-9.29684000 4.44765000e+01
-9.26684000 3.64000000e+01
-9.23684000 2.48758000e+01
-9.20684000 1.87370000e+01
-9.17684000 1.54779000e+01
-9.14684000 1.37344000e+01
-9.11684000 1.29691000e+01
-9.08684000 1.29120000e+01
-9.05684000 1.36153000e+01
-9.02684000 1.49693000e+01
-8.99684000 1.72804000e+01
-8.96684000 2.11254000e+01
-8.93684000 2.75578000e+01
-8.90684000 3.79296000e+01
-8.87684000 5.27987000e+01
-8.84684000 6.52158000e+01
-8.81684000 7.73322000e+01
-8.78684000 1.02313000e+02
-8.75684000 1.37439000e+02
-8.72684000 1.60336000e+02
-8.69684000 1.29492000e+02
-8.66684000 9.47931000e+01
-8.63684000 8.36024000e+01
-8.60684000 9.05965000e+01
-8.57684000 1.19771000e+02
-8.54684000 1.86894000e+02
-8.51684000 2.73731000e+02
-8.48684000 2.80833000e+02
-8.45684000 2.07028000e+02
-8.42684000 1.33861000e+02
-8.39684000 9.77535000e+01
-8.36684000 8.82125000e+01
-8.33684000 1.00120000e+02
-8.30684000 1.38098000e+02
-8.27684000 1.81609000e+02
-8.23698000 1.86580000e+02
-8.20698000 2.28587000e+02
-8.17698000 2.50076000e+02
-8.14698000 1.71074000e+02
-8.11698000 1.01592000e+02
-8.08698000 6.54516000e+01
-8.05698000 4.70932000e+01
-8.02698000 3.76829000e+01
-7.99698000 3.31245000e+01
-7.96698000 3.11775000e+01
-7.93698000 3.15366000e+01
-7.90698000 2.96574000e+01
-7.87698000 2.57750000e+01
-7.84698000 2.36100000e+01
-7.81698000 2.37759000e+01
-7.78698000 2.61615000e+01
-7.75698000 3.14048000e+01
-7.72698000 4.20777000e+01
-7.69698000 6.29427000e+01
-7.66698000 9.46273000e+01
-7.63698000 1.13613000e+02
-7.60698000 9.86036000e+01
-7.57698000 7.95647000e+01
-7.54698000 7.98228000e+01
-7.51698000 8.32808000e+01
-7.48698000 8.22542000e+01
-7.45698000 9.32269000e+01
-7.42698000 1.01797000e+02
-7.39698000 8.78603000e+01
-7.36698000 7.64634000e+01
-7.33698000 6.24883000e+01
-7.30698000 5.31423000e+01
-7.27698000 4.84366000e+01
-7.24698000 4.53474000e+01
-7.21698000 4.82987000e+01
-7.18698000 5.51683000e+01
-7.15698000 6.97291000e+01
-7.12698000 9.99251000e+01
-7.09698000 1.28692000e+02
-7.06698000 1.30705000e+02
-7.03698000 1.51592000e+02
-7.00698000 1.87254000e+02
-6.97698000 1.76792000e+02
-6.94698000 1.59218000e+02
-6.91698000 1.70196000e+02
-6.88698000 1.94397000e+02
-6.85698000 2.23542000e+02
-6.82698000 2.11864000e+02
-6.79698000 1.88406000e+02
-6.76698000 1.93303000e+02
-6.73698000 1.83414000e+02
-6.70698000 1.47819000e+02
-6.67698000 1.29041000e+02
-6.64698000 1.17060000e+02
-6.61698000 1.14430000e+02
-6.58698000 1.41358000e+02
-6.55698000 1.95192000e+02
-6.52698000 1.97651000e+02
-6.49698000 1.44726000e+02
-6.46698000 1.02580000e+02
-6.42713000 6.64694000e+01
-6.39713000 5.51791000e+01
-6.36713000 5.22483000e+01
-6.33713000 5.58113000e+01
-6.30713000 6.74416000e+01
-6.27713000 9.08531000e+01
-6.24713000 1.29117000e+02
-6.21713000 1.93706000e+02
-6.18713000 2.77091000e+02
-6.15713000 2.50924000e+02
-6.12713000 1.65393000e+02
-6.09713000 1.19933000e+02
-6.06713000 1.10484000e+02
-6.03713000 1.17671000e+02
-6.00713000 1.07362000e+02
-5.97713000 8.77679000e+01
-5.94713000 8.36084000e+01
-5.91713000 9.59586000e+01
-5.88713000 1.29899000e+02
-5.85713000 2.03947000e+02
-5.82713000 3.27367000e+02
-5.79713000 3.80534000e+02
-5.76713000 3.03125000e+02
-5.73713000 2.55278000e+02
-5.70713000 2.18721000e+02
-5.67713000 1.78531000e+02
-5.64713000 1.71946000e+02
-5.61713000 1.54290000e+02
-5.58713000 1.19126000e+02
-5.55713000 1.08307000e+02
-5.52713000 1.28397000e+02
-5.49713000 1.70733000e+02
-5.46713000 1.70802000e+02
-5.43713000 1.27107000e+02
-5.40713000 8.83297000e+01
-5.37713000 6.76063000e+01
-5.34713000 5.79384000e+01
-5.31713000 5.83582000e+01
-5.28713000 7.11275000e+01
-5.25713000 9.01756000e+01
-5.22713000 1.05420000e+02
-5.19713000 1.31185000e+02
-5.16713000 1.22955000e+02
-5.13713000 8.05640000e+01
-5.10713000 5.34990000e+01
-5.07713000 4.21315000e+01
-5.04713000 3.88499000e+01
-5.01713000 3.80460000e+01
-4.98713000 4.04961000e+01
-4.95713000 4.42406000e+01
-4.92713000 4.85436000e+01
-4.89713000 4.24532000e+01
-4.86713000 3.18893000e+01
-4.83713000 2.64917000e+01
-4.80713000 2.52133000e+01
-4.77713000 2.70678000e+01
-4.74713000 3.36968000e+01
-4.71713000 4.79990000e+01
-4.68713000 6.92782000e+01
-4.65713000 7.70706000e+01
-4.61728000 5.75341000e+01
-4.58728000 4.65388000e+01
-4.55728000 4.09939000e+01
-4.52728000 4.40813000e+01
-4.49728000 4.20901000e+01
-4.46728000 3.07571000e+01
-4.43728000 2.40646000e+01
-4.40728000 2.11573000e+01
-4.37728000 1.84747000e+01
-4.34728000 1.55443000e+01
-4.31728000 1.34803000e+01
-4.28728000 1.18894000e+01
-4.25728000 1.02854000e+01
-4.22728000 9.61594000e+00
-4.19728000 1.00510000e+01
-4.16728000 1.17368000e+01
-4.13728000 1.47106000e+01
-4.10728000 1.78977000e+01
-4.07728000 1.97038000e+01
-4.04728000 1.79572000e+01
-4.01728000 1.34210000e+01
-3.98728000 1.05704000e+01
-3.95728000 9.17988000e+00
-3.92728000 8.92938000e+00
-3.89728000 9.88311000e+00
-3.86728000 1.24803000e+01
-3.83728000 1.56306000e+01
-3.80728000 1.58012000e+01
-3.77728000 1.32883000e+01
-3.74728000 1.18037000e+01
-3.71728000 1.25526000e+01
-3.68728000 1.57160000e+01
-3.65728000 2.06859000e+01
-3.62728000 2.33415000e+01
-3.59728000 2.23863000e+01
-3.56728000 2.17973000e+01
-3.53728000 2.43884000e+01
-3.50728000 2.89209000e+01
-3.47728000 3.86459000e+01
-3.44728000 4.34394000e+01
-3.41728000 3.57845000e+01
-3.38728000 3.25554000e+01
-3.35728000 3.87996000e+01
-3.32728000 5.52155000e+01
-3.29728000 7.03933000e+01
-3.26728000 6.98138000e+01
-3.23728000 6.61700000e+01
-3.20728000 7.16467000e+01
-3.17728000 5.95896000e+01
-3.14728000 3.69316000e+01
-3.11728000 2.34581000e+01
-3.08728000 1.64926000e+01
-3.05728000 1.26459000e+01
-3.02728000 1.06107000e+01
-2.99728000 9.93295000e+00
-2.96728000 1.05462000e+01
-2.93728000 1.13055000e+01
-2.90728000 1.14549000e+01
-2.87728000 1.29367000e+01
-2.84728000 1.41509000e+01
-2.80743000 1.39926000e+01
-2.77743000 1.27054000e+01
-2.74743000 1.01378000e+01
-2.71743000 8.57404000e+00
-2.68743000 7.58234000e+00
-2.65743000 7.14812000e+00
-2.62743000 7.75957000e+00
-2.59743000 9.79215000e+00
-2.56743000 1.40474000e+01
-2.53743000 2.11032000e+01
-2.50743000 2.73239000e+01
-2.47743000 2.32379000e+01
-2.44743000 1.69524000e+01
-2.41743000 1.42063000e+01
-2.38743000 1.36754000e+01
-2.35743000 1.37668000e+01
-2.32743000 1.40900000e+01
-2.29743000 1.41546000e+01
-2.26743000 1.13074000e+01
-2.23743000 8.24152000e+00
-2.20743000 6.42751000e+00
-2.17743000 5.33225000e+00
-2.14743000 4.81400000e+00
-2.11743000 4.63987000e+00
-2.08743000 4.40257000e+00
-2.05743000 4.46708000e+00
-2.02743000 5.03775000e+00
-1.99743000 5.54931000e+00
-1.96743000 5.75530000e+00
-1.93743000 5.40263000e+00
-1.90743000 4.66786000e+00
-1.87743000 4.53930000e+00
-1.84743000 4.96304000e+00
-1.81743000 5.53006000e+00
-1.78743000 5.04745000e+00
-1.75743000 3.90317000e+00
-1.72743000 3.09916000e+00
-1.69743000 2.56555000e+00
-1.66743000 2.34142000e+00
-1.63743000 2.38504000e+00
-1.60743000 2.67311000e+00
-1.57743000 3.08126000e+00
-1.54743000 3.49422000e+00
-1.51743000 3.80477000e+00
-1.48743000 3.58362000e+00
-1.45743000 3.35139000e+00
-1.42743000 3.67931000e+00
-1.39743000 3.97996000e+00
-1.36743000 3.43156000e+00
-1.33743000 2.98193000e+00
-1.30743000 2.75094000e+00
-1.27743000 2.54160000e+00
-1.24743000 2.62784000e+00
-1.21743000 3.04701000e+00
-1.18743000 3.41014000e+00
-1.15743000 3.62361000e+00
-1.12743000 4.16915000e+00
-1.09743000 4.49311000e+00
-1.06743000 4.03974000e+00
-1.03743000 3.93715000e+00
-0.99758100 4.51479000e+00
-0.96758100 5.25002000e+00
-0.93758100 5.82240000e+00
-0.90758100 5.67297000e+00
-0.87758100 6.11350000e+00
-0.84758100 7.54798000e+00
-0.81758100 7.66283000e+00
-0.78758100 6.51909000e+00
-0.75758100 5.63790000e+00
-0.72758100 5.19645000e+00
-0.69758100 5.47096000e+00
-0.66758100 6.12655000e+00
-0.63758100 5.57728000e+00
-0.60758100 4.99581000e+00
-0.57758100 5.31468000e+00
-0.54758100 5.78545000e+00
-0.51758100 4.84730000e+00
-0.48758100 3.70682000e+00
-0.45758100 3.01804000e+00
-0.42758100 2.51598000e+00
-0.39758100 2.31356000e+00
-0.36758100 2.43621000e+00
-0.33758100 2.58700000e+00
-0.30758100 2.38969000e+00
-0.27758100 2.07824000e+00
-0.24758100 1.87028000e+00
-0.21758100 1.79868000e+00
-0.18758100 1.86646000e+00
-0.15758100 2.05358000e+00
-0.12758100 2.39358000e+00
-0.09758080 2.80773000e+00
-0.06758080 2.81797000e+00
-0.03758080 2.73941000e+00
-0.00758084 3.13387000e+00
0.02241920 3.81859000e+00
0.05241920 4.22319000e+00
0.08241920 4.35108000e+00
0.11241900 4.26520000e+00
0.14241900 3.70309000e+00
0.17241900 3.35276000e+00
0.20241900 3.69104000e+00
0.23241900 4.28761000e+00
0.26241900 3.92500000e+00
0.29241900 3.29130000e+00
0.32241900 3.17133000e+00
0.35241900 3.47826000e+00
0.38241900 4.06744000e+00
0.41241900 3.88262000e+00
0.44241900 3.62211000e+00
0.47241900 4.10545000e+00
0.50241900 4.72170000e+00
0.53241900 5.37551000e+00
0.56241900 5.98765000e+00
0.59241900 4.88810000e+00
0.62241900 3.66813000e+00
0.65241900 3.03890000e+00
0.68241900 2.99703000e+00
0.71241900 3.31345000e+00
0.74241900 3.76399000e+00
0.77241900 4.92610000e+00
