# E(MeV)  S_GAMTGAMT(Total=K0+2*K1) for Th297_DDPCX
-17.28620000 8.61860000e-03
-17.25620000 8.65038000e-03
-17.22620000 8.68261000e-03
-17.19620000 8.71538000e-03
-17.16620000 8.74888000e-03
-17.13620000 8.78331000e-03
-17.10620000 8.81915000e-03
-17.07620000 8.85726000e-03
-17.04620000 8.89946000e-03
-17.01620000 8.94987000e-03
-16.98620000 9.01729000e-03
-16.95620000 9.10653000e-03
-16.92620000 9.15580000e-03
-16.89620000 9.13825000e-03
-16.86620000 9.13366000e-03
-16.83620000 9.14970000e-03
-16.80620000 9.17634000e-03
-16.77620000 9.20828000e-03
-16.74620000 9.24325000e-03
-16.71620000 9.28025000e-03
-16.68620000 9.31879000e-03
-16.65620000 9.35863000e-03
-16.62620000 9.39972000e-03
-16.59620000 9.44200000e-03
-16.56620000 9.48553000e-03
-16.53620000 9.53037000e-03
-16.50620000 9.57658000e-03
-16.47620000 9.62431000e-03
-16.44620000 9.67368000e-03
-16.41620000 9.72486000e-03
-16.38620000 9.77805000e-03
-16.35620000 9.83350000e-03
-16.32620000 9.89146000e-03
-16.29620000 9.95227000e-03
-16.26620000 1.00163500e-02
-16.23620000 1.00841900e-02
-16.20620000 1.01563700e-02
-16.17620000 1.02336400e-02
-16.14620000 1.03169200e-02
-16.11620000 1.04073500e-02
-16.08620000 1.05064900e-02
-16.05620000 1.06162700e-02
-16.02620000 1.07392700e-02
-15.99620000 1.08790600e-02
-15.96620000 1.10405400e-02
-15.93620000 1.12306800e-02
-15.90620000 1.14597000e-02
-15.87620000 1.17432300e-02
-15.84620000 1.21058600e-02
-15.81620000 1.25885000e-02
-15.78620000 1.32630900e-02
-15.75620000 1.42649900e-02
-15.72620000 1.58672900e-02
-15.69620000 1.86386100e-02
-15.66620000 2.36833600e-02
-15.63620000 3.31073000e-02
-15.60620000 4.47867000e-02
-15.57620000 4.12922000e-02
-15.54620000 3.07107000e-02
-15.51620000 2.57909700e-02
-15.47640000 2.54641600e-02
-15.44640000 2.42142500e-02
-15.41640000 2.05676100e-02
-15.38640000 1.84532800e-02
-15.35640000 1.79325100e-02
-15.32640000 1.81572200e-02
-15.29640000 1.82094200e-02
-15.26640000 1.86077800e-02
-15.23640000 1.95383400e-02
-15.20640000 2.13924000e-02
-15.17640000 2.46892900e-02
-15.14640000 2.99167000e-02
-15.11640000 3.34151100e-02
-15.08640000 3.49354000e-02
-15.05640000 4.11851000e-02
-15.02640000 5.57120000e-02
-14.99640000 7.62620000e-02
-14.96640000 9.12840000e-02
-14.93640000 1.19182200e-01
-14.90640000 1.49321200e-01
-14.87640000 1.50295300e-01
-14.84640000 1.46491900e-01
-14.81640000 1.11079400e-01
-14.78640000 7.26798000e-02
-14.75640000 5.16506000e-02
-14.72640000 3.92224000e-02
-14.69640000 3.17678000e-02
-14.66640000 2.74065500e-02
-14.63640000 2.42442900e-02
-14.60640000 2.23033900e-02
-14.57640000 2.16019000e-02
-14.54640000 2.17931200e-02
-14.51640000 2.24835700e-02
-14.48640000 2.28984700e-02
-14.45640000 2.28138500e-02
-14.42640000 2.32262800e-02
-14.39640000 2.53006800e-02
-14.36640000 2.95902800e-02
-14.33640000 3.32980600e-02
-14.30640000 3.05891600e-02
-14.27640000 2.68009200e-02
-14.24640000 2.68480800e-02
-14.21640000 3.06646400e-02
-14.18640000 3.45787000e-02
-14.15640000 3.62879600e-02
-14.12640000 3.73426800e-02
-14.09640000 3.81351200e-02
-14.06640000 4.02756800e-02
-14.03640000 4.00704000e-02
-14.00640000 4.07443000e-02
-13.97640000 3.86771000e-02
-13.94640000 3.40099000e-02
-13.91640000 3.03920000e-02
-13.88640000 2.71193600e-02
-13.85640000 2.53029100e-02
-13.82640000 2.47067800e-02
-13.79640000 2.42723000e-02
-13.76640000 2.52835100e-02
-13.73640000 2.85255400e-02
-13.70640000 3.53520400e-02
-13.66650000 5.23677000e-02
-13.63650000 6.69320000e-02
-13.60650000 7.63778000e-02
-13.57650000 7.05843000e-02
-13.54650000 5.99080000e-02
-13.51650000 4.97998000e-02
-13.48650000 4.54844000e-02
-13.45650000 4.54395000e-02
-13.42650000 4.61853300e-02
-13.39650000 4.82096700e-02
-13.36650000 5.42416500e-02
-13.33650000 6.37125000e-02
-13.30650000 7.68901100e-02
-13.27650000 8.76021400e-02
-13.24650000 7.07981300e-02
-13.21650000 5.10759200e-02
-13.18650000 4.03565800e-02
-13.15650000 3.62831700e-02
-13.12650000 3.40801400e-02
-13.09650000 3.21337800e-02
-13.06650000 3.08795000e-02
-13.03650000 2.82722900e-02
-13.00650000 2.57645800e-02
-12.97650000 2.53623100e-02
-12.94650000 2.68678500e-02
-12.91650000 3.07298100e-02
-12.88650000 3.42258200e-02
-12.85650000 3.20264200e-02
-12.82650000 2.78915800e-02
-12.79650000 2.62423300e-02
-12.76650000 2.62153200e-02
-12.73650000 2.64316500e-02
-12.70650000 2.74280200e-02
-12.67650000 2.94804600e-02
-12.64650000 3.22601200e-02
-12.61650000 3.59615000e-02
-12.58650000 4.23598000e-02
-12.55650000 4.94266000e-02
-12.52650000 5.10033000e-02
-12.49650000 4.81103000e-02
-12.46650000 5.00695000e-02
-12.43650000 5.72350000e-02
-12.40650000 6.82983000e-02
-12.37650000 8.74192000e-02
-12.34650000 1.14501000e-01
-12.31650000 1.21857000e-01
-12.28650000 1.04101100e-01
-12.25650000 8.06693000e-02
-12.22650000 5.95229000e-02
-12.19650000 4.65031000e-02
-12.16650000 4.13895000e-02
-12.13650000 4.15763000e-02
-12.10650000 4.17813000e-02
-12.07650000 3.72388600e-02
-12.04650000 3.35190400e-02
-12.01650000 3.15638000e-02
-11.98650000 3.17550000e-02
-11.95650000 3.35539000e-02
-11.92650000 3.38052000e-02
-11.89650000 3.24121000e-02
-11.85670000 3.29674400e-02
-11.82670000 3.48853000e-02
-11.79670000 3.76584000e-02
-11.76670000 3.77272000e-02
-11.73670000 3.52552000e-02
-11.70670000 3.17983000e-02
-11.67670000 2.94845200e-02
-11.64670000 2.91774800e-02
-11.61670000 2.92443800e-02
-11.58670000 2.97677900e-02
-11.55670000 3.12105600e-02
-11.52670000 3.45073100e-02
-11.49670000 4.27909000e-02
-11.46670000 5.81751700e-02
-11.43670000 6.46864500e-02
-11.40670000 5.07795700e-02
-11.37670000 4.00580000e-02
-11.34670000 3.52140000e-02
-11.31670000 3.20566000e-02
-11.28670000 3.06723800e-02
-11.25670000 2.94494200e-02
-11.22670000 2.75648000e-02
-11.19670000 2.61037000e-02
-11.16670000 2.55444800e-02
-11.13670000 2.54492200e-02
-11.10670000 2.53039300e-02
-11.07670000 2.54202600e-02
-11.04670000 2.63960700e-02
-11.01670000 2.80486400e-02
-10.98670000 3.03695200e-02
-10.95670000 3.46696700e-02
-10.92670000 4.16170600e-02
-10.89670000 4.54588900e-02
-10.86670000 4.34848000e-02
-10.83670000 4.39908000e-02
-10.80670000 4.81080000e-02
-10.77670000 5.43855000e-02
-10.74670000 6.06881000e-02
-10.71670000 5.71325000e-02
-10.68670000 5.09331000e-02
-10.65670000 4.93266000e-02
-10.62670000 5.10415000e-02
-10.59670000 5.74694000e-02
-10.56670000 6.65134000e-02
-10.53670000 7.02640000e-02
-10.50670000 6.86535000e-02
-10.47670000 6.12560000e-02
-10.44670000 5.21673000e-02
-10.41670000 4.58321000e-02
-10.38670000 4.35329000e-02
-10.35670000 4.43670000e-02
-10.32670000 4.62737000e-02
-10.29670000 4.79047000e-02
-10.26670000 5.13980000e-02
-10.23670000 5.61458000e-02
-10.20670000 5.81545000e-02
-10.17670000 6.38882000e-02
-10.14670000 7.21572000e-02
-10.11670000 7.58132000e-02
-10.08670000 7.91965000e-02
-10.04680000 8.87976000e-02
-10.01680000 8.63071000e-02
-9.98684000 7.50170000e-02
-9.95684000 6.26195000e-02
-9.92684000 5.39871000e-02
-9.89684000 5.09103000e-02
-9.86684000 5.33816000e-02
-9.83684000 6.31166000e-02
-9.80684000 8.23374000e-02
-9.77684000 1.00872800e-01
-9.74684000 1.04570500e-01
-9.71684000 1.02015400e-01
-9.68684000 8.84383000e-02
-9.65684000 8.16441000e-02
-9.62684000 8.46903000e-02
-9.59684000 8.18416000e-02
-9.56684000 7.11128000e-02
-9.53684000 6.01450000e-02
-9.50684000 5.50982000e-02
-9.47684000 5.38191000e-02
-9.44684000 5.36176000e-02
-9.41684000 5.57218000e-02
-9.38684000 6.31843000e-02
-9.35684000 7.85862000e-02
-9.32684000 9.82490000e-02
-9.29684000 1.11514100e-01
-9.26684000 1.11732200e-01
-9.23684000 1.02566800e-01
-9.20684000 9.79356000e-02
-9.17684000 1.09458200e-01
-9.14684000 1.41988800e-01
-9.11684000 1.99193000e-01
-9.08684000 2.43019000e-01
-9.05684000 2.09919200e-01
-9.02684000 1.48198700e-01
-8.99684000 1.07215100e-01
-8.96684000 8.86527000e-02
-8.93684000 8.40914000e-02
-8.90684000 8.89306000e-02
-8.87684000 1.01682500e-01
-8.84684000 1.18016800e-01
-8.81684000 1.19790700e-01
-8.78684000 1.09239700e-01
-8.75684000 1.08024000e-01
-8.72684000 1.17372200e-01
-8.69684000 1.35143200e-01
-8.66684000 1.40272100e-01
-8.63684000 1.30359700e-01
-8.60684000 1.16674200e-01
-8.57684000 1.06974400e-01
-8.54684000 9.33482000e-02
-8.51684000 8.46690000e-02
-8.48684000 8.61023000e-02
-8.45684000 9.59920000e-02
-8.42684000 1.09377000e-01
-8.39684000 1.18823600e-01
-8.36684000 1.33535500e-01
-8.33684000 1.35344500e-01
-8.30684000 1.33213600e-01
-8.27684000 1.42826600e-01
-8.23698000 1.57510700e-01
-8.20698000 1.43100200e-01
-8.17698000 1.36048500e-01
-8.14698000 1.52590100e-01
-8.11698000 1.85961700e-01
-8.08698000 1.88522000e-01
-8.05698000 1.72161600e-01
-8.02698000 1.73809100e-01
-7.99698000 1.94010500e-01
-7.96698000 2.32614400e-01
-7.93698000 2.60538400e-01
-7.90698000 2.73476300e-01
-7.87698000 2.86358400e-01
-7.84698000 2.83461100e-01
-7.81698000 2.40713300e-01
-7.78698000 2.04375000e-01
-7.75698000 1.72168500e-01
-7.72698000 1.40241500e-01
-7.69698000 1.22751100e-01
-7.66698000 1.19202000e-01
-7.63698000 1.12940000e-01
-7.60698000 1.06433100e-01
-7.57698000 1.03978100e-01
-7.54698000 1.05973800e-01
-7.51698000 1.11465500e-01
-7.48698000 1.18573200e-01
-7.45698000 1.23309200e-01
-7.42698000 1.34468800e-01
-7.39698000 1.40737200e-01
-7.36698000 1.39719500e-01
-7.33698000 1.59583400e-01
-7.30698000 2.01717400e-01
-7.27698000 2.09051600e-01
-7.24698000 1.70663000e-01
-7.21698000 1.43099700e-01
-7.18698000 1.34606700e-01
-7.15698000 1.35537300e-01
-7.12698000 1.35206600e-01
-7.09698000 1.41279100e-01
-7.06698000 1.58419200e-01
-7.03698000 1.81674700e-01
-7.00698000 1.95523300e-01
-6.97698000 1.99688500e-01
-6.94698000 2.05135100e-01
-6.91698000 2.35819500e-01
-6.88698000 3.10277400e-01
-6.85698000 3.92727200e-01
-6.82698000 4.00972000e-01
-6.79698000 3.45492000e-01
-6.76698000 3.20274400e-01
-6.73698000 3.44070600e-01
-6.70698000 3.66979200e-01
-6.67698000 3.69482400e-01
-6.64698000 3.97428600e-01
-6.61698000 4.75497000e-01
-6.58698000 6.08529000e-01
-6.55698000 7.65678000e-01
-6.52698000 1.02550500e+00
-6.49698000 1.26175400e+00
-6.46698000 1.08635080e+00
-6.42713000 7.35088000e-01
-6.39713000 6.42429000e-01
-6.36713000 6.38533000e-01
-6.33713000 6.54769000e-01
-6.30713000 5.60005000e-01
-6.27713000 4.21533000e-01
-6.24713000 3.37573400e-01
-6.21713000 3.09871000e-01
-6.18713000 3.21986200e-01
-6.15713000 3.68719000e-01
-6.12713000 4.12501000e-01
-6.09713000 4.38720400e-01
-6.06713000 4.65626400e-01
-6.03713000 5.07622600e-01
-6.00713000 6.16015600e-01
-5.97713000 8.48075000e-01
-5.94713000 1.25880520e+00
-5.91713000 1.72973720e+00
-5.88713000 1.51474580e+00
-5.85713000 1.02216880e+00
-5.82713000 7.74949000e-01
-5.79713000 7.06837000e-01
-5.76713000 6.02021000e-01
-5.73713000 4.94161000e-01
-5.70713000 4.47119400e-01
-5.67713000 4.20198200e-01
-5.64713000 4.02203600e-01
-5.61713000 4.07861200e-01
-5.58713000 4.44343400e-01
-5.55713000 5.12436400e-01
-5.52713000 5.50090000e-01
-5.49713000 5.71919000e-01
-5.46713000 6.36986000e-01
-5.43713000 7.40939000e-01
-5.40713000 7.74794200e-01
-5.37713000 6.68735200e-01
-5.34713000 5.95472200e-01
-5.31713000 6.21627800e-01
-5.28713000 7.67437400e-01
-5.25713000 1.07554300e+00
-5.22713000 1.42212800e+00
-5.19713000 1.38019600e+00
-5.16713000 1.30599100e+00
-5.13713000 1.53196200e+00
-5.10713000 1.99643000e+00
-5.07713000 2.15854000e+00
-5.04713000 1.88554400e+00
-5.01713000 1.85551000e+00
-4.98713000 2.23272200e+00
-4.95713000 3.00397000e+00
-4.92713000 4.00932200e+00
-4.89713000 4.10387000e+00
-4.86713000 3.90597000e+00
-4.83713000 3.44893000e+00
-4.80713000 2.46777500e+00
-4.77713000 1.75932000e+00
-4.74713000 1.39685600e+00
-4.71713000 1.25915600e+00
-4.68713000 1.22063600e+00
-4.65713000 1.21449300e+00
-4.61728000 1.39843500e+00
-4.58728000 1.78296800e+00
-4.55728000 2.54675400e+00
-4.52728000 3.79385200e+00
-4.49728000 5.38846900e+00
-4.46728000 5.99838200e+00
-4.43728000 4.74315700e+00
-4.40728000 3.97230000e+00
-4.37728000 3.78164000e+00
-4.34728000 3.76796000e+00
-4.31728000 3.80104000e+00
-4.28728000 3.52356000e+00
-4.25728000 3.60963000e+00
-4.22728000 4.55348000e+00
-4.19728000 5.73906000e+00
-4.16728000 6.29628000e+00
-4.13728000 6.95636000e+00
-4.10728000 7.01542200e+00
-4.07728000 5.15314100e+00
-4.04728000 3.50624200e+00
-4.01728000 2.80578600e+00
-3.98728000 2.84709500e+00
-3.95728000 3.59597500e+00
-3.92728000 4.36933600e+00
-3.89728000 3.57426000e+00
-3.86728000 2.44212700e+00
-3.83728000 1.78460400e+00
-3.80728000 1.48563300e+00
-3.77728000 1.42398600e+00
-3.74728000 1.54802200e+00
-3.71728000 1.85936100e+00
-3.68728000 2.44097800e+00
-3.65728000 3.29829200e+00
-3.62728000 3.78870000e+00
-3.59728000 4.28979500e+00
-3.56728000 5.84621500e+00
-3.53728000 8.10823500e+00
-3.50728000 8.44731700e+00
-3.47728000 8.40311900e+00
-3.44728000 8.14951200e+00
-3.41728000 5.66255200e+00
-3.38728000 3.55612000e+00
-3.35728000 2.47478600e+00
-3.32728000 1.93942200e+00
-3.29728000 1.52185700e+00
-3.26728000 1.20674500e+00
-3.23728000 1.03601870e+00
-3.20728000 9.78166000e-01
-3.17728000 9.56066500e-01
-3.14728000 9.26060000e-01
-3.11728000 9.15191000e-01
-3.08728000 9.45861600e-01
-3.05728000 1.06246420e+00
-3.02728000 1.19445800e+00
-2.99728000 1.30913570e+00
-2.96728000 1.46569450e+00
-2.93728000 1.53125730e+00
-2.90728000 1.61036390e+00
-2.87728000 1.97035400e+00
-2.84728000 2.83407500e+00
-2.80743000 5.36202300e+00
-2.77743000 7.79563900e+00
-2.74743000 7.98827700e+00
-2.71743000 5.40623000e+00
-2.68743000 3.36551700e+00
-2.65743000 2.37074200e+00
-2.62743000 1.94999400e+00
-2.59743000 1.85936100e+00
-2.56743000 2.13709200e+00
-2.53743000 2.48696600e+00
-2.50743000 2.29231200e+00
-2.47743000 1.76756000e+00
-2.44743000 1.26376000e+00
-2.41743000 9.57412000e-01
-2.38743000 8.22297000e-01
-2.35743000 7.90400000e-01
-2.32743000 8.11477000e-01
-2.29743000 8.75715000e-01
-2.26743000 9.28893000e-01
-2.23743000 9.20805000e-01
-2.20743000 1.00285600e+00
-2.17743000 1.02283100e+00
-2.14743000 9.25880000e-01
-2.11743000 8.86401000e-01
-2.08743000 9.31349000e-01
-2.05743000 1.01093700e+00
-2.02743000 1.07073400e+00
-1.99743000 1.23009200e+00
-1.96743000 1.58858800e+00
-1.93743000 2.25785000e+00
-1.90743000 3.59026200e+00
-1.87743000 5.49324700e+00
-1.84743000 5.54327700e+00
-1.81743000 3.93129500e+00
-1.78743000 2.90298300e+00
-1.75743000 2.16240200e+00
-1.72743000 1.54854000e+00
-1.69743000 1.19655900e+00
-1.66743000 1.01520100e+00
-1.63743000 9.07614000e-01
-1.60743000 8.19321000e-01
-1.57743000 7.72258000e-01
-1.54743000 7.87015000e-01
-1.51743000 8.42558000e-01
-1.48743000 8.35930000e-01
-1.45743000 7.69116000e-01
-1.42743000 7.05036000e-01
-1.39743000 6.61589000e-01
-1.36743000 6.46528000e-01
-1.33743000 6.54216000e-01
-1.30743000 7.01559000e-01
-1.27743000 7.47892000e-01
-1.24743000 7.75101000e-01
-1.21743000 8.84452000e-01
-1.18743000 1.03256700e+00
-1.15743000 1.03599400e+00
-1.12743000 1.02250000e+00
-1.09743000 1.13836600e+00
-1.06743000 1.43563800e+00
-1.03743000 1.72222900e+00
-0.99758100 1.97591000e+00
-0.96758100 2.34081800e+00
-0.93758100 2.83660600e+00
-0.90758100 3.18632200e+00
-0.87758100 3.95714000e+00
-0.84758100 4.39381000e+00
-0.81758100 3.90366000e+00
-0.78758100 3.11381000e+00
-0.75758100 2.57493200e+00
-0.72758100 2.27913100e+00
-0.69758100 2.16893200e+00
-0.66758100 2.20267900e+00
-0.63758100 2.23287300e+00
-0.60758100 2.28573900e+00
-0.57758100 2.19223300e+00
-0.54758100 2.21995000e+00
-0.51758100 2.64878200e+00
-0.48758100 2.98737200e+00
-0.45758100 2.54244400e+00
-0.42758100 1.91419100e+00
-0.39758100 1.59440800e+00
-0.36758100 1.56620000e+00
-0.33758100 1.78760800e+00
-0.30758100 1.97784400e+00
-0.27758100 1.86621900e+00
-0.24758100 1.73186800e+00
-0.21758100 1.66152400e+00
-0.18758100 1.76516500e+00
-0.15758100 2.18291200e+00
-0.12758100 2.86508000e+00
-0.09758080 3.22929000e+00
-0.06758080 3.40259000e+00
-0.03758080 3.56491000e+00
-0.00758084 3.58915000e+00
0.02241920 3.89155000e+00
0.05241920 4.05108000e+00
0.08241920 3.87283000e+00
0.11241900 3.74200000e+00
0.14241900 3.73441700e+00
0.17241900 3.73909700e+00
0.20241900 3.68463900e+00
0.23241900 3.30493400e+00
0.26241900 2.90838400e+00
0.29241900 2.74103100e+00
0.32241900 2.75107400e+00
0.35241900 2.96386200e+00
0.38241900 2.96513000e+00
0.41241900 3.20084100e+00
0.44241900 3.56507900e+00
0.47241900 3.80946000e+00
0.50241900 4.62456000e+00
0.53241900 5.89557000e+00
0.56241900 6.33103000e+00
0.59241900 5.13050000e+00
0.62241900 4.06163000e+00
0.65241900 3.54802000e+00
0.68241900 3.44405000e+00
0.71241900 3.78405700e+00
0.74241900 4.82204800e+00
0.77241900 6.63645000e+00
