# E(MeV)  S_NSDRNSDR(Total=K0+2*K1) for Th297_DDPCX
-17.28620000 6.40636000e-01
-17.25620000 6.49688000e-01
-17.22620000 6.49514000e-01
-17.19620000 6.48639000e-01
-17.16620000 6.50501000e-01
-17.13620000 6.53928000e-01
-17.10620000 6.58134000e-01
-17.07620000 6.62771000e-01
-17.04620000 6.67686000e-01
-17.01620000 6.72803000e-01
-16.98620000 6.78093000e-01
-16.95620000 6.83533000e-01
-16.92620000 6.89115000e-01
-16.89620000 6.94838000e-01
-16.86620000 7.00702000e-01
-16.83620000 7.06708000e-01
-16.80620000 7.12865000e-01
-16.77620000 7.19174000e-01
-16.74620000 7.25645000e-01
-16.71620000 7.32287000e-01
-16.68620000 7.39114000e-01
-16.65620000 7.46140000e-01
-16.62620000 7.53389000e-01
-16.59620000 7.60893000e-01
-16.56620000 7.68709000e-01
-16.53620000 7.76943000e-01
-16.50620000 7.85826000e-01
-16.47620000 7.95847000e-01
-16.44620000 8.07642000e-01
-16.41620000 8.18749000e-01
-16.38620000 8.24922000e-01
-16.35620000 8.31141000e-01
-16.32620000 8.39176000e-01
-16.29620000 8.48384000e-01
-16.26620000 8.58357000e-01
-16.23620000 8.68935000e-01
-16.20620000 8.80061000e-01
-16.17620000 8.91736000e-01
-16.14620000 9.03979000e-01
-16.11620000 9.16831000e-01
-16.08620000 9.30339000e-01
-16.05620000 9.44566000e-01
-16.02620000 9.59588000e-01
-15.99620000 9.75494000e-01
-15.96620000 9.92391000e-01
-15.93620000 1.01041100e+00
-15.90620000 1.02971600e+00
-15.87620000 1.05051100e+00
-15.84620000 1.07305400e+00
-15.81620000 1.09768900e+00
-15.78620000 1.12489600e+00
-15.75620000 1.15535500e+00
-15.72620000 1.19011300e+00
-15.69620000 1.23088600e+00
-15.66620000 1.28061300e+00
-15.63620000 1.34454700e+00
-15.60620000 1.43323700e+00
-15.57620000 1.55736700e+00
-15.54620000 1.72766900e+00
-15.51620000 1.96912800e+00
-15.47640000 2.17090600e+00
-15.44640000 2.33150400e+00
-15.41640000 2.35367900e+00
-15.38640000 2.21438000e+00
-15.35640000 2.17737100e+00
-15.32640000 2.28087500e+00
-15.29640000 2.50167300e+00
-15.26640000 2.72873600e+00
-15.23640000 2.90656700e+00
-15.20640000 3.18270600e+00
-15.17640000 3.55665200e+00
-15.14640000 4.09743700e+00
-15.11640000 4.94667600e+00
-15.08640000 6.29212100e+00
-15.05640000 8.51148300e+00
-15.02640000 1.24027500e+01
-14.99640000 1.96797800e+01
-14.96640000 3.32532400e+01
-14.93640000 5.25907400e+01
-14.90640000 5.13848950e+01
-14.87640000 3.19558590e+01
-14.84640000 1.96747920e+01
-14.81640000 1.43358800e+01
-14.78640000 1.23597800e+01
-14.75640000 1.13546800e+01
-14.72640000 9.52880000e+00
-14.69640000 8.06566000e+00
-14.66640000 7.32833000e+00
-14.63640000 7.44344000e+00
-14.60640000 6.79914000e+00
-14.57640000 5.23185000e+00
-14.54640000 4.22432500e+00
-14.51640000 3.74211600e+00
-14.48640000 3.52854500e+00
-14.45640000 3.37020500e+00
-14.42640000 3.17779100e+00
-14.39640000 3.04120900e+00
-14.36640000 2.97712300e+00
-14.33640000 2.96681800e+00
-14.30640000 2.99892800e+00
-14.27640000 3.04645200e+00
-14.24640000 3.11499600e+00
-14.21640000 3.21624000e+00
-14.18640000 3.35457000e+00
-14.15640000 3.53368000e+00
-14.12640000 3.75537000e+00
-14.09640000 4.04158000e+00
-14.06640000 4.38938000e+00
-14.03640000 4.76133000e+00
-14.00640000 5.20477000e+00
-13.97640000 5.85956000e+00
-13.94640000 6.87781000e+00
-13.91640000 8.51060000e+00
-13.88640000 1.05541300e+01
-13.85640000 1.14074200e+01
-13.82640000 1.19223200e+01
-13.79640000 1.35012000e+01
-13.76640000 1.58984200e+01
-13.73640000 2.00373100e+01
-13.70640000 2.78186600e+01
-13.66650000 4.79405000e+01
-13.63650000 6.53570000e+01
-13.60650000 7.39049000e+01
-13.57650000 9.46092000e+01
-13.54650000 1.38838400e+02
-13.51650000 1.49183000e+02
-13.48650000 1.13270000e+02
-13.45650000 9.56011000e+01
-13.42650000 9.64037000e+01
-13.39650000 1.15897400e+02
-13.36650000 1.28307500e+02
-13.33650000 9.06521000e+01
-13.30650000 5.48279500e+01
-13.27650000 3.60377400e+01
-13.24650000 2.66064000e+01
-13.21650000 2.19229800e+01
-13.18650000 2.01138800e+01
-13.15650000 2.06802600e+01
-13.12650000 2.35904000e+01
-13.09650000 2.64279600e+01
-13.06650000 2.73976000e+01
-13.03650000 3.17323000e+01
-13.00650000 4.35731800e+01
-12.97650000 6.81914400e+01
-12.94650000 1.04171760e+02
-12.91650000 1.00687760e+02
-12.88650000 6.25226800e+01
-12.85650000 3.75878000e+01
-12.82650000 2.52098800e+01
-12.79650000 1.84793200e+01
-12.76650000 1.42425600e+01
-12.73650000 1.16482100e+01
-12.70650000 1.00816100e+01
-12.67650000 9.24710000e+00
-12.64650000 9.07317000e+00
-12.61650000 9.36542000e+00
-12.58650000 9.11892000e+00
-12.55650000 8.56672000e+00
-12.52650000 8.36370000e+00
-12.49650000 8.12808000e+00
-12.46650000 7.82734000e+00
-12.43650000 7.95791000e+00
-12.40650000 8.59019000e+00
-12.37650000 9.51879000e+00
-12.34650000 1.04991400e+01
-12.31650000 1.17731900e+01
-12.28650000 1.29567300e+01
-12.25650000 1.50162800e+01
-12.22650000 1.96905200e+01
-12.19650000 2.91283900e+01
-12.16650000 4.29098400e+01
-12.13650000 4.72366500e+01
-12.10650000 3.84564800e+01
-12.07650000 3.20567100e+01
-12.04650000 3.22690800e+01
-12.01650000 4.04352900e+01
-11.98650000 5.89981500e+01
-11.95650000 7.92529800e+01
-11.92650000 6.85595500e+01
-11.89650000 4.83690200e+01
-11.85670000 3.69859800e+01
-11.82670000 3.70796800e+01
-11.79670000 4.39457400e+01
-11.76670000 5.33627400e+01
-11.73670000 5.90518900e+01
-11.70670000 7.11040800e+01
-11.67670000 9.98304100e+01
-11.64670000 1.53110170e+02
-11.61670000 1.93308700e+02
-11.58670000 1.66498900e+02
-11.55670000 1.49164200e+02
-11.52670000 1.56259100e+02
-11.49670000 1.44980100e+02
-11.46670000 1.03274900e+02
-11.43670000 6.78036000e+01
-11.40670000 5.15791000e+01
-11.37670000 4.68577000e+01
-11.34670000 4.11132400e+01
-11.31670000 3.26584400e+01
-11.28670000 2.79195800e+01
-11.25670000 2.65620800e+01
-11.22670000 2.75586400e+01
-11.19670000 3.10075100e+01
-11.16670000 3.81804500e+01
-11.13670000 5.19128600e+01
-11.10670000 7.91850300e+01
-11.07670000 1.33877670e+02
-11.04670000 2.11032550e+02
-11.01670000 2.12807810e+02
-10.98670000 1.48621720e+02
-10.95670000 9.28246800e+01
-10.92670000 5.98850900e+01
-10.89670000 4.21047200e+01
-10.86670000 3.29637400e+01
-10.83670000 2.88370700e+01
-10.80670000 2.65659700e+01
-10.77670000 2.32217300e+01
-10.74670000 1.91517300e+01
-10.71670000 1.67564500e+01
-10.68670000 1.61541000e+01
-10.65670000 1.62141000e+01
-10.62670000 1.54525600e+01
-10.59670000 1.43789500e+01
-10.56670000 1.38286000e+01
-10.53670000 1.42842000e+01
-10.50670000 1.60153900e+01
-10.47670000 1.96375700e+01
-10.44670000 2.53331000e+01
-10.41670000 3.17388900e+01
-10.38670000 3.62416700e+01
-10.35670000 3.32801900e+01
-10.32670000 3.17370300e+01
-10.29670000 3.62862900e+01
-10.26670000 4.51022900e+01
-10.23670000 5.59816300e+01
-10.20670000 6.13418700e+01
-10.17670000 7.23937400e+01
-10.14670000 1.05037300e+02
-10.11670000 1.39339980e+02
-10.08670000 1.16174020e+02
-10.04680000 7.22294300e+01
-10.01680000 6.36062500e+01
-9.98684000 5.68672200e+01
-9.95684000 4.46058700e+01
-9.92684000 3.91172400e+01
-9.89684000 4.00041800e+01
-9.86684000 4.78639900e+01
-9.83684000 6.47483100e+01
-9.80684000 6.83056700e+01
-9.77684000 4.85629400e+01
-9.74684000 3.37762000e+01
-9.71684000 2.66969300e+01
-9.68684000 2.39034100e+01
-9.65684000 2.40349200e+01
-9.62684000 2.72869400e+01
-9.59684000 3.50877600e+01
-9.56684000 4.56411000e+01
-9.53684000 4.64134000e+01
-9.50684000 4.48368800e+01
-9.47684000 5.38625200e+01
-9.44684000 7.02383600e+01
-9.41684000 6.82478000e+01
-9.38684000 5.69571000e+01
-9.35684000 5.29221000e+01
-9.32684000 5.67953400e+01
-9.29684000 6.32203600e+01
-9.26684000 5.64732000e+01
-9.23684000 4.86918000e+01
-9.20684000 4.97362000e+01
-9.17684000 5.85305000e+01
-9.14684000 7.16354000e+01
-9.11684000 9.16131000e+01
-9.08684000 1.05193000e+02
-9.05684000 8.90317000e+01
-9.02684000 7.39719000e+01
-8.99684000 6.95140000e+01
-8.96684000 7.65750000e+01
-8.93684000 9.75812000e+01
-8.90684000 1.29040000e+02
-8.87684000 1.59032500e+02
-8.84684000 1.88960400e+02
-8.81684000 2.36896200e+02
-8.78684000 2.92664800e+02
-8.75684000 3.58677000e+02
-8.72684000 4.19322000e+02
-8.69684000 3.61702000e+02
-8.66684000 2.64000500e+02
-8.63684000 2.23531000e+02
-8.60684000 2.09178700e+02
-8.57684000 2.06519600e+02
-8.54684000 2.50720800e+02
-8.51684000 3.23596400e+02
-8.48684000 3.23231400e+02
-8.45684000 2.45989800e+02
-8.42684000 1.72450000e+02
-8.39684000 1.39424700e+02
-8.36684000 1.37946900e+02
-8.33684000 1.66662200e+02
-8.30684000 2.33052800e+02
-8.27684000 2.95847200e+02
-8.23698000 3.03085000e+02
-8.20698000 3.71115000e+02
-8.17698000 4.20397800e+02
-8.14698000 3.12391800e+02
-8.11698000 2.09642000e+02
-8.08698000 1.65104200e+02
-8.05698000 1.58119800e+02
-8.02698000 1.78107700e+02
-7.99698000 2.21332900e+02
-7.96698000 2.39783500e+02
-7.93698000 2.25264600e+02
-7.90698000 2.11164800e+02
-7.87698000 1.94305800e+02
-7.84698000 1.96123000e+02
-7.81698000 2.40203900e+02
-7.78698000 3.30005500e+02
-7.75698000 4.74196800e+02
-7.72698000 6.24765700e+02
-7.69698000 5.69972700e+02
-7.66698000 4.78783300e+02
-7.63698000 4.37981000e+02
-7.60698000 4.19885600e+02
-7.57698000 4.23216700e+02
-7.54698000 4.66690800e+02
-7.51698000 4.57238800e+02
-7.48698000 4.08282200e+02
-7.45698000 3.64398900e+02
-7.42698000 3.29811000e+02
-7.39698000 3.16180300e+02
-7.36698000 3.25301400e+02
-7.33698000 3.64696300e+02
-7.30698000 4.24050300e+02
-7.27698000 4.49900600e+02
-7.24698000 4.70031400e+02
-7.21698000 3.97596700e+02
-7.18698000 3.09294300e+02
-7.15698000 2.92249100e+02
-7.12698000 3.46503100e+02
-7.09698000 4.20556000e+02
-7.06698000 3.92785000e+02
-7.03698000 3.42674200e+02
-7.00698000 3.41054200e+02
-6.97698000 3.21096600e+02
-6.94698000 3.13088600e+02
-6.91698000 3.41254400e+02
-6.88698000 3.94565000e+02
-6.85698000 4.30962000e+02
-6.82698000 4.07823600e+02
-6.79698000 4.01148000e+02
-6.76698000 4.42469000e+02
-6.73698000 4.92982000e+02
-6.70698000 5.78623000e+02
-6.67698000 7.77351000e+02
-6.64698000 9.97526000e+02
-6.61698000 1.02051200e+03
-6.58698000 8.97304000e+02
-6.55698000 7.24748000e+02
-6.52698000 5.50819000e+02
-6.49698000 3.91218000e+02
-6.46698000 2.86181000e+02
-6.42713000 2.09940600e+02
-6.39713000 1.88765300e+02
-6.36713000 1.89582500e+02
-6.33713000 2.17483900e+02
-6.30713000 2.80969600e+02
-6.27713000 3.76479100e+02
-6.24713000 4.78753000e+02
-6.21713000 6.01242000e+02
-6.18713000 6.75849000e+02
-6.15713000 5.81056000e+02
-6.12713000 4.45869000e+02
-6.09713000 3.73827000e+02
-6.06713000 3.41072000e+02
-6.03713000 3.53091000e+02
-6.00713000 3.82900000e+02
-5.97713000 4.58695900e+02
-5.94713000 5.54012400e+02
-5.91713000 5.19474600e+02
-5.88713000 4.71693000e+02
-5.85713000 5.46175000e+02
-5.82713000 7.68663000e+02
-5.79713000 9.89870000e+02
-5.76713000 9.52703000e+02
-5.73713000 7.54838000e+02
-5.70713000 5.96537000e+02
-5.67713000 5.24037000e+02
-5.64713000 5.83368000e+02
-5.61713000 6.88498000e+02
-5.58713000 6.75174000e+02
-5.55713000 6.52273000e+02
-5.52713000 5.88309000e+02
-5.49713000 5.54671000e+02
-5.46713000 5.43638000e+02
-5.43713000 4.51865000e+02
-5.40713000 3.45213700e+02
-5.37713000 2.81350300e+02
-5.34713000 2.40155800e+02
-5.31713000 2.04878200e+02
-5.28713000 2.02742500e+02
-5.25713000 2.25738200e+02
-5.22713000 2.59061400e+02
-5.19713000 3.10668800e+02
-5.16713000 2.93528600e+02
-5.13713000 2.33842600e+02
-5.10713000 2.16658200e+02
-5.07713000 2.24321500e+02
-5.04713000 2.38208700e+02
-5.01713000 2.70144000e+02
-4.98713000 3.03528100e+02
-4.95713000 3.10714600e+02
-4.92713000 2.92979600e+02
-4.89713000 2.83313200e+02
-4.86713000 2.91453300e+02
-4.83713000 2.95145700e+02
-4.80713000 2.85167300e+02
-4.77713000 2.65117800e+02
-4.74713000 2.44292800e+02
-4.71713000 2.68497000e+02
-4.68713000 3.53218200e+02
-4.65713000 4.55976600e+02
-4.61728000 3.66196100e+02
-4.58728000 2.44415200e+02
-4.55728000 1.79405500e+02
-4.52728000 1.57767300e+02
-4.49728000 1.44709500e+02
-4.46728000 1.21669500e+02
-4.43728000 1.09716600e+02
-4.40728000 1.13276300e+02
-4.37728000 1.27276300e+02
-4.34728000 1.28192500e+02
-4.31728000 1.19810500e+02
-4.28728000 1.20984200e+02
-4.25728000 1.21676200e+02
-4.22728000 1.17172740e+02
-4.19728000 1.28732200e+02
-4.16728000 1.42950400e+02
-4.13728000 1.41846200e+02
-4.10728000 1.38463300e+02
-4.07728000 1.49130600e+02
-4.04728000 1.88736000e+02
-4.01728000 2.74087000e+02
-3.98728000 4.19510400e+02
-3.95728000 5.29091880e+02
-3.92728000 4.19135380e+02
-3.89728000 2.73341110e+02
-3.86728000 1.90597900e+02
-3.83728000 1.50558400e+02
-3.80728000 1.35934200e+02
-3.77728000 1.25320700e+02
-3.74728000 1.07742900e+02
-3.71728000 9.87054000e+01
-3.68728000 1.03082400e+02
-3.65728000 1.13492700e+02
-3.62728000 1.29625700e+02
-3.59728000 1.62698500e+02
-3.56728000 2.00931900e+02
-3.53728000 1.89549600e+02
-3.50728000 1.53377700e+02
-3.47728000 1.44056700e+02
-3.44728000 1.59300400e+02
-3.41728000 1.81332100e+02
-3.38728000 1.67296600e+02
-3.35728000 1.36685400e+02
-3.32728000 1.36353300e+02
-3.29728000 1.49285700e+02
-3.26728000 1.41862800e+02
-3.23728000 1.27885000e+02
-3.20728000 1.34122300e+02
-3.17728000 1.34951400e+02
-3.14728000 1.27546200e+02
-3.11728000 1.23913100e+02
-3.08728000 1.28601800e+02
-3.05728000 1.10587300e+02
-3.02728000 7.99579000e+01
-2.99728000 6.36975500e+01
-2.96728000 5.90712000e+01
-2.93728000 5.73081000e+01
-2.90728000 5.66555000e+01
-2.87728000 6.51577000e+01
-2.84728000 8.56055000e+01
-2.80743000 1.12915000e+02
-2.77743000 9.38276000e+01
-2.74743000 7.13098000e+01
-2.71743000 6.29016400e+01
-2.68743000 6.04577400e+01
-2.65743000 6.30395200e+01
-2.62743000 7.79501700e+01
-2.59743000 9.40085500e+01
-2.56743000 9.30082000e+01
-2.53743000 8.53032000e+01
-2.50743000 8.64757000e+01
-2.47743000 8.34065000e+01
-2.44743000 7.98276000e+01
-2.41743000 7.81683000e+01
-2.38743000 6.94806000e+01
-2.35743000 6.00470000e+01
-2.32743000 5.86472000e+01
-2.29743000 6.44082000e+01
-2.26743000 6.56718000e+01
-2.23743000 6.65923200e+01
-2.20743000 7.23213100e+01
-2.17743000 7.07048500e+01
-2.14743000 6.16438000e+01
-2.11743000 5.39860700e+01
-2.08743000 5.73991700e+01
-2.05743000 5.93922800e+01
-2.02743000 5.35869500e+01
-1.99743000 5.11503100e+01
-1.96743000 5.03473000e+01
-1.93743000 4.40744300e+01
-1.90743000 3.73616600e+01
-1.87743000 3.62709000e+01
-1.84743000 3.71630400e+01
-1.81743000 3.93778600e+01
-1.78743000 3.75638500e+01
-1.75743000 3.40265700e+01
-1.72743000 3.13353600e+01
-1.69743000 3.03923500e+01
-1.66743000 3.10518200e+01
-1.63743000 3.20428400e+01
-1.60743000 3.43683100e+01
-1.57743000 3.82886600e+01
-1.54743000 4.39546200e+01
-1.51743000 5.33487700e+01
-1.48743000 7.28284200e+01
-1.45743000 1.01056790e+02
-1.42743000 1.18726710e+02
-1.39743000 1.35722560e+02
-1.36743000 1.26022360e+02
-1.33743000 9.06885300e+01
-1.30743000 6.90047400e+01
-1.27743000 5.83104000e+01
-1.24743000 4.80480400e+01
-1.21743000 3.91458100e+01
-1.18743000 3.52955400e+01
-1.15743000 3.61912100e+01
-1.12743000 3.83167500e+01
-1.09743000 3.80945100e+01
-1.06743000 3.96397400e+01
-1.03743000 4.41225500e+01
-0.99758100 5.14777900e+01
-0.96758100 5.69866200e+01
-0.93758100 5.59394000e+01
-0.90758100 4.83217700e+01
-0.87758100 4.69429000e+01
-0.84758100 4.96313800e+01
-0.81758100 5.47482300e+01
-0.78758100 6.25660900e+01
-0.75758100 7.54857000e+01
-0.72758100 1.08438650e+02
-0.69758100 1.59791360e+02
-0.66758100 1.56392150e+02
-0.63758100 1.07144280e+02
-0.60758100 7.87658100e+01
-0.57758100 7.46616800e+01
-0.54758100 8.33080500e+01
-0.51758100 8.70313000e+01
-0.48758100 7.22418200e+01
-0.45758100 5.23636400e+01
-0.42758100 4.06061800e+01
-0.39758100 3.62517600e+01
-0.36758100 3.69602100e+01
-0.33758100 4.04984000e+01
-0.30758100 4.63434900e+01
-0.27758100 5.75116400e+01
-0.24758100 7.73648800e+01
-0.21758100 1.02717480e+02
-0.18758100 9.55270600e+01
-0.15758100 6.85653800e+01
-0.12758100 5.50671800e+01
-0.09758080 5.33149300e+01
-0.06758080 5.30933700e+01
-0.03758080 4.91958100e+01
-0.00758084 4.11620700e+01
0.02241920 3.30033900e+01
0.05241920 2.65695900e+01
0.08241920 2.34140600e+01
0.11241900 2.35025200e+01
0.14241900 2.34408300e+01
0.17241900 2.16536200e+01
0.20241900 2.07466600e+01
0.23241900 2.05142900e+01
0.26241900 1.95270800e+01
0.29241900 1.72079800e+01
0.32241900 1.40679500e+01
0.35241900 1.21339400e+01
0.38241900 1.16023400e+01
0.41241900 1.09784600e+01
0.44241900 1.05583900e+01
0.47241900 1.09293100e+01
0.50241900 1.14817400e+01
0.53241900 1.22019900e+01
0.56241900 1.35856100e+01
0.59241900 1.43448200e+01
0.62241900 1.46276500e+01
0.65241900 1.29281000e+01
0.68241900 1.23519700e+01
0.71241900 1.36056500e+01
0.74241900 1.40341300e+01
0.77241900 1.41770000e+01
