# E(MeV)  S_GAMTGAMT(K=1) for Th297_DDPCX
-17.28620000 2.87336000e-03
-17.25620000 2.88402000e-03
-17.22620000 2.89486000e-03
-17.19620000 2.90593000e-03
-17.16620000 2.91731000e-03
-17.13620000 2.92911000e-03
-17.10620000 2.94156000e-03
-17.07620000 2.95509000e-03
-17.04620000 2.97061000e-03
-17.01620000 2.99017000e-03
-16.98620000 3.01817000e-03
-16.95620000 3.05701000e-03
-16.92620000 3.07579000e-03
-16.89620000 3.06108000e-03
-16.86620000 3.05277000e-03
-16.83620000 3.05469000e-03
-16.80620000 3.06181000e-03
-16.77620000 3.07148000e-03
-16.74620000 3.08256000e-03
-16.71620000 3.09454000e-03
-16.68620000 3.10716000e-03
-16.65620000 3.12030000e-03
-16.62620000 3.13392000e-03
-16.59620000 3.14798000e-03
-16.56620000 3.16249000e-03
-16.53620000 3.17747000e-03
-16.50620000 3.19293000e-03
-16.47620000 3.20893000e-03
-16.44620000 3.22550000e-03
-16.41620000 3.24270000e-03
-16.38620000 3.26060000e-03
-16.35620000 3.27929000e-03
-16.32620000 3.29885000e-03
-16.29620000 3.31940000e-03
-16.26620000 3.34109000e-03
-16.23620000 3.36409000e-03
-16.20620000 3.38860000e-03
-16.17620000 3.41488000e-03
-16.14620000 3.44325000e-03
-16.11620000 3.47411000e-03
-16.08620000 3.50800000e-03
-16.05620000 3.54559000e-03
-16.02620000 3.58777000e-03
-15.99620000 3.63577000e-03
-15.96620000 3.69128000e-03
-15.93620000 3.75668000e-03
-15.90620000 3.83545000e-03
-15.87620000 3.93288000e-03
-15.84620000 4.05721000e-03
-15.81620000 4.22203000e-03
-15.78620000 4.45090000e-03
-15.75620000 4.78746000e-03
-15.72620000 5.31871000e-03
-15.69620000 6.23265000e-03
-15.66620000 7.95584000e-03
-15.63620000 1.12874000e-02
-15.60620000 1.55174000e-02
-15.57620000 1.44874000e-02
-15.54620000 1.07784000e-02
-15.51620000 9.16391000e-03
-15.47640000 9.69969000e-03
-15.44640000 9.36938000e-03
-15.41640000 7.68624000e-03
-15.38640000 6.68226000e-03
-15.35640000 6.42120000e-03
-15.32640000 6.49256000e-03
-15.29640000 6.44065000e-03
-15.26640000 6.52115000e-03
-15.23640000 6.81641000e-03
-15.20640000 7.50162000e-03
-15.17640000 8.79914000e-03
-15.14640000 1.08828000e-02
-15.11640000 1.17828000e-02
-15.08640000 1.10726000e-02
-15.05640000 1.14297000e-02
-15.02640000 1.34839000e-02
-14.99640000 1.80082000e-02
-14.96640000 2.72514000e-02
-14.93640000 4.41862000e-02
-14.90640000 5.74055000e-02
-14.87640000 5.10491000e-02
-14.84640000 4.66881000e-02
-14.81640000 3.73906000e-02
-14.78640000 2.50716000e-02
-14.75640000 1.80628000e-02
-14.72640000 1.35945000e-02
-14.69640000 1.07509000e-02
-14.66640000 9.15359000e-03
-14.63640000 8.01901000e-03
-14.60640000 7.25371000e-03
-14.57640000 6.86170000e-03
-14.54640000 6.71284000e-03
-14.51640000 6.83269000e-03
-14.48640000 6.95234000e-03
-14.45640000 6.67030000e-03
-14.42640000 6.25234000e-03
-14.39640000 5.91419000e-03
-14.36640000 5.78089000e-03
-14.33640000 5.82793000e-03
-14.30640000 6.06518000e-03
-14.27640000 6.60166000e-03
-14.24640000 7.71274000e-03
-14.21640000 9.62607000e-03
-14.18640000 1.05401000e-02
-14.15640000 9.26838000e-03
-14.12640000 8.55194000e-03
-14.09640000 8.64691000e-03
-14.06640000 9.42579000e-03
-14.03640000 1.15460000e-02
-14.00640000 1.40451000e-02
-13.97640000 1.39604000e-02
-13.94640000 1.16436000e-02
-13.91640000 9.53455000e-03
-13.88640000 8.58232000e-03
-13.85640000 8.52955000e-03
-13.82640000 8.65887000e-03
-13.79640000 8.56618000e-03
-13.76640000 8.96140000e-03
-13.73640000 1.01719000e-02
-13.70640000 1.26842000e-02
-13.66650000 1.97771000e-02
-13.63650000 2.70437000e-02
-13.60650000 3.19043000e-02
-13.57650000 2.88833000e-02
-13.54650000 2.40045000e-02
-13.51650000 1.93357000e-02
-13.48650000 1.75465000e-02
-13.45650000 1.80991000e-02
-13.42650000 1.86515000e-02
-13.39650000 1.93743000e-02
-13.36650000 2.24864000e-02
-13.33650000 2.77622000e-02
-13.30650000 3.47907000e-02
-13.27650000 4.03336000e-02
-13.24650000 3.19527000e-02
-13.21650000 2.19090000e-02
-13.18650000 1.60357000e-02
-13.15650000 1.33764000e-02
-13.12650000 1.23860000e-02
-13.09650000 1.20183000e-02
-13.06650000 1.18827000e-02
-13.03650000 1.07868000e-02
-13.00650000 9.55047000e-03
-12.97650000 9.27969000e-03
-12.94650000 1.00722000e-02
-12.91650000 1.20815000e-02
-12.88650000 1.38081000e-02
-12.85650000 1.25820000e-02
-12.82650000 1.02497000e-02
-12.79650000 8.93581000e-03
-12.76650000 8.34879000e-03
-12.73650000 8.23503000e-03
-12.70650000 8.34731000e-03
-12.67650000 8.59178000e-03
-12.64650000 9.19196000e-03
-12.61650000 1.05160000e-02
-12.58650000 1.26228000e-02
-12.55650000 1.54053000e-02
-12.52650000 1.70248000e-02
-12.49650000 1.56419000e-02
-12.46650000 1.54895000e-02
-12.43650000 1.81154000e-02
-12.40650000 2.17766000e-02
-12.37650000 2.65574000e-02
-12.34650000 3.40270000e-02
-12.31650000 3.32111000e-02
-12.28650000 2.75429000e-02
-12.25650000 2.41018000e-02
-12.22650000 1.85555000e-02
-12.19650000 1.41367000e-02
-12.16650000 1.17329000e-02
-12.13650000 1.04272000e-02
-12.10650000 9.75385000e-03
-12.07650000 9.55058000e-03
-12.04650000 9.77832000e-03
-12.01650000 1.00328000e-02
-11.98650000 1.06949000e-02
-11.95650000 1.16738000e-02
-11.92650000 1.14816000e-02
-11.89650000 1.03152000e-02
-11.85670000 9.72102000e-03
-11.82670000 1.01200000e-02
-11.79670000 1.07565000e-02
-11.76670000 1.13750000e-02
-11.73670000 1.14516000e-02
-11.70670000 1.05524000e-02
-11.67670000 9.59806000e-03
-11.64670000 9.46099000e-03
-11.61670000 9.98383000e-03
-11.58670000 1.07258000e-02
-11.55670000 1.16743000e-02
-11.52670000 1.33874000e-02
-11.49670000 1.75303000e-02
-11.46670000 2.51710000e-02
-11.43670000 2.82334000e-02
-11.40670000 2.08425000e-02
-11.37670000 1.47386000e-02
-11.34670000 1.17686000e-02
-11.31670000 1.02467000e-02
-11.28670000 9.25619000e-03
-11.25670000 8.75111000e-03
-11.22670000 8.61485000e-03
-11.19670000 8.50489000e-03
-11.16670000 8.47074000e-03
-11.13670000 8.41098000e-03
-11.10670000 8.29892000e-03
-11.07670000 8.36561000e-03
-11.04670000 8.68533000e-03
-11.01670000 9.36231000e-03
-10.98670000 1.05670000e-02
-10.95670000 1.26873000e-02
-10.92670000 1.61830000e-02
-10.89670000 1.79994000e-02
-10.86670000 1.65946000e-02
-10.83670000 1.60855000e-02
-10.80670000 1.76891000e-02
-10.77670000 2.09206000e-02
-10.74670000 2.37548000e-02
-10.71670000 2.09568000e-02
-10.68670000 1.66137000e-02
-10.65670000 1.47691000e-02
-10.62670000 1.52129000e-02
-10.59670000 1.78596000e-02
-10.56670000 2.03949000e-02
-10.53670000 1.97810000e-02
-10.50670000 1.74694000e-02
-10.47670000 1.61246000e-02
-10.44670000 1.53043000e-02
-10.41670000 1.43409000e-02
-10.38670000 1.42858000e-02
-10.35670000 1.50632000e-02
-10.32670000 1.60684000e-02
-10.29670000 1.64742000e-02
-10.26670000 1.69211000e-02
-10.23670000 1.77006000e-02
-10.20670000 1.91666000e-02
-10.17670000 2.31965000e-02
-10.14670000 2.74409000e-02
-10.11670000 2.81688000e-02
-10.08670000 2.71067000e-02
-10.04680000 2.70688000e-02
-10.01680000 2.61902000e-02
-9.98684000 2.13399000e-02
-9.95684000 1.69542000e-02
-9.92684000 1.45330000e-02
-9.89684000 1.32895000e-02
-9.86684000 1.29293000e-02
-9.83684000 1.34903000e-02
-9.80684000 1.50987000e-02
-9.77684000 1.79165000e-02
-9.74684000 1.96032000e-02
-9.71684000 1.96596000e-02
-9.68684000 2.07478000e-02
-9.65684000 2.40569000e-02
-9.62684000 2.84561000e-02
-9.59684000 2.82411000e-02
-9.56684000 2.43047000e-02
-9.53684000 1.94895000e-02
-9.50684000 1.64795000e-02
-9.47684000 1.49325000e-02
-9.44684000 1.45914000e-02
-9.41684000 1.54227000e-02
-9.38684000 1.77497000e-02
-9.35684000 2.17751000e-02
-9.32684000 2.51221000e-02
-9.29684000 2.73952000e-02
-9.26684000 2.99099000e-02
-9.23684000 2.81434000e-02
-9.20684000 2.57378000e-02
-9.17684000 2.61126000e-02
-9.14684000 2.93148000e-02
-9.11684000 3.50975000e-02
-9.08684000 4.51935000e-02
-9.05684000 5.05506000e-02
-9.02684000 3.97461000e-02
-8.99684000 2.97399000e-02
-8.96684000 2.55693000e-02
-8.93684000 2.54076000e-02
-8.90684000 2.86524000e-02
-8.87684000 3.44911000e-02
-8.84684000 4.01556000e-02
-8.81684000 3.89299000e-02
-8.78684000 3.22015000e-02
-8.75684000 2.66970000e-02
-8.72684000 2.45113000e-02
-8.69684000 2.58706000e-02
-8.66684000 3.12365000e-02
-8.63684000 3.67122000e-02
-8.60684000 3.70073000e-02
-8.57684000 3.52909000e-02
-8.54684000 3.00047000e-02
-8.51684000 2.59634000e-02
-8.48684000 2.49158000e-02
-8.45684000 2.52081000e-02
-8.42684000 2.60708000e-02
-8.39684000 2.94163000e-02
-8.36684000 3.63844000e-02
-8.33684000 4.25472000e-02
-8.30684000 4.71552000e-02
-8.27684000 5.43475000e-02
-8.23698000 6.25212000e-02
-8.20698000 5.53663000e-02
-8.17698000 5.19441000e-02
-8.14698000 5.96352000e-02
-8.11698000 7.54154000e-02
-8.08698000 7.45309000e-02
-8.05698000 6.24911000e-02
-8.02698000 5.79406000e-02
-7.99698000 5.73075000e-02
-7.96698000 6.24292000e-02
-7.93698000 7.52737000e-02
-7.90698000 9.37606000e-02
-7.87698000 1.10292000e-01
-7.84698000 1.13127000e-01
-7.81698000 8.96484000e-02
-7.78698000 6.90731000e-02
-7.75698000 5.84510000e-02
-7.72698000 4.74175000e-02
-7.69698000 3.97000000e-02
-7.66698000 3.74321000e-02
-7.63698000 3.52098000e-02
-7.60698000 3.15230000e-02
-7.57698000 2.90165000e-02
-7.54698000 2.87462000e-02
-7.51698000 3.01000000e-02
-7.48698000 3.29276000e-02
-7.45698000 3.60992000e-02
-7.42698000 4.22371000e-02
-7.39698000 4.29994000e-02
-7.36698000 3.51973000e-02
-7.33698000 2.99721000e-02
-7.30698000 2.85112000e-02
-7.27698000 2.92493000e-02
-7.24698000 3.11260000e-02
-7.21698000 3.41254000e-02
-7.18698000 3.87852000e-02
-7.15698000 4.36798000e-02
-7.12698000 4.54774000e-02
-7.09698000 4.89593000e-02
-7.06698000 5.73756000e-02
-7.03698000 6.84236000e-02
-7.00698000 7.41736000e-02
-6.97698000 7.38818000e-02
-6.94698000 7.24238000e-02
-6.91698000 8.11346000e-02
-6.88698000 1.09736000e-01
-6.85698000 1.47103000e-01
-6.82698000 1.48016000e-01
-6.79698000 1.12367000e-01
-6.76698000 8.38827000e-02
-6.73698000 6.91503000e-02
-6.70698000 6.54761000e-02
-6.67698000 7.20597000e-02
-6.64698000 8.81183000e-02
-6.61698000 1.14416000e-01
-6.58698000 1.45231000e-01
-6.55698000 1.41852000e-01
-6.52698000 1.17212000e-01
-6.49698000 1.02312000e-01
-6.46698000 9.94294000e-02
-6.42713000 1.06474000e-01
-6.39713000 1.13306000e-01
-6.36713000 1.29467000e-01
-6.33713000 1.52140000e-01
-6.30713000 1.49126000e-01
-6.27713000 1.14276000e-01
-6.24713000 8.88697000e-02
-6.21713000 8.07525000e-02
-6.18713000 8.54216000e-02
-6.15713000 1.02081000e-01
-6.12713000 1.10315000e-01
-6.09713000 9.73577000e-02
-6.06713000 7.76267000e-02
-6.03713000 6.51108000e-02
-6.00713000 6.06688000e-02
-5.97713000 6.14300000e-02
-5.94713000 6.30026000e-02
-5.91713000 6.74586000e-02
-5.88713000 7.63979000e-02
-5.85713000 9.37834000e-02
-5.82713000 1.31562000e-01
-5.79713000 1.76342000e-01
-5.76713000 1.62233000e-01
-5.73713000 1.23488000e-01
-5.70713000 9.95787000e-02
-5.67713000 8.98516000e-02
-5.64713000 9.07323000e-02
-5.61713000 9.31281000e-02
-5.58713000 9.26867000e-02
-5.55713000 9.80827000e-02
-5.52713000 1.07966000e-01
-5.49713000 1.17490000e-01
-5.46713000 1.20682000e-01
-5.43713000 1.09671000e-01
-5.40713000 9.80901000e-02
-5.37713000 9.28811000e-02
-5.34713000 8.96671000e-02
-5.31713000 8.99544000e-02
-5.28713000 9.72557000e-02
-5.25713000 1.09836000e-01
-5.22713000 1.23509000e-01
-5.19713000 1.41073000e-01
-5.16713000 1.73182000e-01
-5.13713000 2.23826000e-01
-5.10713000 2.73065000e-01
-5.07713000 2.83945000e-01
-5.04713000 2.77182000e-01
-5.01713000 3.05795000e-01
-4.98713000 3.72996000e-01
-4.95713000 4.40180000e-01
-4.92713000 5.41491000e-01
-4.89713000 7.88155000e-01
-4.86713000 1.17933000e+00
-4.83713000 1.24930000e+00
-4.80713000 9.13203000e-01
-4.77713000 6.38659000e-01
-4.74713000 4.95900000e-01
-4.71713000 4.40672000e-01
-4.68713000 4.28355000e-01
-4.65713000 4.45527000e-01
-4.61728000 5.54250000e-01
-4.58728000 7.40629000e-01
-4.55728000 1.09948000e+00
-4.52728000 1.68603000e+00
-4.49728000 2.44199000e+00
-4.46728000 2.67226000e+00
-4.43728000 1.89739000e+00
-4.40728000 1.31137000e+00
-4.37728000 1.15124000e+00
-4.34728000 1.26955000e+00
-4.31728000 1.36045000e+00
-4.28728000 1.17828000e+00
-4.25728000 1.01338000e+00
-4.22728000 1.06007000e+00
-4.19728000 1.34039000e+00
-4.16728000 1.85412000e+00
-4.13728000 2.65022000e+00
-4.10728000 3.01009000e+00
-4.07728000 2.25332000e+00
-4.04728000 1.52146000e+00
-4.01728000 1.22334000e+00
-3.98728000 1.27547000e+00
-3.95728000 1.66849000e+00
-3.92728000 2.06519000e+00
-3.89728000 1.67092000e+00
-3.86728000 1.10211000e+00
-3.83728000 7.65449000e-01
-3.80728000 5.96114000e-01
-3.77728000 5.24147000e-01
-3.74728000 5.11521000e-01
-3.71728000 5.44990000e-01
-3.68728000 6.32389000e-01
-3.65728000 7.99826000e-01
-3.62728000 1.10747000e+00
-3.59728000 1.64535000e+00
-3.56728000 2.61004000e+00
-3.53728000 3.83197000e+00
-3.50728000 4.03726000e+00
-3.47728000 4.02540000e+00
-3.44728000 3.92206000e+00
-3.41728000 2.71777000e+00
-3.38728000 1.69017000e+00
-3.35728000 1.16191000e+00
-3.32728000 8.99421000e-01
-3.29728000 6.97578000e-01
-3.26728000 5.49614000e-01
-3.23728000 4.70893000e-01
-3.20728000 4.45469000e-01
-3.17728000 4.36390000e-01
-3.14728000 4.23199000e-01
-3.11728000 4.18507000e-01
-3.08728000 4.33276000e-01
-3.05728000 4.90544000e-01
-3.02728000 5.56117000e-01
-2.99728000 6.12605000e-01
-2.96728000 6.88822000e-01
-2.93728000 7.19203000e-01
-2.90728000 7.56492000e-01
-2.87728000 9.33409000e-01
-2.84728000 1.35949000e+00
-2.80743000 2.61166000e+00
-2.77743000 3.82262000e+00
-2.74743000 3.90857000e+00
-2.71743000 2.59815000e+00
-2.68743000 1.54451000e+00
-2.65743000 9.94341000e-01
-2.62743000 7.26901000e-01
-2.59743000 6.13917000e-01
-2.56743000 5.92035000e-01
-2.53743000 5.64493000e-01
-2.50743000 4.98986000e-01
-2.47743000 4.19731000e-01
-2.44743000 3.35795000e-01
-2.41743000 2.71605000e-01
-2.38743000 2.37066000e-01
-2.35743000 2.21315000e-01
-2.32743000 2.17262000e-01
-2.29743000 2.21768000e-01
-2.26743000 2.38976000e-01
-2.23743000 2.81408000e-01
-2.20743000 3.54183000e-01
-2.17743000 3.87040000e-01
-2.14743000 3.55004000e-01
-2.11743000 3.34410000e-01
-2.08743000 3.40828000e-01
-2.05743000 3.79711000e-01
-2.02743000 4.34797000e-01
-1.99743000 5.30699000e-01
-1.96743000 7.12452000e-01
-1.93743000 1.04135000e+00
-1.90743000 1.69959000e+00
-1.87743000 2.63830000e+00
-1.84743000 2.63367000e+00
-1.81743000 1.76415000e+00
-1.78743000 1.15833000e+00
-1.75743000 7.86599000e-01
-1.72743000 5.51226000e-01
-1.69743000 4.20529000e-01
-1.66743000 3.49582000e-01
-1.63743000 2.96550000e-01
-1.60743000 2.54672000e-01
-1.57743000 2.30708000e-01
-1.54743000 2.16593000e-01
-1.51743000 2.06687000e-01
-1.48743000 2.10957000e-01
-1.45743000 2.22524000e-01
-1.42743000 2.22703000e-01
-1.39743000 2.08625000e-01
-1.36743000 1.90643000e-01
-1.33743000 1.73659000e-01
-1.30743000 1.62477000e-01
-1.27743000 1.61199000e-01
-1.24743000 1.66103000e-01
-1.21743000 1.74036000e-01
-1.18743000 1.80710000e-01
-1.15743000 1.85246000e-01
-1.12743000 2.00521000e-01
-1.09743000 2.35650000e-01
-1.06743000 3.00777000e-01
-1.03743000 3.95621000e-01
-0.99758100 4.79935000e-01
-0.96758100 5.23604000e-01
-0.93758100 6.57168000e-01
-0.90758100 9.72376000e-01
-0.87758100 1.46150000e+00
-0.84758100 1.63413000e+00
-0.81758100 1.26708000e+00
-0.78758100 8.88160000e-01
-0.75758100 6.95621000e-01
-0.72758100 6.47384000e-01
-0.69758100 6.65476000e-01
-0.66758100 7.01810000e-01
-0.63758100 7.26763000e-01
-0.60758100 7.58704000e-01
-0.57758100 7.23114000e-01
-0.54758100 6.81301000e-01
-0.51758100 7.35276000e-01
-0.48758100 8.49301000e-01
-0.45758100 8.13198000e-01
-0.42758100 6.43920000e-01
-0.39758100 5.53259000e-01
-0.36758100 5.74101000e-01
-0.33758100 6.94024000e-01
-0.30758100 7.75410000e-01
-0.27758100 6.89197000e-01
-0.24758100 5.92983000e-01
-0.21758100 5.22501000e-01
-0.18758100 5.21031000e-01
-0.15758100 6.22524000e-01
-0.12758100 7.87905000e-01
-0.09758080 9.09930000e-01
-0.06758080 1.05076000e+00
-0.03758080 1.11013000e+00
-0.00758084 1.06696000e+00
0.02241920 1.11633000e+00
0.05241920 1.18749000e+00
0.08241920 1.25413000e+00
0.11241900 1.34060000e+00
0.14241900 1.43513000e+00
0.17241900 1.51542000e+00
0.20241900 1.52352000e+00
0.23241900 1.37301000e+00
0.26241900 1.21422000e+00
0.29241900 1.15523000e+00
0.32241900 1.16779000e+00
0.35241900 1.26183000e+00
0.38241900 1.22839000e+00
0.41241900 1.29049000e+00
0.44241900 1.37434000e+00
0.47241900 1.30707000e+00
0.50241900 1.32999000e+00
0.53241900 1.32744000e+00
0.56241900 1.32000000e+00
0.59241900 1.24395000e+00
0.62241900 1.08920000e+00
0.65241900 1.06567000e+00
0.68241900 1.17089000e+00
0.71241900 1.44210000e+00
0.74241900 1.98646000e+00
0.77241900 2.87736000e+00
