# E(MeV)  S_NSDRNSDR(K=0) for Tl216_DDPCX
-8.18051000 -3.24997000e-01
-8.15051000 -4.73513000e-01
-8.12051000 -6.98257000e-01
-8.09051000 -6.97331000e-01
-8.06051000 -4.65224000e-01
-8.03051000 -3.07563000e-01
-8.00051000 -2.26718000e-01
-7.97051000 -1.82899000e-01
-7.94051000 -1.56602000e-01
-7.91051000 -1.39267000e-01
-7.88051000 -1.26905000e-01
-7.85051000 -1.17509000e-01
-7.82051000 -1.09990000e-01
-7.79051000 -1.03722000e-01
-7.76051000 -9.83249000e-02
-7.73051000 -9.35569000e-02
-7.70051000 -8.92588000e-02
-7.67051000 -8.53220000e-02
-7.64051000 -8.16701000e-02
-7.61051000 -7.82481000e-02
-7.58051000 -7.50154000e-02
-7.55051000 -7.19414000e-02
-7.52051000 -6.90025000e-02
-7.49051000 -6.61803000e-02
-7.46051000 -6.34601000e-02
-7.43051000 -6.08299000e-02
-7.40051000 -5.82800000e-02
-7.37051000 -5.58021000e-02
-7.34051000 -5.33894000e-02
-7.28123000 -4.87915000e-02
-7.25123000 -4.65408000e-02
-7.22123000 -4.43358000e-02
-7.19123000 -4.21730000e-02
-7.16123000 -4.00492000e-02
-7.13123000 -3.79614000e-02
-7.10123000 -3.59069000e-02
-7.07123000 -3.38831000e-02
-7.04123000 -3.18878000e-02
-7.01123000 -2.99186000e-02
-6.98123000 -2.79734000e-02
-6.95123000 -2.60502000e-02
-6.92123000 -2.41471000e-02
-6.89123000 -2.22621000e-02
-6.86123000 -2.03934000e-02
-6.83123000 -1.85391000e-02
-6.80123000 -1.66974000e-02
-6.77123000 -1.48664000e-02
-6.74123000 -1.30445000e-02
-6.71123000 -1.12297000e-02
-6.68123000 -9.42028000e-03
-6.65123000 -7.61423000e-03
-6.62123000 -5.80967000e-03
-6.59123000 -4.00460000e-03
-6.56123000 -2.19698000e-03
-6.53123000 -3.84652000e-04
-6.50123000 1.43461000e-03
-6.47123000 3.26316000e-03
-6.44123000 5.10347000e-03
-6.38195000 8.78477000e-03
-6.35195000 1.06763000e-02
-6.32195000 1.25911000e-02
-6.29195000 1.45327000e-02
-6.26195000 1.65047000e-02
-6.23195000 1.85113000e-02
-6.20195000 2.05568000e-02
-6.17195000 2.26461000e-02
-6.14195000 2.47845000e-02
-6.11195000 2.69778000e-02
-6.08195000 2.92326000e-02
-6.05195000 3.15561000e-02
-6.02195000 3.39563000e-02
-5.99195000 3.64423000e-02
-5.96195000 3.90241000e-02
-5.93195000 4.17132000e-02
-5.90195000 4.45226000e-02
-5.87195000 4.74670000e-02
-5.84195000 5.05633000e-02
-5.81195000 5.38309000e-02
-5.78195000 5.72920000e-02
-5.75195000 6.09726000e-02
-5.72195000 6.49028000e-02
-5.69195000 6.91179000e-02
-5.66195000 7.36595000e-02
-5.63195000 7.85768000e-02
-5.60195000 8.39285000e-02
-5.57195000 8.97851000e-02
-5.54195000 9.62319000e-02
-5.48268000 1.11132000e-01
-5.45268000 1.20048000e-01
-5.42268000 1.30135000e-01
-5.39268000 1.41644000e-01
-5.36268000 1.54891000e-01
-5.33268000 1.70289000e-01
-5.30268000 1.88381000e-01
-5.27268000 2.09890000e-01
-5.24268000 2.35799000e-01
-5.21268000 2.67470000e-01
-5.18268000 3.06833000e-01
-5.15268000 3.56694000e-01
-5.12268000 4.21249000e-01
-5.09268000 5.06998000e-01
-5.06268000 6.24410000e-01
-5.03268000 7.91159000e-01
-5.00268000 1.03880000e+00
-4.97268000 1.42749000e+00
-4.94268000 2.08099000e+00
-4.91268000 3.27385000e+00
-4.88268000 5.62738000e+00
-4.85268000 1.00759000e+01
-4.82268000 1.40120000e+01
-4.79268000 1.05790000e+01
-4.76268000 5.94436000e+00
-4.73268000 3.43751000e+00
-4.70268000 2.17432000e+00
-4.67268000 1.48919000e+00
-4.64268000 1.08584000e+00
-4.58340000 6.65416000e-01
-4.55340000 5.46534000e-01
-4.52340000 4.60932000e-01
-4.49340000 3.97517000e-01
-4.46340000 3.49436000e-01
-4.43340000 3.12286000e-01
-4.40340000 2.83134000e-01
-4.37340000 2.59970000e-01
-4.34340000 2.41380000e-01
-4.31340000 2.26348000e-01
-4.28340000 2.14128000e-01
-4.25340000 2.04163000e-01
-4.22340000 1.96031000e-01
-4.19340000 1.89409000e-01
-4.16340000 1.84044000e-01
-4.13340000 1.79738000e-01
-4.10340000 1.76334000e-01
-4.07340000 1.73708000e-01
-4.04340000 1.71757000e-01
-4.01340000 1.70400000e-01
-3.98340000 1.69571000e-01
-3.95340000 1.69216000e-01
-3.92340000 1.69291000e-01
-3.89340000 1.69759000e-01
-3.86340000 1.70593000e-01
-3.83340000 1.71767000e-01
-3.80340000 1.73265000e-01
-3.77340000 1.75071000e-01
-3.74340000 1.77176000e-01
-3.68412000 1.82186000e-01
-3.65412000 1.85148000e-01
-3.62412000 1.88399000e-01
-3.59412000 1.91931000e-01
-3.56412000 1.95740000e-01
-3.53412000 1.99849000e-01
-3.50412000 2.04270000e-01
-3.47412000 2.09014000e-01
-3.44412000 2.14093000e-01
-3.41412000 2.19523000e-01
-3.38412000 2.25323000e-01
-3.35412000 2.31516000e-01
-3.32412000 2.38126000e-01
-3.29412000 2.45184000e-01
-3.26412000 2.52721000e-01
-3.23412000 2.60776000e-01
-3.20412000 2.69392000e-01
-3.17412000 2.78616000e-01
-3.14412000 2.88506000e-01
-3.11412000 2.99125000e-01
-3.08412000 3.10546000e-01
-3.05412000 3.22854000e-01
-3.02412000 3.36147000e-01
-2.99412000 3.50538000e-01
-2.96412000 3.66162000e-01
-2.93412000 3.83175000e-01
-2.90412000 4.01764000e-01
-2.87412000 4.22152000e-01
-2.84412000 4.44610000e-01
-2.78484000 4.96423000e-01
-2.75484000 5.27305000e-01
-2.72484000 5.62120000e-01
-2.69484000 6.01688000e-01
-2.66484000 6.47080000e-01
-2.63484000 6.99731000e-01
-2.60484000 7.61601000e-01
-2.57484000 8.35446000e-01
-2.54484000 9.25265000e-01
-2.51484000 1.03708000e+00
-2.48484000 1.18037000e+00
-2.45484000 1.37083000e+00
-2.42484000 1.63618000e+00
-2.39484000 2.02903000e+00
-2.36484000 2.65787000e+00
-2.33484000 3.76356000e+00
-2.30484000 5.86143000e+00
-2.27484000 9.31472000e+00
-2.24484000 1.07544000e+01
-2.21484000 8.34514000e+00
-2.18484000 6.99592000e+00
-2.15484000 7.75892000e+00
-2.12484000 1.08578000e+01
-2.09484000 1.47201000e+01
-2.06484000 1.34864000e+01
-2.03484000 1.13794000e+01
-2.00484000 1.16576000e+01
-1.97484000 1.05431000e+01
-1.94484000 8.52672000e+00
-1.88556000 9.49016000e+00
-1.85556000 1.29480000e+01
-1.82556000 1.68682000e+01
-1.79556000 1.88029000e+01
-1.76556000 2.46762000e+01
-1.73556000 3.66814000e+01
-1.70556000 3.87782000e+01
-1.67556000 2.65242000e+01
-1.64556000 1.82947000e+01
-1.61556000 1.54493000e+01
-1.58556000 1.62228000e+01
-1.55556000 2.05171000e+01
-1.52556000 2.86779000e+01
-1.49556000 4.27526000e+01
-1.46556000 6.35148000e+01
-1.43556000 6.23289000e+01
-1.40556000 4.48010000e+01
-1.37556000 3.87931000e+01
-1.34556000 4.73253000e+01
-1.31556000 6.91834000e+01
-1.28556000 7.48795000e+01
-1.25556000 5.15810000e+01
-1.22556000 3.44426000e+01
-1.19556000 2.35164000e+01
-1.16556000 1.64948000e+01
-1.13556000 1.16101000e+01
-1.10556000 8.26103000e+00
-1.07556000 6.20308000e+00
-1.04556000 4.88668000e+00
-0.98628600 3.35935000e+00
-0.95628600 2.87714000e+00
-0.92628600 2.50806000e+00
-0.89628600 2.21949000e+00
-0.86628600 1.99031000e+00
-0.83628600 1.80639000e+00
-0.80628600 1.65806000e+00
-0.77628600 1.53872000e+00
-0.74628600 1.44399000e+00
-0.71628600 1.37138000e+00
-0.68628600 1.32031000e+00
-0.65628600 1.29278000e+00
-0.62628600 1.29519000e+00
-0.59628600 1.34309000e+00
-0.56628600 1.47263000e+00
-0.53628600 1.75083000e+00
-0.50628600 2.12761000e+00
-0.47628600 2.21567000e+00
-0.44628600 2.25570000e+00
-0.41628600 2.20290000e+00
-0.38628600 2.04770000e+00
-0.35628600 2.15846000e+00
-0.32628600 2.65578000e+00
-0.29628600 3.79155000e+00
-0.26628600 5.94497000e+00
-0.23628600 8.16870000e+00
-0.20628600 7.43722000e+00
-0.17628600 4.77636000e+00
-0.14628600 3.08849000e+00
-0.08700810 1.85099000e+00
-0.05700810 1.64076000e+00
-0.02700810 1.53903000e+00
0.00299194 1.51034000e+00
0.03299190 1.54352000e+00
0.06299190 1.63534000e+00
0.09299190 1.79408000e+00
0.12299200 2.04272000e+00
0.15299200 2.42866000e+00
0.18299200 3.04861000e+00
0.21299200 4.11064000e+00
0.24299200 6.07644000e+00
0.27299200 9.71464000e+00
0.30299200 1.38927000e+01
0.33299200 1.45434000e+01
0.36299200 1.41344000e+01
0.39299200 1.23879000e+01
0.42299200 1.25574000e+01
0.45299200 1.65171000e+01
0.48299200 2.30840000e+01
0.51299200 2.21696000e+01
0.54299200 1.42817000e+01
0.57299200 9.25984000e+00
0.60299200 6.94040000e+00
0.63299200 6.12506000e+00
0.66299200 6.35547000e+00
0.69299200 7.34832000e+00
0.72299200 8.43200000e+00
0.75299200 9.46410000e+00
