# E(MeV)  S_NSDRNSDR(K=0) for Tl220_DDPCX
-9.09303000 -1.69781000e-01
-9.06303000 -1.97992000e-01
-9.03303000 -2.40044000e-01
-9.00303000 -3.05253000e-01
-8.97303000 -4.11888000e-01
-8.94303000 -5.98687000e-01
-8.91303000 -9.53415000e-01
-8.88303000 -1.66443000e+00
-8.85303000 -2.83896000e+00
-8.82303000 -3.15405000e+00
-8.79303000 -2.00792000e+00
-8.76303000 -1.12431000e+00
-8.73303000 -6.75569000e-01
-8.70303000 -4.43018000e-01
-8.67303000 -3.11737000e-01
-8.64303000 -2.31378000e-01
-8.61303000 -1.78777000e-01
-8.58303000 -1.42415000e-01
-8.55303000 -1.16125000e-01
-8.52303000 -9.63927000e-02
-8.49303000 -8.11049000e-02
-8.46303000 -6.89341000e-02
-8.43303000 -5.90132000e-02
-8.40303000 -5.07575000e-02
-8.37303000 -4.37611000e-02
-8.34303000 -3.77353000e-02
-8.31303000 -3.24703000e-02
-8.28303000 -2.78106000e-02
-8.25303000 -2.36390000e-02
-8.22303000 -1.98658000e-02
-8.19303000 -1.64213000e-02
-8.16303000 -1.32506000e-02
-8.13303000 -1.03101000e-02
-8.10250000 -7.51778000e-03
-8.07250000 -4.94161000e-03
-8.04250000 -2.50814000e-03
-8.01250000 -1.98031000e-04
-7.98250000 2.00487000e-03
-7.95250000 4.11416000e-03
-7.92250000 6.14140000e-03
-7.89250000 8.09646000e-03
-7.86250000 9.98783000e-03
-7.83250000 1.18229000e-02
-7.80250000 1.36081000e-02
-7.77250000 1.53491000e-02
-7.74250000 1.70509000e-02
-7.71250000 1.87181000e-02
-7.68250000 2.03545000e-02
-7.65250000 2.19639000e-02
-7.62250000 2.35496000e-02
-7.59250000 2.51147000e-02
-7.56250000 2.66619000e-02
-7.53250000 2.81938000e-02
-7.50250000 2.97131000e-02
-7.47250000 3.12220000e-02
-7.44250000 3.27228000e-02
-7.41250000 3.42176000e-02
-7.38250000 3.57087000e-02
-7.35250000 3.71980000e-02
-7.32250000 3.86876000e-02
-7.29250000 4.01797000e-02
-7.26250000 4.16763000e-02
-7.23250000 4.31796000e-02
-7.20250000 4.46918000e-02
-7.17250000 4.62151000e-02
-7.14250000 4.77520000e-02
-7.11197000 4.93325000e-02
-7.08197000 5.09046000e-02
-7.05197000 5.24985000e-02
-7.02197000 5.41171000e-02
-6.99197000 5.57639000e-02
-6.96197000 5.74427000e-02
-6.93197000 5.91574000e-02
-6.90197000 6.09126000e-02
-6.87197000 6.27133000e-02
-6.84197000 6.45653000e-02
-6.81197000 6.64747000e-02
-6.78197000 6.84490000e-02
-6.75197000 7.04964000e-02
-6.72197000 7.26263000e-02
-6.69197000 7.48498000e-02
-6.66197000 7.71796000e-02
-6.63197000 7.96307000e-02
-6.60197000 8.22208000e-02
-6.57197000 8.49709000e-02
-6.54197000 8.79059000e-02
-6.51197000 9.10562000e-02
-6.48197000 9.44585000e-02
-6.45197000 9.81578000e-02
-6.42197000 1.02210000e-01
-6.39197000 1.06685000e-01
-6.36197000 1.11670000e-01
-6.33197000 1.17279000e-01
-6.30197000 1.23658000e-01
-6.27197000 1.31000000e-01
-6.24197000 1.39562000e-01
-6.21197000 1.49694000e-01
-6.18197000 1.61883000e-01
-6.15197000 1.76822000e-01
-6.12144000 1.95890000e-01
-6.09144000 2.19970000e-01
-6.06144000 2.51735000e-01
-6.03144000 2.95041000e-01
-6.00144000 3.56451000e-01
-5.97144000 4.47796000e-01
-5.94144000 5.91890000e-01
-5.91144000 8.36244000e-01
-5.88144000 1.28730000e+00
-5.85144000 2.18250000e+00
-5.82144000 3.80354000e+00
-5.79144000 4.83601000e+00
-5.76144000 3.39699000e+00
-5.73144000 1.93434000e+00
-5.70144000 1.17184000e+00
-5.67144000 7.85228000e-01
-5.64144000 5.73445000e-01
-5.61144000 4.47971000e-01
-5.58144000 3.68733000e-01
-5.55144000 3.16150000e-01
-5.52144000 2.79907000e-01
-5.49144000 2.54205000e-01
-5.46144000 2.35598000e-01
-5.43144000 2.21944000e-01
-5.40144000 2.11855000e-01
-5.37144000 2.04406000e-01
-5.34144000 1.98959000e-01
-5.31144000 1.95065000e-01
-5.28144000 1.92400000e-01
-5.25144000 1.90730000e-01
-5.22144000 1.89876000e-01
-5.19144000 1.89708000e-01
-5.16144000 1.90125000e-01
-5.13091000 1.91070000e-01
-5.10091000 1.92450000e-01
-5.07091000 1.94233000e-01
-5.04091000 1.96384000e-01
-5.01091000 1.98876000e-01
-4.98091000 2.01692000e-01
-4.95091000 2.04816000e-01
-4.92091000 2.08240000e-01
-4.89091000 2.11960000e-01
-4.86091000 2.15974000e-01
-4.83091000 2.20285000e-01
-4.80091000 2.24899000e-01
-4.77091000 2.29828000e-01
-4.74091000 2.35090000e-01
-4.71091000 2.40707000e-01
-4.68091000 2.46636000e-01
-4.65091000 2.52845000e-01
-4.62091000 2.59446000e-01
-4.59091000 2.66479000e-01
-4.56091000 2.73960000e-01
-4.53091000 2.81914000e-01
-4.50091000 2.90375000e-01
-4.47091000 2.99383000e-01
-4.44091000 3.08982000e-01
-4.41091000 3.19226000e-01
-4.38091000 3.30174000e-01
-4.35091000 3.41894000e-01
-4.32091000 3.54466000e-01
-4.29091000 3.67978000e-01
-4.26091000 3.82535000e-01
-4.23091000 3.98257000e-01
-4.20091000 4.15282000e-01
-4.17091000 4.33775000e-01
-4.14038000 4.54298000e-01
-4.11038000 4.76371000e-01
-4.08038000 5.00603000e-01
-4.05038000 5.27320000e-01
-4.02038000 5.56913000e-01
-3.99038000 5.89859000e-01
-3.96038000 6.26745000e-01
-3.93038000 6.68300000e-01
-3.90038000 7.15438000e-01
-3.87038000 7.69322000e-01
-3.84038000 8.31449000e-01
-3.81038000 9.03778000e-01
-3.78038000 9.88908000e-01
-3.75038000 1.09036000e+00
-3.72038000 1.21302000e+00
-3.69038000 1.36376000e+00
-3.66038000 1.55265000e+00
-3.63038000 1.79479000e+00
-3.60038000 2.11374000e+00
-3.57038000 2.54800000e+00
-3.54038000 3.16378000e+00
-3.51038000 4.08267000e+00
-3.48038000 5.54496000e+00
-3.45038000 8.06279000e+00
-3.42038000 1.27404000e+01
-3.39038000 2.10745000e+01
-3.36038000 3.05187000e+01
-3.33038000 3.88897000e+01
-3.30038000 3.90659000e+01
-3.27038000 2.52784000e+01
-3.24038000 1.51260000e+01
-3.21038000 1.01684000e+01
-3.18038000 7.94841000e+00
-3.14985000 7.32929000e+00
-3.11985000 8.17692000e+00
-3.08985000 1.08321000e+01
-3.05985000 1.37713000e+01
-3.02985000 1.38879000e+01
-2.99985000 1.13754000e+01
-2.96985000 8.21399000e+00
-2.93985000 6.67810000e+00
-2.90985000 6.42924000e+00
-2.87985000 7.21122000e+00
-2.84985000 9.34315000e+00
-2.81985000 1.39626000e+01
-2.78985000 2.27060000e+01
-2.75985000 2.96076000e+01
-2.72985000 2.33172000e+01
-2.69985000 1.67721000e+01
-2.66985000 1.47526000e+01
-2.63985000 1.37509000e+01
-2.60985000 1.25657000e+01
-2.57985000 1.09933000e+01
-2.54985000 1.10234000e+01
-2.51985000 1.35773000e+01
-2.48985000 1.98542000e+01
-2.45985000 2.83701000e+01
-2.42985000 2.68538000e+01
-2.39985000 1.96111000e+01
-2.36985000 1.63181000e+01
-2.33985000 1.70134000e+01
-2.30985000 2.15009000e+01
-2.27985000 3.09814000e+01
-2.24985000 4.17367000e+01
-2.21985000 4.20598000e+01
-2.18985000 4.54176000e+01
-2.15932000 6.54011000e+01
-2.12932000 1.07389000e+02
-2.09932000 1.33478000e+02
-2.06932000 9.29980000e+01
-2.03932000 5.29741000e+01
-2.00932000 3.22283000e+01
-1.97932000 2.18698000e+01
-1.94932000 1.65052000e+01
-1.91932000 1.38650000e+01
-1.88932000 1.31432000e+01
-1.85932000 1.44322000e+01
-1.82932000 1.86979000e+01
-1.79932000 2.63070000e+01
-1.76932000 3.39662000e+01
-1.73932000 4.16512000e+01
-1.70932000 3.49596000e+01
-1.67932000 2.13436000e+01
-1.64932000 1.33403000e+01
-1.61932000 9.33954000e+00
-1.58932000 7.33546000e+00
-1.55932000 6.40643000e+00
-1.52932000 6.08292000e+00
-1.49932000 6.56679000e+00
-1.46932000 8.42018000e+00
-1.43932000 1.07324000e+01
-1.40932000 9.20898000e+00
-1.37932000 6.34516000e+00
-1.34932000 4.82409000e+00
-1.31932000 4.32628000e+00
-1.28932000 4.56927000e+00
-1.25932000 5.11075000e+00
-1.22932000 5.16721000e+00
-1.19932000 5.80028000e+00
-1.16879000 8.06824000e+00
-1.13879000 1.07151000e+01
-1.10879000 9.04347000e+00
-1.07879000 6.11399000e+00
-1.04879000 4.68368000e+00
-1.01879000 3.95477000e+00
-0.98879000 3.45221000e+00
-0.95879000 3.45901000e+00
-0.92879000 4.00884000e+00
-0.89879000 4.65291000e+00
-0.86879000 5.31976000e+00
-0.83879000 5.67019000e+00
-0.80879000 4.51020000e+00
-0.77879000 3.55476000e+00
-0.74879000 3.27478000e+00
-0.71879000 3.52889000e+00
-0.68879000 4.40247000e+00
-0.65879000 5.97602000e+00
-0.62879000 6.99205000e+00
-0.59879000 7.56258000e+00
-0.56879000 1.00249000e+01
-0.53879000 1.29710000e+01
-0.50879000 1.12288000e+01
-0.47879000 9.01056000e+00
-0.44879000 9.02624000e+00
-0.41879000 8.32618000e+00
-0.38879000 6.21737000e+00
-0.35879000 4.97630000e+00
-0.32879000 4.58309000e+00
-0.29879000 4.71107000e+00
-0.26879000 5.30345000e+00
-0.23879000 6.52002000e+00
-0.20879000 8.79420000e+00
-0.17826000 1.32858000e+01
-0.14826000 2.21173000e+01
-0.11826000 3.57901000e+01
-0.08826010 3.74588000e+01
-0.05826010 2.47567000e+01
-0.02826010 1.63005000e+01
0.00173987 1.29461000e+01
0.03173990 1.27146000e+01
0.06173990 1.52165000e+01
0.09173990 2.07138000e+01
0.12174000 2.78760000e+01
0.15174000 3.99230000e+01
0.18174000 5.28135000e+01
0.21174000 4.41546000e+01
0.24174000 3.27116000e+01
0.27174000 3.24350000e+01
0.30174000 4.32689000e+01
0.33174000 5.11018000e+01
0.36174000 3.64363000e+01
0.39174000 2.16043000e+01
0.42174000 1.37797000e+01
0.45174000 9.84420000e+00
0.48174000 7.82618000e+00
0.51174000 6.68696000e+00
0.54174000 5.86142000e+00
0.57174000 5.47897000e+00
0.60174000 5.58586000e+00
0.63174000 6.15758000e+00
0.66174000 7.41722000e+00
0.69174000 1.00571000e+01
0.72174000 1.55349000e+01
0.75174000 2.62934000e+01
0.78174000 3.75852000e+01
