# E(MeV)  S_NSDRNSDR(Total=K0+2*K1) for Tl220_DDPCX
-9.09303000 -5.72680100e+00
-9.06303000 -3.47767200e+00
-9.03303000 -2.21148000e+00
-9.00303000 -1.61790900e+00
-8.97303000 -1.36970200e+00
-8.94303000 -1.34853700e+00
-8.91303000 -1.57268500e+00
-8.88303000 -2.19776000e+00
-8.85303000 -3.31470200e+00
-8.82303000 -3.59254600e+00
-8.79303000 -2.42661600e+00
-8.76303000 -1.54242400e+00
-8.73303000 -1.12115500e+00
-8.70303000 -9.67682000e-01
-8.67303000 -1.01877900e+00
-8.64303000 -1.24069400e+00
-8.61303000 -1.22260100e+00
-8.58303000 -8.59469000e-01
-8.55303000 -5.94889000e-01
-8.52303000 -4.50208700e-01
-8.49303000 -3.65740900e-01
-8.46303000 -3.10900100e-01
-8.43303000 -2.71949200e-01
-8.40303000 -2.42319100e-01
-8.37303000 -2.18584500e-01
-8.34303000 -1.98814300e-01
-8.31303000 -1.81844900e-01
-8.28303000 -1.66935000e-01
-8.25303000 -1.53590200e-01
-8.22303000 -1.41467800e-01
-8.19303000 -1.30321700e-01
-8.16303000 -1.19970800e-01
-8.13303000 -1.10278700e-01
-8.10250000 -1.00982180e-01
-8.07250000 -9.23206100e-02
-8.04250000 -8.40617400e-02
-8.01250000 -7.61518310e-02
-7.98250000 -6.85469300e-02
-7.95250000 -6.12102400e-02
-7.92250000 -5.41108000e-02
-7.89250000 -4.72221400e-02
-7.86250000 -4.05215700e-02
-7.83250000 -3.39893000e-02
-7.80250000 -2.76077000e-02
-7.77250000 -2.13617000e-02
-7.74250000 -1.52373000e-02
-7.71250000 -9.22190000e-03
-7.68250000 -3.30450000e-03
-7.65250000 2.52592000e-03
-7.62250000 8.27876000e-03
-7.59250000 1.39633200e-02
-7.56250000 1.95881400e-02
-7.53250000 2.51614400e-02
-7.50250000 3.06914800e-02
-7.47250000 3.61859200e-02
-7.44250000 4.16525600e-02
-7.41250000 4.70990400e-02
-7.38250000 5.25333000e-02
-7.35250000 5.79632000e-02
-7.32250000 6.33968000e-02
-7.29250000 6.88429000e-02
-7.26250000 7.43105000e-02
-7.23250000 7.98090000e-02
-7.20250000 8.53492000e-02
-7.17250000 9.09421000e-02
-7.14250000 9.66004000e-02
-7.11197000 1.02439900e-01
-7.08197000 1.08273800e-01
-7.05197000 1.14220700e-01
-7.02197000 1.20300700e-01
-6.99197000 1.26537500e-01
-6.96197000 1.32958900e-01
-6.93197000 1.39597600e-01
-6.90197000 1.46492800e-01
-6.87197000 1.53692100e-01
-6.84197000 1.61253700e-01
-6.81197000 1.69249900e-01
-6.78197000 1.77771600e-01
-6.75197000 1.86935000e-01
-6.72197000 1.96890100e-01
-6.69197000 2.07835800e-01
-6.66197000 2.20039200e-01
-6.63197000 2.33866900e-01
-6.60197000 2.49836000e-01
-6.57197000 2.68693700e-01
-6.54197000 2.91555900e-01
-6.51197000 3.20148200e-01
-6.48197000 3.57258500e-01
-6.45197000 4.07609800e-01
-6.42197000 4.79700000e-01
-6.39197000 5.89895000e-01
-6.36197000 7.72270000e-01
-6.33197000 1.10316100e+00
-6.30197000 1.75224200e+00
-6.27197000 2.91144000e+00
-6.24197000 3.61146200e+00
-6.21197000 2.59269400e+00
-6.18197000 1.59573100e+00
-6.15197000 1.08954000e+00
-6.12144000 8.43780000e-01
-6.09144000 7.28870000e-01
-6.06144000 6.81235000e-01
-6.03144000 6.77601000e-01
-6.00144000 7.11341000e-01
-5.97144000 7.87448000e-01
-5.94144000 9.25052000e-01
-5.91144000 1.16968800e+00
-5.88144000 1.62686000e+00
-5.85144000 2.53379200e+00
-5.82144000 4.17259200e+00
-5.79144000 5.22993600e+00
-5.76144000 3.82487400e+00
-5.73144000 2.40858000e+00
-5.70144000 1.71035400e+00
-5.67144000 1.41541000e+00
-5.64144000 1.33971500e+00
-5.61144000 1.42728300e+00
-5.58144000 1.70498300e+00
-5.55144000 2.30169000e+00
-5.52144000 3.54340700e+00
-5.49144000 5.93824500e+00
-5.46144000 8.11341800e+00
-5.43144000 6.27032400e+00
-5.40144000 3.71355500e+00
-5.37144000 2.32512600e+00
-5.34144000 1.62635900e+00
-5.31144000 1.24894700e+00
-5.28144000 1.02857600e+00
-5.25144000 8.91594000e-01
-5.22144000 8.02426000e-01
-5.19144000 7.42520000e-01
-5.16144000 7.01531000e-01
-5.13091000 6.72934000e-01
-5.10091000 6.53898000e-01
-5.07091000 6.41407000e-01
-5.04091000 6.33848000e-01
-5.01091000 6.30112000e-01
-4.98091000 6.29424000e-01
-4.95091000 6.31230000e-01
-4.92091000 6.35128000e-01
-4.89091000 6.40820000e-01
-4.86091000 6.48094000e-01
-4.83091000 6.56787000e-01
-4.80091000 6.66789000e-01
-4.77091000 6.78018000e-01
-4.74091000 6.90428000e-01
-4.71091000 7.03995000e-01
-4.68091000 7.18640000e-01
-4.65091000 7.34313000e-01
-4.62091000 7.51080000e-01
-4.59091000 7.68989000e-01
-4.56091000 7.88096000e-01
-4.53091000 8.08432000e-01
-4.50091000 8.30051000e-01
-4.47091000 8.53013000e-01
-4.44091000 8.77398000e-01
-4.41091000 9.03298000e-01
-4.38091000 9.30816000e-01
-4.35091000 9.60074000e-01
-4.32091000 9.91214000e-01
-4.29091000 1.02439200e+00
-4.26091000 1.05978900e+00
-4.23091000 1.09761700e+00
-4.20091000 1.13811400e+00
-4.17091000 1.18155500e+00
-4.14038000 1.22912000e+00
-4.11038000 1.27953700e+00
-4.08038000 1.33404300e+00
-4.05038000 1.39315600e+00
-4.02038000 1.45749700e+00
-3.99038000 1.52781100e+00
-3.96038000 1.60500100e+00
-3.93038000 1.69017800e+00
-3.90038000 1.78471800e+00
-3.87038000 1.89036400e+00
-3.84038000 2.00934300e+00
-3.81038000 2.14457200e+00
-3.78038000 2.29993800e+00
-3.75038000 2.48077200e+00
-3.72038000 2.69461200e+00
-3.69038000 2.95245400e+00
-3.66038000 3.27120600e+00
-3.63038000 3.67819600e+00
-3.60038000 4.22084000e+00
-3.57038000 4.98852000e+00
-3.54038000 6.16196000e+00
-3.51038000 8.07283000e+00
-3.48038000 1.07390800e+01
-3.45038000 1.30414700e+01
-3.42038000 1.68271600e+01
-3.39038000 2.47497800e+01
-3.36038000 3.41452800e+01
-3.33038000 4.26714000e+01
-3.30038000 4.31462200e+01
-3.27038000 2.97956200e+01
-3.24038000 2.02355600e+01
-3.21038000 1.59889200e+01
-3.18038000 1.46339100e+01
-3.14985000 1.52629900e+01
-3.11985000 1.79157800e+01
-3.08985000 2.33426800e+01
-3.05985000 3.08312600e+01
-3.02985000 3.86061000e+01
-2.99985000 4.73762000e+01
-2.96985000 6.27093900e+01
-2.93985000 8.92855000e+01
-2.90985000 9.18992400e+01
-2.87985000 7.50000200e+01
-2.84985000 7.05469500e+01
-2.81985000 6.97160000e+01
-2.78985000 7.07890000e+01
-2.75985000 7.17510000e+01
-2.72985000 6.81338000e+01
-2.69985000 7.46543000e+01
-2.66985000 9.91776000e+01
-2.63985000 1.47508900e+02
-2.60985000 2.03805300e+02
-2.57985000 1.78971900e+02
-2.54985000 1.19557000e+02
-2.51985000 9.29587000e+01
-2.48985000 9.26998000e+01
-2.45985000 1.02727300e+02
-2.42985000 1.14635400e+02
-2.39985000 1.29503900e+02
-2.36985000 1.21823700e+02
-2.33985000 9.96864000e+01
-2.30985000 1.00687100e+02
-2.27985000 1.22527600e+02
-2.24985000 1.34825700e+02
-2.21985000 1.36627400e+02
-2.18985000 1.43969600e+02
-2.15932000 1.75949900e+02
-2.12932000 2.63407000e+02
-2.09932000 3.22925600e+02
-2.06932000 2.28231800e+02
-2.03932000 1.31333500e+02
-2.00932000 8.01911000e+01
-1.97932000 5.41800000e+01
-1.94932000 4.02114000e+01
-1.91932000 3.26479400e+01
-1.88932000 2.90043200e+01
-1.85932000 2.81380400e+01
-1.82932000 3.11640600e+01
-1.79932000 3.89128200e+01
-1.76932000 4.87589000e+01
-1.73932000 6.13176400e+01
-1.70932000 5.65960000e+01
-1.67932000 3.72533200e+01
-1.64932000 2.43964800e+01
-1.61932000 1.80065400e+01
-1.58932000 1.49974800e+01
-1.55932000 1.38100100e+01
-1.52932000 1.41009400e+01
-1.49932000 1.67209900e+01
-1.46932000 2.29745800e+01
-1.43932000 2.82701000e+01
-1.40932000 2.32328600e+01
-1.37932000 1.68788000e+01
-1.34932000 1.27882500e+01
-1.31932000 1.03812000e+01
-1.28932000 9.59433000e+00
-1.25932000 9.78751000e+00
-1.22932000 9.86291000e+00
-1.19932000 1.01662400e+01
-1.16879000 1.20378200e+01
-1.13879000 1.47096000e+01
-1.10879000 1.36078100e+01
-1.07879000 1.19148100e+01
-1.04879000 1.11075800e+01
-1.01879000 9.23095000e+00
-0.98879000 7.85575000e+00
-0.95879000 7.70377000e+00
-0.92879000 8.31502000e+00
-0.89879000 8.91695000e+00
-0.86879000 9.67552000e+00
-0.83879000 1.05498900e+01
-0.80879000 1.01815200e+01
-0.77879000 9.95136000e+00
-0.74879000 1.12671800e+01
-0.71879000 1.29889700e+01
-0.68879000 1.31606500e+01
-0.65879000 1.39880800e+01
-0.62879000 1.55582300e+01
-0.59879000 1.72364200e+01
-0.56879000 1.97577600e+01
-0.53879000 2.32379600e+01
-0.50879000 2.28459400e+01
-0.47879000 2.27333200e+01
-0.44879000 2.71671400e+01
-0.41879000 3.46567800e+01
-0.38879000 4.90139700e+01
-0.35879000 7.32529000e+01
-0.32879000 7.55796900e+01
-0.29879000 5.15160700e+01
-0.26879000 3.61402500e+01
-0.23879000 3.16300200e+01
-0.20879000 3.38534000e+01
-0.17826000 4.00696000e+01
-0.14826000 5.54379000e+01
-0.11826000 8.50037000e+01
-0.08826010 9.77106000e+01
-0.05826010 7.04715000e+01
-0.02826010 4.74641000e+01
0.00173987 3.85475000e+01
0.03173990 3.75914000e+01
0.06173990 4.07871000e+01
0.09173990 5.13934000e+01
0.12174000 7.24660000e+01
0.15174000 1.12449000e+02
0.18174000 1.50520500e+02
0.21174000 1.26597800e+02
0.24174000 9.60268000e+01
0.27174000 9.46454000e+01
0.30174000 1.05485700e+02
0.33174000 9.61714000e+01
0.36174000 6.79071000e+01
0.39174000 4.54761000e+01
0.42174000 3.40383000e+01
0.45174000 3.09088000e+01
0.48174000 3.53649800e+01
0.51174000 4.75729600e+01
0.54174000 5.19234200e+01
0.57174000 3.75381700e+01
0.60174000 2.55291200e+01
0.63174000 1.97191400e+01
0.66174000 1.78148400e+01
0.69174000 1.90258200e+01
0.72174000 2.43778400e+01
0.75174000 3.64620200e+01
0.78174000 5.02706800e+01
