# E(MeV)  S_NSDRNSDR(K=1) for Tl220_DDPCX
-9.09303000 -2.77851000e+00
-9.06303000 -1.63984000e+00
-9.03303000 -9.85718000e-01
-9.00303000 -6.56328000e-01
-8.97303000 -4.78907000e-01
-8.94303000 -3.74925000e-01
-8.91303000 -3.09635000e-01
-8.88303000 -2.66665000e-01
-8.85303000 -2.37871000e-01
-8.82303000 -2.19248000e-01
-8.79303000 -2.09348000e-01
-8.76303000 -2.09057000e-01
-8.73303000 -2.22793000e-01
-8.70303000 -2.62332000e-01
-8.67303000 -3.53521000e-01
-8.64303000 -5.04658000e-01
-8.61303000 -5.21912000e-01
-8.58303000 -3.58527000e-01
-8.55303000 -2.39382000e-01
-8.52303000 -1.76908000e-01
-8.49303000 -1.42318000e-01
-8.46303000 -1.20983000e-01
-8.43303000 -1.06468000e-01
-8.40303000 -9.57808000e-02
-8.37303000 -8.74117000e-02
-8.34303000 -8.05395000e-02
-8.31303000 -7.46873000e-02
-8.28303000 -6.95622000e-02
-8.25303000 -6.49756000e-02
-8.22303000 -6.08010000e-02
-8.19303000 -5.69502000e-02
-8.16303000 -5.33601000e-02
-8.13303000 -4.99843000e-02
-8.10250000 -4.67322000e-02
-8.07250000 -4.36895000e-02
-8.04250000 -4.07768000e-02
-8.01250000 -3.79769000e-02
-7.98250000 -3.52759000e-02
-7.95250000 -3.26622000e-02
-7.92250000 -3.01261000e-02
-7.89250000 -2.76593000e-02
-7.86250000 -2.52547000e-02
-7.83250000 -2.29061000e-02
-7.80250000 -2.06079000e-02
-7.77250000 -1.83554000e-02
-7.74250000 -1.61441000e-02
-7.71250000 -1.39700000e-02
-7.68250000 -1.18295000e-02
-7.65250000 -9.71899000e-03
-7.62250000 -7.63542000e-03
-7.59250000 -5.57569000e-03
-7.56250000 -3.53688000e-03
-7.53250000 -1.51618000e-03
-7.50250000 4.89190000e-04
-7.47250000 2.48196000e-03
-7.44250000 4.46488000e-03
-7.41250000 6.44072000e-03
-7.38250000 8.41230000e-03
-7.35250000 1.03826000e-02
-7.32250000 1.23546000e-02
-7.29250000 1.43316000e-02
-7.26250000 1.63171000e-02
-7.23250000 1.83147000e-02
-7.20250000 2.03287000e-02
-7.17250000 2.23635000e-02
-7.14250000 2.44242000e-02
-7.11197000 2.65537000e-02
-7.08197000 2.86846000e-02
-7.05197000 3.08611000e-02
-7.02197000 3.30918000e-02
-6.99197000 3.53868000e-02
-6.96197000 3.77581000e-02
-6.93197000 4.02201000e-02
-6.90197000 4.27901000e-02
-6.87197000 4.54894000e-02
-6.84197000 4.83442000e-02
-6.81197000 5.13876000e-02
-6.78197000 5.46613000e-02
-6.75197000 5.82193000e-02
-6.72197000 6.21319000e-02
-6.69197000 6.64930000e-02
-6.66197000 7.14298000e-02
-6.63197000 7.71181000e-02
-6.60197000 8.38076000e-02
-6.57197000 9.18614000e-02
-6.54197000 1.01825000e-01
-6.51197000 1.14546000e-01
-6.48197000 1.31400000e-01
-6.45197000 1.54726000e-01
-6.42197000 1.88745000e-01
-6.39197000 2.41605000e-01
-6.36197000 3.30300000e-01
-6.33197000 4.92941000e-01
-6.30197000 8.14292000e-01
-6.27197000 1.39022000e+00
-6.24197000 1.73595000e+00
-6.21197000 1.22150000e+00
-6.18197000 7.16924000e-01
-6.15197000 4.56359000e-01
-6.12144000 3.23945000e-01
-6.09144000 2.54450000e-01
-6.06144000 2.14750000e-01
-6.03144000 1.91280000e-01
-6.00144000 1.77445000e-01
-5.97144000 1.69826000e-01
-5.94144000 1.66581000e-01
-5.91144000 1.66722000e-01
-5.88144000 1.69780000e-01
-5.85144000 1.75646000e-01
-5.82144000 1.84526000e-01
-5.79144000 1.96963000e-01
-5.76144000 2.13942000e-01
-5.73144000 2.37120000e-01
-5.70144000 2.69257000e-01
-5.67144000 3.15091000e-01
-5.64144000 3.83135000e-01
-5.61144000 4.89656000e-01
-5.58144000 6.68125000e-01
-5.55144000 9.92770000e-01
-5.52144000 1.63175000e+00
-5.49144000 2.84202000e+00
-5.46144000 3.93891000e+00
-5.43144000 3.02419000e+00
-5.40144000 1.75085000e+00
-5.37144000 1.06036000e+00
-5.34144000 7.13700000e-01
-5.31144000 5.26941000e-01
-5.28144000 4.18088000e-01
-5.25144000 3.50432000e-01
-5.22144000 3.06275000e-01
-5.19144000 2.76406000e-01
-5.16144000 2.55703000e-01
-5.13091000 2.40932000e-01
-5.10091000 2.30724000e-01
-5.07091000 2.23587000e-01
-5.04091000 2.18732000e-01
-5.01091000 2.15618000e-01
-4.98091000 2.13866000e-01
-4.95091000 2.13207000e-01
-4.92091000 2.13444000e-01
-4.89091000 2.14430000e-01
-4.86091000 2.16060000e-01
-4.83091000 2.18251000e-01
-4.80091000 2.20945000e-01
-4.77091000 2.24095000e-01
-4.74091000 2.27669000e-01
-4.71091000 2.31644000e-01
-4.68091000 2.36002000e-01
-4.65091000 2.40734000e-01
-4.62091000 2.45817000e-01
-4.59091000 2.51255000e-01
-4.56091000 2.57068000e-01
-4.53091000 2.63259000e-01
-4.50091000 2.69838000e-01
-4.47091000 2.76815000e-01
-4.44091000 2.84208000e-01
-4.41091000 2.92036000e-01
-4.38091000 3.00321000e-01
-4.35091000 3.09090000e-01
-4.32091000 3.18374000e-01
-4.29091000 3.28207000e-01
-4.26091000 3.38627000e-01
-4.23091000 3.49680000e-01
-4.20091000 3.61416000e-01
-4.17091000 3.73890000e-01
-4.14038000 3.87411000e-01
-4.11038000 4.01583000e-01
-4.08038000 4.16720000e-01
-4.05038000 4.32918000e-01
-4.02038000 4.50292000e-01
-3.99038000 4.68976000e-01
-3.96038000 4.89128000e-01
-3.93038000 5.10939000e-01
-3.90038000 5.34640000e-01
-3.87038000 5.60521000e-01
-3.84038000 5.88947000e-01
-3.81038000 6.20397000e-01
-3.78038000 6.55515000e-01
-3.75038000 6.95206000e-01
-3.72038000 7.40796000e-01
-3.69038000 7.94347000e-01
-3.66038000 8.59278000e-01
-3.63038000 9.41703000e-01
-3.60038000 1.05355000e+00
-3.57038000 1.22026000e+00
-3.54038000 1.49909000e+00
-3.51038000 1.99508000e+00
-3.48038000 2.59706000e+00
-3.45038000 2.48934000e+00
-3.42038000 2.04338000e+00
-3.39038000 1.83764000e+00
-3.36038000 1.81329000e+00
-3.33038000 1.89085000e+00
-3.30038000 2.04016000e+00
-3.27038000 2.25861000e+00
-3.24038000 2.55478000e+00
-3.21038000 2.91026000e+00
-3.18038000 3.34275000e+00
-3.14985000 3.96685000e+00
-3.11985000 4.86943000e+00
-3.08985000 6.25529000e+00
-3.05985000 8.52998000e+00
-3.02985000 1.23591000e+01
-2.99985000 1.80004000e+01
-2.96985000 2.72477000e+01
-2.93985000 4.13037000e+01
-2.90985000 4.27350000e+01
-2.87985000 3.38944000e+01
-2.84985000 3.06019000e+01
-2.81985000 2.78767000e+01
-2.78985000 2.40415000e+01
-2.75985000 2.10717000e+01
-2.72985000 2.24083000e+01
-2.69985000 2.89411000e+01
-2.66985000 4.22125000e+01
-2.63985000 6.68790000e+01
-2.60985000 9.56198000e+01
-2.57985000 8.39893000e+01
-2.54985000 5.42668000e+01
-2.51985000 3.96907000e+01
-2.48985000 3.64228000e+01
-2.45985000 3.71786000e+01
-2.42985000 4.38908000e+01
-2.39985000 5.49464000e+01
-2.36985000 5.27528000e+01
-2.33985000 4.13365000e+01
-2.30985000 3.95931000e+01
-2.27985000 4.57731000e+01
-2.24985000 4.65445000e+01
-2.21985000 4.72838000e+01
-2.18985000 4.92760000e+01
-2.15932000 5.52744000e+01
-2.12932000 7.80090000e+01
-2.09932000 9.47238000e+01
-2.06932000 6.76169000e+01
-2.03932000 3.91797000e+01
-2.00932000 2.39814000e+01
-1.97932000 1.61551000e+01
-1.94932000 1.18531000e+01
-1.91932000 9.39147000e+00
-1.88932000 7.93056000e+00
-1.85932000 6.85292000e+00
-1.82932000 6.23308000e+00
-1.79932000 6.30291000e+00
-1.76932000 7.39635000e+00
-1.73932000 9.83322000e+00
-1.70932000 1.08182000e+01
-1.67932000 7.95486000e+00
-1.64932000 5.52809000e+00
-1.61932000 4.33350000e+00
-1.58932000 3.83101000e+00
-1.55932000 3.70179000e+00
-1.52932000 4.00901000e+00
-1.49932000 5.07710000e+00
-1.46932000 7.27720000e+00
-1.43932000 8.76885000e+00
-1.40932000 7.01194000e+00
-1.37932000 5.26682000e+00
-1.34932000 3.98208000e+00
-1.31932000 3.02746000e+00
-1.28932000 2.51253000e+00
-1.25932000 2.33838000e+00
-1.22932000 2.34785000e+00
-1.19932000 2.18298000e+00
-1.16879000 1.98479000e+00
-1.13879000 1.99725000e+00
-1.10879000 2.28217000e+00
-1.07879000 2.90041000e+00
-1.04879000 3.21195000e+00
-1.01879000 2.63809000e+00
-0.98879000 2.20177000e+00
-0.95879000 2.12238000e+00
-0.92879000 2.15309000e+00
-0.89879000 2.13202000e+00
-0.86879000 2.17788000e+00
-0.83879000 2.43985000e+00
-0.80879000 2.83566000e+00
-0.77879000 3.19830000e+00
-0.74879000 3.99620000e+00
-0.71879000 4.73004000e+00
-0.68879000 4.37909000e+00
-0.65879000 4.00603000e+00
-0.62879000 4.28309000e+00
-0.59879000 4.83692000e+00
-0.56879000 4.86643000e+00
-0.53879000 5.13348000e+00
-0.50879000 5.80857000e+00
-0.47879000 6.86138000e+00
-0.44879000 9.07045000e+00
-0.41879000 1.31653000e+01
-0.38879000 2.13983000e+01
-0.35879000 3.41383000e+01
-0.32879000 3.54983000e+01
-0.29879000 2.34025000e+01
-0.26879000 1.54184000e+01
-0.23879000 1.25550000e+01
-0.20879000 1.25296000e+01
-0.17826000 1.33919000e+01
-0.14826000 1.66603000e+01
-0.11826000 2.46068000e+01
-0.08826010 3.01259000e+01
-0.05826010 2.28574000e+01
-0.02826010 1.55818000e+01
0.00173987 1.28007000e+01
0.03173990 1.24384000e+01
0.06173990 1.27853000e+01
0.09173990 1.53398000e+01
0.12174000 2.22950000e+01
0.15174000 3.62630000e+01
0.18174000 4.88535000e+01
0.21174000 4.12216000e+01
0.24174000 3.16576000e+01
0.27174000 3.11052000e+01
0.30174000 3.11084000e+01
0.33174000 2.25348000e+01
0.36174000 1.57354000e+01
0.39174000 1.19359000e+01
0.42174000 1.01293000e+01
0.45174000 1.05323000e+01
0.48174000 1.37694000e+01
0.51174000 2.04430000e+01
0.54174000 2.30310000e+01
0.57174000 1.60296000e+01
0.60174000 9.97163000e+00
0.63174000 6.78078000e+00
0.66174000 5.19881000e+00
0.69174000 4.48436000e+00
0.72174000 4.42147000e+00
0.75174000 5.08431000e+00
0.78174000 6.34274000e+00
