# E(MeV)  S_NSDRNSDR(K=1) for Tm200_DDPCX
-15.07640000 -1.05623000e+00
-15.04640000 -9.53099000e-01
-15.01640000 -8.82028000e-01
-14.98640000 -8.46623000e-01
-14.95640000 -8.61951000e-01
-14.92640000 -9.20983000e-01
-14.89640000 -8.73676000e-01
-14.86640000 -7.34282000e-01
-14.83640000 -6.39341000e-01
-14.80640000 -5.85434000e-01
-14.77640000 -5.53956000e-01
-14.74640000 -5.36034000e-01
-14.71640000 -5.27983000e-01
-14.68640000 -5.28464000e-01
-14.65640000 -5.37385000e-01
-14.62640000 -5.55536000e-01
-14.59640000 -5.84571000e-01
-14.56640000 -6.27218000e-01
-14.53640000 -6.87758000e-01
-14.50640000 -7.72912000e-01
-14.47640000 -8.93502000e-01
-14.44640000 -1.06764000e+00
-14.41640000 -1.32691000e+00
-14.38640000 -1.72810000e+00
-14.35640000 -2.38637000e+00
-14.32640000 -3.55991000e+00
-14.29640000 -5.82125000e+00
-14.26640000 -1.00823000e+01
-14.23640000 -1.44496000e+01
-14.20640000 -1.31359000e+01
-14.17640000 -1.18499000e+01
-14.14640000 -1.17993000e+01
-14.11640000 -8.28737000e+00
-14.08640000 -4.88224000e+00
-14.05640000 -3.03823000e+00
-14.02640000 -2.06175000e+00
-13.99640000 -1.50366000e+00
-13.96640000 -1.16130000e+00
-13.93640000 -9.41192000e-01
-13.90640000 -7.97704000e-01
-13.87640000 -7.08489000e-01
-13.84640000 -6.64994000e-01
-13.81640000 -6.70543000e-01
-13.78640000 -7.45409000e-01
-13.75640000 -9.44412000e-01
-13.72640000 -1.39534000e+00
-13.69640000 -2.24018000e+00
-13.66640000 -2.71909000e+00
-13.63640000 -1.89244000e+00
-13.60640000 -1.09549000e+00
-13.57640000 -6.70236000e-01
-13.54640000 -4.40792000e-01
-13.48750000 -2.06316000e-01
-13.45750000 -1.26450000e-01
-13.42750000 -5.14468000e-02
-13.39750000 3.05158000e-02
-13.36750000 1.33828000e-01
-13.33750000 2.82144000e-01
-13.30750000 5.22317000e-01
-13.27750000 9.57996000e-01
-13.24750000 1.81579000e+00
-13.21750000 3.30479000e+00
-13.18750000 3.99835000e+00
-13.15750000 2.60703000e+00
-13.12750000 1.38188000e+00
-13.09750000 7.50919000e-01
-13.06750000 4.25012000e-01
-13.03750000 2.40129000e-01
-13.00750000 1.24107000e-01
-12.97750000 4.37635000e-02
-12.94750000 -1.76114000e-02
-12.91750000 -6.93546000e-02
-12.88750000 -1.17369000e-01
-12.85750000 -1.66019000e-01
-12.82750000 -2.19193000e-01
-12.79750000 -2.81073000e-01
-12.76750000 -3.56921000e-01
-12.73750000 -4.54142000e-01
-12.70750000 -5.84038000e-01
-12.67750000 -7.65059000e-01
-12.64750000 -1.02927000e+00
-12.61750000 -1.43634000e+00
-12.58750000 -2.10588000e+00
-12.55750000 -3.29754000e+00
-12.52750000 -5.60382000e+00
-12.49750000 -1.01601000e+01
-12.46750000 -1.61500000e+01
-12.43750000 -1.46266000e+01
-12.40750000 -8.48145000e+00
-12.37750000 -4.72966000e+00
-12.34750000 -2.85098000e+00
-12.31750000 -1.85601000e+00
-12.28750000 -1.28231000e+00
-12.25750000 -9.25853000e-01
-12.22750000 -6.90507000e-01
-12.19750000 -5.27277000e-01
-12.16750000 -4.09365000e-01
-12.13750000 -3.21176000e-01
-12.10750000 -2.53101000e-01
-12.07750000 -1.98803000e-01
-12.04750000 -1.53600000e-01
-12.01750000 -1.13522000e-01
-11.98750000 -7.83252000e-02
-11.95750000 -5.64492000e-02
-11.89870000 -2.74111000e-02
-11.86870000 -1.26694000e-02
-11.83870000 1.44451000e-03
-11.80870000 1.48920000e-02
-11.77870000 2.78687000e-02
-11.74870000 4.06939000e-02
-11.71870000 5.38052000e-02
-11.68870000 6.78228000e-02
-11.65870000 8.37021000e-02
-11.62870000 1.03064000e-01
-11.59870000 1.28940000e-01
-11.56870000 1.67445000e-01
-11.53870000 2.30116000e-01
-11.50870000 3.24634000e-01
-11.47870000 4.53576000e-01
-11.44870000 6.94092000e-01
-11.41870000 9.17456000e-01
-11.38870000 7.19852000e-01
-11.35870000 4.51968000e-01
-11.32870000 3.09065000e-01
-11.29870000 2.39691000e-01
-11.26870000 2.04550000e-01
-11.23870000 1.85101000e-01
-11.20870000 1.74108000e-01
-11.17870000 1.68544000e-01
-11.14870000 1.66360000e-01
-11.11870000 1.66366000e-01
-11.08870000 1.67887000e-01
-11.05870000 1.70526000e-01
-11.02870000 1.74048000e-01
-10.99870000 1.78312000e-01
-10.96870000 1.83242000e-01
-10.93870000 1.88805000e-01
-10.90870000 1.95002000e-01
-10.87870000 2.01866000e-01
-10.84870000 2.09464000e-01
-10.81870000 2.17911000e-01
-10.78870000 2.27393000e-01
-10.75870000 2.38101000e-01
-10.72870000 2.49661000e-01
-10.69870000 2.62033000e-01
-10.66870000 2.76292000e-01
-10.63870000 2.92957000e-01
-10.60870000 3.12535000e-01
-10.57870000 3.35823000e-01
-10.54870000 3.64026000e-01
-10.51870000 3.98981000e-01
-10.48870000 4.43587000e-01
-10.45870000 5.02661000e-01
-10.42870000 5.84741000e-01
-10.39870000 7.06185000e-01
-10.36870000 9.01096000e-01
-10.30980000 1.84066000e+00
-10.27980000 2.66001000e+00
-10.24980000 2.76196000e+00
-10.21980000 2.35974000e+00
-10.18980000 2.42983000e+00
-10.15980000 3.18949000e+00
-10.12980000 5.03529000e+00
-10.09980000 8.26107000e+00
-10.06980000 9.31460000e+00
-10.03980000 6.15995000e+00
-10.00980000 3.65697000e+00
-9.97980000 2.40964000e+00
-9.94980000 1.80434000e+00
-9.91980000 1.51949000e+00
-9.88980000 1.43054000e+00
-9.85980000 1.51611000e+00
-9.82980000 1.83619000e+00
-9.79980000 2.42893000e+00
-9.76980000 2.83226000e+00
-9.73980000 2.88323000e+00
-9.70980000 3.42852000e+00
-9.67980000 4.36768000e+00
-9.64980000 3.91383000e+00
-9.61980000 2.93530000e+00
-9.58980000 2.62694000e+00
-9.55980000 3.00916000e+00
-9.52980000 4.22125000e+00
-9.49980000 5.86755000e+00
-9.46980000 5.97589000e+00
-9.43980000 4.88608000e+00
-9.40980000 3.41182000e+00
-9.37980000 2.53394000e+00
-9.34980000 2.19829000e+00
-9.31980000 2.21192000e+00
-9.28980000 2.54915000e+00
-9.25980000 3.17125000e+00
-9.22980000 3.55400000e+00
-9.19980000 3.92122000e+00
-9.16980000 5.10687000e+00
-9.13980000 7.70643000e+00
-9.10980000 1.20935000e+01
-9.07980000 1.75952000e+01
-9.04980000 1.73313000e+01
-9.01980000 1.13124000e+01
-8.98980000 7.25900000e+00
-8.95980000 5.20617000e+00
-8.92980000 4.28329000e+00
-8.89980000 4.16295000e+00
-8.86980000 4.81753000e+00
-8.83980000 6.64717000e+00
-8.80980000 1.06455000e+01
-8.77980000 1.63899000e+01
-8.72093000 9.75688000e+00
-8.69093000 5.88108000e+00
-8.66093000 3.96928000e+00
-8.63093000 2.93956000e+00
-8.60093000 2.32578000e+00
-8.57093000 1.94493000e+00
-8.54093000 1.64603000e+00
-8.51093000 1.43553000e+00
-8.48093000 1.30021000e+00
-8.45093000 1.21298000e+00
-8.42093000 1.15814000e+00
-8.39093000 1.12922000e+00
-8.36093000 1.11950000e+00
-8.33093000 1.11931000e+00
-8.30093000 1.13765000e+00
-8.27093000 1.18802000e+00
-8.24093000 1.29075000e+00
-8.21093000 1.48757000e+00
-8.18093000 1.76388000e+00
-8.15093000 1.80231000e+00
-8.12093000 1.67661000e+00
-8.09093000 1.68599000e+00
-8.06093000 1.86174000e+00
-8.03093000 2.26104000e+00
-8.00093000 3.07126000e+00
-7.97093000 4.44489000e+00
-7.94093000 5.04277000e+00
-7.91093000 3.95053000e+00
-7.88093000 3.11007000e+00
-7.85093000 2.72445000e+00
-7.82093000 2.61223000e+00
-7.79093000 2.72450000e+00
-7.76093000 3.03811000e+00
-7.73093000 3.59163000e+00
-7.70093000 4.50983000e+00
-7.67093000 6.17293000e+00
-7.64093000 9.42103000e+00
-7.61093000 1.55182000e+01
-7.58093000 2.11782000e+01
-7.55093000 1.72014000e+01
-7.52093000 1.17327000e+01
-7.49093000 9.64238000e+00
-7.46093000 1.02228000e+01
-7.43093000 1.32130000e+01
-7.40093000 1.73482000e+01
-7.37093000 1.56701000e+01
-7.34093000 1.16312000e+01
-7.31093000 1.02703000e+01
-7.28093000 1.17106000e+01
-7.25093000 1.54666000e+01
-7.22093000 1.61547000e+01
-7.19093000 1.24965000e+01
-7.13207000 9.37394000e+00
-7.10207000 1.01875000e+01
-7.07207000 1.08121000e+01
-7.04207000 1.01052000e+01
-7.01207000 9.48178000e+00
-6.98207000 9.99828000e+00
-6.95207000 1.16059000e+01
-6.92207000 1.50299000e+01
-6.89207000 2.16795000e+01
-6.86207000 3.07729000e+01
-6.83207000 3.48385000e+01
-6.80207000 3.98874000e+01
-6.77207000 5.31214000e+01
-6.74207000 5.88269000e+01
-6.71207000 4.67980000e+01
-6.68207000 4.02378000e+01
-6.65207000 4.10684000e+01
-6.62207000 4.43829000e+01
-6.59207000 4.43840000e+01
-6.56207000 4.89005000e+01
-6.53207000 6.47785000e+01
-6.50207000 7.25004000e+01
-6.47207000 6.37288000e+01
-6.44207000 6.46065000e+01
-6.41207000 6.95410000e+01
-6.38207000 7.23294000e+01
-6.35207000 8.32897000e+01
-6.32207000 9.94931000e+01
-6.29207000 1.18716000e+02
-6.26207000 1.53258000e+02
-6.23207000 2.30909000e+02
-6.20207000 3.39531000e+02
-6.17207000 3.00061000e+02
-6.14207000 1.79531000e+02
-6.11207000 1.10035000e+02
-6.08207000 8.03179000e+01
-6.05207000 6.57054000e+01
-6.02207000 4.99848000e+01
-5.99207000 3.85166000e+01
-5.96207000 3.21508000e+01
-5.93207000 3.04985000e+01
-5.90207000 3.46420000e+01
-5.87207000 4.75775000e+01
-5.84207000 6.45702000e+01
-5.81207000 5.71881000e+01
-5.78207000 3.89181000e+01
-5.75207000 3.03287000e+01
-5.72207000 2.64626000e+01
-5.69207000 1.97788000e+01
-5.66207000 1.41958000e+01
-5.63207000 1.10343000e+01
-5.60207000 9.28122000e+00
-5.54320000 8.01277000e+00
-5.51320000 8.34502000e+00
-5.48320000 9.66384000e+00
-5.45320000 1.13327000e+01
-5.42320000 1.04989000e+01
-5.39320000 8.96921000e+00
-5.36320000 8.58220000e+00
-5.33320000 9.25863000e+00
-5.30320000 1.09796000e+01
-5.27320000 1.41516000e+01
-5.24320000 1.82788000e+01
-5.21320000 2.40712000e+01
-5.18320000 2.97002000e+01
-5.15320000 3.01195000e+01
-5.12320000 2.81001000e+01
-5.09320000 2.60623000e+01
-5.06320000 2.71508000e+01
-5.03320000 3.53023000e+01
-5.00320000 4.49835000e+01
-4.97320000 5.05842000e+01
-4.94320000 5.76403000e+01
-4.91320000 5.90279000e+01
-4.88320000 5.28313000e+01
-4.85320000 3.94791000e+01
-4.82320000 2.94755000e+01
-4.79320000 2.77831000e+01
-4.76320000 3.45049000e+01
-4.73320000 4.65386000e+01
-4.70320000 4.40792000e+01
-4.67320000 2.93284000e+01
-4.64320000 1.98484000e+01
-4.61320000 1.57054000e+01
-4.58320000 1.50032000e+01
-4.55320000 1.75640000e+01
-4.52320000 2.45960000e+01
-4.49320000 3.29386000e+01
-4.46320000 3.11670000e+01
-4.43320000 2.30938000e+01
-4.40320000 1.65643000e+01
-4.37320000 1.37958000e+01
-4.34320000 1.37797000e+01
-4.31320000 1.63663000e+01
-4.28320000 2.28859000e+01
-4.25320000 3.55651000e+01
-4.22320000 4.81594000e+01
-4.19320000 4.33174000e+01
-4.16320000 3.68878000e+01
-4.13320000 4.20510000e+01
-4.10320000 5.35064000e+01
-4.07320000 4.71179000e+01
-4.04320000 3.09228000e+01
-4.01320000 1.99537000e+01
-3.95433000 9.88804000e+00
-3.92433000 7.87627000e+00
-3.89433000 6.50227000e+00
-3.86433000 5.64337000e+00
-3.83433000 5.19167000e+00
-3.80433000 4.65680000e+00
-3.77433000 4.15462000e+00
-3.74433000 3.94350000e+00
-3.71433000 4.01901000e+00
-3.68433000 4.34534000e+00
-3.65433000 4.78343000e+00
-3.62433000 5.62043000e+00
-3.59433000 7.22958000e+00
-3.56433000 9.60200000e+00
-3.53433000 1.30465000e+01
-3.50433000 1.77947000e+01
-3.47433000 1.76228000e+01
-3.44433000 1.29106000e+01
-3.41433000 1.07976000e+01
-3.38433000 1.18074000e+01
-3.35433000 1.43266000e+01
-3.32433000 1.41655000e+01
-3.29433000 1.41626000e+01
-3.26433000 1.68359000e+01
-3.23433000 2.27150000e+01
-3.20433000 2.62529000e+01
-3.17433000 1.99436000e+01
-3.14433000 1.46163000e+01
-3.11433000 1.31244000e+01
-3.08433000 1.25859000e+01
-3.05433000 1.26490000e+01
-3.02433000 1.48439000e+01
-2.99433000 1.84704000e+01
-2.96433000 2.59916000e+01
-2.93433000 3.32108000e+01
-2.90433000 2.81209000e+01
-2.87433000 1.88291000e+01
-2.84433000 1.23575000e+01
-2.81433000 8.77421000e+00
-2.78433000 6.60610000e+00
-2.75433000 5.40532000e+00
-2.72433000 4.63810000e+00
-2.69433000 4.10560000e+00
-2.66433000 4.17917000e+00
-2.63433000 4.97281000e+00
-2.60433000 6.06919000e+00
-2.57433000 5.62697000e+00
-2.54433000 4.03121000e+00
-2.51433000 2.96585000e+00
-2.48433000 2.47236000e+00
-2.45433000 2.33367000e+00
-2.42433000 2.36010000e+00
-2.36546000 2.59437000e+00
-2.33546000 2.33601000e+00
-2.30546000 2.14681000e+00
-2.27546000 2.11038000e+00
-2.24546000 1.93797000e+00
-2.21546000 1.79245000e+00
-2.18546000 1.84027000e+00
-2.15546000 2.10396000e+00
-2.12546000 2.67694000e+00
-2.09546000 3.63087000e+00
-2.06546000 4.08747000e+00
-2.03546000 3.87896000e+00
-2.00546000 4.35800000e+00
-1.97546000 5.27831000e+00
-1.94546000 5.67902000e+00
-1.91546000 6.94755000e+00
-1.88546000 9.33278000e+00
-1.85546000 9.23980000e+00
-1.82546000 7.32015000e+00
-1.79546000 6.77863000e+00
-1.76546000 7.47126000e+00
-1.73546000 8.93770000e+00
-1.70546000 1.10692000e+01
-1.67546000 1.10397000e+01
-1.64546000 8.88733000e+00
-1.61546000 6.74795000e+00
-1.58546000 5.07493000e+00
-1.55546000 3.81344000e+00
-1.52546000 3.07601000e+00
-1.49546000 2.94553000e+00
-1.46546000 3.40047000e+00
-1.43546000 4.21849000e+00
-1.40546000 4.38374000e+00
-1.37546000 4.30962000e+00
-1.34546000 4.52465000e+00
-1.31546000 3.77720000e+00
-1.28546000 2.65122000e+00
-1.25546000 1.94923000e+00
-1.22546000 1.59567000e+00
-1.19546000 1.44325000e+00
-1.16546000 1.42928000e+00
-1.13546000 1.55646000e+00
-1.10546000 1.89211000e+00
-1.07546000 2.47907000e+00
-1.04546000 2.76858000e+00
-1.01546000 2.69312000e+00
-0.98546500 2.86412000e+00
-0.95546500 3.20667000e+00
-0.92546500 4.07684000e+00
-0.89546500 5.23274000e+00
-0.86546500 6.63536000e+00
-0.83546500 7.59147000e+00
-0.77659700 3.87492000e+00
-0.74659700 3.03820000e+00
-0.71659700 2.86450000e+00
-0.68659700 2.88597000e+00
-0.65659700 2.90571000e+00
-0.62659700 3.14363000e+00
-0.59659700 4.08648000e+00
-0.56659700 5.86102000e+00
-0.53659700 7.05068000e+00
-0.50659700 6.77721000e+00
-0.47659700 5.56589000e+00
-0.44659700 4.46336000e+00
-0.41659700 4.05994000e+00
-0.38659700 3.71035000e+00
-0.35659700 3.69938000e+00
-0.32659700 4.26946000e+00
-0.29659700 5.17788000e+00
-0.26659700 5.82052000e+00
-0.23659700 6.81898000e+00
-0.20659700 7.55699000e+00
-0.17659700 6.66185000e+00
-0.14659700 5.86813000e+00
-0.11659700 6.24535000e+00
-0.08659740 7.74724000e+00
-0.05659740 1.09473000e+01
-0.02659740 1.52372000e+01
0.00340259 1.33928000e+01
0.03340260 8.75329000e+00
0.06340260 6.19602000e+00
0.09340260 4.71111000e+00
0.12340300 3.59292000e+00
0.15340300 2.90614000e+00
0.18340300 2.65345000e+00
0.21340300 2.67309000e+00
0.24340300 2.33170000e+00
0.27340300 1.87053000e+00
0.30340300 1.60246000e+00
0.33340300 1.55621000e+00
0.36340300 1.71701000e+00
0.39340300 1.97172000e+00
0.42340300 1.88389000e+00
0.45340300 1.62160000e+00
0.48340300 1.40833000e+00
0.51340300 1.40663000e+00
0.54340300 1.69032000e+00
0.57340300 2.30260000e+00
0.60340300 2.74164000e+00
0.63340300 2.25147000e+00
0.66340300 1.76771000e+00
0.69340300 1.46060000e+00
0.72340300 1.27216000e+00
0.75340300 1.30577000e+00
