# E(MeV)  S_NSDRNSDR(Total=K0+2*K1) for Tm200_DDPCX
-15.07640000 -2.48992800e+00
-15.04640000 -2.24958800e+00
-15.01640000 -2.07884700e+00
-14.98640000 -1.98388600e+00
-14.95640000 -1.99411800e+00
-14.92640000 -2.09501500e+00
-14.89640000 -1.98630300e+00
-14.86640000 -1.69670900e+00
-14.83640000 -1.50036700e+00
-14.80640000 -1.39297800e+00
-14.77640000 -1.33740500e+00
-14.74640000 -1.29485000e+00
-14.71640000 -1.25633600e+00
-14.68640000 -1.24104900e+00
-14.65640000 -1.24918400e+00
-14.62640000 -1.27945500e+00
-14.59640000 -1.33376300e+00
-14.56640000 -1.41696500e+00
-14.53640000 -1.53737900e+00
-14.50640000 -1.70836900e+00
-14.47640000 -1.95160100e+00
-14.44640000 -2.30339300e+00
-14.41640000 -2.82707000e+00
-14.38640000 -3.63644000e+00
-14.35640000 -4.96214100e+00
-14.32640000 -7.32098400e+00
-14.29640000 -1.18586150e+01
-14.26640000 -2.03996550e+01
-14.23640000 -2.91582980e+01
-14.20640000 -2.65616120e+01
-14.17640000 -2.40292670e+01
-14.14640000 -2.39800310e+01
-14.11640000 -1.70256020e+01
-14.08640000 -1.03104470e+01
-14.05640000 -6.75685100e+00
-14.02640000 -5.00155900e+00
-13.99640000 -4.19096000e+00
-13.96640000 -4.00948000e+00
-13.93640000 -4.46510400e+00
-13.90640000 -5.91147800e+00
-13.87640000 -9.15299800e+00
-13.84640000 -1.35283880e+01
-13.81640000 -1.23527860e+01
-13.78640000 -7.93042800e+00
-13.75640000 -5.55346400e+00
-13.72640000 -5.07295000e+00
-13.69640000 -6.03862000e+00
-13.66640000 -6.58885000e+00
-13.63640000 -4.69444700e+00
-13.60640000 -2.95665400e+00
-13.57640000 -2.02637200e+00
-13.54640000 -1.53737600e+00
-13.48750000 -1.15758400e+00
-13.45750000 -1.15887300e+00
-13.42750000 -1.32996360e+00
-13.39750000 -1.81686840e+00
-13.36750000 -2.91581400e+00
-13.33750000 -4.32018200e+00
-13.30750000 -3.36496600e+00
-13.27750000 -7.45038000e-01
-13.24750000 2.02218000e+00
-13.21750000 5.51477000e+00
-13.18750000 7.15901100e+00
-13.15750000 4.50502300e+00
-13.12750000 2.10998000e+00
-13.09750000 8.53198000e-01
-13.06750000 1.64316000e-01
-13.03750000 -2.86341000e-01
-13.00750000 -6.53167000e-01
-12.97750000 -1.02298300e+00
-12.94750000 -1.46501280e+00
-12.91750000 -2.06225920e+00
-12.88750000 -3.02593800e+00
-12.85750000 -5.73583800e+00
-12.82750000 -1.39503860e+01
-12.79750000 -1.89157460e+01
-12.76750000 -1.28342420e+01
-12.73750000 -7.53130400e+00
-12.70750000 -4.99797600e+00
-12.67750000 -3.94117800e+00
-12.64750000 -3.68640000e+00
-12.61750000 -4.03138000e+00
-12.58750000 -5.06951000e+00
-12.55750000 -7.24862100e+00
-12.52750000 -1.17158630e+01
-12.49750000 -2.07204740e+01
-12.46750000 -3.26164590e+01
-12.43750000 -2.95008180e+01
-12.40750000 -1.71486190e+01
-12.37750000 -9.58019500e+00
-12.34750000 -5.74645400e+00
-12.31750000 -3.70698425e+00
-12.28750000 -2.57438247e+00
-12.25750000 -1.87489520e+00
-12.22750000 -1.40233520e+00
-12.19750000 -1.06633290e+00
-12.16750000 -8.17378140e-01
-12.13750000 -6.25632600e-01
-12.10750000 -4.71927900e-01
-12.07750000 -3.42828100e-01
-12.04750000 -2.27366700e-01
-12.01750000 -1.14711000e-01
-11.98750000 9.32600000e-04
-11.95750000 1.13010600e-01
-11.89870000 4.80473800e-01
-11.86870000 9.07097200e-01
-11.83870000 1.62624902e+00
-11.80870000 1.98541400e+00
-11.77870000 1.37342740e+00
-11.74870000 8.32902800e-01
-11.71870000 5.69873400e-01
-11.68870000 4.51601600e-01
-11.65870000 4.03618200e-01
-11.62870000 3.95661000e-01
-11.59870000 4.18531000e-01
-11.56870000 4.76945000e-01
-11.53870000 5.89998000e-01
-11.50870000 7.70806000e-01
-11.47870000 1.02318300e+00
-11.44870000 1.50059700e+00
-11.41870000 1.94505600e+00
-11.38870000 1.54856900e+00
-11.35870000 1.01226600e+00
-11.32870000 7.26496000e-01
-11.29870000 5.88231000e-01
-11.26870000 5.18793000e-01
-11.23870000 4.81032000e-01
-11.20870000 4.60431000e-01
-11.17870000 4.50899000e-01
-11.14870000 4.48315000e-01
-11.11870000 4.50279000e-01
-11.08870000 4.55430000e-01
-11.05870000 4.62967000e-01
-11.02870000 4.72418000e-01
-10.99870000 4.83503000e-01
-10.96870000 4.96074000e-01
-10.93870000 5.10079000e-01
-10.90870000 5.25532000e-01
-10.87870000 5.42492000e-01
-10.84870000 5.61105000e-01
-10.81870000 5.81660000e-01
-10.78870000 6.04565000e-01
-10.75870000 6.30243000e-01
-10.72870000 6.58000000e-01
-10.69870000 6.87828000e-01
-10.66870000 7.21973000e-01
-10.63870000 7.61596000e-01
-10.60870000 8.07881000e-01
-10.57870000 8.62649000e-01
-10.54870000 9.28630000e-01
-10.51870000 1.00995400e+00
-10.48870000 1.11309000e+00
-10.45870000 1.24868800e+00
-10.42870000 1.43543200e+00
-10.39870000 1.70868900e+00
-10.36870000 2.14128100e+00
-10.30980000 4.18110100e+00
-10.27980000 5.99280500e+00
-10.24980000 6.52457000e+00
-10.21980000 6.36338000e+00
-10.18980000 7.38802000e+00
-10.15980000 8.77824000e+00
-10.12980000 1.16060200e+01
-10.09980000 1.75312700e+01
-10.06980000 1.94041290e+01
-10.03980000 1.30187190e+01
-10.00980000 8.05169900e+00
-9.97980000 5.73970200e+00
-9.94980000 4.94458000e+00
-9.91980000 4.86214000e+00
-9.88980000 4.47044000e+00
-9.85980000 4.21548000e+00
-9.82980000 4.64262400e+00
-9.79980000 5.61232700e+00
-9.76980000 6.25748400e+00
-9.73980000 6.27894000e+00
-9.70980000 7.31137200e+00
-9.67980000 9.14607200e+00
-9.64980000 8.21478200e+00
-9.61980000 6.24733800e+00
-9.58980000 5.62889900e+00
-9.55980000 6.39850700e+00
-9.52980000 8.83475500e+00
-9.49980000 1.21480960e+01
-9.46980000 1.23988150e+01
-9.43980000 1.02766870e+01
-9.40980000 7.42263600e+00
-9.37980000 5.76505500e+00
-9.34980000 5.16136900e+00
-9.31980000 5.35007900e+00
-9.28980000 6.40590000e+00
-9.25980000 8.37314000e+00
-9.22980000 9.63624000e+00
-9.19980000 9.74292000e+00
-9.16980000 1.14511300e+01
-9.13980000 1.63111690e+01
-9.10980000 2.49253870e+01
-9.07980000 3.58576880e+01
-9.04980000 3.53124060e+01
-9.01980000 2.33040830e+01
-8.98980000 1.52916070e+01
-8.95980000 1.13945460e+01
-8.92980000 9.81368000e+00
-8.89980000 9.47717000e+00
-8.86980000 1.05135900e+01
-8.83980000 1.40165000e+01
-8.80980000 2.19411870e+01
-8.77980000 3.33987080e+01
-8.72093000 2.01231500e+01
-8.69093000 1.23807910e+01
-8.66093000 8.57313100e+00
-8.63093000 6.53564400e+00
-8.60093000 5.33709600e+00
-8.57093000 4.61510500e+00
-8.54093000 4.07441000e+00
-8.51093000 3.74274400e+00
-8.48093000 3.62751000e+00
-8.45093000 3.73204000e+00
-8.42093000 3.93003000e+00
-8.39093000 3.76299000e+00
-8.36093000 3.49279000e+00
-8.33093000 3.38019000e+00
-8.30093000 3.40726000e+00
-8.27093000 3.56818000e+00
-8.24093000 3.86004000e+00
-8.21093000 4.28116000e+00
-8.18093000 4.86630000e+00
-8.15093000 5.02653000e+00
-8.12093000 4.90992000e+00
-8.09093000 5.12452000e+00
-8.06093000 5.75478000e+00
-8.03093000 6.97095000e+00
-8.00093000 9.27620000e+00
-7.97093000 1.32201700e+01
-7.94093000 1.64329200e+01
-7.91093000 1.72934200e+01
-7.88093000 2.01735400e+01
-7.85093000 1.99457000e+01
-7.82093000 1.48459400e+01
-7.79093000 1.16300700e+01
-7.76093000 1.05886400e+01
-7.73093000 1.09048400e+01
-7.70093000 1.23783900e+01
-7.67093000 1.55782400e+01
-7.64093000 2.21038100e+01
-7.61093000 3.44550400e+01
-7.58093000 4.60667300e+01
-7.55093000 3.85878800e+01
-7.52093000 2.84256800e+01
-7.49093000 2.53709600e+01
-7.46093000 2.73521100e+01
-7.43093000 3.37234400e+01
-7.40093000 4.29077000e+01
-7.37093000 4.14120000e+01
-7.34093000 3.66310000e+01
-7.31093000 3.98837000e+01
-7.28093000 5.41028000e+01
-7.25093000 8.04602000e+01
-7.22093000 1.00196000e+02
-7.19093000 1.02433900e+02
-7.13207000 5.50722800e+01
-7.10207000 4.43865000e+01
-7.07207000 3.98606000e+01
-7.04207000 3.58990000e+01
-7.01207000 3.39090600e+01
-6.98207000 3.54737600e+01
-6.95207000 4.04282000e+01
-6.92207000 5.05353000e+01
-6.89207000 6.94804000e+01
-6.86207000 9.76735000e+01
-6.83207000 1.23862000e+02
-6.80207000 1.59210000e+02
-6.77207000 2.03412500e+02
-6.74207000 2.44770800e+02
-6.71207000 2.94499000e+02
-6.68207000 3.53100600e+02
-6.65207000 2.92275800e+02
-6.62207000 2.12272800e+02
-6.59207000 1.66935500e+02
-6.56207000 1.56633600e+02
-6.53207000 1.84372600e+02
-6.50207000 2.05124500e+02
-6.47207000 1.88516400e+02
-6.44207000 1.91860400e+02
-6.41207000 2.19898900e+02
-6.38207000 2.45648800e+02
-6.35207000 2.49400400e+02
-6.32207000 2.58384400e+02
-6.29207000 2.84001300e+02
-6.26207000 3.48966100e+02
-6.23207000 5.09854800e+02
-6.20207000 7.44382900e+02
-6.17207000 6.98082800e+02
-6.14207000 4.88533000e+02
-6.11207000 3.45403000e+02
-6.08207000 2.89139800e+02
-6.05207000 2.43931800e+02
-6.02207000 1.71652300e+02
-5.99207000 1.21489900e+02
-5.96207000 9.37781000e+01
-5.93207000 8.22248000e+01
-5.90207000 8.57577000e+01
-5.87207000 1.08768700e+02
-5.84207000 1.41042400e+02
-5.81207000 1.25367200e+02
-5.78207000 8.85753000e+01
-5.75207000 7.18569000e+01
-5.72207000 6.55424000e+01
-5.69207000 5.51484000e+01
-5.66207000 4.99730000e+01
-5.63207000 5.59862000e+01
-5.60207000 7.62804400e+01
-5.54320000 7.85650400e+01
-5.51320000 5.37433400e+01
-5.48320000 4.27627800e+01
-5.45320000 3.91150000e+01
-5.42320000 3.28022000e+01
-5.39320000 2.68618500e+01
-5.36320000 2.44721700e+01
-5.33320000 2.49791700e+01
-5.30320000 2.77164900e+01
-5.27320000 3.33055900e+01
-5.24320000 4.11163400e+01
-5.21320000 5.25712200e+01
-5.18320000 6.38581300e+01
-5.15320000 6.49232200e+01
-5.12320000 6.16441600e+01
-5.09320000 5.91463100e+01
-5.06320000 6.37666500e+01
-5.03320000 8.18592000e+01
-5.00320000 1.00247600e+02
-4.97320000 1.09369310e+02
-4.94320000 1.22660590e+02
-4.91320000 1.26248250e+02
-4.88320000 1.16923800e+02
-4.85320000 9.68575000e+01
-4.82320000 8.34946000e+01
-4.79320000 7.52169000e+01
-4.76320000 8.11982000e+01
-4.73320000 1.01063730e+02
-4.70320000 9.37634400e+01
-4.67320000 6.29617600e+01
-4.64320000 4.33247700e+01
-4.61320000 3.47279900e+01
-4.58320000 3.32114500e+01
-4.55320000 3.84100000e+01
-4.52320000 5.28768000e+01
-4.49320000 7.04652400e+01
-4.46320000 6.77408800e+01
-4.43320000 5.14499600e+01
-4.40320000 3.87270800e+01
-4.37320000 3.49835500e+01
-4.34320000 3.84340000e+01
-4.31320000 4.50046000e+01
-4.28320000 5.52838600e+01
-4.25320000 7.86635100e+01
-4.22320000 1.03990370e+02
-4.19320000 9.61585200e+01
-4.16320000 8.41042000e+01
-4.13320000 9.38149500e+01
-4.10320000 1.17314600e+02
-4.07320000 1.04621600e+02
-4.04320000 7.25111000e+01
-4.01320000 5.33829000e+01
-3.95433000 4.80778800e+01
-3.92433000 4.38304400e+01
-3.89433000 3.07722400e+01
-3.86433000 2.18863400e+01
-3.83433000 1.73664200e+01
-3.80433000 1.44586100e+01
-3.77433000 1.25021000e+01
-3.74433000 1.16376800e+01
-3.71433000 1.16948100e+01
-3.68433000 1.23768500e+01
-3.65433000 1.32772800e+01
-3.62433000 1.52996000e+01
-3.59433000 1.93870900e+01
-3.56433000 2.51021800e+01
-3.53433000 3.30081900e+01
-3.50433000 4.49895900e+01
-3.47433000 4.92455000e+01
-3.44433000 4.47569000e+01
-3.41433000 4.53594000e+01
-3.38433000 4.65128000e+01
-3.35433000 4.52838000e+01
-3.32433000 4.18195000e+01
-3.29433000 4.28225000e+01
-3.26433000 5.31612000e+01
-3.23433000 6.91414000e+01
-3.20433000 7.10313000e+01
-3.17433000 5.19864000e+01
-3.14433000 3.79301900e+01
-3.11433000 3.39357000e+01
-3.08433000 3.36499600e+01
-3.05433000 3.58717000e+01
-3.02433000 4.09112000e+01
-2.99433000 4.53927700e+01
-2.96433000 5.73101300e+01
-2.93433000 6.99624800e+01
-2.90433000 5.88256800e+01
-2.87433000 3.96884700e+01
-2.84433000 2.64030100e+01
-2.81433000 1.90184100e+01
-2.78433000 1.45283500e+01
-2.75433000 1.20006300e+01
-2.72433000 1.03816900e+01
-2.69433000 9.24813000e+00
-2.66433000 9.31997700e+00
-2.63433000 1.08530330e+01
-2.60433000 1.30218470e+01
-2.57433000 1.21417690e+01
-2.54433000 8.98607000e+00
-2.51433000 6.94343000e+00
-2.48433000 6.13969000e+00
-2.45433000 6.23117000e+00
-2.42433000 6.99850000e+00
-2.36546000 8.83835000e+00
-2.33546000 7.53912000e+00
-2.30546000 6.64682000e+00
-2.27546000 6.25825000e+00
-2.24546000 5.51347000e+00
-2.21546000 4.98185000e+00
-2.18546000 4.83496000e+00
-2.15546000 5.15970600e+00
-2.12546000 6.17324600e+00
-2.09546000 8.02327500e+00
-2.06546000 8.94129300e+00
-2.03546000 8.59771500e+00
-2.00546000 9.73950000e+00
-1.97546000 1.19685400e+01
-1.94546000 1.34273500e+01
-1.91546000 1.62604700e+01
-1.88546000 2.05263500e+01
-1.85546000 1.98852700e+01
-1.82546000 1.59444700e+01
-1.79546000 1.48997800e+01
-1.76546000 1.60623200e+01
-1.73546000 1.87466480e+01
-1.70546000 2.28774260e+01
-1.67546000 2.27239620e+01
-1.64546000 1.83605710e+01
-1.61546000 1.40599070e+01
-1.58546000 1.07139670e+01
-1.55546000 8.21826500e+00
-1.52546000 6.80862600e+00
-1.49546000 6.67637200e+00
-1.46546000 7.84027000e+00
-1.43546000 9.95445000e+00
-1.40546000 1.08777000e+01
-1.37546000 1.06855900e+01
-1.34546000 1.06761900e+01
-1.31546000 9.09295000e+00
-1.28546000 7.16073000e+00
-1.25546000 6.05802000e+00
-1.22546000 5.07866000e+00
-1.19546000 4.64134000e+00
-1.16546000 4.97870000e+00
-1.13546000 6.23467000e+00
-1.10546000 8.05802000e+00
-1.07546000 8.76421000e+00
-1.04546000 8.07337000e+00
-1.01546000 7.22683000e+00
-0.98546500 7.25803000e+00
-0.95546500 7.78570000e+00
-0.92546500 9.62006000e+00
-0.89546500 1.23552800e+01
-0.86546500 1.54076900e+01
-0.83546500 1.68719300e+01
-0.77659700 8.97592000e+00
-0.74659700 7.43384000e+00
-0.71659700 7.35144000e+00
-0.68659700 7.41561000e+00
-0.65659700 7.16280000e+00
-0.62659700 7.39593000e+00
-0.59659700 9.03134700e+00
-0.56659700 1.24377030e+01
-0.53659700 1.47658170e+01
-0.50659700 1.41583690e+01
-0.47659700 1.16892900e+01
-0.44659700 9.48313700e+00
-0.41659700 8.69479800e+00
-0.38659700 8.05348300e+00
-0.35659700 8.16843900e+00
-0.32659700 9.52017700e+00
-0.29659700 1.14981600e+01
-0.26659700 1.28569200e+01
-0.23659700 1.50891600e+01
-0.20659700 1.71054800e+01
-0.17659700 1.54050000e+01
-0.14659700 1.32215100e+01
-0.11659700 1.35709600e+01
-0.08659740 1.64228150e+01
-0.05659740 2.27759260e+01
-0.02659740 3.13856700e+01
0.00340259 2.78381000e+01
0.03340260 1.88521200e+01
0.06340260 1.38949500e+01
0.09340260 1.07118200e+01
0.12340300 8.28393000e+00
0.15340300 6.92254000e+00
0.18340300 6.59527000e+00
0.21340300 6.94410000e+00
0.24340300 6.76024000e+00
0.27340300 6.37015000e+00
0.30340300 5.99017000e+00
0.33340300 6.20804000e+00
0.36340300 7.54271000e+00
0.39340300 8.69304000e+00
0.42340300 7.87078000e+00
0.45340300 6.21683000e+00
0.48340300 4.87189000e+00
0.51340300 4.41887000e+00
0.54340300 4.85709000e+00
0.57340300 6.10607000e+00
0.60340300 7.07410000e+00
0.63340300 6.34478000e+00
0.66340300 5.76096000e+00
0.69340300 5.54138000e+00
0.72340300 5.83084000e+00
0.75340300 5.80945000e+00
