# E(MeV)  S_NSDRNSDR(K=0) for Tm200_DDPCX
-15.07640000 -3.77468000e-01
-15.04640000 -3.43390000e-01
-15.01640000 -3.14791000e-01
-14.98640000 -2.90640000e-01
-14.95640000 -2.70216000e-01
-14.92640000 -2.53049000e-01
-14.89640000 -2.38951000e-01
-14.86640000 -2.28145000e-01
-14.83640000 -2.21685000e-01
-14.80640000 -2.22110000e-01
-14.77640000 -2.29493000e-01
-14.74640000 -2.22782000e-01
-14.71640000 -2.00370000e-01
-14.68640000 -1.84121000e-01
-14.65640000 -1.74414000e-01
-14.62640000 -1.68383000e-01
-14.59640000 -1.64621000e-01
-14.56640000 -1.62529000e-01
-14.53640000 -1.61863000e-01
-14.50640000 -1.62545000e-01
-14.47640000 -1.64597000e-01
-14.44640000 -1.68113000e-01
-14.41640000 -1.73250000e-01
-14.38640000 -1.80240000e-01
-14.35640000 -1.89401000e-01
-14.32640000 -2.01164000e-01
-14.29640000 -2.16115000e-01
-14.26640000 -2.35055000e-01
-14.23640000 -2.59098000e-01
-14.20640000 -2.89812000e-01
-14.17640000 -3.29467000e-01
-14.14640000 -3.81431000e-01
-14.11640000 -4.50862000e-01
-14.08640000 -5.45967000e-01
-14.05640000 -6.80391000e-01
-14.02640000 -8.78059000e-01
-13.99640000 -1.18364000e+00
-13.96640000 -1.68688000e+00
-13.93640000 -2.58272000e+00
-13.90640000 -4.31607000e+00
-13.87640000 -7.73602000e+00
-13.84640000 -1.21984000e+01
-13.81640000 -1.10117000e+01
-13.78640000 -6.43961000e+00
-13.75640000 -3.66464000e+00
-13.72640000 -2.28227000e+00
-13.69640000 -1.55826000e+00
-13.66640000 -1.15067000e+00
-13.63640000 -9.09567000e-01
-13.60640000 -7.65674000e-01
-13.57640000 -6.85900000e-01
-13.54640000 -6.55792000e-01
-13.48750000 -7.44952000e-01
-13.45750000 -9.05973000e-01
-13.42750000 -1.22707000e+00
-13.39750000 -1.87790000e+00
-13.36750000 -3.18347000e+00
-13.33750000 -4.88447000e+00
-13.30750000 -4.40960000e+00
-13.27750000 -2.66103000e+00
-13.24750000 -1.60940000e+00
-13.21750000 -1.09481000e+00
-13.18750000 -8.37689000e-01
-13.15750000 -7.09037000e-01
-13.12750000 -6.53780000e-01
-13.09750000 -6.48640000e-01
-13.06750000 -6.85708000e-01
-13.03750000 -7.66599000e-01
-13.00750000 -9.01381000e-01
-12.97750000 -1.11051000e+00
-12.94750000 -1.42979000e+00
-12.91750000 -1.92355000e+00
-12.88750000 -2.79120000e+00
-12.85750000 -5.40380000e+00
-12.82750000 -1.35120000e+01
-12.79750000 -1.83536000e+01
-12.76750000 -1.21204000e+01
-12.73750000 -6.62302000e+00
-12.70750000 -3.82990000e+00
-12.67750000 -2.41106000e+00
-12.64750000 -1.62786000e+00
-12.61750000 -1.15870000e+00
-12.58750000 -8.57750000e-01
-12.55750000 -6.53541000e-01
-12.52750000 -5.08223000e-01
-12.49750000 -4.00274000e-01
-12.46750000 -3.16459000e-01
-12.43750000 -2.47618000e-01
-12.40750000 -1.85719000e-01
-12.37750000 -1.20875000e-01
-12.34750000 -4.44940000e-02
-12.31750000 5.03575000e-03
-12.28750000 -9.76247000e-03
-12.25750000 -2.31892000e-02
-12.22750000 -2.13212000e-02
-12.19750000 -1.17789000e-02
-12.16750000 1.35186000e-03
-12.13750000 1.67194000e-02
-12.10750000 3.42741000e-02
-12.07750000 5.47779000e-02
-12.04750000 7.98333000e-02
-12.01750000 1.12333000e-01
-11.98750000 1.57583000e-01
-11.95750000 2.25909000e-01
-11.89870000 5.35296000e-01
-11.86870000 9.32436000e-01
-11.83870000 1.62336000e+00
-11.80870000 1.95563000e+00
-11.77870000 1.31769000e+00
-11.74870000 7.51515000e-01
-11.71870000 4.62263000e-01
-11.68870000 3.15956000e-01
-11.65870000 2.36214000e-01
-11.62870000 1.89533000e-01
-11.59870000 1.60651000e-01
-11.56870000 1.42055000e-01
-11.53870000 1.29766000e-01
-11.50870000 1.21538000e-01
-11.47870000 1.16031000e-01
-11.44870000 1.12413000e-01
-11.41870000 1.10144000e-01
-11.38870000 1.08865000e-01
-11.35870000 1.08330000e-01
-11.32870000 1.08366000e-01
-11.29870000 1.08849000e-01
-11.26870000 1.09693000e-01
-11.23870000 1.10830000e-01
-11.20870000 1.12215000e-01
-11.17870000 1.13811000e-01
-11.14870000 1.15595000e-01
-11.11870000 1.17547000e-01
-11.08870000 1.19656000e-01
-11.05870000 1.21915000e-01
-11.02870000 1.24322000e-01
-10.99870000 1.26879000e-01
-10.96870000 1.29590000e-01
-10.93870000 1.32469000e-01
-10.90870000 1.35528000e-01
-10.87870000 1.38760000e-01
-10.84870000 1.42177000e-01
-10.81870000 1.45838000e-01
-10.78870000 1.49779000e-01
-10.75870000 1.54041000e-01
-10.72870000 1.58678000e-01
-10.69870000 1.63762000e-01
-10.66870000 1.69389000e-01
-10.63870000 1.75682000e-01
-10.60870000 1.82811000e-01
-10.57870000 1.91003000e-01
-10.54870000 2.00578000e-01
-10.51870000 2.11992000e-01
-10.48870000 2.25916000e-01
-10.45870000 2.43366000e-01
-10.42870000 2.65950000e-01
-10.39870000 2.96319000e-01
-10.36870000 3.39089000e-01
-10.30980000 4.99781000e-01
-10.27980000 6.72785000e-01
-10.24980000 1.00065000e+00
-10.21980000 1.64390000e+00
-10.18980000 2.52836000e+00
-10.15980000 2.39926000e+00
-10.12980000 1.53544000e+00
-10.09980000 1.00913000e+00
-10.06980000 7.74929000e-01
-10.03980000 6.98819000e-01
-10.00980000 7.37759000e-01
-9.97980000 9.20422000e-01
-9.94980000 1.33590000e+00
-9.91980000 1.82316000e+00
-9.88980000 1.60936000e+00
-9.85980000 1.18326000e+00
-9.82980000 9.70244000e-01
-9.79980000 7.54467000e-01
-9.76980000 5.92964000e-01
-9.73980000 5.12480000e-01
-9.70980000 4.54332000e-01
-9.67980000 4.10712000e-01
-9.64980000 3.87122000e-01
-9.61980000 3.76738000e-01
-9.58980000 3.75019000e-01
-9.55980000 3.80187000e-01
-9.52980000 3.92255000e-01
-9.49980000 4.12996000e-01
-9.46980000 4.47035000e-01
-9.43980000 5.04527000e-01
-9.40980000 5.98996000e-01
-9.37980000 6.97175000e-01
-9.34980000 7.64789000e-01
-9.31980000 9.26239000e-01
-9.28980000 1.30760000e+00
-9.25980000 2.03064000e+00
-9.22980000 2.52824000e+00
-9.19980000 1.90048000e+00
-9.16980000 1.23739000e+00
-9.13980000 8.98309000e-01
-9.10980000 7.38387000e-01
-9.07980000 6.67288000e-01
-9.04980000 6.49806000e-01
-9.01980000 6.79283000e-01
-8.98980000 7.73607000e-01
-8.95980000 9.82206000e-01
-8.92980000 1.24710000e+00
-8.89980000 1.15127000e+00
-8.86980000 8.78530000e-01
-8.83980000 7.22160000e-01
-8.80980000 6.50187000e-01
-8.77980000 6.18908000e-01
-8.72093000 6.09390000e-01
-8.69093000 6.18631000e-01
-8.66093000 6.34571000e-01
-8.63093000 6.56524000e-01
-8.60093000 6.85536000e-01
-8.57093000 7.25245000e-01
-8.54093000 7.82350000e-01
-8.51093000 8.71684000e-01
-8.48093000 1.02709000e+00
-8.45093000 1.30608000e+00
-8.42093000 1.61375000e+00
-8.39093000 1.50455000e+00
-8.36093000 1.25379000e+00
-8.33093000 1.14157000e+00
-8.30093000 1.13196000e+00
-8.27093000 1.19214000e+00
-8.24093000 1.27854000e+00
-8.21093000 1.30602000e+00
-8.18093000 1.33854000e+00
-8.15093000 1.42191000e+00
-8.12093000 1.55670000e+00
-8.09093000 1.75254000e+00
-8.06093000 2.03130000e+00
-8.03093000 2.44887000e+00
-8.00093000 3.13368000e+00
-7.97093000 4.33039000e+00
-7.94093000 6.34738000e+00
-7.91093000 9.39236000e+00
-7.88093000 1.39534000e+01
-7.85093000 1.44968000e+01
-7.82093000 9.62148000e+00
-7.79093000 6.18107000e+00
-7.76093000 4.51242000e+00
-7.73093000 3.72158000e+00
-7.70093000 3.35873000e+00
-7.67093000 3.23238000e+00
-7.64093000 3.26175000e+00
-7.61093000 3.41864000e+00
-7.58093000 3.71033000e+00
-7.55093000 4.18508000e+00
-7.52093000 4.96028000e+00
-7.49093000 6.08620000e+00
-7.46093000 6.90651000e+00
-7.43093000 7.29744000e+00
-7.40093000 8.21130000e+00
-7.37093000 1.00718000e+01
-7.34093000 1.33686000e+01
-7.31093000 1.93431000e+01
-7.28093000 3.06816000e+01
-7.25093000 4.95270000e+01
-7.22093000 6.78866000e+01
-7.19093000 7.74409000e+01
-7.13207000 3.63244000e+01
-7.10207000 2.40115000e+01
-7.07207000 1.82364000e+01
-7.04207000 1.56886000e+01
-7.01207000 1.49455000e+01
-6.98207000 1.54772000e+01
-6.95207000 1.72164000e+01
-6.92207000 2.04755000e+01
-6.89207000 2.61214000e+01
-6.86207000 3.61277000e+01
-6.83207000 5.41850000e+01
-6.80207000 7.94352000e+01
-6.77207000 9.71697000e+01
-6.74207000 1.27117000e+02
-6.71207000 2.00903000e+02
-6.68207000 2.72625000e+02
-6.65207000 2.10139000e+02
-6.62207000 1.23507000e+02
-6.59207000 7.81675000e+01
-6.56207000 5.88326000e+01
-6.53207000 5.48156000e+01
-6.50207000 6.01237000e+01
-6.47207000 6.10588000e+01
-6.44207000 6.26474000e+01
-6.41207000 8.08169000e+01
-6.38207000 1.00990000e+02
-6.35207000 8.28210000e+01
-6.32207000 5.93982000e+01
-6.29207000 4.65693000e+01
-6.26207000 4.24501000e+01
-6.23207000 4.80368000e+01
-6.20207000 6.53209000e+01
-6.17207000 9.79608000e+01
-6.14207000 1.29471000e+02
-6.11207000 1.25333000e+02
-6.08207000 1.28504000e+02
-6.05207000 1.12521000e+02
-6.02207000 7.16827000e+01
-5.99207000 4.44567000e+01
-5.96207000 2.94765000e+01
-5.93207000 2.12278000e+01
-5.90207000 1.64737000e+01
-5.87207000 1.36137000e+01
-5.84207000 1.19020000e+01
-5.81207000 1.09910000e+01
-5.78207000 1.07391000e+01
-5.75207000 1.11995000e+01
-5.72207000 1.26172000e+01
-5.69207000 1.55908000e+01
-5.66207000 2.15814000e+01
-5.63207000 3.39176000e+01
-5.60207000 5.77180000e+01
-5.54320000 6.25395000e+01
-5.51320000 3.70533000e+01
-5.48320000 2.34351000e+01
-5.45320000 1.64496000e+01
-5.42320000 1.18044000e+01
-5.39320000 8.92343000e+00
-5.36320000 7.30777000e+00
-5.33320000 6.46191000e+00
-5.30320000 5.75729000e+00
-5.27320000 5.00239000e+00
-5.24320000 4.55874000e+00
-5.21320000 4.42882000e+00
-5.18320000 4.45773000e+00
-5.15320000 4.68422000e+00
-5.12320000 5.44396000e+00
-5.09320000 7.02171000e+00
-5.06320000 9.46505000e+00
-5.03320000 1.12546000e+01
-5.00320000 1.02806000e+01
-4.97320000 8.20091000e+00
-4.94320000 7.37999000e+00
-4.91320000 8.19245000e+00
-4.88320000 1.12612000e+01
-4.85320000 1.78993000e+01
-4.82320000 2.45436000e+01
-4.79320000 1.96507000e+01
-4.76320000 1.21884000e+01
-4.73320000 7.98653000e+00
-4.70320000 5.60504000e+00
-4.67320000 4.30496000e+00
-4.64320000 3.62797000e+00
-4.61320000 3.31719000e+00
-4.58320000 3.20505000e+00
-4.55320000 3.28200000e+00
-4.52320000 3.68480000e+00
-4.49320000 4.58804000e+00
-4.46320000 5.40688000e+00
-4.43320000 5.26236000e+00
-4.40320000 5.59848000e+00
-4.37320000 7.39195000e+00
-4.34320000 1.08746000e+01
-4.31320000 1.22720000e+01
-4.28320000 9.51206000e+00
-4.25320000 7.53331000e+00
-4.22320000 7.67157000e+00
-4.19320000 9.52372000e+00
-4.16320000 1.03286000e+01
-4.13320000 9.71295000e+00
-4.10320000 1.03018000e+01
-4.07320000 1.03858000e+01
-4.04320000 1.06655000e+01
-4.01320000 1.34755000e+01
-3.95433000 2.83018000e+01
-3.92433000 2.80779000e+01
-3.89433000 1.77677000e+01
-3.86433000 1.05996000e+01
-3.83433000 6.98308000e+00
-3.80433000 5.14501000e+00
-3.77433000 4.19286000e+00
-3.74433000 3.75068000e+00
-3.71433000 3.65679000e+00
-3.68433000 3.68617000e+00
-3.65433000 3.71042000e+00
-3.62433000 4.05874000e+00
-3.59433000 4.92793000e+00
-3.56433000 5.89818000e+00
-3.53433000 6.91519000e+00
-3.50433000 9.40019000e+00
-3.47433000 1.39999000e+01
-3.44433000 1.89357000e+01
-3.41433000 2.37642000e+01
-3.38433000 2.28980000e+01
-3.35433000 1.66306000e+01
-3.32433000 1.34885000e+01
-3.29433000 1.44973000e+01
-3.26433000 1.94894000e+01
-3.23433000 2.37114000e+01
-3.20433000 1.85255000e+01
-3.17433000 1.20992000e+01
-3.14433000 8.69759000e+00
-3.11433000 7.68690000e+00
-3.08433000 8.47816000e+00
-3.05433000 1.05737000e+01
-3.02433000 1.12234000e+01
-2.99433000 8.45197000e+00
-2.96433000 5.32693000e+00
-2.93433000 3.54088000e+00
-2.90433000 2.58388000e+00
-2.87433000 2.03027000e+00
-2.84433000 1.68801000e+00
-2.81433000 1.46999000e+00
-2.78433000 1.31615000e+00
-2.75433000 1.18999000e+00
-2.72433000 1.10549000e+00
-2.69433000 1.03693000e+00
-2.66433000 9.61637000e-01
-2.63433000 9.07413000e-01
-2.60433000 8.83467000e-01
-2.57433000 8.87829000e-01
-2.54433000 9.23650000e-01
-2.51433000 1.01173000e+00
-2.48433000 1.19497000e+00
-2.45433000 1.56383000e+00
-2.42433000 2.27830000e+00
-2.36546000 3.64961000e+00
-2.33546000 2.86710000e+00
-2.30546000 2.35320000e+00
-2.27546000 2.03749000e+00
-2.24546000 1.63753000e+00
-2.21546000 1.39695000e+00
-2.18546000 1.15442000e+00
-2.15546000 9.51786000e-01
-2.12546000 8.19366000e-01
-2.09546000 7.61535000e-01
-2.06546000 7.66353000e-01
-2.03546000 8.39795000e-01
-2.00546000 1.02350000e+00
-1.97546000 1.41192000e+00
-1.94546000 2.06931000e+00
-1.91546000 2.36537000e+00
-1.88546000 1.86079000e+00
-1.85546000 1.40567000e+00
-1.82546000 1.30417000e+00
-1.79546000 1.34252000e+00
-1.76546000 1.11980000e+00
-1.73546000 8.71248000e-01
-1.70546000 7.39026000e-01
-1.67546000 6.44562000e-01
-1.64546000 5.85911000e-01
-1.61546000 5.64007000e-01
-1.58546000 5.64107000e-01
-1.55546000 5.91385000e-01
-1.52546000 6.56606000e-01
-1.49546000 7.85312000e-01
-1.46546000 1.03933000e+00
-1.43546000 1.51747000e+00
-1.40546000 2.11022000e+00
-1.37546000 2.06635000e+00
-1.34546000 1.62689000e+00
-1.31546000 1.53855000e+00
-1.28546000 1.85829000e+00
-1.25546000 2.15956000e+00
-1.22546000 1.88732000e+00
-1.19546000 1.75484000e+00
-1.16546000 2.12014000e+00
-1.13546000 3.12175000e+00
-1.10546000 4.27380000e+00
-1.07546000 3.80607000e+00
-1.04546000 2.53621000e+00
-1.01546000 1.84059000e+00
-0.98546500 1.52979000e+00
-0.95546500 1.37236000e+00
-0.92546500 1.46638000e+00
-0.89546500 1.88980000e+00
-0.86546500 2.13697000e+00
-0.83546500 1.68899000e+00
-0.77659700 1.22608000e+00
-0.74659700 1.35744000e+00
-0.71659700 1.62244000e+00
-0.68659700 1.64367000e+00
-0.65659700 1.35138000e+00
-0.62659700 1.10867000e+00
-0.59659700 8.58387000e-01
-0.56659700 7.15663000e-01
-0.53659700 6.64457000e-01
-0.50659700 6.03949000e-01
-0.47659700 5.57510000e-01
-0.44659700 5.56417000e-01
-0.41659700 5.74918000e-01
-0.38659700 6.32783000e-01
-0.35659700 7.69679000e-01
-0.32659700 9.81257000e-01
-0.29659700 1.14240000e+00
-0.26659700 1.21588000e+00
-0.23659700 1.45120000e+00
-0.20659700 1.99150000e+00
-0.17659700 2.08130000e+00
-0.14659700 1.48525000e+00
-0.11659700 1.08026000e+00
-0.08659740 9.28335000e-01
-0.05659740 8.81326000e-01
-0.02659740 9.11270000e-01
0.00340259 1.05250000e+00
0.03340260 1.34554000e+00
0.06340260 1.50291000e+00
0.09340260 1.28960000e+00
0.12340300 1.09809000e+00
0.15340300 1.11026000e+00
0.18340300 1.28837000e+00
0.21340300 1.59792000e+00
0.24340300 2.09684000e+00
0.27340300 2.62909000e+00
0.30340300 2.78525000e+00
0.33340300 3.09562000e+00
0.36340300 4.10869000e+00
0.39340300 4.74960000e+00
0.42340300 4.10300000e+00
0.45340300 2.97363000e+00
0.48340300 2.05523000e+00
0.51340300 1.60561000e+00
0.54340300 1.47645000e+00
0.57340300 1.50087000e+00
0.60340300 1.59082000e+00
0.63340300 1.84184000e+00
0.66340300 2.22554000e+00
0.69340300 2.62018000e+00
0.72340300 3.28652000e+00
0.75340300 3.19791000e+00
