# E(MeV)  S_NSDRNSDR(K=1) for Tm220_DDPCX
-19.82750000 -6.40692000e-02
-19.79750000 -1.58992000e-01
-19.76750000 -3.18137000e-01
-19.73750000 -3.66103000e-01
-19.70750000 -2.11703000e-01
-19.67750000 -9.07487000e-02
-19.64750000 -3.18043000e-02
-19.61750000 -3.77348000e-03
-19.58750000 1.58399000e-02
-19.55750000 3.04838000e-02
-19.52750000 3.90812000e-02
-19.49750000 4.37139000e-02
-19.46750000 4.57331000e-02
-19.43750000 4.56232000e-02
-19.40750000 4.32247000e-02
-19.37750000 3.81976000e-02
-19.34750000 3.33751000e-02
-19.31750000 3.10931000e-02
-19.28750000 2.64000000e-02
-19.25750000 1.78246000e-02
-19.22750000 4.97421000e-03
-19.19750000 -1.33629000e-02
-19.16750000 -3.95498000e-02
-19.13750000 -7.77769000e-02
-19.10750000 -1.35633000e-01
-19.07750000 -2.27667000e-01
-19.04750000 -3.83886000e-01
-19.01750000 -6.70968000e-01
-18.98750000 -1.23963000e+00
-18.95750000 -2.31148000e+00
-18.92750000 -3.22855000e+00
-18.89750000 -2.37980000e+00
-18.86750000 -1.27870000e+00
-18.83750000 -6.85436000e-01
-18.80750000 -3.85515000e-01
-18.77750000 -2.21954000e-01
-18.74750000 -1.25011000e-01
-18.71750000 -6.34323000e-02
-18.68750000 -2.21711000e-02
-18.65750000 6.50928000e-03
-18.62750000 2.66867000e-02
-18.59750000 4.02395000e-02
-18.56750000 4.73195000e-02
-18.53750000 4.88872000e-02
-18.50750000 5.63126000e-02
-18.47750000 7.01523000e-02
-18.44750000 7.95941000e-02
-18.41750000 8.44425000e-02
-18.38750000 8.57311000e-02
-18.35750000 8.33205000e-02
-18.32750000 7.58664000e-02
-18.29750000 6.02139000e-02
-18.26750000 2.94910000e-02
-18.23750000 -3.18574000e-02
-18.20750000 -1.59063000e-01
-18.17750000 -4.01259000e-01
-18.14750000 -5.91301000e-01
-18.11750000 -3.78814000e-01
-18.08750000 -1.24980000e-01
-18.05750000 1.50041000e-02
-18.02750000 9.14349000e-02
-17.99750000 1.39252000e-01
-17.96750000 1.74188000e-01
-17.93750000 2.03663000e-01
-17.90750000 2.31724000e-01
-17.87750000 2.61090000e-01
-17.84750000 2.94110000e-01
-17.81750000 3.33354000e-01
-17.76350000 4.31214000e-01
-17.73350000 5.11218000e-01
-17.70350000 6.22808000e-01
-17.67350000 7.86031000e-01
-17.64350000 1.03860000e+00
-17.61350000 1.45703000e+00
-17.58350000 2.20927000e+00
-17.55350000 3.67791000e+00
-17.52350000 6.53045000e+00
-17.49350000 9.71474000e+00
-17.46350000 8.04871000e+00
-17.43350000 4.64036000e+00
-17.40350000 2.69909000e+00
-17.37350000 1.72762000e+00
-17.34350000 1.20940000e+00
-17.31350000 9.10212000e-01
-17.28350000 7.26539000e-01
-17.25350000 6.10023000e-01
-17.22350000 5.37857000e-01
-17.19350000 5.02201000e-01
-17.16350000 5.08311000e-01
-17.13350000 5.59526000e-01
-17.10350000 5.59015000e-01
-17.07350000 4.56971000e-01
-17.04350000 3.77195000e-01
-17.01350000 3.32617000e-01
-16.98350000 3.06689000e-01
-16.95350000 2.90566000e-01
-16.92350000 2.80353000e-01
-16.89350000 2.74407000e-01
-16.86350000 2.72318000e-01
-16.83350000 2.74812000e-01
-16.80350000 2.84472000e-01
-16.77350000 3.07815000e-01
-16.74350000 3.56103000e-01
-16.71350000 4.07968000e-01
-16.68350000 3.75454000e-01
-16.65350000 3.17800000e-01
-16.62350000 2.85979000e-01
-16.59350000 2.70759000e-01
-16.56350000 2.63502000e-01
-16.53350000 2.60311000e-01
-16.50350000 2.59462000e-01
-16.47350000 2.60150000e-01
-16.44350000 2.61989000e-01
-16.41350000 2.64814000e-01
-16.38350000 2.68609000e-01
-16.35350000 2.73505000e-01
-16.32350000 2.79821000e-01
-16.29350000 2.87707000e-01
-16.26350000 2.96008000e-01
-16.23350000 3.05733000e-01
-16.20350000 3.19486000e-01
-16.17350000 3.39601000e-01
-16.14350000 3.70815000e-01
-16.11350000 4.23944000e-01
-16.08350000 5.23342000e-01
-16.05350000 7.01560000e-01
-16.02350000 8.39057000e-01
-15.99350000 7.13747000e-01
-15.96350000 5.78328000e-01
-15.93350000 5.35766000e-01
-15.90350000 5.46976000e-01
-15.87350000 5.27159000e-01
-15.84350000 4.84252000e-01
-15.81350000 4.64799000e-01
-15.78350000 4.63989000e-01
-15.75350000 4.73992000e-01
-15.69950000 5.09699000e-01
-15.66950000 5.38173000e-01
-15.63950000 5.73368000e-01
-15.60950000 6.16528000e-01
-15.57950000 6.69647000e-01
-15.54950000 7.35759000e-01
-15.51950000 8.19560000e-01
-15.48950000 9.28703000e-01
-15.45950000 1.07637000e+00
-15.42950000 1.28233000e+00
-15.39950000 1.54277000e+00
-15.36950000 1.83719000e+00
-15.33950000 2.27634000e+00
-15.30950000 2.99432000e+00
-15.27950000 4.20363000e+00
-15.24950000 6.35832000e+00
-15.21950000 1.04878000e+01
-15.18950000 1.85844000e+01
-15.15950000 2.86849000e+01
-15.12950000 2.55767000e+01
-15.09950000 1.50328000e+01
-15.06950000 8.60789000e+00
-15.03950000 5.38834000e+00
-15.00950000 3.68492000e+00
-14.97950000 2.70592000e+00
-14.94950000 2.10149000e+00
-14.91950000 1.70653000e+00
-14.88950000 1.43688000e+00
-14.85950000 1.24651000e+00
-14.82950000 1.10875000e+00
-14.79950000 1.00736000e+00
-14.76950000 9.32086000e-01
-14.73950000 8.76208000e-01
-14.70950000 8.35279000e-01
-14.67950000 8.06351000e-01
-14.64950000 7.87593000e-01
-14.61950000 7.77923000e-01
-14.58950000 7.75316000e-01
-14.55950000 7.77892000e-01
-14.52950000 7.88321000e-01
-14.49950000 8.08498000e-01
-14.46950000 8.40829000e-01
-14.43950000 8.88712000e-01
-14.40950000 9.55879000e-01
-14.37950000 1.06235000e+00
-14.34950000 1.23863000e+00
-14.31950000 1.45673000e+00
-14.28950000 1.60930000e+00
-14.25950000 1.74974000e+00
-14.22950000 1.71598000e+00
-14.19950000 1.63148000e+00
-14.16950000 1.67436000e+00
-14.13950000 1.83099000e+00
-14.10950000 2.09783000e+00
-14.07950000 2.51197000e+00
-14.04950000 3.16481000e+00
-14.01950000 4.16946000e+00
-13.98950000 5.29648000e+00
-13.95950000 6.55186000e+00
-13.92950000 8.98258000e+00
-13.89950000 1.38577000e+01
-13.86950000 2.37463000e+01
-13.83950000 4.11294000e+01
-13.80950000 4.95839000e+01
-13.77950000 3.33931000e+01
-13.74950000 1.88117000e+01
-13.71950000 1.13284000e+01
-13.68950000 7.56067000e+00
-13.63560000 4.72440000e+00
-13.60560000 4.14803000e+00
-13.57560000 3.59171000e+00
-13.54560000 3.06822000e+00
-13.51560000 2.63993000e+00
-13.48560000 2.21324000e+00
-13.45560000 1.92630000e+00
-13.42560000 1.74796000e+00
-13.39560000 1.66428000e+00
-13.36560000 1.65656000e+00
-13.33560000 1.60139000e+00
-13.30560000 1.49275000e+00
-13.27560000 1.43676000e+00
-13.24560000 1.43543000e+00
-13.21560000 1.47940000e+00
-13.18560000 1.57591000e+00
-13.15560000 1.75477000e+00
-13.12560000 2.02520000e+00
-13.09560000 2.30967000e+00
-13.06560000 2.79072000e+00
-13.03560000 3.76363000e+00
-13.00560000 4.78818000e+00
-12.97560000 4.57021000e+00
-12.94560000 4.35015000e+00
-12.91560000 5.02147000e+00
-12.88560000 6.85803000e+00
-12.85560000 1.06813000e+01
-12.82560000 1.65968000e+01
-12.79560000 1.72842000e+01
-12.76560000 1.23940000e+01
-12.73560000 9.06998000e+00
-12.70560000 8.33464000e+00
-12.67560000 1.00760000e+01
-12.64560000 1.14916000e+01
-12.61560000 8.57440000e+00
-12.58560000 5.63506000e+00
-12.55560000 4.13953000e+00
-12.52560000 3.46374000e+00
-12.49560000 3.28806000e+00
-12.46560000 3.59428000e+00
-12.43560000 4.46740000e+00
-12.40560000 5.25085000e+00
-12.37560000 4.41097000e+00
-12.34560000 3.39431000e+00
-12.31560000 2.99178000e+00
-12.28560000 2.95595000e+00
-12.25560000 2.78861000e+00
-12.22560000 2.55460000e+00
-12.19560000 2.48252000e+00
-12.16560000 2.54275000e+00
-12.13560000 2.70402000e+00
-12.10560000 2.97506000e+00
-12.07560000 3.38428000e+00
-12.04560000 4.02737000e+00
-12.01560000 4.71564000e+00
-11.98560000 5.21743000e+00
-11.95560000 6.21233000e+00
-11.92560000 8.35094000e+00
-11.89560000 1.20651000e+01
-11.86560000 1.58461000e+01
-11.83560000 1.96967000e+01
-11.80560000 2.17861000e+01
-11.77560000 2.25489000e+01
-11.74560000 1.89357000e+01
-11.71560000 1.41117000e+01
-11.68560000 1.24539000e+01
-11.65560000 1.37272000e+01
-11.62560000 1.86013000e+01
-11.57160000 3.88009000e+01
-11.54160000 3.53802000e+01
-11.51160000 2.32611000e+01
-11.48160000 1.64563000e+01
-11.45160000 1.41062000e+01
-11.42160000 1.43591000e+01
-11.39160000 1.63012000e+01
-11.36160000 2.05526000e+01
-11.33160000 2.23931000e+01
-11.30160000 2.01957000e+01
-11.27160000 2.09138000e+01
-11.24160000 2.68185000e+01
-11.21160000 4.09753000e+01
-11.18160000 6.72356000e+01
-11.15160000 8.56950000e+01
-11.12160000 6.67482000e+01
-11.09160000 4.20088000e+01
-11.06160000 2.94937000e+01
-11.03160000 2.55020000e+01
-11.00160000 2.55977000e+01
-10.97160000 2.52976000e+01
-10.94160000 2.69739000e+01
-10.91160000 3.45965000e+01
-10.88160000 5.29023000e+01
-10.85160000 8.69291000e+01
-10.82160000 1.07723000e+02
-10.79160000 7.70041000e+01
-10.76160000 4.70079000e+01
-10.73160000 3.19763000e+01
-10.70160000 2.41693000e+01
-10.67160000 1.95439000e+01
-10.64160000 1.69626000e+01
-10.61160000 1.63226000e+01
-10.58160000 1.74447000e+01
-10.55160000 1.92039000e+01
-10.52160000 1.97772000e+01
-10.49160000 2.16686000e+01
-10.46160000 2.69555000e+01
-10.43160000 3.79103000e+01
-10.40160000 5.83777000e+01
-10.37160000 9.10723000e+01
-10.34160000 1.12273000e+02
-10.31160000 1.09638000e+02
-10.28160000 8.98989000e+01
-10.25160000 6.07423000e+01
-10.22160000 4.58836000e+01
-10.19160000 4.12099000e+01
-10.16160000 4.13745000e+01
-10.13160000 4.24174000e+01
-10.10160000 3.86329000e+01
-10.07160000 3.69002000e+01
-10.04160000 4.16804000e+01
-10.01160000 5.28816000e+01
-9.98158000 6.54908000e+01
-9.95158000 7.98785000e+01
-9.92158000 9.79292000e+01
-9.89158000 1.20450000e+02
-9.86158000 1.36520000e+02
-9.83158000 1.54430000e+02
-9.80158000 1.46408000e+02
-9.77158000 1.13862000e+02
-9.74158000 1.01619000e+02
-9.71158000 1.18090000e+02
-9.68158000 1.58697000e+02
-9.65158000 1.81288000e+02
-9.62158000 1.79649000e+02
-9.59158000 1.81540000e+02
-9.56158000 1.77745000e+02
-9.50761000 2.15320000e+02
-9.47761000 1.86228000e+02
-9.44761000 1.35754000e+02
-9.41761000 9.85363000e+01
-9.38761000 7.60681000e+01
-9.35761000 5.91667000e+01
-9.32761000 5.25180000e+01
-9.29761000 5.51605000e+01
-9.26761000 6.46455000e+01
-9.23761000 8.21968000e+01
-9.20761000 9.89259000e+01
-9.17761000 8.35383000e+01
-9.14761000 6.41054000e+01
-9.11761000 6.14699000e+01
-9.08761000 6.94804000e+01
-9.05761000 6.45600000e+01
-9.02761000 5.17136000e+01
-8.99761000 4.35695000e+01
-8.96761000 4.48520000e+01
-8.93761000 4.99165000e+01
-8.90761000 5.21394000e+01
-8.87761000 6.42900000e+01
-8.84761000 9.09185000e+01
-8.81761000 9.94226000e+01
-8.78761000 6.97646000e+01
-8.75761000 4.66507000e+01
-8.72761000 3.50283000e+01
-8.69761000 2.95381000e+01
-8.66761000 2.75009000e+01
-8.63761000 2.75997000e+01
-8.60761000 3.02611000e+01
-8.57761000 3.77813000e+01
-8.54761000 5.34171000e+01
-8.51761000 7.72639000e+01
-8.48761000 1.10467000e+02
-8.45761000 1.33709000e+02
-8.42761000 1.03896000e+02
-8.39761000 7.68764000e+01
-8.36761000 7.36203000e+01
-8.33761000 8.08953000e+01
-8.30761000 7.08227000e+01
-8.27761000 5.33272000e+01
-8.24761000 4.07253000e+01
-8.21761000 3.64745000e+01
-8.18761000 3.85017000e+01
-8.15761000 4.25826000e+01
-8.12761000 4.38216000e+01
-8.09761000 4.48614000e+01
-8.06761000 5.25037000e+01
-8.03761000 7.11833000e+01
-8.00761000 1.04056000e+02
-7.97761000 1.46582000e+02
-7.94761000 1.68469000e+02
-7.91761000 1.93414000e+02
-7.88761000 1.96780000e+02
-7.85761000 1.35437000e+02
-7.82761000 8.17864000e+01
-7.79761000 5.20489000e+01
-7.76761000 3.61479000e+01
-7.73761000 2.72613000e+01
-7.70761000 2.20357000e+01
-7.67761000 1.92339000e+01
-7.64761000 1.85180000e+01
-7.61761000 2.02747000e+01
-7.58761000 2.58227000e+01
-7.55761000 3.56412000e+01
-7.52761000 4.15285000e+01
-7.49761000 3.33854000e+01
-7.44363000 1.94894000e+01
-7.41363000 1.86144000e+01
-7.38363000 2.20176000e+01
-7.35363000 2.81848000e+01
-7.32363000 2.65488000e+01
-7.29363000 1.86958000e+01
-7.26363000 1.40301000e+01
-7.23363000 1.21748000e+01
-7.20363000 1.22331000e+01
-7.17363000 1.43542000e+01
-7.14363000 1.91896000e+01
-7.11363000 2.68150000e+01
-7.08363000 3.36284000e+01
-7.05363000 3.15573000e+01
-7.02363000 2.56510000e+01
-6.99363000 2.57029000e+01
-6.96363000 2.90230000e+01
-6.93363000 2.71658000e+01
-6.90363000 1.98867000e+01
-6.87363000 1.40536000e+01
-6.84363000 1.11521000e+01
-6.81363000 1.00625000e+01
-6.78363000 1.00200000e+01
-6.75363000 1.11596000e+01
-6.72363000 1.46044000e+01
-6.69363000 1.94882000e+01
-6.66363000 1.86993000e+01
-6.63363000 1.44700000e+01
-6.60363000 1.18629000e+01
-6.57363000 1.12304000e+01
-6.54363000 1.24247000e+01
-6.51363000 1.55322000e+01
-6.48363000 1.86239000e+01
-6.45363000 2.14778000e+01
-6.42363000 2.84016000e+01
-6.39363000 3.68785000e+01
-6.36363000 3.76186000e+01
-6.33363000 3.31956000e+01
-6.30363000 3.58748000e+01
-6.27363000 4.76989000e+01
-6.24363000 5.63289000e+01
-6.21363000 5.51272000e+01
-6.18363000 5.43910000e+01
-6.15363000 5.36231000e+01
-6.12363000 5.43277000e+01
-6.09363000 6.37963000e+01
-6.06363000 6.69580000e+01
-6.03363000 4.63879000e+01
-6.00363000 2.91882000e+01
-5.97363000 2.08468000e+01
-5.94363000 1.60885000e+01
-5.91363000 1.30069000e+01
-5.88363000 1.17977000e+01
-5.85363000 1.21014000e+01
-5.82363000 1.23544000e+01
-5.79363000 1.21404000e+01
-5.76363000 1.29843000e+01
-5.73363000 1.54359000e+01
-5.70363000 1.96468000e+01
-5.67363000 2.75523000e+01
-5.64363000 3.22456000e+01
-5.61363000 2.45677000e+01
-5.58363000 1.80418000e+01
-5.55363000 1.44640000e+01
-5.52363000 1.11859000e+01
-5.49363000 9.00233000e+00
-5.46363000 7.91759000e+00
-5.43363000 6.83563000e+00
-5.37966000 5.94592000e+00
-5.34966000 6.25073000e+00
-5.31966000 7.27193000e+00
-5.28966000 8.88237000e+00
-5.25966000 1.16169000e+01
-5.22966000 1.70245000e+01
-5.19966000 2.31769000e+01
-5.16966000 2.16222000e+01
-5.13966000 1.74348000e+01
-5.10966000 1.55725000e+01
-5.07966000 1.52179000e+01
-5.04966000 1.80823000e+01
-5.01966000 2.57555000e+01
-4.98966000 3.61014000e+01
-4.95966000 3.18613000e+01
-4.92966000 2.05505000e+01
-4.89966000 1.38159000e+01
-4.86966000 1.00405000e+01
-4.83966000 8.09417000e+00
-4.80966000 7.13167000e+00
-4.77966000 6.46057000e+00
-4.74966000 6.22166000e+00
-4.71966000 6.24451000e+00
-4.68966000 6.42792000e+00
-4.65966000 6.93222000e+00
-4.62966000 8.14531000e+00
-4.59966000 1.06718000e+01
-4.56966000 1.56818000e+01
-4.53966000 2.51904000e+01
-4.50966000 3.72640000e+01
-4.47966000 3.77512000e+01
-4.44966000 3.47855000e+01
-4.41966000 3.92828000e+01
-4.38966000 3.81399000e+01
-4.35966000 2.64281000e+01
-4.32966000 1.79392000e+01
-4.29966000 1.43760000e+01
-4.26966000 1.29045000e+01
-4.23966000 1.24382000e+01
-4.20966000 1.42017000e+01
-4.17966000 1.92111000e+01
-4.14966000 2.41228000e+01
-4.11966000 2.42489000e+01
-4.08966000 1.97140000e+01
-4.05966000 1.52027000e+01
-4.02966000 1.23588000e+01
-3.99966000 1.23662000e+01
-3.96966000 1.43183000e+01
-3.93966000 1.35949000e+01
-3.90966000 9.70282000e+00
-3.87966000 7.05953000e+00
-3.84966000 5.76060000e+00
-3.81966000 5.24711000e+00
-3.78966000 5.07594000e+00
-3.75966000 4.75543000e+00
-3.72966000 4.71331000e+00
-3.69966000 4.92794000e+00
-3.66966000 5.39231000e+00
-3.63966000 6.43929000e+00
-3.60966000 7.27821000e+00
-3.57966000 7.64263000e+00
-3.54966000 8.85432000e+00
-3.51966000 1.00476000e+01
-3.48966000 1.03383000e+01
-3.45966000 1.04209000e+01
-3.42966000 1.13356000e+01
-3.39966000 1.45554000e+01
-3.36966000 2.16373000e+01
-3.31568000 4.12262000e+01
-3.28568000 3.77951000e+01
-3.25568000 3.04404000e+01
-3.22568000 2.13179000e+01
-3.19568000 1.41827000e+01
-3.16568000 1.06984000e+01
-3.13568000 9.83719000e+00
-3.10568000 1.11436000e+01
-3.07568000 1.34806000e+01
-3.04568000 1.31315000e+01
-3.01568000 9.93429000e+00
-2.98568000 7.64851000e+00
-2.95568000 6.67351000e+00
-2.92568000 6.70865000e+00
-2.89568000 7.64547000e+00
-2.86568000 9.82290000e+00
-2.83568000 1.30961000e+01
-2.80568000 1.46276000e+01
-2.77568000 1.56508000e+01
-2.74568000 2.00169000e+01
-2.71568000 2.85264000e+01
-2.68568000 3.04745000e+01
-2.65568000 2.32434000e+01
-2.62568000 1.65564000e+01
-2.59568000 1.23575000e+01
-2.56568000 1.02974000e+01
-2.53568000 9.93893000e+00
-2.50568000 1.09240000e+01
-2.47568000 1.19293000e+01
-2.44568000 1.37847000e+01
-2.41568000 1.84254000e+01
-2.38568000 2.50293000e+01
-2.35568000 3.47601000e+01
-2.32568000 4.37017000e+01
-2.29568000 3.78288000e+01
-2.26568000 2.93365000e+01
-2.23568000 2.57130000e+01
-2.20568000 2.17300000e+01
-2.17568000 1.58232000e+01
-2.14568000 1.21986000e+01
-2.11568000 1.03921000e+01
-2.08568000 9.07717000e+00
-2.05568000 7.98616000e+00
-2.02568000 7.75997000e+00
-1.99568000 9.03592000e+00
-1.96568000 1.16336000e+01
-1.93568000 1.50787000e+01
-1.90568000 1.74673000e+01
-1.87568000 1.62955000e+01
-1.84568000 1.29912000e+01
-1.81568000 1.05415000e+01
-1.78568000 9.61224000e+00
-1.75568000 8.61408000e+00
-1.72568000 6.80169000e+00
-1.69568000 5.28936000e+00
-1.66568000 4.38132000e+00
-1.63568000 3.93157000e+00
-1.60568000 3.80807000e+00
-1.57568000 4.08233000e+00
-1.54568000 4.49770000e+00
-1.51568000 5.38551000e+00
-1.48568000 6.82785000e+00
-1.45568000 6.58991000e+00
-1.42568000 5.31493000e+00
-1.39568000 4.88720000e+00
-1.36568000 5.31316000e+00
-1.33568000 6.91408000e+00
-1.30568000 1.00221000e+01
-1.25171000 8.71568000e+00
-1.22171000 5.93642000e+00
-1.19171000 4.21194000e+00
-1.16171000 3.24802000e+00
-1.13171000 2.88484000e+00
-1.10171000 2.69614000e+00
-1.07171000 2.49094000e+00
-1.04171000 2.55645000e+00
-1.01171000 2.86478000e+00
-0.98170600 2.98328000e+00
-0.95170600 2.70616000e+00
-0.92170600 2.39377000e+00
-0.89170600 2.09537000e+00
-0.86170600 1.95938000e+00
-0.83170600 1.78821000e+00
-0.80170600 1.55345000e+00
-0.77170600 1.44761000e+00
-0.74170600 1.50074000e+00
-0.71170600 1.67263000e+00
-0.68170600 1.91043000e+00
-0.65170600 2.07592000e+00
-0.62170600 2.05876000e+00
-0.59170600 2.28109000e+00
-0.56170600 2.93203000e+00
-0.53170600 3.87073000e+00
-0.50170600 4.00959000e+00
-0.47170600 3.32283000e+00
-0.44170600 2.80961000e+00
-0.41170600 2.39368000e+00
-0.38170600 2.10725000e+00
-0.35170600 2.08017000e+00
-0.32170600 2.10265000e+00
-0.29170600 2.12644000e+00
-0.26170600 2.35156000e+00
-0.23170600 2.57580000e+00
-0.20170600 2.31250000e+00
-0.17170600 2.00768000e+00
-0.14170600 1.99858000e+00
-0.11170600 2.35192000e+00
-0.08170570 3.10600000e+00
-0.05170570 4.15000000e+00
-0.02170570 4.25210000e+00
0.00829426 3.64760000e+00
0.03829430 3.73533000e+00
0.06829430 3.73104000e+00
0.09829430 3.27760000e+00
0.12829400 2.85422000e+00
0.15829400 2.56102000e+00
0.18829400 2.13638000e+00
0.21829400 1.75767000e+00
0.24829400 1.51491000e+00
0.27829400 1.36648000e+00
0.30829400 1.35643000e+00
0.33829400 1.43058000e+00
0.36829400 1.53304000e+00
0.39829400 1.49977000e+00
0.42829400 1.43723000e+00
0.45829400 1.54603000e+00
0.48829400 1.85287000e+00
0.51829400 2.47097000e+00
0.54829400 3.16262000e+00
0.57829400 2.77922000e+00
0.60829400 2.05144000e+00
0.63829400 1.70581000e+00
0.66829400 1.52289000e+00
0.69829400 1.40106000e+00
0.72829400 1.37746000e+00
0.75829400 1.41335000e+00
