# E(MeV)  S_NSDRNSDR(Total=K0+2*K1) for Tm220_DDPCX
-19.82750000 -1.17248400e-01
-19.79750000 -2.98795300e-01
-19.76750000 -6.09757500e-01
-19.73750000 -6.99155700e-01
-19.70750000 -3.84476200e-01
-19.67750000 -1.37231000e-01
-19.64750000 -1.44584000e-02
-19.61750000 4.61077400e-02
-19.58750000 8.95202000e-02
-19.55750000 1.22725200e-01
-19.52750000 1.43611100e-01
-19.49750000 1.56377400e-01
-19.46750000 1.63756900e-01
-19.43750000 1.66745000e-01
-19.40750000 1.65045500e-01
-19.37750000 1.57998500e-01
-19.34750000 1.51288300e-01
-19.31750000 1.49602400e-01
-19.28750000 1.43051900e-01
-19.25750000 1.28707400e-01
-19.22750000 1.05795220e-01
-19.19750000 7.19028000e-02
-19.16750000 2.23144000e-02
-19.13750000 -5.13428000e-02
-19.10750000 -1.64236000e-01
-19.07750000 -3.45457000e-01
-19.04750000 -6.55011000e-01
-19.01750000 -1.22624900e+00
-18.98750000 -2.36059900e+00
-18.95750000 -4.50127400e+00
-18.92750000 -6.33233600e+00
-18.89750000 -4.63170800e+00
-18.86750000 -2.42633500e+00
-18.83750000 -1.23660300e+00
-18.80750000 -6.33554000e-01
-18.77750000 -3.03266000e-01
-18.74750000 -1.06339000e-01
-18.71750000 1.95894000e-02
-18.68750000 1.04335800e-01
-18.65750000 1.62828560e-01
-18.62750000 2.02061400e-01
-18.59750000 2.23158000e-01
-18.56750000 2.20900000e-01
-18.53750000 1.95454000e-01
-18.50750000 2.09802800e-01
-18.47750000 2.73900600e-01
-18.44750000 3.19384200e-01
-18.41750000 3.43000000e-01
-18.38750000 3.52053200e-01
-18.35750000 3.48146000e-01
-18.32750000 3.28038800e-01
-18.29750000 2.82807800e-01
-18.26750000 1.93184000e-01
-18.23750000 1.70527000e-02
-18.20750000 -3.38895100e-01
-18.17750000 -1.02346100e+00
-18.14750000 -1.81644800e+00
-18.11750000 -2.19678800e+00
-18.08750000 -2.50708000e+00
-18.05750000 -1.99655180e+00
-18.02750000 -1.26597020e+00
-17.99750000 -3.08827000e-01
-17.96750000 4.48404000e-01
-17.93750000 9.51608000e-01
-17.90750000 1.34909200e+00
-17.87750000 1.73439000e+00
-17.84750000 2.16943000e+00
-17.81750000 2.71472800e+00
-17.76350000 4.27259800e+00
-17.73350000 5.78872600e+00
-17.70350000 8.30337600e+00
-17.67350000 1.28468620e+01
-17.64350000 2.14179000e+01
-17.61350000 3.40239600e+01
-17.58350000 4.23351400e+01
-17.55350000 4.76653200e+01
-17.52350000 4.29698000e+01
-17.49350000 3.66197800e+01
-17.46350000 2.62457200e+01
-17.43350000 1.58091900e+01
-17.40350000 9.92690000e+00
-17.37350000 6.78793000e+00
-17.34350000 4.98892000e+00
-17.31350000 3.88142400e+00
-17.28350000 3.16540800e+00
-17.25350000 2.69575600e+00
-17.22350000 2.40675400e+00
-17.19350000 2.29021200e+00
-17.16350000 2.40196200e+00
-17.13350000 2.76093200e+00
-17.10350000 2.73989000e+00
-17.07350000 2.12108200e+00
-17.04350000 1.65313000e+00
-17.01350000 1.39038300e+00
-16.98350000 1.23375900e+00
-16.95350000 1.13150800e+00
-16.92350000 1.06046400e+00
-16.89350000 1.00990500e+00
-16.86350000 9.75061000e-01
-16.83350000 9.55092000e-01
-16.80350000 9.53737000e-01
-16.77350000 9.83081000e-01
-16.74350000 1.06499000e+00
-16.71350000 1.15624900e+00
-16.68350000 1.08059300e+00
-16.65350000 9.56225000e-01
-16.62350000 8.84882000e-01
-16.59350000 8.47932000e-01
-16.56350000 8.27966000e-01
-16.53350000 8.17084000e-01
-16.50350000 8.11754000e-01
-16.47350000 8.10297000e-01
-16.44350000 8.11889000e-01
-16.41350000 8.16159000e-01
-16.38350000 8.23047000e-01
-16.35350000 8.32795000e-01
-16.32350000 8.46030000e-01
-16.29350000 8.63054000e-01
-16.26350000 8.81563000e-01
-16.23350000 9.03595000e-01
-16.20350000 9.34383000e-01
-16.17350000 9.78635000e-01
-16.14350000 1.04587400e+00
-16.11350000 1.15779900e+00
-16.08350000 1.36319600e+00
-16.05350000 1.72726700e+00
-16.02350000 2.01105300e+00
-15.99350000 1.77053300e+00
-15.96350000 1.51128900e+00
-15.93350000 1.43948200e+00
-15.90350000 1.47722600e+00
-15.87350000 1.45528100e+00
-15.84350000 1.38996700e+00
-15.81350000 1.37494600e+00
-15.78350000 1.40132800e+00
-15.75350000 1.45441400e+00
-15.69950000 1.60244900e+00
-15.66950000 1.71496000e+00
-15.63950000 1.85385800e+00
-15.60950000 2.02606300e+00
-15.57950000 2.24216500e+00
-15.54950000 2.51849800e+00
-15.51950000 2.88131000e+00
-15.48950000 3.37551600e+00
-15.45950000 4.08256000e+00
-15.42950000 5.13064000e+00
-15.39950000 6.52923000e+00
-15.36950000 8.26215000e+00
-15.33950000 1.10826900e+01
-15.30950000 1.64117400e+01
-15.27950000 2.65084600e+01
-15.24950000 3.96965400e+01
-15.21950000 4.61519000e+01
-15.18950000 5.73680000e+01
-15.15950000 7.17001000e+01
-15.12950000 5.97555300e+01
-15.09950000 3.54128200e+01
-15.06950000 2.08292500e+01
-15.03950000 1.33985100e+01
-15.00950000 9.37910000e+00
-14.97950000 7.01820000e+00
-14.94950000 5.53102000e+00
-14.91950000 4.54127000e+00
-14.88950000 3.85403000e+00
-14.85950000 3.36104500e+00
-14.82950000 2.99866700e+00
-14.79950000 2.72761400e+00
-14.76950000 2.52274800e+00
-14.73950000 2.36740500e+00
-14.70950000 2.25040800e+00
-14.67950000 2.16424300e+00
-14.64950000 2.10411500e+00
-14.61950000 2.06707800e+00
-14.58950000 2.04796200e+00
-14.55950000 2.04190500e+00
-14.52950000 2.05507200e+00
-14.49950000 2.09165700e+00
-14.46950000 2.15686400e+00
-14.43950000 2.25862800e+00
-14.40950000 2.40699700e+00
-14.37950000 2.64773600e+00
-14.34950000 3.05478700e+00
-14.31950000 3.59597700e+00
-14.28950000 4.03636900e+00
-14.25950000 4.32831400e+00
-14.22950000 4.25467800e+00
-14.19950000 4.17244200e+00
-14.16950000 4.23498200e+00
-14.13950000 4.41349600e+00
-14.10950000 4.87598700e+00
-14.07950000 5.69531000e+00
-14.04950000 7.03756900e+00
-14.01950000 9.13300400e+00
-13.98950000 1.15258030e+01
-13.95950000 1.41697200e+01
-13.92950000 1.92125800e+01
-13.89950000 2.93607000e+01
-13.86950000 4.99739500e+01
-13.83950000 8.63622500e+01
-13.80950000 1.04846840e+02
-13.77950000 7.13058400e+01
-13.74950000 4.03703000e+01
-13.71950000 2.44382200e+01
-13.68950000 1.64333800e+01
-13.63560000 1.04245190e+01
-13.60560000 9.16456800e+00
-13.57560000 7.98587900e+00
-13.54560000 6.90036700e+00
-13.51560000 6.00603300e+00
-13.48560000 5.12995400e+00
-13.45560000 4.55123600e+00
-13.42560000 4.20382600e+00
-13.39560000 4.05917700e+00
-13.36560000 4.07914300e+00
-13.33560000 4.00797400e+00
-13.30560000 3.84050400e+00
-13.27560000 3.80456300e+00
-13.24560000 3.91560000e+00
-13.21560000 4.17490000e+00
-13.18560000 4.63864000e+00
-13.15560000 5.45568000e+00
-13.12560000 6.84157000e+00
-13.09560000 9.05982000e+00
-13.06560000 1.29384800e+01
-13.03560000 1.68239400e+01
-13.00560000 1.64040400e+01
-12.97560000 1.34634800e+01
-12.94560000 1.17218300e+01
-12.91560000 1.22255100e+01
-12.88560000 1.53897100e+01
-12.85560000 2.27508900e+01
-12.82560000 3.44162000e+01
-12.79560000 3.56912600e+01
-12.76560000 2.58506500e+01
-12.73560000 1.91683800e+01
-12.70560000 1.76826900e+01
-12.67560000 2.11674900e+01
-12.64560000 2.40198500e+01
-12.61560000 1.82292500e+01
-12.58560000 1.24060500e+01
-12.55560000 9.41428000e+00
-12.52560000 8.03732000e+00
-12.49560000 7.68546000e+00
-12.46560000 8.31703000e+00
-12.43560000 1.00954700e+01
-12.40560000 1.17062600e+01
-12.37560000 1.00850400e+01
-12.34560000 8.13425000e+00
-12.31560000 7.45407000e+00
-12.28560000 7.53410000e+00
-12.25560000 7.24042000e+00
-12.22560000 6.75574000e+00
-12.19560000 6.63129000e+00
-12.16560000 6.80636000e+00
-12.13560000 7.21653000e+00
-12.10560000 7.88002000e+00
-12.07560000 8.85410000e+00
-12.04560000 1.02842300e+01
-12.01560000 1.17808200e+01
-11.98560000 1.29374000e+01
-11.95560000 1.51270600e+01
-11.92560000 1.96543400e+01
-11.89560000 2.73919600e+01
-11.86560000 3.53402400e+01
-11.83560000 4.35344800e+01
-11.80560000 4.83631000e+01
-11.77560000 5.07835300e+01
-11.74560000 4.48634300e+01
-11.71560000 3.72615000e+01
-11.68560000 3.74034000e+01
-11.65560000 4.62683000e+01
-11.62560000 6.60785000e+01
-11.57160000 1.07869900e+02
-11.54160000 9.44372000e+01
-11.51160000 6.88642000e+01
-11.48160000 5.84961000e+01
-11.45160000 6.22904000e+01
-11.42160000 8.04058000e+01
-11.39160000 1.19901000e+02
-11.36160000 1.83646200e+02
-11.33160000 1.98617200e+02
-11.30160000 1.54671400e+02
-11.27160000 1.37782800e+02
-11.24160000 1.32995400e+02
-11.21160000 1.34285300e+02
-11.18160000 1.69946200e+02
-11.15160000 1.99038700e+02
-11.12160000 1.57347200e+02
-11.09160000 1.06325500e+02
-11.06160000 8.29354000e+01
-11.03160000 8.09439000e+01
-11.00160000 9.17414000e+01
-10.97160000 1.00889500e+02
-10.94160000 1.12823500e+02
-10.91160000 1.49402400e+02
-10.88160000 2.18993600e+02
-10.85160000 2.76389200e+02
-10.82160000 2.80245700e+02
-10.79160000 1.97271700e+02
-10.76160000 1.29873900e+02
-10.73160000 1.02504000e+02
-10.70160000 9.55095000e+01
-10.67160000 8.14722000e+01
-10.64160000 6.19496000e+01
-10.61160000 5.17021000e+01
-10.58160000 4.94155000e+01
-10.55160000 5.05623000e+01
-10.52160000 5.03040000e+01
-10.49160000 5.33243300e+01
-10.46160000 6.36389700e+01
-10.43160000 8.56993800e+01
-10.40160000 1.27192800e+02
-10.37160000 1.93612100e+02
-10.34160000 2.37538000e+02
-10.31160000 2.34512500e+02
-10.28160000 1.98857200e+02
-10.25160000 1.47480200e+02
-10.22160000 1.30781300e+02
-10.19160000 1.40681300e+02
-10.16160000 1.47343700e+02
-10.13160000 1.44820200e+02
-10.10160000 1.40340700e+02
-10.07160000 1.55827800e+02
-10.04160000 2.03969800e+02
-10.01160000 2.54325200e+02
-9.98158000 2.77572600e+02
-9.95158000 3.00835000e+02
-9.92158000 3.08957400e+02
-9.89158000 3.17066800e+02
-9.86158000 3.30197600e+02
-9.83158000 3.58863800e+02
-9.80158000 3.44266800e+02
-9.77158000 2.88263500e+02
-9.74158000 2.85806800e+02
-9.71158000 3.57801000e+02
-9.68158000 4.81245000e+02
-9.65158000 5.18521000e+02
-9.62158000 4.85001000e+02
-9.59158000 4.69627000e+02
-9.56158000 4.37806200e+02
-9.50761000 4.93787200e+02
-9.47761000 4.34769600e+02
-9.44761000 3.43346300e+02
-9.41761000 2.95396300e+02
-9.38761000 3.09708200e+02
-9.35761000 3.75299400e+02
-9.32761000 3.90838000e+02
-9.29761000 3.18732000e+02
-9.26761000 2.87373000e+02
-9.23761000 2.82005600e+02
-9.20761000 2.75361800e+02
-9.17761000 2.21655500e+02
-9.14761000 1.71306900e+02
-9.11761000 1.60993200e+02
-9.08761000 1.77200700e+02
-9.05761000 1.72455900e+02
-9.02761000 1.59971800e+02
-8.99761000 1.72319100e+02
-8.96761000 2.15840000e+02
-8.93761000 2.40039000e+02
-8.90761000 2.07778800e+02
-8.87761000 2.00277800e+02
-8.84761000 2.42849400e+02
-8.81761000 2.54806100e+02
-8.78761000 1.81789700e+02
-8.75761000 1.23138100e+02
-8.72761000 9.31216000e+01
-8.69761000 7.71845000e+01
-8.66761000 6.98896000e+01
-8.63761000 6.86870000e+01
-8.60761000 7.27180000e+01
-8.57761000 8.61457000e+01
-8.54761000 1.16586620e+02
-8.51761000 1.64293180e+02
-8.48761000 2.31699200e+02
-8.45761000 2.80380000e+02
-8.42761000 2.22650800e+02
-8.39761000 1.68832200e+02
-8.36761000 1.64178800e+02
-8.33761000 1.84633500e+02
-8.30761000 1.77045400e+02
-8.27761000 1.60444000e+02
-8.24761000 1.48118400e+02
-8.21761000 1.30899500e+02
-8.18761000 1.13029100e+02
-8.15761000 1.07040700e+02
-8.12761000 1.02474600e+02
-8.09761000 1.00987700e+02
-8.06761000 1.14162130e+02
-8.03761000 1.50264380e+02
-8.00761000 2.15387750e+02
-7.97761000 2.99586580e+02
-7.94761000 3.42607480e+02
-7.91761000 3.92152700e+02
-7.88761000 3.98950410e+02
-7.85761000 2.76743940e+02
-7.82761000 1.70381820e+02
-7.79761000 1.11403670e+02
-7.76761000 7.95314000e+01
-7.73761000 6.26304700e+01
-7.70761000 5.47746000e+01
-7.67761000 5.48615000e+01
-7.64761000 6.34597000e+01
-7.61761000 7.17631000e+01
-7.58761000 7.44473000e+01
-7.55761000 8.69735000e+01
-7.52761000 9.68130000e+01
-7.49761000 8.22643000e+01
-7.44363000 5.23299000e+01
-7.41363000 4.95756000e+01
-7.38363000 5.69484000e+01
-7.35363000 6.68636000e+01
-7.32363000 6.07981800e+01
-7.29363000 4.35675100e+01
-7.26363000 3.31160800e+01
-7.23363000 2.87429700e+01
-7.20363000 2.85576600e+01
-7.17363000 3.28565100e+01
-7.14363000 4.24782000e+01
-7.11363000 5.74774100e+01
-7.08363000 7.11483700e+01
-7.05363000 6.74492000e+01
-7.02363000 5.66185000e+01
-6.99363000 5.86143700e+01
-6.96363000 6.86389000e+01
-6.93363000 6.83788000e+01
-6.90363000 5.39339000e+01
-6.87363000 4.38670000e+01
-6.84363000 4.52535000e+01
-6.81363000 5.66765000e+01
-6.78363000 6.02770000e+01
-6.75363000 4.87415000e+01
-6.72363000 4.50865000e+01
-6.69363000 4.92906000e+01
-6.66363000 4.46682800e+01
-6.63363000 3.45224000e+01
-6.60363000 2.84768200e+01
-6.57363000 2.69039700e+01
-6.54363000 2.90224300e+01
-6.51363000 3.45752500e+01
-6.48363000 4.03228400e+01
-6.45363000 4.59929900e+01
-6.42363000 6.02095500e+01
-6.39363000 7.81249500e+01
-6.36363000 8.07041300e+01
-6.33363000 7.12976300e+01
-6.30363000 7.54586200e+01
-6.27363000 9.83133800e+01
-6.24363000 1.15125110e+02
-6.21363000 1.12465860e+02
-6.18363000 1.10924020e+02
-6.15363000 1.09506600e+02
-6.12363000 1.11276250e+02
-6.09363000 1.30982870e+02
-6.06363000 1.38567810e+02
-6.03363000 9.79782900e+01
-6.00363000 6.32448400e+01
-5.97363000 4.69953000e+01
-5.94363000 3.89358100e+01
-5.91363000 3.43395900e+01
-5.88363000 3.16344000e+01
-5.85363000 3.22581100e+01
-5.82363000 3.46696100e+01
-5.79363000 3.83275000e+01
-5.76363000 4.09110000e+01
-5.73363000 4.25684000e+01
-5.70363000 4.96013000e+01
-5.67363000 6.50300200e+01
-5.64363000 7.56096000e+01
-5.61363000 6.31947000e+01
-5.58363000 5.17662000e+01
-5.55363000 4.18209000e+01
-5.52363000 3.10277300e+01
-5.49363000 2.41829600e+01
-5.46363000 2.11443400e+01
-5.43363000 1.93861400e+01
-5.37966000 1.74507100e+01
-5.34966000 1.68861200e+01
-5.31966000 1.81350400e+01
-5.28966000 2.07900700e+01
-5.25966000 2.59238400e+01
-5.22966000 3.64801000e+01
-5.19966000 4.87506500e+01
-5.16966000 4.58932900e+01
-5.13966000 3.79713700e+01
-5.10966000 3.47279000e+01
-5.07966000 3.48613400e+01
-5.04966000 4.24355200e+01
-5.01966000 6.09175700e+01
-4.98966000 8.46596000e+01
-4.95966000 7.64488000e+01
-4.92966000 5.37474000e+01
-4.89966000 3.95287000e+01
-4.86966000 2.87084400e+01
-4.83966000 2.24910600e+01
-4.80966000 2.01704800e+01
-4.77966000 1.91590100e+01
-4.74966000 1.76289600e+01
-4.71966000 1.66334100e+01
-4.68966000 1.67975900e+01
-4.65966000 1.81994800e+01
-4.62966000 2.05748700e+01
-4.59966000 2.45447000e+01
-4.56966000 3.38302500e+01
-4.53966000 5.25988900e+01
-4.50966000 7.68581400e+01
-4.47966000 7.84461700e+01
-4.44966000 7.38561800e+01
-4.41966000 8.38131900e+01
-4.38966000 8.04105700e+01
-4.35966000 5.56816600e+01
-4.32966000 3.78397300e+01
-4.29966000 3.02004500e+01
-4.26966000 2.69730800e+01
-4.23966000 2.58888100e+01
-4.20966000 2.93450790e+01
-4.17966000 3.93500150e+01
-4.14966000 4.91939510e+01
-4.11966000 4.94870930e+01
-4.08966000 4.05457700e+01
-4.05966000 3.18271900e+01
-4.02966000 2.67293500e+01
-3.99966000 2.74786000e+01
-3.96966000 3.14752200e+01
-3.93966000 2.92649900e+01
-3.90966000 2.09675200e+01
-3.87966000 1.55288800e+01
-3.84966000 1.29105300e+01
-3.81966000 1.17567700e+01
-3.78966000 1.12248000e+01
-3.75966000 1.05255000e+01
-3.72966000 1.05070200e+01
-3.69966000 1.10692700e+01
-3.66966000 1.21578000e+01
-3.63966000 1.43114200e+01
-3.60966000 1.59197700e+01
-3.57966000 1.66893000e+01
-3.54966000 1.93251300e+01
-3.51966000 2.16259300e+01
-3.48966000 2.19557600e+01
-3.45966000 2.21054300e+01
-3.42966000 2.40817900e+01
-3.39966000 3.04578400e+01
-3.36966000 4.44230000e+01
-3.31568000 8.35691400e+01
-3.28568000 7.68830800e+01
-3.25568000 6.26230300e+01
-3.22568000 4.52310100e+01
-3.19568000 3.15034700e+01
-3.16568000 2.39798300e+01
-3.13568000 2.16146500e+01
-3.10568000 2.40365900e+01
-3.07568000 2.89060900e+01
-3.04568000 2.85677800e+01
-3.01568000 2.26039500e+01
-2.98568000 1.79381400e+01
-2.95568000 1.54941300e+01
-2.92568000 1.53564700e+01
-2.89568000 1.72726500e+01
-2.86568000 2.19113500e+01
-2.83568000 2.90229600e+01
-2.80568000 3.26145100e+01
-2.77568000 3.46351800e+01
-2.74568000 4.26537600e+01
-2.71568000 5.91546100e+01
-2.68568000 6.26768000e+01
-2.65568000 4.81219500e+01
-2.62568000 3.48583700e+01
-2.59568000 2.62496900e+01
-2.56568000 2.17242900e+01
-2.53568000 2.07514630e+01
-2.50568000 2.25685180e+01
-2.47568000 2.45040940e+01
-2.44568000 2.82117030e+01
-2.41568000 3.75060160e+01
-2.38568000 5.06844240e+01
-2.35568000 7.00909530e+01
-2.32568000 8.79011980e+01
-2.29568000 7.61070160e+01
-2.26568000 5.91014500e+01
-2.23568000 5.18537580e+01
-2.20568000 4.39067050e+01
-2.17568000 3.21375850e+01
-2.14568000 2.49721640e+01
-2.11568000 2.14713700e+01
-2.08568000 1.88333480e+01
-2.05568000 1.65638040e+01
-2.02568000 1.60784350e+01
-1.99568000 1.86560740e+01
-1.96568000 2.39294090e+01
-1.93568000 3.09692040e+01
-1.90568000 3.60007900e+01
-1.87568000 3.41247100e+01
-1.84568000 2.81740300e+01
-1.81568000 2.37005900e+01
-1.78568000 2.17847100e+01
-1.75568000 1.94882100e+01
-1.72568000 1.54305100e+01
-1.69568000 1.19821200e+01
-1.66568000 9.95218000e+00
-1.63568000 8.89213000e+00
-1.60568000 8.53195200e+00
-1.57568000 9.12282600e+00
-1.54568000 1.01345100e+01
-1.51568000 1.20041300e+01
-1.48568000 1.49151800e+01
-1.45568000 1.44336700e+01
-1.42568000 1.16638100e+01
-1.39568000 1.05982450e+01
-1.36568000 1.13027450e+01
-1.33568000 1.44462520e+01
-1.30568000 2.06651450e+01
-1.25171000 1.79848670e+01
-1.22171000 1.24342220e+01
-1.19171000 9.06483600e+00
-1.16171000 7.29233500e+00
-1.13171000 6.70103600e+00
-1.10171000 6.44438000e+00
-1.07171000 5.99464000e+00
-1.04171000 5.95651500e+00
-1.01171000 6.48003300e+00
-0.98170600 6.66342400e+00
-0.95170600 6.08048800e+00
-0.92170600 5.47805500e+00
-0.89170600 4.90975000e+00
-0.86170600 4.75091800e+00
-0.83170600 4.65672000e+00
-0.80170600 4.27785000e+00
-0.77170600 3.89464900e+00
-0.74170600 3.87181900e+00
-0.71170600 4.12748300e+00
-0.68170600 4.54637300e+00
-0.65170600 4.90311800e+00
-0.62170600 4.91234000e+00
-0.59170600 5.41314600e+00
-0.56170600 6.89730000e+00
-0.53170600 9.17075000e+00
-0.50170600 9.96369000e+00
-0.47170600 8.96856000e+00
-0.44170600 7.90209000e+00
-0.41170600 6.72721000e+00
-0.38170600 6.13682000e+00
-0.35170600 6.19052000e+00
-0.32170600 6.41821000e+00
-0.29170600 6.52646000e+00
-0.26170600 6.80075000e+00
-0.23170600 7.07626000e+00
-0.20170600 6.29792000e+00
-0.17170600 5.52343000e+00
-0.14170600 5.63131000e+00
-0.11170600 6.75350000e+00
-0.08170570 8.87664000e+00
-0.05170570 1.18242000e+01
-0.02170570 1.23258300e+01
0.00829426 1.01294400e+01
0.03829430 9.47972000e+00
0.06829430 9.03653000e+00
0.09829430 7.91232000e+00
0.12829400 7.01859000e+00
0.15829400 6.31041000e+00
0.18829400 5.22339400e+00
0.21829400 4.30440900e+00
0.24829400 3.73115300e+00
0.27829400 3.35941000e+00
0.30829400 3.28920800e+00
0.33829400 3.42192500e+00
0.36829400 3.61584700e+00
0.39829400 3.55393700e+00
0.42829400 3.48439600e+00
0.45829400 3.80275500e+00
0.48829400 4.51449700e+00
0.51829400 5.90414500e+00
0.54829400 7.31338500e+00
0.57829400 6.42407000e+00
0.60829400 4.94599400e+00
0.63829400 4.24859800e+00
0.66829400 3.94650400e+00
0.69829400 3.97115000e+00
0.72829400 4.23069000e+00
0.75829400 4.08011000e+00
