# E(MeV)  S_GAMTGAMT(Total=K0+2*K1) for Tm220_DDPCX
-19.82750000 4.58850000e-03
-19.79750000 4.87619000e-03
-19.76750000 5.05046000e-03
-19.73750000 5.16805000e-03
-19.70750000 5.25487000e-03
-19.67750000 5.32351000e-03
-19.64750000 5.38067000e-03
-19.61750000 5.43010000e-03
-19.58750000 5.47411000e-03
-19.55750000 5.51416000e-03
-19.52750000 5.55123000e-03
-19.49750000 5.58601000e-03
-19.46750000 5.61896000e-03
-19.43750000 5.65045000e-03
-19.40750000 5.68075000e-03
-19.37750000 5.71007000e-03
-19.34750000 5.73856000e-03
-19.31750000 5.76633000e-03
-19.28750000 5.79352000e-03
-19.25750000 5.82020000e-03
-19.22750000 5.84643000e-03
-19.19750000 5.87227000e-03
-19.16750000 5.89777000e-03
-19.13750000 5.92298000e-03
-19.10750000 5.94794000e-03
-19.07750000 5.97265000e-03
-19.04750000 5.99718000e-03
-19.01750000 6.02153000e-03
-18.98750000 6.04574000e-03
-18.95750000 6.06980000e-03
-18.92750000 6.09375000e-03
-18.89750000 6.11758000e-03
-18.86750000 6.14134000e-03
-18.83750000 6.16502000e-03
-18.80750000 6.18860000e-03
-18.77750000 6.21210000e-03
-18.74750000 6.23545000e-03
-18.71750000 6.25861000e-03
-18.68750000 6.28185000e-03
-18.65750000 6.30561000e-03
-18.62750000 6.32935000e-03
-18.59750000 6.35286000e-03
-18.56750000 6.37621000e-03
-18.53750000 6.39932000e-03
-18.50750000 6.42207000e-03
-18.47750000 6.44416000e-03
-18.44750000 6.46496000e-03
-18.41750000 6.48382000e-03
-18.38750000 6.50350000e-03
-18.35750000 6.52465000e-03
-18.32750000 6.54032000e-03
-18.29750000 6.54467000e-03
-18.26750000 6.52616000e-03
-18.23750000 6.46490000e-03
-18.20750000 6.37755000e-03
-18.17750000 6.42598000e-03
-18.14750000 6.60597000e-03
-18.11750000 6.75383000e-03
-18.08750000 6.87726000e-03
-18.05750000 7.01569000e-03
-18.02750000 7.21658000e-03
-17.99750000 7.56769000e-03
-17.96750000 8.22069000e-03
-17.93750000 8.98264000e-03
-17.90750000 8.68607000e-03
-17.87750000 7.93913000e-03
-17.84750000 7.51646000e-03
-17.81750000 7.31730000e-03
-17.76350000 7.18185000e-03
-17.73350000 7.15564000e-03
-17.70350000 7.16842000e-03
-17.67350000 7.23374000e-03
-17.64350000 7.25218000e-03
-17.61350000 7.23811000e-03
-17.58350000 7.24041000e-03
-17.55350000 7.25764000e-03
-17.52350000 7.28672000e-03
-17.49350000 7.33077000e-03
-17.46350000 7.39308000e-03
-17.43350000 7.43900000e-03
-17.40350000 7.44521000e-03
-17.37350000 7.45562000e-03
-17.34350000 7.49310000e-03
-17.31350000 7.56850000e-03
-17.28350000 7.70786000e-03
-17.25350000 7.90840000e-03
-17.22350000 7.93411000e-03
-17.19350000 7.78356000e-03
-17.16350000 7.69250000e-03
-17.13350000 7.66240000e-03
-17.10350000 7.66316000e-03
-17.07350000 7.68141000e-03
-17.04350000 7.71416000e-03
-17.01350000 7.76665000e-03
-16.98350000 7.85238000e-03
-16.95350000 7.95155000e-03
-16.92350000 7.94543000e-03
-16.89350000 7.89358000e-03
-16.86350000 7.87526000e-03
-16.83350000 7.88036000e-03
-16.80350000 7.89667000e-03
-16.77350000 7.91859000e-03
-16.74350000 7.94364000e-03
-16.71350000 7.97062000e-03
-16.68350000 7.99893000e-03
-16.65350000 8.02824000e-03
-16.62350000 8.05837000e-03
-16.59350000 8.08922000e-03
-16.56350000 8.12074000e-03
-16.53350000 8.15288000e-03
-16.50350000 8.18566000e-03
-16.47350000 8.21909000e-03
-16.44350000 8.25320000e-03
-16.41350000 8.28806000e-03
-16.38350000 8.32371000e-03
-16.35350000 8.36023000e-03
-16.32350000 8.39774000e-03
-16.29350000 8.43633000e-03
-16.26350000 8.47620000e-03
-16.23350000 8.51751000e-03
-16.20350000 8.56056000e-03
-16.17350000 8.60563000e-03
-16.14350000 8.65318000e-03
-16.11350000 8.70378000e-03
-16.08350000 8.75821000e-03
-16.05350000 8.81757000e-03
-16.02350000 8.88344000e-03
-15.99350000 8.95813000e-03
-15.96350000 9.04532000e-03
-15.93350000 9.15087000e-03
-15.90350000 9.28508000e-03
-15.87350000 9.46707000e-03
-15.84350000 9.73564000e-03
-15.81350000 1.01745700e-02
-15.78350000 1.09422000e-02
-15.75350000 1.20243600e-02
-15.69950000 1.26931300e-02
-15.66950000 1.35023600e-02
-15.63950000 1.50740500e-02
-15.60950000 1.53823400e-02
-15.57950000 1.53179600e-02
-15.54950000 1.50961800e-02
-15.51950000 1.56736300e-02
-15.48950000 1.72815100e-02
-15.45950000 1.62819400e-02
-15.42950000 1.39557900e-02
-15.39950000 1.24855600e-02
-15.36950000 1.19441800e-02
-15.33950000 1.20622200e-02
-15.30950000 1.20157600e-02
-15.27950000 1.13534800e-02
-15.24950000 1.08684700e-02
-15.21950000 1.06209100e-02
-15.18950000 1.05147500e-02
-15.15950000 1.05048000e-02
-15.12950000 1.05290300e-02
-15.09950000 1.05471900e-02
-15.06950000 1.06134400e-02
-15.03950000 1.07625700e-02
-15.00950000 1.10442500e-02
-14.97950000 1.14670700e-02
-14.94950000 1.16049400e-02
-14.91950000 1.13979100e-02
-14.88950000 1.13240200e-02
-14.85950000 1.14145600e-02
-14.82950000 1.16351900e-02
-14.79950000 1.20062000e-02
-14.76950000 1.26101200e-02
-14.73950000 1.35761700e-02
-14.70950000 1.51526000e-02
-14.67950000 1.75410100e-02
-14.64950000 2.00734600e-02
-14.61950000 2.08463200e-02
-14.58950000 1.91751800e-02
-14.55950000 1.87837800e-02
-14.52950000 2.01190700e-02
-14.49950000 2.03390300e-02
-14.46950000 2.00938600e-02
-14.43950000 2.21847500e-02
-14.40950000 2.71317400e-02
-14.37950000 3.18605600e-02
-14.34950000 3.47721000e-02
-14.31950000 3.75068400e-02
-14.28950000 4.38819000e-02
-14.25950000 4.83906000e-02
-14.22950000 4.59998000e-02
-14.19950000 3.71725000e-02
-14.16950000 2.74463300e-02
-14.13950000 2.13206800e-02
-14.10950000 1.81373700e-02
-14.07950000 1.64530900e-02
-14.04950000 1.55553400e-02
-14.01950000 1.51488000e-02
-13.98950000 1.51638000e-02
-13.95950000 1.56688500e-02
-13.92950000 1.63658600e-02
-13.89950000 1.62485600e-02
-13.86950000 1.60111800e-02
-13.83950000 1.63794500e-02
-13.80950000 1.74922000e-02
-13.77950000 1.88914000e-02
-13.74950000 2.05516600e-02
-13.71950000 2.37311000e-02
-13.68950000 2.71860000e-02
-13.63560000 3.34454600e-02
-13.60560000 3.37607000e-02
-13.57560000 3.25051600e-02
-13.54560000 3.38439200e-02
-13.51560000 3.41876000e-02
-13.48560000 3.39925100e-02
-13.45560000 2.88615100e-02
-13.42560000 2.42497200e-02
-13.39560000 2.28036800e-02
-13.36560000 2.31297200e-02
-13.33560000 2.40502200e-02
-13.30560000 2.31449900e-02
-13.27560000 2.17315500e-02
-13.24560000 2.20137100e-02
-13.21560000 2.44300000e-02
-13.18560000 3.02205000e-02
-13.15560000 4.00726000e-02
-13.12560000 4.70170000e-02
-13.09560000 4.17564000e-02
-13.06560000 3.57584100e-02
-13.03560000 3.50609500e-02
-13.00560000 3.44625300e-02
-12.97560000 3.14006300e-02
-12.94560000 2.98237400e-02
-12.91560000 2.80373000e-02
-12.88560000 2.42679800e-02
-12.85560000 2.17889700e-02
-12.82560000 2.10856500e-02
-12.79560000 2.13257400e-02
-12.76560000 2.25444600e-02
-12.73560000 2.49329800e-02
-12.70560000 2.55686200e-02
-12.67560000 2.37877600e-02
-12.64560000 2.21017400e-02
-12.61560000 2.15228600e-02
-12.58560000 2.09120900e-02
-12.55560000 2.05095100e-02
-12.52560000 2.13208300e-02
-12.49560000 2.28450100e-02
-12.46560000 2.44659700e-02
-12.43560000 2.47624600e-02
-12.40560000 2.28726000e-02
-12.37560000 2.17592300e-02
-12.34560000 2.19439900e-02
-12.31560000 2.31345200e-02
-12.28560000 2.50638800e-02
-12.25560000 2.71766000e-02
-12.22560000 2.85762600e-02
-12.19560000 2.84588400e-02
-12.16560000 2.92146400e-02
-12.13560000 3.27826000e-02
-12.10560000 3.51990000e-02
-12.07560000 3.54520000e-02
-12.04560000 3.64314000e-02
-12.01560000 3.97875000e-02
-11.98560000 4.80905000e-02
-11.95560000 6.09538000e-02
-11.92560000 6.63794000e-02
-11.89560000 5.53944000e-02
-11.86560000 4.56908000e-02
-11.83560000 4.39430000e-02
-11.80560000 4.28232000e-02
-11.77560000 3.86796000e-02
-11.74560000 3.79758000e-02
-11.71560000 4.18246000e-02
-11.68560000 4.53608000e-02
-11.65560000 4.85014000e-02
-11.62560000 5.40776000e-02
-11.57160000 7.07900000e-02
-11.54160000 6.55548000e-02
-11.51160000 5.25857000e-02
-11.48160000 4.57920400e-02
-11.45160000 4.22108400e-02
-11.42160000 3.89193400e-02
-11.39160000 3.79178800e-02
-11.36160000 3.69080200e-02
-11.33160000 3.51414000e-02
-11.30160000 3.52602000e-02
-11.27160000 3.63157000e-02
-11.24160000 3.79525000e-02
-11.21160000 3.93660000e-02
-11.18160000 4.12469000e-02
-11.15160000 4.18208000e-02
-11.12160000 3.97505000e-02
-11.09160000 3.96404000e-02
-11.06160000 4.20086000e-02
-11.03160000 4.46773000e-02
-11.00160000 4.95997000e-02
-10.97160000 6.06607000e-02
-10.94160000 8.02529000e-02
-10.91160000 8.83642000e-02
-10.88160000 7.49931000e-02
-10.85160000 6.65538000e-02
-10.82160000 6.76733000e-02
-10.79160000 7.50009000e-02
-10.76160000 8.88808000e-02
-10.73160000 1.11285000e-01
-10.70160000 1.37962400e-01
-10.67160000 1.43028900e-01
-10.64160000 1.43993300e-01
-10.61160000 1.74682800e-01
-10.58160000 2.06513800e-01
-10.55160000 1.71977100e-01
-10.52160000 1.21130700e-01
-10.49160000 9.41710000e-02
-10.46160000 8.58129000e-02
-10.43160000 8.92537000e-02
-10.40160000 9.76106000e-02
-10.37160000 1.10484100e-01
-10.34160000 1.42505600e-01
-10.31160000 1.95855000e-01
-10.28160000 2.14064400e-01
-10.25160000 1.89401500e-01
-10.22160000 1.83496400e-01
-10.19160000 2.08950200e-01
-10.16160000 2.19624200e-01
-10.13160000 2.29194800e-01
-10.10160000 2.77719400e-01
-10.07160000 3.04754800e-01
-10.04160000 3.13674100e-01
-10.01160000 3.05598700e-01
-9.98158000 2.20296900e-01
-9.95158000 1.50800700e-01
-9.92158000 1.14911700e-01
-9.89158000 9.99191000e-02
-9.86158000 9.53361000e-02
-9.83158000 9.68903000e-02
-9.80158000 9.46983000e-02
-9.77158000 8.43119000e-02
-9.74158000 7.72591000e-02
-9.71158000 7.65347000e-02
-9.68158000 7.69419000e-02
-9.65158000 7.74285000e-02
-9.62158000 8.19726000e-02
-9.59158000 8.93962000e-02
-9.56158000 1.00419700e-01
-9.50761000 1.58412500e-01
-9.47761000 2.30322200e-01
-9.44761000 3.03520000e-01
-9.41761000 2.79802800e-01
-9.38761000 1.93200200e-01
-9.35761000 1.41196400e-01
-9.32761000 1.18781400e-01
-9.29761000 1.11669300e-01
-9.26761000 1.15941300e-01
-9.23761000 1.31286500e-01
-9.20761000 1.59269200e-01
-9.17761000 1.67250900e-01
-9.14761000 1.46395600e-01
-9.11761000 1.39559800e-01
-9.08761000 1.54414800e-01
-9.05761000 1.79829200e-01
-9.02761000 1.94747800e-01
-8.99761000 2.19045800e-01
-8.96761000 2.78431600e-01
-8.93761000 3.34787200e-01
-8.90761000 3.31184400e-01
-8.87761000 3.48027000e-01
-8.84761000 4.37406800e-01
-8.81761000 6.50515400e-01
-8.78761000 1.01590080e+00
-8.75761000 1.16342420e+00
-8.72761000 9.77408200e-01
-8.69761000 9.99148800e-01
-8.66761000 1.25840340e+00
-8.63761000 1.27107600e+00
-8.60761000 1.03734300e+00
-8.57761000 8.66588000e-01
-8.54761000 8.26222000e-01
-8.51761000 7.40685000e-01
-8.48761000 5.68142000e-01
-8.45761000 3.94265400e-01
-8.42761000 2.86679200e-01
-8.39761000 2.35815000e-01
-8.36761000 2.16556200e-01
-8.33761000 2.01710200e-01
-8.30761000 1.82817400e-01
-8.27761000 1.69163000e-01
-8.24761000 1.64007600e-01
-8.21761000 1.61509300e-01
-8.18761000 1.67090700e-01
-8.15761000 1.83521600e-01
-8.12761000 2.07680800e-01
-8.09761000 2.54425100e-01
-8.06761000 3.48071600e-01
-8.03761000 4.61049600e-01
-8.00761000 4.62068700e-01
-7.97761000 3.65836500e-01
-7.94761000 3.03653200e-01
-7.91761000 2.81658000e-01
-7.88761000 2.89798600e-01
-7.85761000 3.25662200e-01
-7.82761000 3.95653200e-01
-7.79761000 5.21885600e-01
-7.76761000 7.37178000e-01
-7.73761000 1.13289660e+00
-7.70761000 1.85515960e+00
-7.67761000 2.39843320e+00
-7.64761000 1.81279620e+00
-7.61761000 1.15787580e+00
-7.58761000 8.38187000e-01
-7.55761000 6.65676800e-01
-7.52761000 6.04255600e-01
-7.49761000 6.35550400e-01
-7.44363000 4.99621000e-01
-7.41363000 3.78339200e-01
-7.38363000 3.04675800e-01
-7.35363000 2.67737800e-01
-7.32363000 2.50952600e-01
-7.29363000 2.44632000e-01
-7.26363000 2.49886500e-01
-7.23363000 2.73918700e-01
-7.20363000 3.18068000e-01
-7.17363000 3.74015000e-01
-7.14363000 4.39884000e-01
-7.11363000 4.81044300e-01
-7.08363000 4.52994800e-01
-7.05363000 4.49008200e-01
-7.02363000 4.64898000e-01
-6.99363000 4.86042000e-01
-6.96363000 5.50458000e-01
-6.93363000 6.88019000e-01
-6.90363000 9.35721000e-01
-6.87363000 1.30232500e+00
-6.84363000 1.67011000e+00
-6.81363000 1.94314400e+00
-6.78363000 2.34213200e+00
-6.75363000 2.99289200e+00
-6.72363000 3.14007300e+00
-6.69363000 2.48231800e+00
-6.66363000 1.96398100e+00
-6.63363000 1.97157700e+00
-6.60363000 2.54256800e+00
-6.57363000 3.49494600e+00
-6.54363000 3.47410800e+00
-6.51363000 2.88608600e+00
-6.48363000 3.01239800e+00
-6.45363000 3.60152900e+00
-6.42363000 3.95795100e+00
-6.39363000 4.58598700e+00
-6.36363000 4.17560500e+00
-6.33363000 3.08113600e+00
-6.30363000 2.69666500e+00
-6.27363000 3.17021100e+00
-6.24363000 4.57661000e+00
-6.21363000 5.67380400e+00
-6.18363000 4.37553600e+00
-6.15363000 2.82184500e+00
-6.12363000 2.06236900e+00
-6.09363000 1.88704800e+00
-6.06363000 2.05604400e+00
-6.03363000 1.95112400e+00
-6.00363000 1.52957300e+00
-5.97363000 1.27997600e+00
-5.94363000 1.25437900e+00
-5.91363000 1.43788200e+00
-5.88363000 1.89981000e+00
-5.85363000 2.51782800e+00
-5.82363000 2.67137300e+00
-5.79363000 2.77611400e+00
-5.76363000 3.00291000e+00
-5.73363000 3.76999000e+00
-5.70363000 5.37799000e+00
-5.67363000 6.14586000e+00
-5.64363000 5.63946000e+00
-5.61363000 6.28448000e+00
-5.58363000 6.65800700e+00
-5.55363000 4.78208500e+00
-5.52363000 3.13999900e+00
-5.49363000 2.34091700e+00
-5.46363000 2.04449500e+00
-5.43363000 2.07199600e+00
-5.37966000 2.93622400e+00
-5.34966000 4.17182300e+00
-5.31966000 6.55763800e+00
-5.28966000 9.95057100e+00
-5.25966000 1.18958720e+01
-5.22966000 1.40480590e+01
-5.19966000 1.45664562e+01
-5.16966000 9.70221040e+00
-5.13966000 5.82038160e+00
-5.10966000 3.85150220e+00
-5.07966000 2.62490610e+00
-5.04966000 1.83654460e+00
-5.01966000 1.36620900e+00
-4.98966000 1.07334850e+00
-4.95966000 8.78962400e-01
-4.92966000 7.45431700e-01
-4.89966000 6.45373000e-01
-4.86966000 5.73943700e-01
-4.83966000 5.15469200e-01
-4.80966000 4.52849700e-01
-4.77966000 4.00860800e-01
-4.74966000 3.63132700e-01
-4.71966000 3.35103800e-01
-4.68966000 3.15730300e-01
-4.65966000 3.05496700e-01
-4.62966000 3.06958000e-01
-4.59966000 3.15524800e-01
-4.56966000 3.18293700e-01
-4.53966000 3.28585500e-01
-4.50966000 3.65473700e-01
-4.47966000 4.24779000e-01
-4.44966000 4.43646000e-01
-4.41966000 4.09495000e-01
-4.38966000 4.13727000e-01
-4.35966000 4.77470000e-01
-4.32966000 5.66767000e-01
-4.29966000 6.99547000e-01
-4.26966000 8.35774000e-01
-4.23966000 7.86112000e-01
-4.20966000 7.43331000e-01
-4.17966000 8.03997000e-01
-4.14966000 7.75080000e-01
-4.11966000 7.19349000e-01
-4.08966000 7.83178000e-01
-4.05966000 7.53390000e-01
-4.02966000 6.20926000e-01
-3.99966000 5.90977000e-01
-3.96966000 6.28776000e-01
-3.93966000 6.69884000e-01
-3.90966000 7.36819000e-01
-3.87966000 7.74189000e-01
-3.84966000 7.19970000e-01
-3.81966000 6.79019000e-01
-3.78966000 6.84125000e-01
-3.75966000 6.96204000e-01
-3.72966000 7.29948000e-01
-3.69966000 7.75946000e-01
-3.66966000 8.70566000e-01
-3.63966000 9.39029000e-01
-3.60966000 1.12564300e+00
-3.57966000 1.51349100e+00
-3.54966000 1.94360100e+00
-3.51966000 1.92414000e+00
-3.48966000 1.36172700e+00
-3.45966000 9.31009000e-01
-3.42966000 7.33724000e-01
-3.39966000 6.99763000e-01
-3.36966000 7.27290000e-01
-3.31568000 6.25771000e-01
-3.28568000 6.11634000e-01
-3.25568000 6.96540000e-01
-3.22568000 7.62764000e-01
-3.19568000 7.14218000e-01
-3.16568000 6.61657000e-01
-3.13568000 7.09088000e-01
-3.10568000 8.65611000e-01
-3.07568000 1.12393100e+00
-3.04568000 1.28116100e+00
-3.01568000 1.23178800e+00
-2.98568000 1.11017700e+00
-2.95568000 9.47613000e-01
-2.92568000 8.47513000e-01
-2.89568000 8.34764000e-01
-2.86568000 9.49920000e-01
-2.83568000 1.12940300e+00
-2.80568000 1.08296400e+00
-2.77568000 8.45110000e-01
-2.74568000 6.95897000e-01
-2.71568000 6.74378000e-01
-2.68568000 7.31014000e-01
-2.65568000 8.13397000e-01
-2.62568000 8.89119000e-01
-2.59568000 9.93850000e-01
-2.56568000 1.19309700e+00
-2.53568000 1.27881300e+00
-2.50568000 1.14080900e+00
-2.47568000 1.06960200e+00
-2.44568000 1.03308900e+00
-2.41568000 9.18346000e-01
-2.38568000 8.06758000e-01
-2.35568000 7.88966000e-01
-2.32568000 8.70846000e-01
-2.29568000 1.01099200e+00
-2.26568000 1.29677500e+00
-2.23568000 1.66579200e+00
-2.20568000 1.79854300e+00
-2.17568000 1.56157400e+00
-2.14568000 1.36559200e+00
-2.11568000 1.32709600e+00
-2.08568000 1.51321600e+00
-2.05568000 1.94214900e+00
-2.02568000 2.37751700e+00
-1.99568000 2.39642200e+00
-1.96568000 2.24609000e+00
-1.93568000 2.40553800e+00
-1.90568000 2.51527800e+00
-1.87568000 2.26566000e+00
-1.84568000 1.97363800e+00
-1.81568000 1.67888900e+00
-1.78568000 1.46793500e+00
-1.75568000 1.50300300e+00
-1.72568000 1.65275100e+00
-1.69568000 1.57891200e+00
-1.66568000 1.37433700e+00
-1.63568000 1.16969100e+00
-1.60568000 1.06185200e+00
-1.57568000 1.09039100e+00
-1.54568000 1.25176400e+00
-1.51568000 1.53731700e+00
-1.48568000 1.98453500e+00
-1.45568000 2.54094300e+00
-1.42568000 2.79490300e+00
-1.39568000 2.53741700e+00
-1.36568000 2.25378800e+00
-1.33568000 2.31435600e+00
-1.30568000 2.68332700e+00
-1.25171000 3.51575000e+00
-1.22171000 4.56063000e+00
-1.19171000 5.06825000e+00
-1.16171000 4.25379000e+00
-1.13171000 3.31559000e+00
-1.10171000 2.86001500e+00
-1.07171000 2.84875900e+00
-1.04171000 3.09880900e+00
-1.01171000 3.55814000e+00
-0.98170600 4.13538000e+00
-0.95170600 4.09634000e+00
-0.92170600 3.48963400e+00
-0.89170600 2.94296300e+00
-0.86170600 2.63715100e+00
-0.83170600 2.73382900e+00
-0.80170600 3.34517700e+00
-0.77170600 4.52660400e+00
-0.74170600 6.10978900e+00
-0.71170600 6.37057100e+00
-0.68170600 5.13451000e+00
-0.65170600 4.45260800e+00
-0.62170600 4.74570600e+00
-0.59170600 5.80161200e+00
-0.56170600 6.66597400e+00
-0.53170600 6.37727900e+00
-0.50170600 5.47183100e+00
-0.47170600 4.23718800e+00
-0.44170600 3.45228900e+00
-0.41170600 3.18836300e+00
-0.38170600 3.26963700e+00
-0.35170600 3.95096500e+00
-0.32170600 5.54505300e+00
-0.29170600 7.76014000e+00
-0.26170600 7.78249800e+00
-0.23170600 6.36692300e+00
-0.20170600 6.00440100e+00
-0.17170600 6.00324600e+00
-0.14170600 5.61684700e+00
-0.11170600 4.58707300e+00
-0.08170570 3.64640900e+00
-0.05170570 3.20289600e+00
-0.02170570 3.16934900e+00
0.00829426 3.16122300e+00
0.03829430 3.37695100e+00
0.06829430 3.72566600e+00
0.09829430 3.14600300e+00
0.12829400 2.50933000e+00
0.15829400 2.25654300e+00
0.18829400 2.07902600e+00
0.21829400 1.87254900e+00
0.24829400 1.70157600e+00
0.27829400 1.68420700e+00
0.30829400 1.65813800e+00
0.33829400 1.65984600e+00
0.36829400 1.82759600e+00
0.39829400 2.13333600e+00
0.42829400 2.51930500e+00
0.45829400 3.14061100e+00
0.48829400 3.62351300e+00
0.51829400 3.41256600e+00
0.54829400 2.89578800e+00
0.57829400 2.64447800e+00
0.60829400 2.62866400e+00
0.63829400 2.56237600e+00
0.66829400 2.42587700e+00
0.69829400 2.27797600e+00
0.72829400 2.12116100e+00
0.75829400 2.00880600e+00
