# E(MeV)  S_NSDRNSDR(K=1) for Xe139_DDPCX
-4.94616000 3.91744000e+00
-4.91616000 2.60852000e+00
-4.88616000 1.64776000e+00
-4.85616000 1.24911000e+00
-4.82616000 1.19210000e+00
-4.79616000 1.42720000e+00
-4.76616000 2.09197000e+00
-4.73616000 3.50590000e+00
-4.70616000 5.13394000e+00
-4.67616000 4.26854000e+00
-4.64616000 2.46917000e+00
-4.61616000 1.43576000e+00
-4.58616000 9.14239000e-01
-4.55616000 6.32835000e-01
-4.52616000 4.67720000e-01
-4.49616000 3.63764000e-01
-4.46616000 2.94599000e-01
-4.43616000 2.46593000e-01
-4.40616000 2.12189000e-01
-4.37031000 1.82848000e-01
-4.34031000 1.65063000e-01
-4.31031000 1.51692000e-01
-4.28031000 1.41661000e-01
-4.25031000 1.34246000e-01
-4.22031000 1.28954000e-01
-4.19031000 1.25461000e-01
-4.16031000 1.23576000e-01
-4.13031000 1.23247000e-01
-4.10031000 1.24600000e-01
-4.07031000 1.28082000e-01
-4.04031000 1.34843000e-01
-4.01031000 1.47458000e-01
-3.98031000 1.67925000e-01
-3.95031000 1.79100000e-01
-3.92031000 1.69517000e-01
-3.89031000 1.64114000e-01
-3.86031000 1.66683000e-01
-3.83031000 1.74373000e-01
-3.79447000 1.88539000e-01
-3.76447000 2.04436000e-01
-3.73447000 2.24595000e-01
-3.70447000 2.50120000e-01
-3.67447000 2.82800000e-01
-3.64447000 3.25458000e-01
-3.61447000 3.82667000e-01
-3.58447000 4.62149000e-01
-3.55447000 5.77685000e-01
-3.52447000 7.55618000e-01
-3.49447000 1.05037000e+00
-3.46447000 1.58310000e+00
-3.43447000 2.62341000e+00
-3.40447000 4.49796000e+00
-3.37447000 5.76883000e+00
-3.34447000 4.29134000e+00
-3.31447000 2.70608000e+00
-3.28447000 1.94472000e+00
-3.25447000 1.74597000e+00
-3.21863000 2.10215000e+00
-3.18863000 2.94378000e+00
-3.15863000 3.41099000e+00
-3.12863000 2.74675000e+00
-3.09863000 2.38187000e+00
-3.06863000 2.74003000e+00
-3.03863000 3.45671000e+00
-3.00863000 3.13655000e+00
-2.97863000 2.31838000e+00
-2.94863000 1.94267000e+00
-2.91863000 1.93430000e+00
-2.88863000 2.20299000e+00
-2.85863000 2.78609000e+00
-2.82863000 3.86914000e+00
-2.79863000 5.91569000e+00
-2.76863000 1.00033000e+01
-2.73863000 1.78338000e+01
-2.70863000 2.52440000e+01
-2.67863000 1.94840000e+01
-2.64279000 9.81017000e+00
-2.61279000 5.75024000e+00
-2.58279000 3.68591000e+00
-2.55279000 2.55071000e+00
-2.52279000 1.87517000e+00
-2.49279000 1.44705000e+00
-2.46279000 1.16310000e+00
-2.43279000 9.69765000e-01
-2.40279000 8.38395000e-01
-2.37279000 7.54873000e-01
-2.34279000 7.16601000e-01
-2.31279000 7.35876000e-01
-2.28279000 8.46792000e-01
-2.25279000 1.03730000e+00
-2.22279000 1.01192000e+00
-2.19279000 8.11408000e-01
-2.16279000 7.11661000e-01
-2.13279000 7.18412000e-01
-2.10279000 8.22160000e-01
-2.06694000 1.13531000e+00
-2.03694000 1.71728000e+00
-2.00694000 2.87007000e+00
-1.97694000 4.17594000e+00
-1.94694000 3.57546000e+00
-1.91694000 2.31395000e+00
-1.88694000 1.74803000e+00
-1.85694000 1.76436000e+00
-1.82694000 1.88270000e+00
-1.79694000 1.58802000e+00
-1.76694000 1.10824000e+00
-1.73694000 7.63745000e-01
-1.70694000 5.41256000e-01
-1.67694000 4.10054000e-01
-1.64694000 3.32464000e-01
-1.61694000 2.84408000e-01
-1.58694000 2.54653000e-01
-1.55694000 2.38795000e-01
-1.52694000 2.37182000e-01
-1.49110000 2.63587000e-01
-1.46110000 3.30464000e-01
-1.43110000 4.39397000e-01
-1.40110000 4.35056000e-01
-1.37110000 3.12118000e-01
-1.34110000 2.28815000e-01
-1.31110000 1.86956000e-01
-1.28110000 1.66260000e-01
-1.25110000 1.57280000e-01
-1.22110000 1.56919000e-01
-1.19110000 1.65679000e-01
-1.16110000 1.86070000e-01
-1.13110000 2.24970000e-01
-1.10110000 3.07669000e-01
-1.07110000 4.66386000e-01
-1.04110000 5.86873000e-01
-1.01110000 4.55076000e-01
-0.98110000 3.08272000e-01
-0.95110000 2.33364000e-01
-0.91525800 1.88107000e-01
-0.88525800 1.61921000e-01
-0.85525800 1.47680000e-01
-0.82525800 1.43973000e-01
-0.79525800 1.49591000e-01
-0.76525800 1.67441000e-01
-0.73525800 2.06128000e-01
-0.70525800 2.66601000e-01
-0.67525800 2.80683000e-01
-0.64525800 2.41338000e-01
-0.61525800 2.27000000e-01
-0.58525800 2.46375000e-01
-0.55525800 3.03350000e-01
-0.52525800 4.21924000e-01
-0.49525800 6.28289000e-01
-0.46525800 8.12983000e-01
-0.43525800 8.82879000e-01
-0.40525800 7.98072000e-01
-0.37525800 7.66556000e-01
-0.33941500 1.05937000e+00
-0.30941500 1.52331000e+00
-0.27941500 1.44552000e+00
-0.24941500 9.53451000e-01
-0.21941500 6.73021000e-01
-0.18941500 5.97949000e-01
-0.15941500 6.77338000e-01
-0.12941500 8.15795000e-01
-0.09941500 7.91878000e-01
-0.06941500 8.13910000e-01
-0.03941500 1.09896000e+00
-0.00941504 1.65008000e+00
0.02058500 1.73367000e+00
0.05058500 1.14916000e+00
0.08058500 6.97996000e-01
0.11058500 4.61930000e-01
0.14058500 3.40117000e-01
0.17058500 2.77739000e-01
0.20058500 2.50666000e-01
0.23642700 2.53627000e-01
0.26642700 2.96127000e-01
0.29642700 3.67798000e-01
0.32642700 3.88174000e-01
0.35642700 3.26390000e-01
0.38642700 2.68187000e-01
0.41642700 2.52311000e-01
0.44642700 2.46934000e-01
0.47642700 2.65237000e-01
0.50642700 3.34878000e-01
0.53642700 4.82151000e-01
0.56642700 7.01095000e-01
0.59642700 6.81093000e-01
0.62642700 4.49060000e-01
0.65642700 3.02524000e-01
0.68642700 2.37723000e-01
0.71642700 2.09053000e-01
0.74642700 1.91340000e-01
0.77642700 1.78720000e-01
