# E(MeV)  S_GAMTGAMT(Total=K0+2*K1) for Xe139_DDPCX
-4.94616000 1.08597500e-02
-4.91616000 1.10045200e-02
-4.88616000 1.11548700e-02
-4.85616000 1.13111700e-02
-4.82616000 1.14738400e-02
-4.79616000 1.16434100e-02
-4.76616000 1.18203700e-02
-4.73616000 1.20053500e-02
-4.70616000 1.21989800e-02
-4.67616000 1.24020200e-02
-4.64616000 1.26153100e-02
-4.61616000 1.28398000e-02
-4.58616000 1.30765400e-02
-4.55616000 1.33267700e-02
-4.52616000 1.35918300e-02
-4.49616000 1.38733600e-02
-4.46616000 1.41731900e-02
-4.43616000 1.44934100e-02
-4.40616000 1.48365500e-02
-4.37031000 1.52806400e-02
-4.34031000 1.56849600e-02
-4.31031000 1.61235000e-02
-4.28031000 1.66013100e-02
-4.25031000 1.71244600e-02
-4.22031000 1.77004600e-02
-4.19031000 1.83384300e-02
-4.16031000 1.90497300e-02
-4.13031000 1.98486700e-02
-4.10031000 2.07533900e-02
-4.07031000 2.17872000e-02
-4.04031000 2.29807600e-02
-4.01031000 2.43745400e-02
-3.98031000 2.60231800e-02
-3.95031000 2.80024800e-02
-3.92031000 3.04189800e-02
-3.89031000 3.34273400e-02
-3.86031000 3.72581200e-02
-3.83031000 4.22684000e-02
-3.79447000 5.06282000e-02
-3.76447000 6.08235000e-02
-3.73447000 7.59873000e-02
-3.70447000 9.99804000e-02
-3.67447000 1.40961700e-01
-3.64447000 2.17178400e-01
-3.61447000 3.64390600e-01
-3.58447000 5.75827000e-01
-3.55447000 6.44155000e-01
-3.52447000 6.17219000e-01
-3.49447000 4.73815000e-01
-3.46447000 2.87494600e-01
-3.43447000 1.80374500e-01
-3.40447000 1.25344000e-01
-3.37447000 9.53572000e-02
-3.34447000 7.78870000e-02
-3.31447000 6.72483000e-02
-3.28447000 6.06872000e-02
-3.25447000 5.67890000e-02
-3.21863000 5.46196000e-02
-3.18863000 5.45127000e-02
-3.15863000 5.59385000e-02
-3.12863000 5.92038000e-02
-3.09863000 6.51341000e-02
-3.06863000 7.56385000e-02
-3.03863000 9.51447000e-02
-3.00863000 1.33078500e-01
-2.97863000 1.93274800e-01
-2.94863000 2.07573200e-01
-2.91863000 1.55622000e-01
-2.88863000 1.19688100e-01
-2.85863000 1.05679100e-01
-2.82863000 1.03613400e-01
-2.79863000 1.08831100e-01
-2.76863000 1.20055700e-01
-2.73863000 1.37926800e-01
-2.70863000 1.64818400e-01
-2.67863000 2.05672400e-01
-2.64279000 2.87244000e-01
-2.61279000 4.09633200e-01
-2.58279000 6.38186800e-01
-2.55279000 1.08751560e+00
-2.52279000 1.78441840e+00
-2.49279000 1.89023700e+00
-2.46279000 1.28671800e+00
-2.43279000 9.30411000e-01
-2.40279000 9.12225000e-01
-2.37279000 1.21164100e+00
-2.34279000 1.62152600e+00
-2.31279000 1.34455600e+00
-2.28279000 8.11884000e-01
-2.25279000 5.05483300e-01
-2.22279000 3.50489000e-01
-2.19279000 2.67761700e-01
-2.16279000 2.21165500e-01
-2.13279000 1.94661200e-01
-2.10279000 1.80778800e-01
-2.06694000 1.76004300e-01
-2.03694000 1.80516900e-01
-2.00694000 1.93268200e-01
-1.97694000 2.16519400e-01
-1.94694000 2.55375600e-01
-1.91694000 3.20710200e-01
-1.88694000 4.36591000e-01
-1.85694000 6.57255600e-01
-1.82694000 1.06905080e+00
-1.79694000 1.47836120e+00
-1.76694000 1.26059800e+00
-1.73694000 9.30918000e-01
-1.70694000 8.44571000e-01
-1.67694000 9.77450000e-01
-1.64694000 1.38208300e+00
-1.61694000 2.26512700e+00
-1.58694000 3.66306000e+00
-1.55694000 3.98588000e+00
-1.52694000 2.84281400e+00
-1.49110000 2.11032600e+00
-1.46110000 1.95226000e+00
-1.43110000 1.39507600e+00
-1.40110000 8.81914000e-01
-1.37110000 6.02704000e-01
-1.34110000 4.49309000e-01
-1.31110000 3.58335600e-01
-1.28110000 3.07248000e-01
-1.25110000 2.83556100e-01
-1.22110000 2.83041600e-01
-1.19110000 3.09253900e-01
-1.16110000 3.76790200e-01
-1.13110000 5.22194900e-01
-1.10110000 8.15407900e-01
-1.07110000 1.22765020e+00
-1.04110000 1.33238470e+00
-1.01110000 1.24232180e+00
-0.98110000 9.91089000e-01
-0.95110000 7.26722100e-01
-0.91525800 4.53416400e-01
-0.88525800 3.12822200e-01
-0.85525800 2.42334700e-01
-0.82525800 2.15058100e-01
-0.79525800 2.25349700e-01
-0.76525800 2.73182000e-01
-0.73525800 2.83483000e-01
-0.70525800 2.10860100e-01
-0.67525800 1.55470400e-01
-0.64525800 1.32274700e-01
-0.61525800 1.31602000e-01
-0.58525800 1.36718300e-01
-0.55525800 1.26639000e-01
-0.52525800 1.24340500e-01
-0.49525800 1.17644800e-01
-0.46525800 9.25591000e-02
-0.43525800 7.41215000e-02
-0.40525800 6.44826000e-02
-0.37525800 5.85616000e-02
-0.33941500 5.23658000e-02
-0.30941500 4.87299000e-02
-0.27941500 4.62509000e-02
-0.24941500 4.45161000e-02
-0.21941500 4.33326000e-02
-0.18941500 4.26655000e-02
-0.15941500 4.26464000e-02
-0.12941500 4.36523000e-02
-0.09941500 4.57962000e-02
-0.06941500 4.62662000e-02
-0.03941500 4.48872000e-02
-0.00941504 4.53272000e-02
0.02058500 4.70577000e-02
0.05058500 4.70424000e-02
0.08058500 4.77490000e-02
0.11058500 5.10069000e-02
0.14058500 5.52794000e-02
0.17058500 6.34299000e-02
0.20058500 7.94924000e-02
0.23642700 1.05577600e-01
0.26642700 1.05169800e-01
0.29642700 8.17535000e-02
0.32642700 6.86773000e-02
0.35642700 6.82215000e-02
0.38642700 7.82197000e-02
0.41642700 8.97195000e-02
0.44642700 8.28866000e-02
0.47642700 6.77982000e-02
0.50642700 5.91721000e-02
0.53642700 5.64026000e-02
0.56642700 5.85952000e-02
0.59642700 6.07819000e-02
0.62642700 5.94480000e-02
0.65642700 6.07681000e-02
0.68642700 6.68766000e-02
0.71642700 7.98439000e-02
0.74642700 1.05212800e-01
0.77642700 1.37041600e-01
