# E(MeV)  S_NSDRNSDR(Total=K0+2*K1) for Xe139_DDPCX
-4.94616000 8.10640800e+00
-4.91616000 5.57910200e+00
-4.88616000 3.79742000e+00
-4.85616000 3.23069700e+00
-4.82616000 3.52831000e+00
-4.79616000 4.79730000e+00
-4.76616000 7.69690000e+00
-4.73616000 1.24871000e+01
-4.70616000 1.50728000e+01
-4.67616000 1.13076000e+01
-4.64616000 6.49893000e+00
-4.61616000 3.82702500e+00
-4.58616000 2.46310000e+00
-4.55616000 1.71543100e+00
-4.52616000 1.27087000e+00
-4.49616000 9.88195000e-01
-4.46616000 7.98859000e-01
-4.43616000 6.66962000e-01
-4.40616000 5.72404000e-01
-4.37031000 4.92146000e-01
-4.34031000 4.44146000e-01
-4.31031000 4.08999000e-01
-4.28031000 3.84022000e-01
-4.25031000 3.67631700e-01
-4.22031000 3.59129000e-01
-4.19031000 3.58729000e-01
-4.16031000 3.67867000e-01
-4.13031000 3.90086000e-01
-4.10031000 4.33171000e-01
-4.07031000 5.14559000e-01
-4.04031000 6.74454000e-01
-4.01031000 9.90473000e-01
-3.98031000 1.41195000e+00
-3.95031000 1.33302900e+00
-3.92031000 9.22890000e-01
-3.89031000 6.74812000e-01
-3.86031000 5.62002000e-01
-3.83031000 5.15969000e-01
-3.79447000 5.05441000e-01
-3.76447000 5.19502000e-01
-3.73447000 5.49787000e-01
-3.70447000 5.95929700e-01
-3.67447000 6.60237800e-01
-3.64447000 7.47820600e-01
-3.61447000 8.67793000e-01
-3.58447000 1.03602100e+00
-3.55447000 1.28102600e+00
-3.52447000 1.65724500e+00
-3.49447000 2.27661600e+00
-3.46447000 3.38705800e+00
-3.43447000 5.53846100e+00
-3.40447000 9.40602200e+00
-3.37447000 1.21621660e+01
-3.34447000 9.62711000e+00
-3.31447000 7.26047000e+00
-3.28447000 6.54356000e+00
-3.25447000 5.61006000e+00
-3.21863000 5.34597000e+00
-3.18863000 6.66211500e+00
-3.15863000 7.46296800e+00
-3.12863000 6.00642500e+00
-3.09863000 5.13319000e+00
-3.06863000 5.76441600e+00
-3.03863000 7.15561900e+00
-3.00863000 6.49836800e+00
-2.97863000 4.86284400e+00
-2.94863000 4.12859100e+00
-2.91863000 4.14855900e+00
-2.88863000 4.75121800e+00
-2.85863000 6.03110600e+00
-2.82863000 8.40310500e+00
-2.79863000 1.28948900e+01
-2.76863000 2.18697700e+01
-2.73863000 3.87474400e+01
-2.70863000 5.36205000e+01
-2.67863000 4.08878900e+01
-2.64279000 2.06077610e+01
-2.61279000 1.21272880e+01
-2.58279000 7.81278500e+00
-2.55279000 5.44393500e+00
-2.52279000 4.04717900e+00
-2.49279000 3.19068800e+00
-2.46279000 2.68155500e+00
-2.43279000 2.40630800e+00
-2.40279000 2.12797500e+00
-2.37279000 1.81982500e+00
-2.34279000 1.65139100e+00
-2.31279000 1.64846700e+00
-2.28279000 1.85979400e+00
-2.25279000 2.25264100e+00
-2.22279000 2.21464900e+00
-2.19279000 1.83268600e+00
-2.16279000 1.70040000e+00
-2.13279000 1.80040200e+00
-2.10279000 1.95979200e+00
-2.06694000 2.47851000e+00
-2.03694000 3.60751800e+00
-2.00694000 5.91693300e+00
-1.97694000 8.54583700e+00
-1.94694000 7.33828000e+00
-1.91694000 4.82030200e+00
-1.88694000 3.73396700e+00
-1.85694000 3.87902400e+00
-1.82694000 4.34966400e+00
-1.79694000 4.05109800e+00
-1.76694000 2.97889700e+00
-1.73694000 1.98018100e+00
-1.70694000 1.35197400e+00
-1.67694000 9.97383000e-01
-1.64694000 7.92881000e-01
-1.61694000 6.68150200e-01
-1.58694000 5.90924700e-01
-1.55694000 5.47370000e-01
-1.52694000 5.35528000e-01
-1.49110000 5.81181200e-01
-1.46110000 7.10790500e-01
-1.43110000 9.25670500e-01
-1.40110000 9.14873700e-01
-1.37110000 6.67587500e-01
-1.34110000 5.00190300e-01
-1.31110000 4.16280400e-01
-1.28110000 3.75343600e-01
-1.25110000 3.58622600e-01
-1.22110000 3.60203200e-01
-1.19110000 3.81633800e-01
-1.16110000 4.29026400e-01
-1.13110000 5.18466700e-01
-1.10110000 7.05779000e-01
-1.07110000 1.06590600e+00
-1.04110000 1.36928100e+00
-1.01110000 1.11507100e+00
-0.98110000 7.93888000e-01
-0.95110000 6.42192000e-01
-0.91525800 5.17849000e-01
-0.88525800 4.33992000e-01
-0.85525800 3.95704000e-01
-0.82525800 3.97047000e-01
-0.79525800 4.39850000e-01
-0.76525800 5.47192000e-01
-0.73525800 7.38841000e-01
-0.70525800 8.69026000e-01
-0.67525800 7.81159000e-01
-0.64525800 6.21661000e-01
-0.61525800 5.52691400e-01
-0.58525800 5.70988100e-01
-0.55525800 6.74032900e-01
-0.52525800 9.05355500e-01
-0.49525800 1.31534840e+00
-0.46525800 1.68420940e+00
-0.43525800 1.82521920e+00
-0.40525800 1.65830070e+00
-0.37525800 1.60019440e+00
-0.33941500 2.19657510e+00
-0.30941500 3.14095330e+00
-0.27941500 3.01596600e+00
-0.24941500 2.08561700e+00
-0.21941500 1.56779800e+00
-0.18941500 1.39466400e+00
-0.15941500 1.53737000e+00
-0.12941500 1.82348000e+00
-0.09941500 1.78749000e+00
-0.06941500 1.86518300e+00
-0.03941500 2.51357300e+00
-0.00941504 3.77193200e+00
0.02058500 4.23537100e+00
0.05058500 3.58362000e+00
0.08058500 3.19233200e+00
0.11058500 2.35966000e+00
0.14058500 1.52573500e+00
0.17058500 1.06412000e+00
0.20058500 8.43748000e-01
0.23642700 7.62648000e-01
0.26642700 7.97274000e-01
0.29642700 8.89940000e-01
0.32642700 8.96870000e-01
0.35642700 7.52389800e-01
0.38642700 6.22454900e-01
0.41642700 5.81687000e-01
0.44642700 5.65058800e-01
0.47642700 5.98400700e-01
0.50642700 7.37204100e-01
0.53642700 1.03527970e+00
0.56642700 1.48398620e+00
0.59642700 1.46686200e+00
0.62642700 1.02206000e+00
0.65642700 7.09448000e-01
0.68642700 5.54114600e-01
0.71642700 4.82978600e-01
0.74642700 4.41239800e-01
0.77642700 4.13730400e-01
