# E(MeV)  S_NSDRNSDR(K=1) for Xe171_DDPCX
-18.17130000 2.52958000e-01
-18.14130000 1.92673000e-01
-18.11130000 1.57442000e-01
-18.08130000 1.40440000e-01
-18.05130000 1.32008000e-01
-18.02130000 1.27699000e-01
-17.99130000 1.25559000e-01
-17.96130000 1.24674000e-01
-17.93130000 1.24594000e-01
-17.90130000 1.25090000e-01
-17.87130000 1.26061000e-01
-17.84130000 1.27489000e-01
-17.81130000 1.29433000e-01
-17.78130000 1.32053000e-01
-17.75130000 1.35672000e-01
-17.72130000 1.40903000e-01
-17.69130000 1.48820000e-01
-17.66130000 1.61932000e-01
-17.63130000 1.86485000e-01
-17.60130000 2.34331000e-01
-17.57130000 2.99486000e-01
-17.54130000 2.89130000e-01
-17.51130000 2.25178000e-01
-17.48130000 1.85658000e-01
-17.45130000 1.66521000e-01
-17.42130000 1.57059000e-01
-17.39130000 1.52215000e-01
-17.36130000 1.49759000e-01
-17.33130000 1.48645000e-01
-17.30130000 1.48342000e-01
-17.27130000 1.48561000e-01
-17.24130000 1.49134000e-01
-17.21130000 1.49961000e-01
-17.18130000 1.50978000e-01
-17.15130000 1.52141000e-01
-17.12130000 1.53425000e-01
-17.09130000 1.54808000e-01
-17.06130000 1.56278000e-01
-17.03130000 1.57825000e-01
-17.00130000 1.59443000e-01
-16.97130000 1.61126000e-01
-16.94130000 1.62873000e-01
-16.91130000 1.64681000e-01
-16.88130000 1.66549000e-01
-16.85130000 1.68476000e-01
-16.82130000 1.70462000e-01
-16.79130000 1.72509000e-01
-16.76130000 1.74617000e-01
-16.73130000 1.76787000e-01
-16.70130000 1.79022000e-01
-16.67130000 1.81322000e-01
-16.64130000 1.83692000e-01
-16.61130000 1.86133000e-01
-16.58130000 1.88648000e-01
-16.55130000 1.91241000e-01
-16.52130000 1.93915000e-01
-16.49130000 1.96676000e-01
-16.46130000 1.99529000e-01
-16.43130000 2.02477000e-01
-16.40130000 2.05529000e-01
-16.37130000 2.08692000e-01
-16.34130000 2.11974000e-01
-16.31130000 2.15385000e-01
-16.27290000 2.19954000e-01
-16.24290000 2.23710000e-01
-16.21290000 2.27646000e-01
-16.18290000 2.31789000e-01
-16.15290000 2.36172000e-01
-16.12290000 2.40840000e-01
-16.09290000 2.45861000e-01
-16.06290000 2.51331000e-01
-16.03290000 2.57403000e-01
-16.00290000 2.64330000e-01
-15.97290000 2.72558000e-01
-15.94290000 2.82934000e-01
-15.91290000 2.97204000e-01
-15.88290000 3.19260000e-01
-15.85290000 3.57751000e-01
-15.82290000 4.22908000e-01
-15.79290000 4.67173000e-01
-15.76290000 4.22732000e-01
-15.73290000 3.76986000e-01
-15.70290000 3.56896000e-01
-15.67290000 3.51211000e-01
-15.64290000 3.52636000e-01
-15.61290000 3.57996000e-01
-15.58290000 3.65930000e-01
-15.55290000 3.75849000e-01
-15.52290000 3.87547000e-01
-15.49290000 4.01079000e-01
-15.46290000 4.16650000e-01
-15.43290000 4.34629000e-01
-15.40290000 4.55617000e-01
-15.37290000 4.80588000e-01
-15.34290000 5.11053000e-01
-15.31290000 5.48229000e-01
-15.28290000 5.91995000e-01
-15.25290000 6.48803000e-01
-15.22290000 7.30860000e-01
-15.19290000 8.57366000e-01
-15.16290000 1.05046000e+00
-15.13290000 1.26653000e+00
-15.10290000 1.50357000e+00
-15.07290000 1.86699000e+00
-15.04290000 2.13047000e+00
-15.01290000 2.54659000e+00
-14.98290000 3.65105000e+00
-14.95290000 5.94890000e+00
-14.92290000 8.37525000e+00
-14.89290000 6.86158000e+00
-14.86290000 4.23322000e+00
-14.83290000 2.79833000e+00
-14.80290000 2.12509000e+00
-14.77290000 1.82416000e+00
-14.74290000 1.72988000e+00
-14.71290000 1.78651000e+00
-14.68290000 2.00203000e+00
-14.65290000 2.44539000e+00
-14.62290000 3.27227000e+00
-14.59290000 4.89564000e+00
-14.56290000 7.86345000e+00
-14.53290000 9.97486000e+00
-14.50290000 7.73823000e+00
-14.47290000 5.19250000e+00
-14.44290000 4.00174000e+00
-14.41290000 3.74985000e+00
-14.37460000 4.50018000e+00
-14.34460000 6.23920000e+00
-14.31460000 9.56645000e+00
-14.28460000 1.45702000e+01
-14.25460000 1.53912000e+01
-14.22460000 1.00722000e+01
-14.19460000 6.19386000e+00
-14.16460000 4.29038000e+00
-14.13460000 3.39226000e+00
-14.10460000 3.02625000e+00
-14.07460000 3.04150000e+00
-14.04460000 3.49700000e+00
-14.01460000 4.65625000e+00
-13.98460000 6.40266000e+00
-13.95460000 6.35683000e+00
-13.92460000 4.72174000e+00
-13.89460000 3.84052000e+00
-13.86460000 3.82118000e+00
-13.83460000 4.65461000e+00
-13.80460000 6.46183000e+00
-13.77460000 7.29481000e+00
-13.74460000 5.45726000e+00
-13.71460000 3.88053000e+00
-13.68460000 3.11085000e+00
-13.65460000 2.76718000e+00
-13.62460000 2.63568000e+00
-13.59460000 2.62596000e+00
-13.56460000 2.70369000e+00
-13.53460000 2.85951000e+00
-13.50460000 3.05566000e+00
-13.47460000 3.24077000e+00
-13.44460000 3.48730000e+00
-13.41460000 3.83307000e+00
-13.38460000 4.29644000e+00
-13.35460000 4.91687000e+00
-13.32460000 5.77018000e+00
-13.29460000 7.00015000e+00
-13.26460000 8.89404000e+00
-13.23460000 1.20689000e+01
-13.20460000 1.79020000e+01
-13.17460000 2.80918000e+01
-13.14460000 3.55347000e+01
-13.11460000 2.95238000e+01
-13.08460000 2.41300000e+01
-13.05460000 2.42694000e+01
-13.02460000 2.91601000e+01
-12.99460000 3.93310000e+01
-12.96460000 5.82514000e+01
-12.93460000 8.45266000e+01
-12.90460000 1.10290000e+02
-12.87460000 1.62397000e+02
-12.84460000 2.31978000e+02
-12.81460000 1.96237000e+02
-12.78460000 1.13836000e+02
-12.75460000 6.58135000e+01
-12.72460000 4.16782000e+01
-12.69460000 2.87914000e+01
-12.66460000 2.13568000e+01
-12.63460000 1.68068000e+01
-12.60460000 1.39352000e+01
-12.57460000 1.21558000e+01
-12.54460000 1.12187000e+01
-12.51460000 1.11419000e+01
-12.47620000 1.27563000e+01
-12.44620000 1.43870000e+01
-12.41620000 1.31899000e+01
-12.38620000 1.18212000e+01
-12.35620000 1.18948000e+01
-12.32620000 1.24918000e+01
-12.29620000 1.37112000e+01
-12.26620000 1.65601000e+01
-12.23620000 2.08763000e+01
-12.20620000 2.69032000e+01
-12.17620000 3.15731000e+01
-12.14620000 3.54063000e+01
-12.11620000 4.21561000e+01
-12.08620000 5.62856000e+01
-12.05620000 7.02938000e+01
-12.02620000 8.86678000e+01
-11.99620000 1.26321000e+02
-11.96620000 1.65390000e+02
-11.93620000 1.38340000e+02
-11.90620000 9.22646000e+01
-11.87620000 7.42932000e+01
-11.84620000 7.82678000e+01
-11.81620000 9.80775000e+01
-11.78620000 1.05286000e+02
-11.75620000 7.86962000e+01
-11.72620000 5.19981000e+01
-11.69620000 3.65687000e+01
-11.66620000 2.97460000e+01
-11.63620000 2.46928000e+01
-11.60620000 1.92675000e+01
-11.57620000 1.52708000e+01
-11.54620000 1.22227000e+01
-11.51620000 1.03353000e+01
-11.48620000 9.36786000e+00
-11.45620000 9.11461000e+00
-11.42620000 9.56696000e+00
-11.39620000 1.05255000e+01
-11.36620000 1.20820000e+01
-11.33620000 1.55818000e+01
-11.30620000 2.11467000e+01
-11.27620000 2.33789000e+01
-11.24620000 2.19342000e+01
-11.21620000 2.39629000e+01
-11.18620000 3.11958000e+01
-11.15620000 3.31399000e+01
-11.12620000 2.37151000e+01
-11.09620000 1.64851000e+01
-11.06620000 1.31808000e+01
-11.03620000 1.19354000e+01
-11.00620000 1.23570000e+01
-10.97620000 1.46600000e+01
-10.94620000 1.75795000e+01
-10.91620000 1.72803000e+01
-10.88620000 1.71119000e+01
-10.85620000 1.94936000e+01
-10.82620000 2.25082000e+01
-10.79620000 2.66447000e+01
-10.76620000 3.47626000e+01
-10.73620000 5.05180000e+01
-10.70620000 7.86337000e+01
-10.67620000 9.84051000e+01
-10.64620000 9.15961000e+01
-10.61620000 8.05685000e+01
-10.57790000 6.56613000e+01
-10.54790000 6.91891000e+01
-10.51790000 8.60659000e+01
-10.48790000 1.26520000e+02
-10.45790000 2.07176000e+02
-10.42790000 2.61238000e+02
-10.39790000 1.87253000e+02
-10.36790000 1.08969000e+02
-10.33790000 6.66297000e+01
-10.30790000 4.43286000e+01
-10.27790000 3.20176000e+01
-10.24790000 2.50736000e+01
-10.21790000 2.10092000e+01
-10.18790000 1.89331000e+01
-10.15790000 1.92131000e+01
-10.12790000 2.10133000e+01
-10.09790000 2.15062000e+01
-10.06790000 2.11375000e+01
-10.03790000 2.22435000e+01
-10.00790000 2.78316000e+01
-9.97787000 3.48101000e+01
-9.94787000 3.01973000e+01
-9.91787000 2.28436000e+01
-9.88787000 2.02350000e+01
-9.85787000 2.22458000e+01
-9.82787000 2.83335000e+01
-9.79787000 3.35248000e+01
-9.76787000 3.04334000e+01
-9.73787000 3.03391000e+01
-9.70787000 3.93411000e+01
-9.67787000 5.17000000e+01
-9.64787000 5.33882000e+01
-9.61787000 4.51832000e+01
-9.58787000 3.29699000e+01
-9.55787000 2.84620000e+01
-9.52787000 3.08773000e+01
-9.49787000 3.08194000e+01
-9.46787000 2.73664000e+01
-9.43787000 3.04765000e+01
-9.40787000 3.69289000e+01
-9.37787000 3.43671000e+01
-9.34787000 2.46890000e+01
-9.31787000 1.56794000e+01
-9.28787000 1.06335000e+01
-9.25787000 8.01354000e+00
-9.22787000 6.55484000e+00
-9.19787000 5.55821000e+00
-9.16787000 4.91073000e+00
-9.13787000 4.58571000e+00
-9.10787000 4.55919000e+00
-9.07787000 4.78303000e+00
-9.04787000 4.92795000e+00
-9.01787000 5.11954000e+00
-8.98787000 5.69287000e+00
-8.95787000 6.69983000e+00
-8.92787000 8.67921000e+00
-8.89787000 1.26857000e+01
-8.86787000 2.03018000e+01
-8.83787000 2.88309000e+01
-8.80787000 2.97433000e+01
-8.77787000 2.51469000e+01
-8.74787000 2.21115000e+01
-8.71787000 2.45045000e+01
-8.67951000 2.82486000e+01
-8.64951000 2.10493000e+01
-8.61951000 1.31862000e+01
-8.58951000 8.79949000e+00
-8.55951000 6.63470000e+00
-8.52951000 5.32162000e+00
-8.49951000 4.49625000e+00
-8.46951000 4.14949000e+00
-8.43951000 4.21729000e+00
-8.40951000 4.87452000e+00
-8.37951000 5.56826000e+00
-8.34951000 4.98983000e+00
-8.31951000 4.28208000e+00
-8.28951000 4.22927000e+00
-8.25951000 4.92546000e+00
-8.22951000 6.38898000e+00
-8.19951000 8.98563000e+00
-8.16951000 1.39730000e+01
-8.13951000 1.87462000e+01
-8.10951000 1.50471000e+01
-8.07951000 9.87024000e+00
-8.04951000 6.77332000e+00
-8.01951000 4.64921000e+00
-7.98951000 3.38813000e+00
-7.95951000 2.72656000e+00
-7.92951000 2.46832000e+00
-7.89951000 2.54899000e+00
-7.86951000 2.63297000e+00
-7.83951000 2.18361000e+00
-7.80951000 1.73770000e+00
-7.77951000 1.50177000e+00
-7.74951000 1.39912000e+00
-7.71951000 1.38824000e+00
-7.68951000 1.46899000e+00
-7.65951000 1.62192000e+00
-7.62951000 1.84969000e+00
-7.59951000 2.27275000e+00
-7.56951000 3.06052000e+00
-7.53951000 4.65721000e+00
-7.50951000 6.20531000e+00
-7.47951000 5.03906000e+00
-7.44951000 3.39153000e+00
-7.41951000 2.49855000e+00
-7.38951000 2.01829000e+00
-7.35951000 1.70353000e+00
-7.32951000 1.45558000e+00
-7.29951000 1.34481000e+00
-7.26951000 1.37614000e+00
-7.23951000 1.57588000e+00
-7.20951000 2.01387000e+00
-7.17951000 2.58113000e+00
-7.14951000 3.18116000e+00
-7.11951000 4.14431000e+00
-7.08951000 4.54722000e+00
-7.05951000 4.65131000e+00
-7.02951000 4.82674000e+00
-6.99951000 4.41867000e+00
-6.96951000 3.00952000e+00
-6.93951000 1.99999000e+00
-6.90951000 1.48535000e+00
-6.87951000 1.23551000e+00
-6.84951000 1.05493000e+00
-6.81951000 9.07334000e-01
-6.78115000 8.18530000e-01
-6.75115000 8.15943000e-01
-6.72115000 8.82654000e-01
-6.69115000 1.05986000e+00
-6.66115000 1.38957000e+00
-6.63115000 1.67232000e+00
-6.60115000 1.83356000e+00
-6.57115000 1.92028000e+00
-6.54115000 1.51995000e+00
-6.51115000 1.05833000e+00
-6.48115000 7.96493000e-01
-6.45115000 6.62905000e-01
-6.42115000 5.92828000e-01
-6.39115000 5.56682000e-01
-6.36115000 5.47818000e-01
-6.33115000 5.71590000e-01
-6.30115000 6.45724000e-01
-6.27115000 7.52686000e-01
-6.24115000 7.27776000e-01
-6.21115000 6.24184000e-01
-6.18115000 5.67898000e-01
-6.15115000 5.48192000e-01
-6.12115000 5.51586000e-01
-6.09115000 5.81756000e-01
-6.06115000 6.44837000e-01
-6.03115000 7.63963000e-01
-6.00115000 9.98616000e-01
-5.97115000 1.38366000e+00
-5.94115000 1.64028000e+00
-5.91115000 1.62322000e+00
-5.88115000 1.88792000e+00
-5.85115000 2.28290000e+00
-5.82115000 1.91855000e+00
-5.79115000 1.41707000e+00
-5.76115000 1.21621000e+00
-5.73115000 1.14712000e+00
-5.70115000 1.19926000e+00
-5.67115000 1.27798000e+00
-5.64115000 1.20000000e+00
-5.61115000 1.21317000e+00
-5.58115000 1.44379000e+00
-5.55115000 1.95049000e+00
-5.52115000 2.66066000e+00
-5.49115000 2.65837000e+00
-5.46115000 2.21352000e+00
-5.43115000 2.22729000e+00
-5.40115000 2.84818000e+00
-5.37115000 4.22354000e+00
-5.34115000 5.61300000e+00
-5.31115000 5.13085000e+00
-5.28115000 4.32131000e+00
-5.25115000 3.63307000e+00
-5.22115000 3.40834000e+00
-5.19115000 3.86741000e+00
-5.16115000 3.89555000e+00
-5.13115000 3.21324000e+00
-5.10115000 2.87077000e+00
-5.07115000 2.74835000e+00
-5.04115000 3.07579000e+00
-5.01115000 4.21756000e+00
-4.98115000 6.27828000e+00
-4.95115000 8.76874000e+00
-4.92115000 9.32550000e+00
-4.88280000 5.35693000e+00
-4.85280000 3.21929000e+00
-4.82280000 2.15557000e+00
-4.79280000 1.63336000e+00
-4.76280000 1.36137000e+00
-4.73280000 1.12428000e+00
-4.70280000 9.31658000e-01
-4.67280000 8.15899000e-01
-4.64280000 7.60709000e-01
-4.61280000 7.59865000e-01
-4.58280000 8.18623000e-01
-4.55280000 8.85253000e-01
-4.52280000 8.88421000e-01
-4.49280000 8.54569000e-01
-4.46280000 8.39654000e-01
-4.43280000 8.63915000e-01
-4.40280000 9.47329000e-01
-4.37280000 1.06611000e+00
-4.34280000 1.29035000e+00
-4.31280000 1.60260000e+00
-4.28280000 1.99343000e+00
-4.25280000 2.78843000e+00
-4.22280000 4.39099000e+00
-4.19280000 6.62777000e+00
-4.16280000 7.21803000e+00
-4.13280000 5.19705000e+00
-4.10280000 3.28719000e+00
-4.07280000 2.24121000e+00
-4.04280000 1.72568000e+00
-4.01280000 1.53693000e+00
-3.98280000 1.63059000e+00
-3.95280000 1.88137000e+00
-3.92280000 1.64740000e+00
-3.89280000 1.20195000e+00
-3.86280000 9.52240000e-01
-3.83280000 8.31468000e-01
-3.80280000 7.76937000e-01
-3.77280000 8.10466000e-01
-3.74280000 9.16648000e-01
-3.71280000 1.11883000e+00
-3.68280000 1.43380000e+00
-3.65280000 1.55077000e+00
-3.62280000 1.33427000e+00
-3.59280000 1.01470000e+00
-3.56280000 8.52558000e-01
-3.53280000 7.59178000e-01
-3.50280000 7.09194000e-01
-3.47280000 7.33809000e-01
-3.44280000 7.87418000e-01
-3.41280000 8.15324000e-01
-3.38280000 8.92240000e-01
-3.35280000 9.44462000e-01
-3.32280000 8.68801000e-01
-3.29280000 8.28670000e-01
-3.26280000 9.23227000e-01
-3.23280000 1.06462000e+00
-3.20280000 1.13578000e+00
-3.17280000 1.03755000e+00
-3.14280000 8.47741000e-01
-3.11280000 8.10901000e-01
-3.08280000 9.65967000e-01
-3.05280000 1.26054000e+00
-3.02280000 1.40308000e+00
-2.98444000 1.17878000e+00
-2.95444000 9.03076000e-01
-2.92444000 6.74692000e-01
-2.89444000 5.46999000e-01
-2.86444000 4.82394000e-01
-2.83444000 4.53619000e-01
-2.80444000 4.42996000e-01
-2.77444000 4.31129000e-01
-2.74444000 4.36071000e-01
-2.71444000 4.77386000e-01
-2.68444000 5.81047000e-01
-2.65444000 7.71015000e-01
-2.62444000 1.01175000e+00
-2.59444000 1.07040000e+00
-2.56444000 8.89198000e-01
-2.53444000 7.75184000e-01
-2.50444000 7.96176000e-01
-2.47444000 7.63757000e-01
-2.44444000 6.49473000e-01
-2.41444000 5.79467000e-01
-2.38444000 5.67010000e-01
-2.35444000 6.38025000e-01
-2.32444000 8.18939000e-01
-2.29444000 9.83269000e-01
-2.26444000 9.20806000e-01
-2.23444000 9.27221000e-01
-2.20444000 1.10197000e+00
-2.17444000 1.22030000e+00
-2.14444000 1.05575000e+00
-2.11444000 9.18830000e-01
-2.08444000 8.73585000e-01
-2.05444000 7.88001000e-01
-2.02444000 7.88701000e-01
-1.99444000 9.20532000e-01
-1.96444000 1.16919000e+00
-1.93444000 1.36465000e+00
-1.90444000 1.62410000e+00
-1.87444000 1.95247000e+00
-1.84444000 1.85061000e+00
-1.81444000 1.36470000e+00
-1.78444000 9.54157000e-01
-1.75444000 7.60514000e-01
-1.72444000 6.48585000e-01
-1.69444000 5.52322000e-01
-1.66444000 5.04050000e-01
-1.63444000 5.05114000e-01
-1.60444000 4.96372000e-01
-1.57444000 4.92228000e-01
-1.54444000 5.25473000e-01
-1.51444000 5.61064000e-01
-1.48444000 6.48441000e-01
-1.45444000 7.52278000e-01
-1.42444000 6.69500000e-01
-1.39444000 5.29582000e-01
-1.36444000 4.45757000e-01
-1.33444000 4.22042000e-01
-1.30444000 4.44858000e-01
-1.27444000 4.78949000e-01
-1.24444000 4.86229000e-01
-1.21444000 4.45318000e-01
-1.18444000 4.11800000e-01
-1.15444000 4.22451000e-01
-1.12444000 4.84236000e-01
-1.08609000 6.38551000e-01
-1.05609000 7.80488000e-01
-1.02609000 8.39576000e-01
-0.99608600 7.07737000e-01
-0.96608600 5.82658000e-01
-0.93608600 4.96775000e-01
-0.90608600 4.56355000e-01
-0.87608600 4.70992000e-01
-0.84608600 4.74825000e-01
-0.81608600 4.39495000e-01
-0.78608600 4.18187000e-01
-0.75608600 3.93753000e-01
-0.72608600 3.69593000e-01
-0.69608600 3.60632000e-01
-0.66608600 3.68508000e-01
-0.63608600 3.99671000e-01
-0.60608600 4.66716000e-01
-0.57608600 5.95770000e-01
-0.54608600 8.19068000e-01
-0.51608600 1.03164000e+00
-0.48608600 1.04568000e+00
-0.45608600 1.04986000e+00
-0.42608600 1.01604000e+00
-0.39608600 8.51084000e-01
-0.36608600 7.46133000e-01
-0.33608600 6.98516000e-01
-0.30608600 6.75871000e-01
-0.27608600 6.81590000e-01
-0.24608600 7.12136000e-01
-0.21608600 7.70312000e-01
-0.18608600 8.91211000e-01
-0.15608600 1.00118000e+00
-0.12608600 1.16113000e+00
-0.09608600 1.49196000e+00
-0.06608600 1.77370000e+00
-0.03608600 1.47268000e+00
-0.00608598 1.14115000e+00
0.02391400 9.50350000e-01
0.05391400 8.42954000e-01
0.08391400 8.46890000e-01
0.11391400 8.97150000e-01
0.14391400 8.88130000e-01
0.17391400 8.36662000e-01
0.20391400 8.72266000e-01
0.23391400 9.95994000e-01
0.26391400 1.25029000e+00
0.29391400 1.80282000e+00
0.32391400 2.55996000e+00
0.35391400 2.75801000e+00
0.38391400 2.83270000e+00
0.41391400 3.36535000e+00
0.44391400 3.11774000e+00
0.47391400 2.11668000e+00
0.50391400 1.41910000e+00
0.53391400 1.06391000e+00
0.56391400 9.18871000e-01
0.59391400 8.66478000e-01
0.62391400 8.10774000e-01
0.65391400 7.76835000e-01
0.68391400 7.55439000e-01
0.71391400 7.00488000e-01
0.74391400 6.42420000e-01
0.77391400 6.17353000e-01
