# E(MeV)  S_GAMTGAMT(K=0) for Xe171_DDPCX
-18.17130000 2.20281000e-03
-18.14130000 2.21091000e-03
-18.11130000 2.21905000e-03
-18.08130000 2.22724000e-03
-18.05130000 2.23548000e-03
-18.02130000 2.24377000e-03
-17.99130000 2.25211000e-03
-17.96130000 2.26050000e-03
-17.93130000 2.26895000e-03
-17.90130000 2.27744000e-03
-17.87130000 2.28599000e-03
-17.84130000 2.29460000e-03
-17.81130000 2.30325000e-03
-17.78130000 2.31197000e-03
-17.75130000 2.32074000e-03
-17.72130000 2.32956000e-03
-17.69130000 2.33845000e-03
-17.66130000 2.34739000e-03
-17.63130000 2.35639000e-03
-17.60130000 2.36545000e-03
-17.57130000 2.37457000e-03
-17.54130000 2.38375000e-03
-17.51130000 2.39300000e-03
-17.48130000 2.40230000e-03
-17.45130000 2.41167000e-03
-17.42130000 2.42111000e-03
-17.39130000 2.43061000e-03
-17.36130000 2.44018000e-03
-17.33130000 2.44981000e-03
-17.30130000 2.45952000e-03
-17.27130000 2.46929000e-03
-17.24130000 2.47914000e-03
-17.21130000 2.48905000e-03
-17.18130000 2.49904000e-03
-17.15130000 2.50910000e-03
-17.12130000 2.51924000e-03
-17.09130000 2.52946000e-03
-17.06130000 2.53975000e-03
-17.03130000 2.55012000e-03
-17.00130000 2.56058000e-03
-16.97130000 2.57111000e-03
-16.94130000 2.58173000e-03
-16.91130000 2.59244000e-03
-16.88130000 2.60323000e-03
-16.85130000 2.61412000e-03
-16.82130000 2.62509000e-03
-16.79130000 2.63616000e-03
-16.76130000 2.64733000e-03
-16.73130000 2.65861000e-03
-16.70130000 2.66998000e-03
-16.67130000 2.68147000e-03
-16.64130000 2.69306000e-03
-16.61130000 2.70478000e-03
-16.58130000 2.71662000e-03
-16.55130000 2.72860000e-03
-16.52130000 2.74072000e-03
-16.49130000 2.75299000e-03
-16.46130000 2.76544000e-03
-16.43130000 2.77807000e-03
-16.40130000 2.79091000e-03
-16.37130000 2.80400000e-03
-16.34130000 2.81737000e-03
-16.31130000 2.83109000e-03
-16.27290000 2.84928000e-03
-16.24290000 2.86418000e-03
-16.21290000 2.87989000e-03
-16.18290000 2.89676000e-03
-16.15290000 2.91536000e-03
-16.12290000 2.93667000e-03
-16.09290000 2.96259000e-03
-16.06290000 2.99689000e-03
-16.03290000 3.04787000e-03
-16.00290000 3.13445000e-03
-15.97290000 3.29071000e-03
-15.94290000 3.47267000e-03
-15.91290000 3.41337000e-03
-15.88290000 3.25081000e-03
-15.85290000 3.16259000e-03
-15.82290000 3.12584000e-03
-15.79290000 3.11328000e-03
-15.76290000 3.11245000e-03
-15.73290000 3.11782000e-03
-15.70290000 3.12678000e-03
-15.67290000 3.13801000e-03
-15.64290000 3.15079000e-03
-15.61290000 3.16472000e-03
-15.58290000 3.17957000e-03
-15.55290000 3.19524000e-03
-15.52290000 3.21170000e-03
-15.49290000 3.22897000e-03
-15.46290000 3.24718000e-03
-15.43290000 3.26652000e-03
-15.40290000 3.28735000e-03
-15.37290000 3.31028000e-03
-15.34290000 3.33636000e-03
-15.31290000 3.36754000e-03
-15.28290000 3.40764000e-03
-15.25290000 3.46479000e-03
-15.22290000 3.55736000e-03
-15.19290000 3.72485000e-03
-15.16290000 3.99048000e-03
-15.13290000 4.07796000e-03
-15.10290000 3.85648000e-03
-15.07290000 3.68936000e-03
-15.04290000 3.61428000e-03
-15.01290000 3.58516000e-03
-14.98290000 3.57773000e-03
-14.95290000 3.58135000e-03
-14.92290000 3.59114000e-03
-14.89290000 3.60468000e-03
-14.86290000 3.62071000e-03
-14.83290000 3.63845000e-03
-14.80290000 3.65740000e-03
-14.77290000 3.67737000e-03
-14.74290000 3.69825000e-03
-14.71290000 3.71992000e-03
-14.68290000 3.74232000e-03
-14.65290000 3.76542000e-03
-14.62290000 3.78922000e-03
-14.59290000 3.81376000e-03
-14.56290000 3.83909000e-03
-14.53290000 3.86532000e-03
-14.50290000 3.89265000e-03
-14.47290000 3.92150000e-03
-14.44290000 3.95272000e-03
-14.41290000 3.98798000e-03
-14.37460000 4.03753000e-03
-14.34460000 4.06574000e-03
-14.31460000 4.09161000e-03
-14.28460000 4.12384000e-03
-14.25460000 4.16242000e-03
-14.22460000 4.20842000e-03
-14.19460000 4.26588000e-03
-14.16460000 4.34153000e-03
-14.13460000 4.44592000e-03
-14.10460000 4.59988000e-03
-14.07460000 4.70343000e-03
-14.04460000 4.65405000e-03
-14.01460000 4.62508000e-03
-13.98460000 4.65580000e-03
-13.95460000 4.73178000e-03
-13.92460000 4.85494000e-03
-13.89460000 5.04954000e-03
-13.86460000 5.37863000e-03
-13.83460000 5.98777000e-03
-13.80460000 7.08780000e-03
-13.77460000 8.08862000e-03
-13.74460000 7.64454000e-03
-13.71460000 6.70336000e-03
-13.68460000 6.06469000e-03
-13.65460000 5.81357000e-03
-13.62460000 5.78424000e-03
-13.59460000 5.91227000e-03
-13.56460000 6.29447000e-03
-13.53460000 6.89723000e-03
-13.50460000 6.90852000e-03
-13.47460000 6.42454000e-03
-13.44460000 6.17940000e-03
-13.41460000 6.16688000e-03
-13.38460000 6.31408000e-03
-13.35460000 6.62789000e-03
-13.32460000 7.20787000e-03
-13.29460000 8.26917000e-03
-13.26460000 9.64911000e-03
-13.23460000 9.78722000e-03
-13.20460000 9.33110000e-03
-13.17460000 9.18132000e-03
-13.14460000 9.47857000e-03
-13.11460000 1.05205000e-02
-13.08460000 1.26646000e-02
-13.05460000 1.69152000e-02
-13.02460000 2.51823000e-02
-12.99460000 3.53419000e-02
-12.96460000 3.41653000e-02
-12.93460000 2.60689000e-02
-12.90460000 1.90532000e-02
-12.87460000 1.56315000e-02
-12.84460000 1.47089000e-02
-12.81460000 1.53758000e-02
-12.78460000 1.80305000e-02
-12.75460000 2.40853000e-02
-12.72460000 3.50408000e-02
-12.69460000 4.63111000e-02
-12.66460000 5.28102000e-02
-12.63460000 4.48902000e-02
-12.60460000 2.93388000e-02
-12.57460000 2.01683000e-02
-12.54460000 1.57848000e-02
-12.51460000 1.38902000e-02
-12.47620000 1.31474000e-02
-12.44620000 1.29185000e-02
-12.41620000 1.18247000e-02
-12.38620000 1.08433000e-02
-12.35620000 1.06554000e-02
-12.32620000 1.13067000e-02
-12.29620000 1.24816000e-02
-12.26620000 1.21228000e-02
-12.23620000 1.08046000e-02
-12.20620000 1.01364000e-02
-12.17620000 1.00516000e-02
-12.14620000 1.03024000e-02
-12.11620000 1.08561000e-02
-12.08620000 1.18130000e-02
-12.05620000 1.20271000e-02
-12.02620000 1.12900000e-02
-11.99620000 1.09138000e-02
-11.96620000 1.09995000e-02
-11.93620000 1.13007000e-02
-11.90620000 1.16519000e-02
-11.87620000 1.22079000e-02
-11.84620000 1.30593000e-02
-11.81620000 1.42998000e-02
-11.78620000 1.61260000e-02
-11.75620000 1.88754000e-02
-11.72620000 2.32078000e-02
-11.69620000 3.00362000e-02
-11.66620000 4.16726000e-02
-11.63620000 6.47249000e-02
-11.60620000 1.03790000e-01
-11.57620000 1.23510000e-01
-11.54620000 8.77652000e-02
-11.51620000 5.41962000e-02
-11.48620000 3.72545000e-02
-11.45620000 2.94305000e-02
-11.42620000 2.64831000e-02
-11.39620000 2.58251000e-02
-11.36620000 2.38707000e-02
-11.33620000 2.20290000e-02
-11.30620000 2.19882000e-02
-11.27620000 2.39335000e-02
-11.24620000 2.88388000e-02
-11.21620000 3.88797000e-02
-11.18620000 5.21051000e-02
-11.15620000 5.37658000e-02
-11.12620000 4.54405000e-02
-11.09620000 3.72143000e-02
-11.06620000 3.03914000e-02
-11.03620000 2.68253000e-02
-11.00620000 2.60532000e-02
-10.97620000 2.73542000e-02
-10.94620000 2.85755000e-02
-10.91620000 2.98308000e-02
-10.88620000 3.34840000e-02
-10.85620000 3.98173000e-02
-10.82620000 5.17090000e-02
-10.79620000 7.41837000e-02
-10.76620000 1.00956000e-01
-10.73620000 9.59432000e-02
-10.70620000 7.35103000e-02
-10.67620000 5.65401000e-02
-10.64620000 4.66160000e-02
-10.61620000 4.18178000e-02
-10.57790000 4.06133000e-02
-10.54790000 4.17832000e-02
-10.51790000 4.47249000e-02
-10.48790000 4.91417000e-02
-10.45790000 5.58975000e-02
-10.42790000 6.62678000e-02
-10.39790000 8.13245000e-02
-10.36790000 1.05309000e-01
-10.33790000 1.47848000e-01
-10.30790000 2.29107000e-01
-10.27790000 3.88207000e-01
-10.24790000 6.04012000e-01
-10.21790000 5.77341000e-01
-10.18790000 3.94690000e-01
-10.15790000 3.10026000e-01
-10.12790000 2.85080000e-01
-10.09790000 2.19576000e-01
-10.06790000 1.59981000e-01
-10.03790000 1.31233000e-01
-10.00790000 1.21907000e-01
-9.97787000 1.25299000e-01
-9.94787000 1.40405000e-01
-9.91787000 1.70764000e-01
-9.88787000 2.24191000e-01
-9.85787000 3.07673000e-01
-9.82787000 4.53324000e-01
-9.79787000 7.53458000e-01
-9.76787000 1.27978000e+00
-9.73787000 1.52084000e+00
-9.70787000 1.02387000e+00
-9.67787000 5.91313000e-01
-9.64787000 3.73714000e-01
-9.61787000 2.67886000e-01
-9.58787000 2.16236000e-01
-9.55787000 2.02882000e-01
-9.52787000 2.06474000e-01
-9.49787000 1.76043000e-01
-9.46787000 1.38493000e-01
-9.43787000 1.18296000e-01
-9.40787000 1.10222000e-01
-9.37787000 1.10154000e-01
-9.34787000 1.16024000e-01
-9.31787000 1.22812000e-01
-9.28787000 1.31853000e-01
-9.25787000 1.49047000e-01
-9.22787000 1.77495000e-01
-9.19787000 2.23235000e-01
-9.16787000 2.99181000e-01
-9.13787000 4.32503000e-01
-9.10787000 6.82287000e-01
-9.07787000 1.17826000e+00
-9.04787000 1.96872000e+00
-9.01787000 2.10200000e+00
-8.98787000 1.33121000e+00
-8.95787000 7.65122000e-01
-8.92787000 4.78897000e-01
-8.89787000 3.32416000e-01
-8.86787000 2.52198000e-01
-8.83787000 2.05997000e-01
-8.80787000 1.78830000e-01
-8.77787000 1.63559000e-01
-8.74787000 1.56962000e-01
-8.71787000 1.57502000e-01
-8.67951000 1.68522000e-01
-8.64951000 1.86353000e-01
-8.61951000 2.15611000e-01
-8.58951000 2.63910000e-01
-8.55951000 3.45951000e-01
-8.52951000 4.93901000e-01
-8.49951000 7.78598000e-01
-8.46951000 1.30841000e+00
-8.43951000 1.96423000e+00
-8.40951000 1.83944000e+00
-8.37951000 1.14372000e+00
-8.34951000 7.08432000e-01
-8.31951000 5.00543000e-01
-8.28951000 4.04010000e-01
-8.25951000 3.63250000e-01
-8.22951000 3.56254000e-01
-8.19951000 3.76676000e-01
-8.16951000 4.25163000e-01
-8.13951000 5.09213000e-01
-8.10951000 6.45598000e-01
-8.07951000 8.70029000e-01
-8.04951000 1.25749000e+00
-8.01951000 1.97541000e+00
-7.98951000 3.39740000e+00
-7.95951000 5.96546000e+00
-7.92951000 7.81989000e+00
-7.89951000 5.69617000e+00
-7.86951000 3.20612000e+00
-7.83951000 1.87007000e+00
-7.80951000 1.18676000e+00
-7.77951000 8.12076000e-01
-7.74951000 5.90017000e-01
-7.71951000 4.48618000e-01
-7.68951000 3.55001000e-01
-7.65951000 2.91710000e-01
-7.62951000 2.46301000e-01
-7.59951000 2.08590000e-01
-7.56951000 1.76380000e-01
-7.53951000 1.52009000e-01
-7.50951000 1.33885000e-01
-7.47951000 1.20607000e-01
-7.44951000 1.11580000e-01
-7.41951000 1.05599000e-01
-7.38951000 9.77699000e-02
-7.35951000 9.01376000e-02
-7.32951000 8.69434000e-02
-7.29951000 8.43059000e-02
-7.26951000 7.82264000e-02
-7.23951000 6.99374000e-02
-7.20951000 6.28747000e-02
-7.17951000 5.68081000e-02
-7.14951000 5.22959000e-02
-7.11951000 4.91482000e-02
-7.08951000 4.67463000e-02
-7.05951000 4.48839000e-02
-7.02951000 4.38623000e-02
-6.99951000 4.41034000e-02
-6.96951000 4.54726000e-02
-6.93951000 4.68576000e-02
-6.90951000 4.77005000e-02
-6.87951000 4.32981000e-02
-6.84951000 3.84136000e-02
-6.81951000 3.55660000e-02
-6.78115000 3.37424000e-02
-6.75115000 3.29867000e-02
-6.72115000 3.23658000e-02
-6.69115000 3.17971000e-02
-6.66115000 3.15130000e-02
-6.63115000 3.16148000e-02
-6.60115000 3.25926000e-02
-6.57115000 3.54249000e-02
-6.54115000 4.17047000e-02
-6.51115000 5.05211000e-02
-6.48115000 4.96365000e-02
-6.45115000 4.30860000e-02
-6.42115000 4.17815000e-02
-6.39115000 4.28685000e-02
-6.36115000 4.09716000e-02
-6.33115000 3.83320000e-02
-6.30115000 3.64753000e-02
-6.27115000 3.60087000e-02
-6.24115000 3.48416000e-02
-6.21115000 3.45751000e-02
-6.18115000 3.73749000e-02
-6.15115000 4.40470000e-02
-6.12115000 5.64066000e-02
-6.09115000 6.26919000e-02
-6.06115000 5.08874000e-02
-6.03115000 4.06189000e-02
-6.00115000 3.64921000e-02
-5.97115000 3.65602000e-02
-5.94115000 4.06790000e-02
-5.91115000 4.82936000e-02
-5.88115000 5.39532000e-02
-5.85115000 5.84397000e-02
-5.82115000 5.55115000e-02
-5.79115000 4.77989000e-02
-5.76115000 3.95120000e-02
-5.73115000 3.47766000e-02
-5.70115000 3.31925000e-02
-5.67115000 3.36458000e-02
-5.64115000 3.67581000e-02
-5.61115000 4.07636000e-02
-5.58115000 3.85899000e-02
-5.55115000 3.46924000e-02
-5.52115000 3.29124000e-02
-5.49115000 3.20909000e-02
-5.46115000 3.20941000e-02
-5.43115000 3.33861000e-02
-5.40115000 3.63985000e-02
-5.37115000 4.21221000e-02
-5.34115000 5.01246000e-02
-5.31115000 5.70193000e-02
-5.28115000 6.90163000e-02
-5.25115000 7.83312000e-02
-5.22115000 6.81019000e-02
-5.19115000 5.92555000e-02
-5.16115000 5.96074000e-02
-5.13115000 6.93267000e-02
-5.10115000 9.16390000e-02
-5.07115000 1.19048000e-01
-5.04115000 1.23692000e-01
-5.01115000 1.26597000e-01
-4.98115000 1.33293000e-01
-4.95115000 1.46055000e-01
-4.92115000 1.74304000e-01
-4.88280000 2.02674000e-01
-4.85280000 1.63407000e-01
-4.82280000 1.13355000e-01
-4.79280000 8.77187000e-02
-4.76280000 7.67754000e-02
-4.73280000 7.23232000e-02
-4.70280000 7.31793000e-02
-4.67280000 7.95679000e-02
-4.64280000 9.31079000e-02
-4.61280000 1.18863000e-01
-4.58280000 1.67954000e-01
-4.55280000 2.51567000e-01
-4.52280000 3.14477000e-01
-4.49280000 2.95711000e-01
-4.46280000 2.73077000e-01
-4.43280000 3.19730000e-01
-4.40280000 4.49053000e-01
-4.37280000 4.92397000e-01
-4.34280000 3.73598000e-01
-4.31280000 3.04256000e-01
-4.28280000 3.02340000e-01
-4.25280000 2.52501000e-01
-4.22280000 1.78213000e-01
-4.19280000 1.38535000e-01
-4.16280000 1.25528000e-01
-4.13280000 1.21523000e-01
-4.10280000 1.09655000e-01
-4.07280000 1.00040000e-01
-4.04280000 9.72701000e-02
-4.01280000 1.00740000e-01
-3.98280000 1.05255000e-01
-3.95280000 1.12395000e-01
-3.92280000 1.21427000e-01
-3.89280000 1.37264000e-01
-3.86280000 1.50341000e-01
-3.83280000 1.55655000e-01
-3.80280000 1.77531000e-01
-3.77280000 2.26489000e-01
-3.74280000 2.81384000e-01
-3.71280000 2.98732000e-01
-3.68280000 3.07768000e-01
-3.65280000 3.60869000e-01
-3.62280000 4.94541000e-01
-3.59280000 7.27164000e-01
-3.56280000 1.00945000e+00
-3.53280000 1.41865000e+00
-3.50280000 1.61400000e+00
-3.47280000 1.44489000e+00
-3.44280000 1.14660000e+00
-3.41280000 8.58314000e-01
-3.38280000 6.39316000e-01
-3.35280000 5.52103000e-01
-3.32280000 5.77541000e-01
-3.29280000 6.04606000e-01
-3.26280000 6.34396000e-01
-3.23280000 7.64215000e-01
-3.20280000 8.91086000e-01
-3.17280000 1.06809000e+00
-3.14280000 1.25164000e+00
-3.11280000 1.16590000e+00
-3.08280000 1.06777000e+00
-3.05280000 1.25055000e+00
-3.02280000 1.85080000e+00
-2.98444000 2.60883000e+00
-2.95444000 2.14267000e+00
-2.92444000 1.48570000e+00
-2.89444000 1.04145000e+00
-2.86444000 7.73175000e-01
-2.83444000 6.51731000e-01
-2.80444000 6.13866000e-01
-2.77444000 6.60583000e-01
-2.74444000 8.40070000e-01
-2.71444000 1.23368000e+00
-2.68444000 1.77699000e+00
-2.65444000 2.13936000e+00
-2.62444000 2.30842000e+00
-2.59444000 1.74601000e+00
-2.56444000 1.17062000e+00
-2.53444000 9.42072000e-01
-2.50444000 9.64512000e-01
-2.47444000 1.17725000e+00
-2.44444000 1.41498000e+00
-2.41444000 1.69077000e+00
-2.38444000 1.89917000e+00
-2.35444000 1.48136000e+00
-2.32444000 1.09055000e+00
-2.29444000 8.19863000e-01
-2.26444000 5.70728000e-01
-2.23444000 4.21075000e-01
-2.20444000 3.40401000e-01
-2.17444000 3.01705000e-01
-2.14444000 2.95130000e-01
-2.11444000 3.12774000e-01
-2.08444000 3.42803000e-01
-2.05444000 3.91378000e-01
-2.02444000 4.06694000e-01
-1.99444000 4.15475000e-01
-1.96444000 4.73631000e-01
-1.93444000 5.95651000e-01
-1.90444000 7.97808000e-01
-1.87444000 9.83089000e-01
-1.84444000 1.03795000e+00
-1.81444000 9.70276000e-01
-1.78444000 8.59470000e-01
-1.75444000 9.15270000e-01
-1.72444000 1.11694000e+00
-1.69444000 1.08237000e+00
-1.66444000 8.30280000e-01
-1.63444000 6.47646000e-01
-1.60444000 6.08936000e-01
-1.57444000 7.14896000e-01
-1.54444000 8.50073000e-01
-1.51444000 7.98513000e-01
-1.48444000 6.85570000e-01
-1.45444000 6.24351000e-01
-1.42444000 6.70735000e-01
-1.39444000 8.38206000e-01
-1.36444000 8.29514000e-01
-1.33444000 6.44133000e-01
-1.30444000 5.28690000e-01
-1.27444000 4.74716000e-01
-1.24444000 4.83998000e-01
-1.21444000 4.80249000e-01
-1.18444000 4.15102000e-01
-1.15444000 3.54637000e-01
-1.12444000 3.42526000e-01
-1.08609000 3.97557000e-01
-1.05609000 5.18696000e-01
-1.02609000 7.10486000e-01
-0.99608600 7.74118000e-01
-0.96608600 7.55850000e-01
-0.93608600 7.21253000e-01
-0.90608600 6.38761000e-01
-0.87608600 6.27102000e-01
-0.84608600 6.87577000e-01
-0.81608600 7.51778000e-01
-0.78608600 8.49824000e-01
-0.75608600 9.65253000e-01
-0.72608600 1.06368000e+00
-0.69608600 9.14936000e-01
-0.66608600 6.34029000e-01
-0.63608600 4.78514000e-01
-0.60608600 4.05994000e-01
-0.57608600 3.62360000e-01
-0.54608600 3.47605000e-01
-0.51608600 3.49746000e-01
-0.48608600 3.44574000e-01
-0.45608600 3.50277000e-01
-0.42608600 3.88069000e-01
-0.39608600 4.70715000e-01
-0.36608600 6.24744000e-01
-0.33608600 9.28566000e-01
-0.30608600 1.43758000e+00
-0.27608600 1.69375000e+00
-0.24608600 1.35828000e+00
-0.21608600 9.57760000e-01
-0.18608600 7.11155000e-01
-0.15608600 5.88334000e-01
-0.12608600 5.38690000e-01
-0.09608600 5.52484000e-01
-0.06608600 5.97252000e-01
-0.03608600 6.17329000e-01
-0.00608598 6.51240000e-01
0.02391400 7.33925000e-01
0.05391400 8.99650000e-01
0.08391400 1.21331000e+00
0.11391400 1.80574000e+00
0.14391400 2.85657000e+00
0.17391400 4.05234000e+00
0.20391400 4.16625000e+00
0.23391400 3.51088000e+00
0.26391400 2.94968000e+00
0.29391400 2.71418000e+00
0.32391400 2.59665000e+00
0.35391400 2.11662000e+00
0.38391400 1.78920000e+00
0.41391400 1.76058000e+00
0.44391400 1.95281000e+00
0.47391400 2.34221000e+00
0.50391400 2.64925000e+00
0.53391400 3.08989000e+00
0.56391400 4.06987000e+00
0.59391400 4.98714000e+00
0.62391400 5.35005000e+00
0.65391400 5.65638000e+00
0.68391400 6.53741000e+00
0.71391400 7.75345000e+00
0.74391400 8.02104000e+00
0.77391400 7.80505000e+00
