# E(MeV)  S_GAMTGAMT(K=1) for Xe171_DDPCX
-18.17130000 2.22684000e-03
-18.14130000 2.23502000e-03
-18.11130000 2.24325000e-03
-18.08130000 2.25152000e-03
-18.05130000 2.25984000e-03
-18.02130000 2.26821000e-03
-17.99130000 2.27664000e-03
-17.96130000 2.28511000e-03
-17.93130000 2.29363000e-03
-17.90130000 2.30221000e-03
-17.87130000 2.31084000e-03
-17.84130000 2.31952000e-03
-17.81130000 2.32825000e-03
-17.78130000 2.33704000e-03
-17.75130000 2.34588000e-03
-17.72130000 2.35478000e-03
-17.69130000 2.36374000e-03
-17.66130000 2.37275000e-03
-17.63130000 2.38182000e-03
-17.60130000 2.39095000e-03
-17.57130000 2.40014000e-03
-17.54130000 2.40938000e-03
-17.51130000 2.41869000e-03
-17.48130000 2.42806000e-03
-17.45130000 2.43749000e-03
-17.42130000 2.44699000e-03
-17.39130000 2.45654000e-03
-17.36130000 2.46617000e-03
-17.33130000 2.47585000e-03
-17.30130000 2.48561000e-03
-17.27130000 2.49543000e-03
-17.24130000 2.50532000e-03
-17.21130000 2.51528000e-03
-17.18130000 2.52531000e-03
-17.15130000 2.53541000e-03
-17.12130000 2.54558000e-03
-17.09130000 2.55583000e-03
-17.06130000 2.56615000e-03
-17.03130000 2.57654000e-03
-17.00130000 2.58702000e-03
-16.97130000 2.59757000e-03
-16.94130000 2.60820000e-03
-16.91130000 2.61891000e-03
-16.88130000 2.62970000e-03
-16.85130000 2.64058000e-03
-16.82130000 2.65155000e-03
-16.79130000 2.66260000e-03
-16.76130000 2.67375000e-03
-16.73130000 2.68499000e-03
-16.70130000 2.69632000e-03
-16.67130000 2.70776000e-03
-16.64130000 2.71929000e-03
-16.61130000 2.73094000e-03
-16.58130000 2.74270000e-03
-16.55130000 2.75458000e-03
-16.52130000 2.76659000e-03
-16.49130000 2.77874000e-03
-16.46130000 2.79105000e-03
-16.43130000 2.80354000e-03
-16.40130000 2.81625000e-03
-16.37130000 2.82923000e-03
-16.34130000 2.84257000e-03
-16.31130000 2.85642000e-03
-16.27290000 2.87531000e-03
-16.24290000 2.89179000e-03
-16.21290000 2.91129000e-03
-16.18290000 2.93713000e-03
-16.15290000 2.97475000e-03
-16.12290000 3.01280000e-03
-16.09290000 3.01003000e-03
-16.06290000 2.99681000e-03
-16.03290000 2.99591000e-03
-16.00290000 3.00279000e-03
-15.97290000 3.01345000e-03
-15.94290000 3.02614000e-03
-15.91290000 3.04012000e-03
-15.88290000 3.05508000e-03
-15.85290000 3.07095000e-03
-15.82290000 3.08777000e-03
-15.79290000 3.10571000e-03
-15.76290000 3.12508000e-03
-15.73290000 3.14642000e-03
-15.70290000 3.17059000e-03
-15.67290000 3.19911000e-03
-15.64290000 3.23475000e-03
-15.61290000 3.28290000e-03
-15.58290000 3.35496000e-03
-15.55290000 3.47626000e-03
-15.52290000 3.69580000e-03
-15.49290000 4.00853000e-03
-15.46290000 4.19512000e-03
-15.43290000 4.14026000e-03
-15.40290000 3.83118000e-03
-15.37290000 3.60840000e-03
-15.34290000 3.50179000e-03
-15.31290000 3.45364000e-03
-15.28290000 3.43352000e-03
-15.25290000 3.42799000e-03
-15.22290000 3.43056000e-03
-15.19290000 3.43739000e-03
-15.16290000 3.44718000e-03
-15.13290000 3.45931000e-03
-15.10290000 3.47308000e-03
-15.07290000 3.48807000e-03
-15.04290000 3.50399000e-03
-15.01290000 3.52066000e-03
-14.98290000 3.53796000e-03
-14.95290000 3.55581000e-03
-14.92290000 3.57416000e-03
-14.89290000 3.59297000e-03
-14.86290000 3.61221000e-03
-14.83290000 3.63188000e-03
-14.80290000 3.65198000e-03
-14.77290000 3.67251000e-03
-14.74290000 3.69351000e-03
-14.71290000 3.71504000e-03
-14.68290000 3.73720000e-03
-14.65290000 3.75998000e-03
-14.62290000 3.78319000e-03
-14.59290000 3.80741000e-03
-14.56290000 3.83357000e-03
-14.53290000 3.86296000e-03
-14.50290000 3.89448000e-03
-14.47290000 3.91914000e-03
-14.44290000 3.94150000e-03
-14.41290000 3.96825000e-03
-14.37460000 4.01075000e-03
-14.34460000 4.05282000e-03
-14.31460000 4.09264000e-03
-14.28460000 4.12950000e-03
-14.25460000 4.17936000e-03
-14.22460000 4.21970000e-03
-14.19460000 4.25212000e-03
-14.16460000 4.31156000e-03
-14.13460000 4.41432000e-03
-14.10460000 4.59006000e-03
-14.07460000 4.82238000e-03
-14.04460000 4.82302000e-03
-14.01460000 4.66771000e-03
-13.98460000 4.59853000e-03
-13.95460000 4.60727000e-03
-13.92460000 4.67281000e-03
-13.89460000 4.80534000e-03
-13.86460000 5.03905000e-03
-13.83460000 5.32066000e-03
-13.80460000 5.54949000e-03
-13.77460000 5.92935000e-03
-13.74460000 6.04981000e-03
-13.71460000 5.71649000e-03
-13.68460000 5.47756000e-03
-13.65460000 5.44950000e-03
-13.62460000 5.65975000e-03
-13.59460000 6.14144000e-03
-13.56460000 6.57647000e-03
-13.53460000 6.37174000e-03
-13.50460000 5.96416000e-03
-13.47460000 5.76235000e-03
-13.44460000 5.78373000e-03
-13.41460000 6.03443000e-03
-13.38460000 6.59140000e-03
-13.35460000 7.18566000e-03
-13.32460000 6.92440000e-03
-13.29460000 6.46368000e-03
-13.26460000 6.33728000e-03
-13.23460000 6.43181000e-03
-13.20460000 6.53809000e-03
-13.17460000 6.74751000e-03
-13.14460000 7.23846000e-03
-13.11460000 8.15461000e-03
-13.08460000 9.34085000e-03
-13.05460000 1.01987000e-02
-13.02460000 1.15994000e-02
-12.99460000 1.37346000e-02
-12.96460000 1.63589000e-02
-12.93460000 1.71740000e-02
-12.90460000 1.47920000e-02
-12.87460000 1.37341000e-02
-12.84460000 1.30494000e-02
-12.81460000 1.29800000e-02
-12.78460000 1.51237000e-02
-12.75460000 1.79902000e-02
-12.72460000 1.58166000e-02
-12.69460000 1.21948000e-02
-12.66460000 1.03288000e-02
-12.63460000 9.49357000e-03
-12.60460000 8.99154000e-03
-12.57460000 8.84851000e-03
-12.54460000 9.02127000e-03
-12.51460000 9.27319000e-03
-12.47620000 9.83721000e-03
-12.44620000 1.06104000e-02
-12.41620000 1.16018000e-02
-12.38620000 1.33818000e-02
-12.35620000 1.63422000e-02
-12.32620000 2.07019000e-02
-12.29620000 2.82972000e-02
-12.26620000 4.18376000e-02
-12.23620000 5.81116000e-02
-12.20620000 5.21736000e-02
-12.17620000 3.53934000e-02
-12.14620000 2.46294000e-02
-12.11620000 1.83501000e-02
-12.08620000 1.51690000e-02
-12.05620000 1.37764000e-02
-12.02620000 1.29108000e-02
-11.99620000 1.20948000e-02
-11.96620000 1.16515000e-02
-11.93620000 1.17242000e-02
-11.90620000 1.25729000e-02
-11.87620000 1.41732000e-02
-11.84620000 1.44662000e-02
-11.81620000 1.31675000e-02
-11.78620000 1.25277000e-02
-11.75620000 1.26713000e-02
-11.72620000 1.34357000e-02
-11.69620000 1.50007000e-02
-11.66620000 1.78931000e-02
-11.63620000 2.33378000e-02
-11.60620000 3.10255000e-02
-11.57620000 3.50408000e-02
-11.54620000 3.80299000e-02
-11.51620000 4.04269000e-02
-11.48620000 3.56213000e-02
-11.45620000 3.25430000e-02
-11.42620000 3.64079000e-02
-11.39620000 4.47270000e-02
-11.36620000 5.08227000e-02
-11.33620000 6.13641000e-02
-11.30620000 6.40345000e-02
-11.27620000 4.85641000e-02
-11.24620000 3.55752000e-02
-11.21620000 3.03926000e-02
-11.18620000 3.12190000e-02
-11.15620000 3.33109000e-02
-11.12620000 2.81892000e-02
-11.09620000 2.25438000e-02
-11.06620000 1.91990000e-02
-11.03620000 1.74442000e-02
-11.00620000 1.69839000e-02
-10.97620000 1.70215000e-02
-10.94620000 1.67447000e-02
-10.91620000 1.63764000e-02
-10.88620000 1.58864000e-02
-10.85620000 1.57063000e-02
-10.82620000 1.58823000e-02
-10.79620000 1.62487000e-02
-10.76620000 1.68777000e-02
-10.73620000 1.78923000e-02
-10.70620000 1.89668000e-02
-10.67620000 2.00811000e-02
-10.64620000 2.16674000e-02
-10.61620000 2.41996000e-02
-10.57790000 3.04579000e-02
-10.54790000 4.02670000e-02
-10.51790000 5.90833000e-02
-10.48790000 8.77201000e-02
-10.45790000 9.22970000e-02
-10.42790000 6.79769000e-02
-10.39790000 5.38982000e-02
-10.36790000 5.32784000e-02
-10.33790000 6.31900000e-02
-10.30790000 7.74839000e-02
-10.27790000 7.07922000e-02
-10.24790000 5.29927000e-02
-10.21790000 4.39333000e-02
-10.18790000 4.19707000e-02
-10.15790000 4.52469000e-02
-10.12790000 5.35838000e-02
-10.09790000 5.87365000e-02
-10.06790000 5.96867000e-02
-10.03790000 6.79579000e-02
-10.00790000 8.47393000e-02
-9.97787000 1.20161000e-01
-9.94787000 1.57658000e-01
-9.91787000 1.30269000e-01
-9.88787000 8.72004000e-02
-9.85787000 6.47027000e-02
-9.82787000 5.49910000e-02
-9.79787000 5.07517000e-02
-9.76787000 4.91559000e-02
-9.73787000 5.06315000e-02
-9.70787000 5.67846000e-02
-9.67787000 6.81426000e-02
-9.64787000 7.41959000e-02
-9.61787000 7.15077000e-02
-9.58787000 7.49061000e-02
-9.55787000 8.81503000e-02
-9.52787000 1.15456000e-01
-9.49787000 1.63407000e-01
-9.46787000 2.40402000e-01
-9.43787000 3.30113000e-01
-9.40787000 2.91690000e-01
-9.37787000 1.95915000e-01
-9.34787000 1.39283000e-01
-9.31787000 1.16355000e-01
-9.28787000 1.15021000e-01
-9.25787000 1.23930000e-01
-9.22787000 1.15744000e-01
-9.19787000 1.00299000e-01
-9.16787000 9.34350000e-02
-9.13787000 9.33247000e-02
-9.10787000 9.78903000e-02
-9.07787000 1.05473000e-01
-9.04787000 1.13883000e-01
-9.01787000 1.24189000e-01
-8.98787000 1.39531000e-01
-8.95787000 1.61483000e-01
-8.92787000 1.90996000e-01
-8.89787000 2.32486000e-01
-8.86787000 2.96249000e-01
-8.83787000 4.03412000e-01
-8.80787000 5.90776000e-01
-8.77787000 8.99964000e-01
-8.74787000 1.13446000e+00
-8.71787000 1.05814000e+00
-8.67951000 1.17174000e+00
-8.64951000 1.68786000e+00
-8.61951000 2.73921000e+00
-8.58951000 3.85206000e+00
-8.55951000 3.44988000e+00
-8.52951000 2.14477000e+00
-8.49951000 1.33135000e+00
-8.46951000 9.23087000e-01
-8.43951000 7.21903000e-01
-8.40951000 6.46511000e-01
-8.37951000 6.64366000e-01
-8.34951000 7.83257000e-01
-8.31951000 1.06395000e+00
-8.28951000 1.66355000e+00
-8.25951000 2.64461000e+00
-8.22951000 2.84103000e+00
-8.19951000 1.89374000e+00
-8.16951000 1.20687000e+00
-8.13951000 9.05143000e-01
-8.10951000 8.01689000e-01
-8.07951000 7.39797000e-01
-8.04951000 7.03926000e-01
-8.01951000 7.41821000e-01
-7.98951000 8.35205000e-01
-7.95951000 9.95883000e-01
-7.92951000 1.30303000e+00
-7.89951000 1.89858000e+00
-7.86951000 3.08406000e+00
-7.83951000 5.27395000e+00
-7.80951000 7.37829000e+00
-7.77951000 6.45770000e+00
-7.74951000 5.36856000e+00
-7.71951000 4.98481000e+00
-7.68951000 3.51173000e+00
-7.65951000 2.17567000e+00
-7.62951000 1.39824000e+00
-7.59951000 9.53568000e-01
-7.56951000 6.98210000e-01
-7.53951000 5.34478000e-01
-7.50951000 4.18932000e-01
-7.47951000 3.39191000e-01
-7.44951000 2.83201000e-01
-7.41951000 2.40857000e-01
-7.38951000 2.06910000e-01
-7.35951000 1.79868000e-01
-7.32951000 1.58497000e-01
-7.29951000 1.41738000e-01
-7.26951000 1.28666000e-01
-7.23951000 1.16992000e-01
-7.20951000 1.05738000e-01
-7.17951000 9.61289000e-02
-7.14951000 8.82160000e-02
-7.11951000 8.15556000e-02
-7.08951000 7.60118000e-02
-7.05951000 7.15520000e-02
-7.02951000 6.80572000e-02
-6.99951000 6.48643000e-02
-6.96951000 6.10377000e-02
-6.93951000 5.73372000e-02
-6.90951000 5.43893000e-02
-6.87951000 5.20096000e-02
-6.84951000 5.03702000e-02
-6.81951000 4.94801000e-02
-6.78115000 4.84052000e-02
-6.75115000 4.69947000e-02
-6.72115000 4.61966000e-02
-6.69115000 4.52271000e-02
-6.66115000 4.45213000e-02
-6.63115000 4.30657000e-02
-6.60115000 4.17916000e-02
-6.57115000 4.19127000e-02
-6.54115000 4.42164000e-02
-6.51115000 4.84868000e-02
-6.48115000 4.97967000e-02
-6.45115000 4.44197000e-02
-6.42115000 4.01347000e-02
-6.39115000 3.86543000e-02
-6.36115000 3.92889000e-02
-6.33115000 3.90047000e-02
-6.30115000 3.69578000e-02
-6.27115000 3.57623000e-02
-6.24115000 3.63402000e-02
-6.21115000 3.82271000e-02
-6.18115000 3.95817000e-02
-6.15115000 4.03764000e-02
-6.12115000 4.30939000e-02
-6.09115000 4.41205000e-02
-6.06115000 4.15822000e-02
-6.03115000 3.75521000e-02
-6.00115000 3.50637000e-02
-5.97115000 3.47676000e-02
-5.94115000 3.55243000e-02
-5.91115000 3.76332000e-02
-5.88115000 4.07431000e-02
-5.85115000 3.96884000e-02
-5.82115000 3.50672000e-02
-5.79115000 3.24858000e-02
-5.76115000 3.20670000e-02
-5.73115000 3.37392000e-02
-5.70115000 3.65452000e-02
-5.67115000 3.74883000e-02
-5.64115000 3.42680000e-02
-5.61115000 3.13292000e-02
-5.58115000 3.03305000e-02
-5.55115000 3.04364000e-02
-5.52115000 3.06947000e-02
-5.49115000 3.07465000e-02
-5.46115000 3.14765000e-02
-5.43115000 3.40553000e-02
-5.40115000 3.96420000e-02
-5.37115000 4.92982000e-02
-5.34115000 5.80066000e-02
-5.31115000 5.76288000e-02
-5.28115000 5.48050000e-02
-5.25115000 5.78478000e-02
-5.22115000 5.98142000e-02
-5.19115000 5.74924000e-02
-5.16115000 5.17438000e-02
-5.13115000 4.33417000e-02
-5.10115000 3.82694000e-02
-5.07115000 3.68701000e-02
-5.04115000 3.76856000e-02
-5.01115000 3.95558000e-02
-4.98115000 4.25380000e-02
-4.95115000 4.79921000e-02
-4.92115000 5.63517000e-02
-4.88280000 5.33050000e-02
-4.85280000 4.48764000e-02
-4.82280000 4.02534000e-02
-4.79280000 3.85306000e-02
-4.76280000 3.90723000e-02
-4.73280000 4.10137000e-02
-4.70280000 4.30002000e-02
-4.67280000 4.63953000e-02
-4.64280000 5.37260000e-02
-4.61280000 6.60262000e-02
-4.58280000 7.87825000e-02
-4.55280000 9.51259000e-02
-4.52280000 1.07614000e-01
-4.49280000 1.03747000e-01
-4.46280000 1.04800000e-01
-4.43280000 1.26505000e-01
-4.40280000 1.75180000e-01
-4.37280000 2.31629000e-01
-4.34280000 2.10641000e-01
-4.31280000 1.53783000e-01
-4.28280000 1.29000000e-01
-4.25280000 1.17069000e-01
-4.22280000 1.02235000e-01
-4.19280000 9.49909000e-02
-4.16280000 8.23036000e-02
-4.13280000 6.91258000e-02
-4.10280000 6.22934000e-02
-4.07280000 5.96897000e-02
-4.04280000 5.94036000e-02
-4.01280000 6.10681000e-02
-3.98280000 6.50680000e-02
-3.95280000 7.21924000e-02
-3.92280000 8.29257000e-02
-3.89280000 1.00189000e-01
-3.86280000 1.22843000e-01
-3.83280000 1.37962000e-01
-3.80280000 1.61406000e-01
-3.77280000 1.96582000e-01
-3.74280000 2.12713000e-01
-3.71280000 2.51304000e-01
-3.68280000 3.13184000e-01
-3.65280000 2.92445000e-01
-3.62280000 2.46066000e-01
-3.59280000 2.58967000e-01
-3.56280000 3.28141000e-01
-3.53280000 3.75056000e-01
-3.50280000 3.62662000e-01
-3.47280000 2.89764000e-01
-3.44280000 2.23904000e-01
-3.41280000 1.95822000e-01
-3.38280000 1.97810000e-01
-3.35280000 2.25314000e-01
-3.32280000 2.69204000e-01
-3.29280000 3.24220000e-01
-3.26280000 3.93410000e-01
-3.23280000 4.73538000e-01
-3.20280000 5.26265000e-01
-3.17280000 4.81189000e-01
-3.14280000 4.35613000e-01
-3.11280000 4.77200000e-01
-3.08280000 5.91092000e-01
-3.05280000 7.44681000e-01
-3.02280000 1.01027000e+00
-2.98444000 1.42290000e+00
-2.95444000 1.65363000e+00
-2.92444000 1.78483000e+00
-2.89444000 1.58015000e+00
-2.86444000 1.20156000e+00
-2.83444000 8.75384000e-01
-2.80444000 6.83017000e-01
-2.77444000 6.25125000e-01
-2.74444000 6.11047000e-01
-2.71444000 6.07653000e-01
-2.68444000 7.01143000e-01
-2.65444000 9.62181000e-01
-2.62444000 1.49281000e+00
-2.59444000 2.07765000e+00
-2.56444000 1.95013000e+00
-2.53444000 1.44602000e+00
-2.50444000 1.11981000e+00
-2.47444000 1.03056000e+00
-2.44444000 1.12944000e+00
-2.41444000 1.14645000e+00
-2.38444000 1.10006000e+00
-2.35444000 1.17263000e+00
-2.32444000 1.31502000e+00
-2.29444000 1.61731000e+00
-2.26444000 2.09845000e+00
-2.23444000 2.88523000e+00
-2.20444000 4.24571000e+00
-2.17444000 4.58639000e+00
-2.14444000 3.51613000e+00
-2.11444000 2.70638000e+00
-2.08444000 2.32801000e+00
-2.05444000 2.15037000e+00
-2.02444000 2.23235000e+00
-1.99444000 2.72608000e+00
-1.96444000 2.90713000e+00
-1.93444000 2.80455000e+00
-1.90444000 2.54675000e+00
-1.87444000 2.04005000e+00
-1.84444000 1.53755000e+00
-1.81444000 1.17867000e+00
-1.78444000 1.03064000e+00
-1.75444000 1.08499000e+00
-1.72444000 1.24289000e+00
-1.69444000 1.49005000e+00
-1.66444000 2.00860000e+00
-1.63444000 2.27463000e+00
-1.60444000 2.08683000e+00
-1.57444000 2.08634000e+00
-1.54444000 1.89594000e+00
-1.51444000 1.59366000e+00
-1.48444000 1.40379000e+00
-1.45444000 1.21040000e+00
-1.42444000 1.03708000e+00
-1.39444000 1.05474000e+00
-1.36444000 1.27918000e+00
-1.33444000 1.54148000e+00
-1.30444000 1.40750000e+00
-1.27444000 1.07718000e+00
-1.24444000 8.70447000e-01
-1.21444000 7.95671000e-01
-1.18444000 8.37990000e-01
-1.15444000 9.61352000e-01
-1.12444000 1.21971000e+00
-1.08609000 1.79392000e+00
-1.05609000 1.87188000e+00
-1.02609000 1.73109000e+00
-0.99608600 1.71855000e+00
-0.96608600 1.47831000e+00
-0.93608600 1.12266000e+00
-0.90608600 9.27833000e-01
-0.87608600 8.30281000e-01
-0.84608600 7.75512000e-01
-0.81608600 8.03867000e-01
-0.78608600 8.94896000e-01
-0.75608600 9.40431000e-01
-0.72608600 9.42860000e-01
-0.69608600 9.44808000e-01
-0.66608600 1.05433000e+00
-0.63608600 1.19630000e+00
-0.60608600 1.29530000e+00
-0.57608600 1.35357000e+00
-0.54608600 1.60642000e+00
-0.51608600 2.21256000e+00
-0.48608600 2.98335000e+00
-0.45608600 3.45706000e+00
-0.42608600 3.37677000e+00
-0.39608600 2.75979000e+00
-0.36608600 2.36143000e+00
-0.33608600 2.12256000e+00
-0.30608600 1.85792000e+00
-0.27608600 1.58930000e+00
-0.24608600 1.41585000e+00
-0.21608600 1.47776000e+00
-0.18608600 1.86781000e+00
-0.15608600 2.35013000e+00
-0.12608600 2.51236000e+00
-0.09608600 2.24233000e+00
-0.06608600 1.84602000e+00
-0.03608600 1.75853000e+00
-0.00608598 1.79066000e+00
0.02391400 1.73282000e+00
0.05391400 1.67371000e+00
0.08391400 1.37062000e+00
0.11391400 1.03171000e+00
0.14391400 7.72683000e-01
0.17391400 6.44427000e-01
0.20391400 6.20612000e-01
0.23391400 6.70060000e-01
0.26391400 7.33407000e-01
0.29391400 8.37495000e-01
0.32391400 9.70313000e-01
0.35391400 1.09975000e+00
0.38391400 1.22603000e+00
0.41391400 1.34350000e+00
0.44391400 1.43793000e+00
0.47391400 1.38040000e+00
0.50391400 1.34728000e+00
0.53391400 1.38616000e+00
0.56391400 1.40288000e+00
0.59391400 1.64484000e+00
0.62391400 2.07029000e+00
0.65391400 2.27064000e+00
0.68391400 2.05062000e+00
0.71391400 1.75851000e+00
0.74391400 1.42365000e+00
0.77391400 1.10960000e+00
