# E(MeV)  S_NSDRNSDR(K=0) for Xe171_DDPCX
-18.17130000 1.24082000e-01
-18.14130000 1.25984000e-01
-18.11130000 1.11958000e-01
-18.08130000 1.02694000e-01
-18.05130000 9.85343000e-02
-18.02130000 9.68258000e-02
-17.99130000 9.62656000e-02
-17.96130000 9.62857000e-02
-17.93130000 9.66245000e-02
-17.90130000 9.71521000e-02
-17.87130000 9.77993000e-02
-17.84130000 9.85272000e-02
-17.81130000 9.93128000e-02
-17.78130000 1.00142000e-01
-17.75130000 1.01006000e-01
-17.72130000 1.01898000e-01
-17.69130000 1.02816000e-01
-17.66130000 1.03756000e-01
-17.63130000 1.04717000e-01
-17.60130000 1.05698000e-01
-17.57130000 1.06697000e-01
-17.54130000 1.07715000e-01
-17.51130000 1.08751000e-01
-17.48130000 1.09806000e-01
-17.45130000 1.10879000e-01
-17.42130000 1.11971000e-01
-17.39130000 1.13082000e-01
-17.36130000 1.14212000e-01
-17.33130000 1.15362000e-01
-17.30130000 1.16532000e-01
-17.27130000 1.17722000e-01
-17.24130000 1.18934000e-01
-17.21130000 1.20167000e-01
-17.18130000 1.21423000e-01
-17.15130000 1.22702000e-01
-17.12130000 1.24004000e-01
-17.09130000 1.25331000e-01
-17.06130000 1.26684000e-01
-17.03130000 1.28063000e-01
-17.00130000 1.29470000e-01
-16.97130000 1.30905000e-01
-16.94130000 1.32369000e-01
-16.91130000 1.33866000e-01
-16.88130000 1.35395000e-01
-16.85130000 1.36959000e-01
-16.82130000 1.38561000e-01
-16.79130000 1.40204000e-01
-16.76130000 1.41891000e-01
-16.73130000 1.43630000e-01
-16.70130000 1.45428000e-01
-16.67130000 1.47298000e-01
-16.64130000 1.49263000e-01
-16.61130000 1.51360000e-01
-16.58130000 1.53663000e-01
-16.55130000 1.56322000e-01
-16.52130000 1.59676000e-01
-16.49130000 1.64467000e-01
-16.46130000 1.71337000e-01
-16.43130000 1.75536000e-01
-16.40130000 1.73169000e-01
-16.37130000 1.71507000e-01
-16.34130000 1.71814000e-01
-16.31130000 1.73166000e-01
-16.27290000 1.75634000e-01
-16.24290000 1.77892000e-01
-16.21290000 1.80349000e-01
-16.18290000 1.82971000e-01
-16.15290000 1.85749000e-01
-16.12290000 1.88685000e-01
-16.09290000 1.91793000e-01
-16.06290000 1.95095000e-01
-16.03290000 1.98626000e-01
-16.00290000 2.02440000e-01
-15.97290000 2.06615000e-01
-15.94290000 2.11276000e-01
-15.91290000 2.16629000e-01
-15.88290000 2.23045000e-01
-15.85290000 2.31247000e-01
-15.82290000 2.42697000e-01
-15.79290000 2.59408000e-01
-15.76290000 2.77218000e-01
-15.73290000 2.90677000e-01
-15.70290000 3.16830000e-01
-15.67290000 3.73574000e-01
-15.64290000 4.84500000e-01
-15.61290000 6.05046000e-01
-15.58290000 5.42174000e-01
-15.55290000 4.20399000e-01
-15.52290000 3.54286000e-01
-15.49290000 3.24314000e-01
-15.46290000 3.11571000e-01
-15.43290000 3.07621000e-01
-15.40290000 3.08905000e-01
-15.37290000 3.14042000e-01
-15.34290000 3.22818000e-01
-15.31290000 3.35612000e-01
-15.28290000 3.53726000e-01
-15.25290000 3.82122000e-01
-15.22290000 4.31118000e-01
-15.19290000 5.21672000e-01
-15.16290000 6.61519000e-01
-15.13290000 7.07562000e-01
-15.10290000 6.39685000e-01
-15.07290000 6.48833000e-01
-15.04290000 7.76023000e-01
-15.01290000 8.96349000e-01
-14.98290000 7.62029000e-01
-14.95290000 6.00181000e-01
-14.92290000 5.17594000e-01
-14.89290000 4.80784000e-01
-14.86290000 4.66154000e-01
-14.83290000 4.63407000e-01
-14.80290000 4.68305000e-01
-14.77290000 4.79599000e-01
-14.74290000 4.98348000e-01
-14.71290000 5.28980000e-01
-14.68290000 5.81424000e-01
-14.65290000 6.55027000e-01
-14.62290000 6.72238000e-01
-14.59290000 6.35416000e-01
-14.56290000 6.22011000e-01
-14.53290000 6.33347000e-01
-14.50290000 6.61820000e-01
-14.47290000 7.06801000e-01
-14.44290000 7.74062000e-01
-14.41290000 8.78451000e-01
-14.37460000 1.12405000e+00
-14.34460000 1.51410000e+00
-14.31460000 2.24054000e+00
-14.28460000 2.92547000e+00
-14.25460000 2.43268000e+00
-14.22460000 1.70375000e+00
-14.19460000 1.32143000e+00
-14.16460000 1.14854000e+00
-14.13460000 1.07644000e+00
-14.10460000 1.05863000e+00
-14.07460000 1.07880000e+00
-14.04460000 1.13781000e+00
-14.01460000 1.23292000e+00
-13.98460000 1.27995000e+00
-13.95460000 1.26642000e+00
-13.92460000 1.28224000e+00
-13.89460000 1.33141000e+00
-13.86460000 1.40400000e+00
-13.83460000 1.49677000e+00
-13.80460000 1.61085000e+00
-13.77460000 1.75046000e+00
-13.74460000 1.92307000e+00
-13.71460000 2.14079000e+00
-13.68460000 2.42346000e+00
-13.65460000 2.80487000e+00
-13.62460000 3.34614000e+00
-13.59460000 4.16603000e+00
-13.56460000 5.51471000e+00
-13.53460000 7.95621000e+00
-13.50460000 1.26883000e+01
-13.47460000 2.02784000e+01
-13.44460000 2.22277000e+01
-13.41460000 1.55725000e+01
-13.38460000 1.09144000e+01
-13.35460000 8.76896000e+00
-13.32460000 7.67992000e+00
-13.29460000 7.45006000e+00
-13.26460000 7.89943000e+00
-13.23460000 8.98121000e+00
-13.20460000 1.08628000e+01
-13.17460000 1.40201000e+01
-13.14460000 1.95591000e+01
-13.11460000 2.99589000e+01
-13.08460000 4.87546000e+01
-13.05460000 6.61098000e+01
-13.02460000 5.97757000e+01
-12.99460000 5.22224000e+01
-12.96460000 5.54318000e+01
-12.93460000 6.93953000e+01
-12.90460000 1.06976000e+02
-12.87460000 1.70208000e+02
-12.84460000 1.79946000e+02
-12.81460000 1.13366000e+02
-12.78460000 6.43983000e+01
-12.75460000 3.95886000e+01
-12.72460000 2.67150000e+01
-12.69460000 1.94984000e+01
-12.66460000 1.51907000e+01
-12.63460000 1.25423000e+01
-12.60460000 1.09735000e+01
-12.57460000 1.02726000e+01
-12.54460000 1.05448000e+01
-12.51460000 1.22316000e+01
-12.47620000 1.48769000e+01
-12.44620000 1.26703000e+01
-12.41620000 1.01045000e+01
-12.38620000 8.98702000e+00
-12.35620000 8.84102000e+00
-12.32620000 9.38896000e+00
-12.29620000 1.06555000e+01
-12.26620000 1.29446000e+01
-12.23620000 1.70156000e+01
-12.20620000 2.46351000e+01
-12.17620000 3.97505000e+01
-12.14620000 6.66961000e+01
-12.11620000 8.25228000e+01
-12.08620000 5.91981000e+01
-12.05620000 3.70790000e+01
-12.02620000 2.65927000e+01
-11.99620000 2.27401000e+01
-11.96620000 2.26930000e+01
-11.93620000 2.56484000e+01
-11.90620000 3.28897000e+01
-11.87620000 4.69388000e+01
-11.84620000 7.24553000e+01
-11.81620000 1.17661000e+02
-11.78620000 1.44557000e+02
-11.75620000 1.16530000e+02
-11.72620000 9.82835000e+01
-11.69620000 7.86565000e+01
-11.66620000 5.33233000e+01
-11.63620000 3.98476000e+01
-11.60620000 3.58287000e+01
-11.57620000 3.66731000e+01
-11.54620000 4.31575000e+01
-11.51620000 6.04615000e+01
-11.48620000 9.23053000e+01
-11.45620000 1.14499000e+02
-11.42620000 9.95672000e+01
-11.39620000 9.25397000e+01
-11.36620000 1.02568000e+02
-11.33620000 8.60503000e+01
-11.30620000 5.57420000e+01
-11.27620000 4.00171000e+01
-11.24620000 3.53045000e+01
-11.21620000 3.10946000e+01
-11.18620000 2.38640000e+01
-11.15620000 1.95327000e+01
-11.12620000 1.90121000e+01
-11.09620000 2.24568000e+01
-11.06620000 2.87151000e+01
-11.03620000 2.85392000e+01
-11.00620000 2.53794000e+01
-10.97620000 2.81434000e+01
-10.94620000 3.19634000e+01
-10.91620000 2.71008000e+01
-10.88620000 2.32527000e+01
-10.85620000 2.56871000e+01
-10.82620000 3.61065000e+01
-10.79620000 5.23822000e+01
-10.76620000 5.02945000e+01
-10.73620000 3.48132000e+01
-10.70620000 2.75012000e+01
-10.67620000 2.77327000e+01
-10.64620000 2.76947000e+01
-10.61620000 2.68509000e+01
-10.57790000 3.66546000e+01
-10.54790000 5.19805000e+01
-10.51790000 4.90701000e+01
-10.48790000 3.13079000e+01
-10.45790000 1.95173000e+01
-10.42790000 1.35084000e+01
-10.39790000 1.02889000e+01
-10.36790000 8.51997000e+00
-10.33790000 7.65514000e+00
-10.30790000 7.51698000e+00
-10.27790000 8.19160000e+00
-10.24790000 9.90564000e+00
-10.21790000 1.15199000e+01
-10.18790000 1.03328000e+01
-10.15790000 8.96606000e+00
-10.12790000 8.88006000e+00
-10.09790000 9.61126000e+00
-10.06790000 1.05771000e+01
-10.03790000 1.25720000e+01
-10.00790000 1.55857000e+01
-9.97787000 1.90622000e+01
-9.94787000 2.62690000e+01
-9.91787000 4.15808000e+01
-9.88787000 6.35709000e+01
-9.85787000 6.48227000e+01
-9.82787000 5.29889000e+01
-9.79787000 5.11288000e+01
-9.76787000 4.88388000e+01
-9.73787000 5.02083000e+01
-9.70787000 6.77915000e+01
-9.67787000 1.06341000e+02
-9.64787000 1.27691000e+02
-9.61787000 9.31926000e+01
-9.58787000 6.56535000e+01
-9.55787000 5.17954000e+01
-9.52787000 3.63755000e+01
-9.49787000 2.47225000e+01
-9.46787000 1.75144000e+01
-9.43787000 1.35927000e+01
-9.40787000 1.17143000e+01
-9.37787000 1.13364000e+01
-9.34787000 1.26335000e+01
-9.31787000 1.67913000e+01
-9.28787000 2.50809000e+01
-9.25787000 2.94172000e+01
-9.22787000 2.13640000e+01
-9.19787000 1.33505000e+01
-9.16787000 8.80796000e+00
-9.13787000 6.41591000e+00
-9.10787000 5.09366000e+00
-9.07787000 4.35136000e+00
-9.04787000 4.00703000e+00
-9.01787000 4.05303000e+00
-8.98787000 4.44031000e+00
-8.95787000 4.27486000e+00
-8.92787000 3.48256000e+00
-8.89787000 2.97077000e+00
-8.86787000 2.77356000e+00
-8.83787000 2.80389000e+00
-8.80787000 2.94869000e+00
-8.77787000 3.07193000e+00
-8.74787000 3.29988000e+00
-8.71787000 3.73825000e+00
-8.67951000 4.74159000e+00
-8.64951000 5.34394000e+00
-8.61951000 6.17571000e+00
-8.58951000 8.23867000e+00
-8.55951000 1.25078000e+01
-8.52951000 2.10469000e+01
-8.49951000 3.16817000e+01
-8.46951000 2.81021000e+01
-8.43951000 1.66627000e+01
-8.40951000 9.74897000e+00
-8.37951000 6.30491000e+00
-8.34951000 4.49455000e+00
-8.31951000 3.38706000e+00
-8.28951000 2.66341000e+00
-8.25951000 2.20109000e+00
-8.22951000 1.91133000e+00
-8.19951000 1.75956000e+00
-8.16951000 1.74933000e+00
-8.13951000 1.77075000e+00
-8.10951000 1.54316000e+00
-8.07951000 1.28233000e+00
-8.04951000 1.12411000e+00
-8.01951000 1.03531000e+00
-7.98951000 9.93142000e-01
-7.95951000 9.92507000e-01
-7.92951000 1.01314000e+00
-7.89951000 1.03966000e+00
-7.86951000 1.14835000e+00
-7.83951000 1.43111000e+00
-7.80951000 1.94817000e+00
-7.77951000 2.22411000e+00
-7.74951000 1.92321000e+00
-7.71951000 1.76778000e+00
-7.68951000 1.89674000e+00
-7.65951000 1.67168000e+00
-7.62951000 1.20924000e+00
-7.59951000 9.34334000e-01
-7.56951000 8.09501000e-01
-7.53951000 7.78740000e-01
-7.50951000 7.91621000e-01
-7.47951000 7.77517000e-01
-7.44951000 7.79738000e-01
-7.41951000 7.35064000e-01
-7.38951000 6.90100000e-01
-7.35951000 7.20014000e-01
-7.32951000 7.32541000e-01
-7.29951000 6.32930000e-01
-7.26951000 5.35846000e-01
-7.23951000 4.85879000e-01
-7.20951000 4.68907000e-01
-7.17951000 4.81348000e-01
-7.14951000 5.24506000e-01
-7.11951000 5.42273000e-01
-7.08951000 5.05253000e-01
-7.05951000 4.99092000e-01
-7.02951000 5.05362000e-01
-6.99951000 4.63857000e-01
-6.96951000 4.27778000e-01
-6.93951000 4.10262000e-01
-6.90951000 4.08947000e-01
-6.87951000 4.30281000e-01
-6.84951000 4.85038000e-01
-6.81951000 5.19842000e-01
-6.78115000 4.48014000e-01
-6.75115000 4.06556000e-01
-6.72115000 3.95245000e-01
-6.69115000 4.06014000e-01
-6.66115000 4.40833000e-01
-6.63115000 5.06012000e-01
-6.60115000 5.78225000e-01
-6.57115000 6.66255000e-01
-6.54115000 8.75316000e-01
-6.51115000 1.28187000e+00
-6.48115000 1.58736000e+00
-6.45115000 1.38862000e+00
-6.42115000 1.08097000e+00
-6.39115000 8.47412000e-01
-6.36115000 7.35256000e-01
-6.33115000 7.76088000e-01
-6.30115000 9.77150000e-01
-6.27115000 1.13077000e+00
-6.24115000 9.62556000e-01
-6.21115000 8.59973000e-01
-6.18115000 9.09645000e-01
-6.15115000 8.24607000e-01
-6.12115000 6.55558000e-01
-6.09115000 5.98155000e-01
-6.06115000 6.60720000e-01
-6.03115000 7.50620000e-01
-6.00115000 6.59593000e-01
-5.97115000 5.37422000e-01
-5.94115000 4.78519000e-01
-5.91115000 4.40344000e-01
-5.88115000 4.19160000e-01
-5.85115000 4.38383000e-01
-5.82115000 5.12713000e-01
-5.79115000 6.82915000e-01
-5.76115000 9.98110000e-01
-5.73115000 1.26262000e+00
-5.70115000 1.03604000e+00
-5.67115000 7.19662000e-01
-5.64115000 5.52260000e-01
-5.61115000 4.98188000e-01
-5.58115000 4.88904000e-01
-5.55115000 4.20109000e-01
-5.52115000 3.47141000e-01
-5.49115000 3.05392000e-01
-5.46115000 2.83212000e-01
-5.43115000 2.73302000e-01
-5.40115000 2.73016000e-01
-5.37115000 2.84067000e-01
-5.34115000 3.11991000e-01
-5.31115000 3.37869000e-01
-5.28115000 3.26590000e-01
-5.25115000 3.17718000e-01
-5.22115000 3.30954000e-01
-5.19115000 3.69835000e-01
-5.16115000 4.54488000e-01
-5.13115000 6.31771000e-01
-5.10115000 9.40623000e-01
-5.07115000 1.08453000e+00
-5.04115000 8.59713000e-01
-5.01115000 6.91330000e-01
-4.98115000 5.44485000e-01
-4.95115000 4.15176000e-01
-4.92115000 3.37609000e-01
-4.88280000 2.88777000e-01
-4.85280000 2.71022000e-01
-4.82280000 2.63404000e-01
-4.79280000 2.63391000e-01
-4.76280000 2.70931000e-01
-4.73280000 2.88496000e-01
-4.70280000 3.22511000e-01
-4.67280000 3.83031000e-01
-4.64280000 4.53143000e-01
-4.61280000 4.91776000e-01
-4.58280000 5.78011000e-01
-4.55280000 7.58797000e-01
-4.52280000 9.69564000e-01
-4.49280000 1.12765000e+00
-4.46280000 1.44272000e+00
-4.43280000 1.76961000e+00
-4.40280000 1.49341000e+00
-4.37280000 9.74184000e-01
-4.34280000 6.80771000e-01
-4.31280000 5.67984000e-01
-4.28280000 5.73032000e-01
-4.25280000 6.10264000e-01
-4.22280000 5.61246000e-01
-4.19280000 4.73562000e-01
-4.16280000 3.76515000e-01
-4.13280000 3.16723000e-01
-4.10280000 2.88269000e-01
-4.07280000 2.75215000e-01
-4.04280000 2.68070000e-01
-4.01280000 2.70350000e-01
-3.98280000 2.85387000e-01
-3.95280000 3.11640000e-01
-3.92280000 3.53258000e-01
-3.89280000 4.21550000e-01
-3.86280000 4.88530000e-01
-3.83280000 5.13448000e-01
-3.80280000 4.95422000e-01
-3.77280000 4.92892000e-01
-3.74280000 5.73936000e-01
-3.71280000 7.08209000e-01
-3.68280000 6.68720000e-01
-3.65280000 5.15282000e-01
-3.62280000 4.35382000e-01
-3.59280000 3.80086000e-01
-3.56280000 3.28741000e-01
-3.53280000 3.05759000e-01
-3.50280000 3.06860000e-01
-3.47280000 3.26577000e-01
-3.44280000 3.57575000e-01
-3.41280000 4.00927000e-01
-3.38280000 4.78448000e-01
-3.35280000 6.35260000e-01
-3.32280000 8.96021000e-01
-3.29280000 1.04540000e+00
-3.26280000 9.78756000e-01
-3.23280000 9.66086000e-01
-3.20280000 9.27811000e-01
-3.17280000 9.60481000e-01
-3.14280000 1.14609000e+00
-3.11280000 1.53730000e+00
-3.08280000 1.85350000e+00
-3.05280000 1.72583000e+00
-3.02280000 1.63163000e+00
-2.98444000 1.26335000e+00
-2.95444000 9.15582000e-01
-2.92444000 6.71962000e-01
-2.89444000 5.00413000e-01
-2.86444000 4.05198000e-01
-2.83444000 3.55133000e-01
-2.80444000 3.30825000e-01
-2.77444000 3.28437000e-01
-2.74444000 3.56473000e-01
-2.71444000 4.28460000e-01
-2.68444000 4.96057000e-01
-2.65444000 4.36342000e-01
-2.62444000 3.55296000e-01
-2.59444000 3.22131000e-01
-2.56444000 3.10519000e-01
-2.53444000 2.90156000e-01
-2.50444000 2.77792000e-01
-2.47444000 2.84707000e-01
-2.44444000 3.14684000e-01
-2.41444000 3.79204000e-01
-2.38444000 4.82998000e-01
-2.35444000 5.09021000e-01
-2.32444000 4.15135000e-01
-2.29444000 3.51117000e-01
-2.26444000 3.32360000e-01
-2.23444000 3.42122000e-01
-2.20444000 3.71867000e-01
-2.17444000 4.17885000e-01
-2.14444000 4.85726000e-01
-2.11444000 5.88543000e-01
-2.08444000 7.70254000e-01
-2.05444000 1.06646000e+00
-2.02444000 1.46140000e+00
-1.99444000 1.58718000e+00
-1.96444000 1.53974000e+00
-1.93444000 1.58440000e+00
-1.90444000 1.95822000e+00
-1.87444000 2.14327000e+00
-1.84444000 1.61432000e+00
-1.81444000 1.15731000e+00
-1.78444000 8.93236000e-01
-1.75444000 7.35695000e-01
-1.72444000 6.24106000e-01
-1.69444000 5.60728000e-01
-1.66444000 5.38097000e-01
-1.63444000 5.25886000e-01
-1.60444000 5.73386000e-01
-1.57444000 6.62163000e-01
-1.54444000 7.22549000e-01
-1.51444000 7.96304000e-01
-1.48444000 8.84860000e-01
-1.45444000 7.53013000e-01
-1.42444000 5.78240000e-01
-1.39444000 5.05517000e-01
-1.36444000 5.13626000e-01
-1.33444000 5.99199000e-01
-1.30444000 7.97506000e-01
-1.27444000 1.17282000e+00
-1.24444000 1.62841000e+00
-1.21444000 1.48644000e+00
-1.18444000 1.06808000e+00
-1.15444000 8.17780000e-01
-1.12444000 6.06524000e-01
-1.08609000 4.39805000e-01
-1.05609000 3.73479000e-01
-1.02609000 3.41090000e-01
-0.99608600 3.31121000e-01
-0.96608600 3.38635000e-01
-0.93608600 3.69103000e-01
-0.90608600 4.31059000e-01
-0.87608600 5.37553000e-01
-0.84608600 6.78670000e-01
-0.81608600 7.54775000e-01
-0.78608600 7.42724000e-01
-0.75608600 7.44044000e-01
-0.72608600 6.82812000e-01
-0.69608600 6.61470000e-01
-0.66608600 6.22866000e-01
-0.63608600 5.53595000e-01
-0.60608600 5.56976000e-01
-0.57608600 5.48888000e-01
-0.54608600 4.97419000e-01
-0.51608600 4.48804000e-01
-0.48608600 4.22359000e-01
-0.45608600 4.54521000e-01
-0.42608600 5.71997000e-01
-0.39608600 7.82784000e-01
-0.36608600 8.39354000e-01
-0.33608600 6.34952000e-01
-0.30608600 4.90342000e-01
-0.27608600 4.50925000e-01
-0.24608600 4.98871000e-01
-0.21608600 6.15773000e-01
-0.18608600 6.28704000e-01
-0.15608600 5.01098000e-01
-0.12608600 4.10846000e-01
-0.09608600 3.85952000e-01
-0.06608600 4.16512000e-01
-0.03608600 5.15990000e-01
-0.00608598 6.82292000e-01
0.02391400 7.21125000e-01
0.05391400 6.05790000e-01
0.08391400 5.24963000e-01
0.11391400 4.69484000e-01
0.14391400 4.14910000e-01
0.17391400 3.79255000e-01
0.20391400 3.52766000e-01
0.23391400 3.28855000e-01
0.26391400 3.21148000e-01
0.29391400 3.35431000e-01
0.32391400 3.61166000e-01
0.35391400 3.70380000e-01
0.38391400 3.86549000e-01
0.41391400 4.28451000e-01
0.44391400 5.24808000e-01
0.47391400 6.63120000e-01
0.50391400 7.47474000e-01
0.53391400 8.74856000e-01
0.56391400 9.64511000e-01
0.59391400 7.90929000e-01
0.62391400 5.70724000e-01
0.65391400 4.47858000e-01
0.68391400 3.95190000e-01
0.71391400 3.84835000e-01
0.74391400 4.03043000e-01
0.77391400 4.41128000e-01
