# E(MeV)  S_NSDRNSDR(Total=K0+2*K1) for Xe171_DDPCX
-18.17130000 6.29998000e-01
-18.14130000 5.11330000e-01
-18.11130000 4.26842000e-01
-18.08130000 3.83574000e-01
-18.05130000 3.62550300e-01
-18.02130000 3.52223800e-01
-17.99130000 3.47383600e-01
-17.96130000 3.45633700e-01
-17.93130000 3.45812500e-01
-17.90130000 3.47332100e-01
-17.87130000 3.49921300e-01
-17.84130000 3.53505200e-01
-17.81130000 3.58178800e-01
-17.78130000 3.64248000e-01
-17.75130000 3.72350000e-01
-17.72130000 3.83704000e-01
-17.69130000 4.00456000e-01
-17.66130000 4.27620000e-01
-17.63130000 4.77687000e-01
-17.60130000 5.74360000e-01
-17.57130000 7.05669000e-01
-17.54130000 6.85975000e-01
-17.51130000 5.59107000e-01
-17.48130000 4.81122000e-01
-17.45130000 4.43921000e-01
-17.42130000 4.26089000e-01
-17.39130000 4.17512000e-01
-17.36130000 4.13730000e-01
-17.33130000 4.12652000e-01
-17.30130000 4.13216000e-01
-17.27130000 4.14844000e-01
-17.24130000 4.17202000e-01
-17.21130000 4.20089000e-01
-17.18130000 4.23379000e-01
-17.15130000 4.26984000e-01
-17.12130000 4.30854000e-01
-17.09130000 4.34947000e-01
-17.06130000 4.39240000e-01
-17.03130000 4.43713000e-01
-17.00130000 4.48356000e-01
-16.97130000 4.53157000e-01
-16.94130000 4.58115000e-01
-16.91130000 4.63228000e-01
-16.88130000 4.68493000e-01
-16.85130000 4.73911000e-01
-16.82130000 4.79485000e-01
-16.79130000 4.85222000e-01
-16.76130000 4.91125000e-01
-16.73130000 4.97204000e-01
-16.70130000 5.03472000e-01
-16.67130000 5.09942000e-01
-16.64130000 5.16647000e-01
-16.61130000 5.23626000e-01
-16.58130000 5.30959000e-01
-16.55130000 5.38804000e-01
-16.52130000 5.47506000e-01
-16.49130000 5.57819000e-01
-16.46130000 5.70395000e-01
-16.43130000 5.80490000e-01
-16.40130000 5.84227000e-01
-16.37130000 5.88891000e-01
-16.34130000 5.95762000e-01
-16.31130000 6.03936000e-01
-16.27290000 6.15542000e-01
-16.24290000 6.25312000e-01
-16.21290000 6.35641000e-01
-16.18290000 6.46549000e-01
-16.15290000 6.58093000e-01
-16.12290000 6.70365000e-01
-16.09290000 6.83515000e-01
-16.06290000 6.97757000e-01
-16.03290000 7.13432000e-01
-16.00290000 7.31100000e-01
-15.97290000 7.51731000e-01
-15.94290000 7.77144000e-01
-15.91290000 8.11037000e-01
-15.88290000 8.61565000e-01
-15.85290000 9.46749000e-01
-15.82290000 1.08851300e+00
-15.79290000 1.19375400e+00
-15.76290000 1.12268200e+00
-15.73290000 1.04464900e+00
-15.70290000 1.03062200e+00
-15.67290000 1.07599600e+00
-15.64290000 1.18977200e+00
-15.61290000 1.32103800e+00
-15.58290000 1.27403400e+00
-15.55290000 1.17209700e+00
-15.52290000 1.12938000e+00
-15.49290000 1.12647200e+00
-15.46290000 1.14487100e+00
-15.43290000 1.17687900e+00
-15.40290000 1.22013900e+00
-15.37290000 1.27521800e+00
-15.34290000 1.34492400e+00
-15.31290000 1.43207000e+00
-15.28290000 1.53771600e+00
-15.25290000 1.67972800e+00
-15.22290000 1.89283800e+00
-15.19290000 2.23640400e+00
-15.16290000 2.76243900e+00
-15.13290000 3.24062200e+00
-15.10290000 3.64682500e+00
-15.07290000 4.38281300e+00
-15.04290000 5.03696300e+00
-15.01290000 5.98952900e+00
-14.98290000 8.06412900e+00
-14.95290000 1.24979810e+01
-14.92290000 1.72680940e+01
-14.89290000 1.42039440e+01
-14.86290000 8.93259400e+00
-14.83290000 6.06006700e+00
-14.80290000 4.71848500e+00
-14.77290000 4.12791900e+00
-14.74290000 3.95810800e+00
-14.71290000 4.10200000e+00
-14.68290000 4.58548400e+00
-14.65290000 5.54580700e+00
-14.62290000 7.21677800e+00
-14.59290000 1.04266960e+01
-14.56290000 1.63489110e+01
-14.53290000 2.05830670e+01
-14.50290000 1.61382800e+01
-14.47290000 1.10918010e+01
-14.44290000 8.77754200e+00
-14.41290000 8.37815100e+00
-14.37460000 1.01244100e+01
-14.34460000 1.39925000e+01
-14.31460000 2.13734400e+01
-14.28460000 3.20658700e+01
-14.25460000 3.32150800e+01
-14.22460000 2.18481500e+01
-14.19460000 1.37091500e+01
-14.16460000 9.72930000e+00
-14.13460000 7.86096000e+00
-14.10460000 7.11113000e+00
-14.07460000 7.16180000e+00
-14.04460000 8.13181000e+00
-14.01460000 1.05454200e+01
-13.98460000 1.40852700e+01
-13.95460000 1.39800800e+01
-13.92460000 1.07257200e+01
-13.89460000 9.01245000e+00
-13.86460000 9.04636000e+00
-13.83460000 1.08059900e+01
-13.80460000 1.45345100e+01
-13.77460000 1.63400800e+01
-13.74460000 1.28375900e+01
-13.71460000 9.90185000e+00
-13.68460000 8.64516000e+00
-13.65460000 8.33923000e+00
-13.62460000 8.61750000e+00
-13.59460000 9.41795000e+00
-13.56460000 1.09220900e+01
-13.53460000 1.36752300e+01
-13.50460000 1.87996200e+01
-13.47460000 2.67599400e+01
-13.44460000 2.92023000e+01
-13.41460000 2.32386400e+01
-13.38460000 1.95072800e+01
-13.35460000 1.86027000e+01
-13.32460000 1.92202800e+01
-13.29460000 2.14503600e+01
-13.26460000 2.56875100e+01
-13.23460000 3.31190100e+01
-13.20460000 4.66668000e+01
-13.17460000 7.02037000e+01
-13.14460000 9.06285000e+01
-13.11460000 8.90065000e+01
-13.08460000 9.70146000e+01
-13.05460000 1.14648600e+02
-13.02460000 1.18095900e+02
-12.99460000 1.30884400e+02
-12.96460000 1.71934600e+02
-12.93460000 2.38448500e+02
-12.90460000 3.27556000e+02
-12.87460000 4.95002000e+02
-12.84460000 6.43902000e+02
-12.81460000 5.05840000e+02
-12.78460000 2.92070300e+02
-12.75460000 1.71215600e+02
-12.72460000 1.10071400e+02
-12.69460000 7.70812000e+01
-12.66460000 5.79043000e+01
-12.63460000 4.61559000e+01
-12.60460000 3.88439000e+01
-12.57460000 3.45842000e+01
-12.54460000 3.29822000e+01
-12.51460000 3.45154000e+01
-12.47620000 4.03895000e+01
-12.44620000 4.14443000e+01
-12.41620000 3.64843000e+01
-12.38620000 3.26294200e+01
-12.35620000 3.26306200e+01
-12.32620000 3.43725600e+01
-12.29620000 3.80779000e+01
-12.26620000 4.60648000e+01
-12.23620000 5.87682000e+01
-12.20620000 7.84415000e+01
-12.17620000 1.02896700e+02
-12.14620000 1.37508700e+02
-12.11620000 1.66835000e+02
-12.08620000 1.71769300e+02
-12.05620000 1.77666600e+02
-12.02620000 2.03928300e+02
-11.99620000 2.75382100e+02
-11.96620000 3.53473000e+02
-11.93620000 3.02328400e+02
-11.90620000 2.17418900e+02
-11.87620000 1.95525200e+02
-11.84620000 2.28990900e+02
-11.81620000 3.13816000e+02
-11.78620000 3.55129000e+02
-11.75620000 2.73922400e+02
-11.72620000 2.02279700e+02
-11.69620000 1.51793900e+02
-11.66620000 1.12815300e+02
-11.63620000 8.92332000e+01
-11.60620000 7.43637000e+01
-11.57620000 6.72147000e+01
-11.54620000 6.76029000e+01
-11.51620000 8.11321000e+01
-11.48620000 1.11041020e+02
-11.45620000 1.32728220e+02
-11.42620000 1.18701120e+02
-11.39620000 1.13590700e+02
-11.36620000 1.26732000e+02
-11.33620000 1.17213900e+02
-11.30620000 9.80354000e+01
-11.27620000 8.67749000e+01
-11.24620000 7.91729000e+01
-11.21620000 7.90204000e+01
-11.18620000 8.62556000e+01
-11.15620000 8.58125000e+01
-11.12620000 6.64423000e+01
-11.09620000 5.54270000e+01
-11.06620000 5.50767000e+01
-11.03620000 5.24100000e+01
-11.00620000 5.00934000e+01
-10.97620000 5.74634000e+01
-10.94620000 6.71224000e+01
-10.91620000 6.16614000e+01
-10.88620000 5.74765000e+01
-10.85620000 6.46743000e+01
-10.82620000 8.11229000e+01
-10.79620000 1.05671600e+02
-10.76620000 1.19819700e+02
-10.73620000 1.35849200e+02
-10.70620000 1.84768600e+02
-10.67620000 2.24542900e+02
-10.64620000 2.10886900e+02
-10.61620000 1.87987900e+02
-10.57790000 1.67977200e+02
-10.54790000 1.90358700e+02
-10.51790000 2.21201900e+02
-10.48790000 2.84347900e+02
-10.45790000 4.33869300e+02
-10.42790000 5.35984400e+02
-10.39790000 3.84794900e+02
-10.36790000 2.26457970e+02
-10.33790000 1.40914540e+02
-10.30790000 9.61741800e+01
-10.27790000 7.22268000e+01
-10.24790000 6.00528400e+01
-10.21790000 5.35383000e+01
-10.18790000 4.81990000e+01
-10.15790000 4.73922600e+01
-10.12790000 5.09066600e+01
-10.09790000 5.26236600e+01
-10.06790000 5.28521000e+01
-10.03790000 5.70590000e+01
-10.00790000 7.12489000e+01
-9.97787000 8.86824000e+01
-9.94787000 8.66636000e+01
-9.91787000 8.72680000e+01
-9.88787000 1.04040900e+02
-9.85787000 1.09314300e+02
-9.82787000 1.09655900e+02
-9.79787000 1.18178400e+02
-9.76787000 1.09705600e+02
-9.73787000 1.10886500e+02
-9.70787000 1.46473700e+02
-9.67787000 2.09741000e+02
-9.64787000 2.34467400e+02
-9.61787000 1.83559000e+02
-9.58787000 1.31593300e+02
-9.55787000 1.08719400e+02
-9.52787000 9.81301000e+01
-9.49787000 8.63613000e+01
-9.46787000 7.22472000e+01
-9.43787000 7.45457000e+01
-9.40787000 8.55721000e+01
-9.37787000 8.00706000e+01
-9.34787000 6.20115000e+01
-9.31787000 4.81501000e+01
-9.28787000 4.63479000e+01
-9.25787000 4.54442800e+01
-9.22787000 3.44736800e+01
-9.19787000 2.44669200e+01
-9.16787000 1.86294200e+01
-9.13787000 1.55873300e+01
-9.10787000 1.42120400e+01
-9.07787000 1.39174200e+01
-9.04787000 1.38629300e+01
-9.01787000 1.42921100e+01
-8.98787000 1.58260500e+01
-8.95787000 1.76745200e+01
-8.92787000 2.08409800e+01
-8.89787000 2.83421700e+01
-8.86787000 4.33771600e+01
-8.83787000 6.04656900e+01
-8.80787000 6.24352900e+01
-8.77787000 5.33657300e+01
-8.74787000 4.75228800e+01
-8.71787000 5.27472500e+01
-8.67951000 6.12387900e+01
-8.64951000 4.74425400e+01
-8.61951000 3.25481100e+01
-8.58951000 2.58376500e+01
-8.55951000 2.57772000e+01
-8.52951000 3.16901400e+01
-8.49951000 4.06742000e+01
-8.46951000 3.64010800e+01
-8.43951000 2.50972800e+01
-8.40951000 1.94980100e+01
-8.37951000 1.74414300e+01
-8.34951000 1.44742100e+01
-8.31951000 1.19512200e+01
-8.28951000 1.11219500e+01
-8.25951000 1.20520100e+01
-8.22951000 1.46892900e+01
-8.19951000 1.97308200e+01
-8.16951000 2.96953300e+01
-8.13951000 3.92631500e+01
-8.10951000 3.16373600e+01
-8.07951000 2.10228100e+01
-8.04951000 1.46707500e+01
-8.01951000 1.03337300e+01
-7.98951000 7.76940200e+00
-7.95951000 6.44562700e+00
-7.92951000 5.94978000e+00
-7.89951000 6.13764000e+00
-7.86951000 6.41429000e+00
-7.83951000 5.79833000e+00
-7.80951000 5.42357000e+00
-7.77951000 5.22765000e+00
-7.74951000 4.72145000e+00
-7.71951000 4.54426000e+00
-7.68951000 4.83472000e+00
-7.65951000 4.91552000e+00
-7.62951000 4.90862000e+00
-7.59951000 5.47983400e+00
-7.56951000 6.93054100e+00
-7.53951000 1.00931600e+01
-7.50951000 1.32022410e+01
-7.47951000 1.08556370e+01
-7.44951000 7.56279800e+00
-7.41951000 5.73216400e+00
-7.38951000 4.72668000e+00
-7.35951000 4.12707400e+00
-7.32951000 3.64370100e+00
-7.29951000 3.32255000e+00
-7.26951000 3.28812600e+00
-7.23951000 3.63763900e+00
-7.20951000 4.49664700e+00
-7.17951000 5.64360800e+00
-7.14951000 6.88682600e+00
-7.11951000 8.83089300e+00
-7.08951000 9.59969300e+00
-7.05951000 9.80171200e+00
-7.02951000 1.01588420e+01
-6.99951000 9.30119700e+00
-6.96951000 6.44681800e+00
-6.93951000 4.41024200e+00
-6.90951000 3.37964700e+00
-6.87951000 2.90130100e+00
-6.84951000 2.59489800e+00
-6.81951000 2.33451000e+00
-6.78115000 2.08507400e+00
-6.75115000 2.03844200e+00
-6.72115000 2.16055300e+00
-6.69115000 2.52573400e+00
-6.66115000 3.21997300e+00
-6.63115000 3.85065200e+00
-6.60115000 4.24534500e+00
-6.57115000 4.50681500e+00
-6.54115000 3.91521600e+00
-6.51115000 3.39853000e+00
-6.48115000 3.18034600e+00
-6.45115000 2.71443000e+00
-6.42115000 2.26662600e+00
-6.39115000 1.96077600e+00
-6.36115000 1.83089200e+00
-6.33115000 1.91926800e+00
-6.30115000 2.26859800e+00
-6.27115000 2.63614200e+00
-6.24115000 2.41810800e+00
-6.21115000 2.10834100e+00
-6.18115000 2.04544100e+00
-6.15115000 1.92099100e+00
-6.12115000 1.75873000e+00
-6.09115000 1.76166700e+00
-6.06115000 1.95039400e+00
-6.03115000 2.27854600e+00
-6.00115000 2.65682500e+00
-5.97115000 3.30474200e+00
-5.94115000 3.75907900e+00
-5.91115000 3.68678400e+00
-5.88115000 4.19500000e+00
-5.85115000 5.00418300e+00
-5.82115000 4.34981300e+00
-5.79115000 3.51705500e+00
-5.76115000 3.43053000e+00
-5.73115000 3.55686000e+00
-5.70115000 3.43456000e+00
-5.67115000 3.27562200e+00
-5.64115000 2.95226000e+00
-5.61115000 2.92452800e+00
-5.58115000 3.37648400e+00
-5.55115000 4.32108900e+00
-5.52115000 5.66846100e+00
-5.49115000 5.62213200e+00
-5.46115000 4.71025200e+00
-5.43115000 4.72788200e+00
-5.40115000 5.96937600e+00
-5.37115000 8.73114700e+00
-5.34115000 1.15379910e+01
-5.31115000 1.05995690e+01
-5.28115000 8.96921000e+00
-5.25115000 7.58385800e+00
-5.22115000 7.14763400e+00
-5.19115000 8.10465500e+00
-5.16115000 8.24558800e+00
-5.13115000 7.05825100e+00
-5.10115000 6.68216300e+00
-5.07115000 6.58123000e+00
-5.04115000 7.01129300e+00
-5.01115000 9.12645000e+00
-4.98115000 1.31010450e+01
-4.95115000 1.79526560e+01
-4.92115000 1.89886090e+01
-4.88280000 1.10026370e+01
-4.85280000 6.70960200e+00
-4.82280000 4.57454400e+00
-4.79280000 3.53011100e+00
-4.76280000 2.99367100e+00
-4.73280000 2.53705600e+00
-4.70280000 2.18582700e+00
-4.67280000 2.01482900e+00
-4.64280000 1.97456100e+00
-4.61280000 2.01150600e+00
-4.58280000 2.21525700e+00
-4.55280000 2.52930300e+00
-4.52280000 2.74640600e+00
-4.49280000 2.83678800e+00
-4.46280000 3.12202800e+00
-4.43280000 3.49744000e+00
-4.40280000 3.38806800e+00
-4.37280000 3.10640400e+00
-4.34280000 3.26147100e+00
-4.31280000 3.77318400e+00
-4.28280000 4.55989200e+00
-4.25280000 6.18712400e+00
-4.22280000 9.34322600e+00
-4.19280000 1.37291020e+01
-4.16280000 1.48125750e+01
-4.13280000 1.07108230e+01
-4.10280000 6.86264900e+00
-4.07280000 4.75763500e+00
-4.04280000 3.71943000e+00
-4.01280000 3.34421000e+00
-3.98280000 3.54656700e+00
-3.95280000 4.07438000e+00
-3.92280000 3.64805800e+00
-3.89280000 2.82545000e+00
-3.86280000 2.39301000e+00
-3.83280000 2.17638400e+00
-3.80280000 2.04929600e+00
-3.77280000 2.11382400e+00
-3.74280000 2.40723200e+00
-3.71280000 2.94586900e+00
-3.68280000 3.53632000e+00
-3.65280000 3.61682200e+00
-3.62280000 3.10392200e+00
-3.59280000 2.40948600e+00
-3.56280000 2.03385700e+00
-3.53280000 1.82411500e+00
-3.50280000 1.72524800e+00
-3.47280000 1.79419500e+00
-3.44280000 1.93241100e+00
-3.41280000 2.03157500e+00
-3.38280000 2.26292800e+00
-3.35280000 2.52418400e+00
-3.32280000 2.63362300e+00
-3.29280000 2.70274000e+00
-3.26280000 2.82521000e+00
-3.23280000 3.09532600e+00
-3.20280000 3.19937100e+00
-3.17280000 3.03558100e+00
-3.14280000 2.84157200e+00
-3.11280000 3.15910200e+00
-3.08280000 3.78543400e+00
-3.05280000 4.24691000e+00
-3.02280000 4.43779000e+00
-2.98444000 3.62091000e+00
-2.95444000 2.72173400e+00
-2.92444000 2.02134600e+00
-2.89444000 1.59441100e+00
-2.86444000 1.36998600e+00
-2.83444000 1.26237100e+00
-2.80444000 1.21681700e+00
-2.77444000 1.19069500e+00
-2.74444000 1.22861500e+00
-2.71444000 1.38323200e+00
-2.68444000 1.65815100e+00
-2.65444000 1.97837200e+00
-2.62444000 2.37879600e+00
-2.59444000 2.46293100e+00
-2.56444000 2.08891500e+00
-2.53444000 1.84052400e+00
-2.50444000 1.87014400e+00
-2.47444000 1.81222100e+00
-2.44444000 1.61363000e+00
-2.41444000 1.53813800e+00
-2.38444000 1.61701800e+00
-2.35444000 1.78507100e+00
-2.32444000 2.05301300e+00
-2.29444000 2.31765500e+00
-2.26444000 2.17397200e+00
-2.23444000 2.19656400e+00
-2.20444000 2.57580700e+00
-2.17444000 2.85848500e+00
-2.14444000 2.59722600e+00
-2.11444000 2.42620300e+00
-2.08444000 2.51742400e+00
-2.05444000 2.64246200e+00
-2.02444000 3.03880200e+00
-1.99444000 3.42824400e+00
-1.96444000 3.87812000e+00
-1.93444000 4.31370000e+00
-1.90444000 5.20642000e+00
-1.87444000 6.04821000e+00
-1.84444000 5.31554000e+00
-1.81444000 3.88671000e+00
-1.78444000 2.80155000e+00
-1.75444000 2.25672300e+00
-1.72444000 1.92127600e+00
-1.69444000 1.66537200e+00
-1.66444000 1.54619700e+00
-1.63444000 1.53611400e+00
-1.60444000 1.56613000e+00
-1.57444000 1.64661900e+00
-1.54444000 1.77349500e+00
-1.51444000 1.91843200e+00
-1.48444000 2.18174200e+00
-1.45444000 2.25756900e+00
-1.42444000 1.91724000e+00
-1.39444000 1.56468100e+00
-1.36444000 1.40514000e+00
-1.33444000 1.44328300e+00
-1.30444000 1.68722200e+00
-1.27444000 2.13071800e+00
-1.24444000 2.60086800e+00
-1.21444000 2.37707600e+00
-1.18444000 1.89168000e+00
-1.15444000 1.66268200e+00
-1.12444000 1.57499600e+00
-1.08609000 1.71690700e+00
-1.05609000 1.93445500e+00
-1.02609000 2.02024200e+00
-0.99608600 1.74659500e+00
-0.96608600 1.50395100e+00
-0.93608600 1.36265300e+00
-0.90608600 1.34376900e+00
-0.87608600 1.47953700e+00
-0.84608600 1.62832000e+00
-0.81608600 1.63376500e+00
-0.78608600 1.57909800e+00
-0.75608600 1.53155000e+00
-0.72608600 1.42199800e+00
-0.69608600 1.38273400e+00
-0.66608600 1.35988200e+00
-0.63608600 1.35293700e+00
-0.60608600 1.49040800e+00
-0.57608600 1.74042800e+00
-0.54608600 2.13555500e+00
-0.51608600 2.51208400e+00
-0.48608600 2.51371900e+00
-0.45608600 2.55424100e+00
-0.42608600 2.60407700e+00
-0.39608600 2.48495200e+00
-0.36608600 2.33162000e+00
-0.33608600 2.03198400e+00
-0.30608600 1.84208400e+00
-0.27608600 1.81410500e+00
-0.24608600 1.92314300e+00
-0.21608600 2.15639700e+00
-0.18608600 2.41112600e+00
-0.15608600 2.50345800e+00
-0.12608600 2.73310600e+00
-0.09608600 3.36987200e+00
-0.06608600 3.96391200e+00
-0.03608600 3.46135000e+00
-0.00608598 2.96459200e+00
0.02391400 2.62182500e+00
0.05391400 2.29169800e+00
0.08391400 2.21874300e+00
0.11391400 2.26378400e+00
0.14391400 2.19117000e+00
0.17391400 2.05257900e+00
0.20391400 2.09729800e+00
0.23391400 2.32084300e+00
0.26391400 2.82172800e+00
0.29391400 3.94107100e+00
0.32391400 5.48108600e+00
0.35391400 5.88640000e+00
0.38391400 6.05194900e+00
0.41391400 7.15915100e+00
0.44391400 6.76028800e+00
0.47391400 4.89648000e+00
0.50391400 3.58567400e+00
0.53391400 3.00267600e+00
0.56391400 2.80225300e+00
0.59391400 2.52388500e+00
0.62391400 2.19227200e+00
0.65391400 2.00152800e+00
0.68391400 1.90606800e+00
0.71391400 1.78581100e+00
0.74391400 1.68788300e+00
0.77391400 1.67583400e+00
