# E(MeV)  S_NSDRNSDR(Total=K0+2*K1) for Yb211_DDPCX
-13.59560000 5.95406000e-01
-13.56560000 6.90496000e-01
-13.53560000 8.64892000e-01
-13.50560000 1.20579100e+00
-13.47560000 1.75502000e+00
-13.44560000 1.93396800e+00
-13.41560000 1.42100500e+00
-13.38560000 9.98434000e-01
-13.35560000 7.85333000e-01
-13.32560000 6.78952000e-01
-13.29560000 6.22581000e-01
-13.26560000 5.91314000e-01
-13.23560000 5.73742000e-01
-13.20560000 5.64224000e-01
-13.17560000 5.59750000e-01
-13.14560000 5.58620000e-01
-13.11560000 5.59816000e-01
-13.08560000 5.62708000e-01
-13.05560000 5.66885000e-01
-13.02560000 5.72078000e-01
-12.99560000 5.78107000e-01
-12.96560000 5.84846000e-01
-12.93560000 5.92211000e-01
-12.90560000 6.00143000e-01
-12.87560000 6.08608000e-01
-12.84560000 6.17581000e-01
-12.81560000 6.27053000e-01
-12.78560000 6.37022000e-01
-12.75560000 6.47494000e-01
-12.72560000 6.58483000e-01
-12.69560000 6.70011000e-01
-12.66560000 6.82100000e-01
-12.63560000 6.94783000e-01
-12.60560000 7.08099000e-01
-12.57560000 7.22092000e-01
-12.54560000 7.36816000e-01
-12.51560000 7.52332000e-01
-12.48560000 7.68711000e-01
-12.45560000 7.86035000e-01
-12.42560000 8.04397000e-01
-12.39560000 8.23912000e-01
-12.36560000 8.44707000e-01
-12.33560000 8.66936000e-01
-12.30560000 8.90779000e-01
-12.27560000 9.16455000e-01
-12.24560000 9.44223000e-01
-12.21560000 9.74400000e-01
-12.18560000 1.00737700e+00
-12.15480000 1.04464200e+00
-12.12480000 1.08492500e+00
-12.09480000 1.12993300e+00
-12.06480000 1.18072200e+00
-12.03480000 1.23871300e+00
-12.00480000 1.30587700e+00
-11.97480000 1.38504000e+00
-11.94480000 1.48040600e+00
-11.91480000 1.59854700e+00
-11.88480000 1.75031600e+00
-11.85480000 1.95489600e+00
-11.82480000 2.24896100e+00
-11.79480000 2.70894100e+00
-11.76480000 3.50475000e+00
-11.73480000 4.97024700e+00
-11.70480000 7.03003400e+00
-11.67480000 7.41215100e+00
-11.64480000 6.69077000e+00
-11.61480000 6.22492800e+00
-11.58480000 5.50627000e+00
-11.55480000 5.32030000e+00
-11.52480000 5.82354300e+00
-11.49480000 7.04453500e+00
-11.46480000 9.33788300e+00
-11.43480000 1.36095580e+01
-11.40480000 2.09399090e+01
-11.37480000 2.84548940e+01
-11.34480000 3.66337150e+01
-11.31480000 5.45199300e+01
-11.28480000 6.42793150e+01
-11.25480000 4.43197890e+01
-11.22480000 2.61078470e+01
-11.19480000 1.63891550e+01
-11.16480000 1.11321920e+01
-11.13480000 8.22961800e+00
-11.10480000 6.55106300e+00
-11.07480000 5.51091000e+00
-11.04480000 4.83724700e+00
-11.01480000 4.42312100e+00
-10.98480000 4.19992400e+00
-10.95480000 4.13389000e+00
-10.92480000 4.20847000e+00
-10.89480000 4.43581000e+00
-10.86480000 4.93751000e+00
-10.83480000 5.94155000e+00
-10.80480000 7.56322000e+00
-10.77480000 8.34608000e+00
-10.74480000 7.86904000e+00
-10.71400000 8.16307000e+00
-10.68400000 9.60650000e+00
-10.65400000 1.22169800e+01
-10.62400000 1.70012200e+01
-10.59400000 2.66334800e+01
-10.56400000 4.38950000e+01
-10.53400000 6.15878000e+01
-10.50400000 6.22802000e+01
-10.47400000 4.19622000e+01
-10.44400000 2.59751000e+01
-10.41400000 1.87187000e+01
-10.38400000 1.61048400e+01
-10.35400000 1.44263600e+01
-10.32400000 1.15565700e+01
-10.29400000 9.22386000e+00
-10.26400000 7.96572000e+00
-10.23400000 6.83095000e+00
-10.20400000 5.99567000e+00
-10.17400000 5.54743000e+00
-10.14400000 5.35441000e+00
-10.11400000 5.35495000e+00
-10.08400000 5.54159000e+00
-10.05400000 5.97169000e+00
-10.02400000 6.81558000e+00
-9.99401000 8.40623000e+00
-9.96401000 1.05470700e+01
-9.93401000 1.12329500e+01
-9.90401000 1.10707600e+01
-9.87401000 1.16107200e+01
-9.84401000 1.14944000e+01
-9.81401000 1.03045500e+01
-9.78401000 9.84648000e+00
-9.75401000 1.02412600e+01
-9.72401000 1.13108700e+01
-9.69401000 1.31201100e+01
-9.66401000 1.60198300e+01
-9.63401000 2.08480100e+01
-9.60401000 2.94817900e+01
-9.57401000 4.57565800e+01
-9.54401000 7.06561000e+01
-9.51401000 7.83905200e+01
-9.48401000 6.34864400e+01
-9.45401000 5.31704000e+01
-9.42401000 5.06908000e+01
-9.39401000 5.80417000e+01
-9.36401000 8.03582000e+01
-9.33401000 1.27011200e+02
-9.30401000 1.88027300e+02
-9.27323000 2.21511000e+02
-9.24323000 2.30147000e+02
-9.21323000 1.64244400e+02
-9.18323000 1.01789800e+02
-9.15323000 7.14980000e+01
-9.12323000 6.10902000e+01
-9.09323000 6.49048000e+01
-9.06323000 8.06264000e+01
-9.03323000 9.51999000e+01
-9.00323000 9.30214000e+01
-8.97323000 9.92480000e+01
-8.94323000 1.30156100e+02
-8.91323000 1.38419600e+02
-8.88323000 9.99077000e+01
-8.85323000 6.65288900e+01
-8.82323000 5.10974600e+01
-8.79323000 4.80857000e+01
-8.76323000 5.63836000e+01
-8.73323000 7.99380000e+01
-8.70323000 1.06483000e+02
-8.67323000 8.87430000e+01
-8.64323000 5.74360000e+01
-8.61323000 4.02688000e+01
-8.58323000 3.24893300e+01
-8.55323000 2.97719700e+01
-8.52323000 3.06468100e+01
-8.49323000 3.44721800e+01
-8.46323000 4.13014300e+01
-8.43323000 5.50108500e+01
-8.40323000 7.00772000e+01
-8.37323000 6.60148000e+01
-8.34323000 5.44109000e+01
-8.31323000 5.14534000e+01
-8.28323000 5.93124000e+01
-8.25323000 7.90737000e+01
-8.22323000 9.88476000e+01
-8.19323000 1.00776300e+02
-8.16323000 1.11565100e+02
-8.13323000 1.27828600e+02
-8.10323000 1.43138000e+02
-8.07323000 1.86018400e+02
-8.04323000 2.78721600e+02
-8.01323000 3.95535000e+02
-7.98323000 3.76349800e+02
-7.95323000 2.81946200e+02
-7.92323000 2.43112600e+02
-7.89323000 2.70116400e+02
-7.86323000 2.80778000e+02
-7.83244000 2.76173000e+02
-7.80244000 3.03619000e+02
-7.77244000 2.85298100e+02
-7.74244000 2.57039900e+02
-7.71244000 2.33946400e+02
-7.68244000 2.19419000e+02
-7.65244000 2.56029400e+02
-7.62244000 3.46169000e+02
-7.59244000 3.95421300e+02
-7.56244000 4.25601700e+02
-7.53244000 3.84050900e+02
-7.50244000 2.79036200e+02
-7.47244000 2.00224000e+02
-7.44244000 1.53569900e+02
-7.41244000 1.38810500e+02
-7.38244000 1.44114000e+02
-7.35244000 1.79628300e+02
-7.32244000 2.40651300e+02
-7.29244000 2.61191200e+02
-7.26244000 2.52523600e+02
-7.23244000 2.37861200e+02
-7.20244000 1.79972000e+02
-7.17244000 1.38961600e+02
-7.14244000 1.26473700e+02
-7.11244000 1.11023700e+02
-7.08244000 1.03703200e+02
-7.05244000 1.20396800e+02
-7.02244000 1.70890700e+02
-6.99244000 2.46460700e+02
-6.96244000 2.37385500e+02
-6.93244000 1.68709100e+02
-6.90244000 1.37675300e+02
-6.87244000 1.40747700e+02
-6.84244000 1.76107200e+02
-6.81244000 2.12733200e+02
-6.78244000 1.86955300e+02
-6.75244000 1.39006800e+02
-6.72244000 1.15428000e+02
-6.69244000 1.25389100e+02
-6.66244000 1.75768400e+02
-6.63244000 2.59841600e+02
-6.60244000 2.57151500e+02
-6.57244000 1.64280400e+02
-6.54244000 1.00976400e+02
-6.51244000 6.99331000e+01
-6.48244000 5.59531000e+01
-6.45244000 5.23512000e+01
-6.42244000 5.26709000e+01
-6.39166000 4.72789000e+01
-6.36166000 4.34309000e+01
-6.33166000 3.99628000e+01
-6.30166000 3.60724000e+01
-6.27166000 3.53019300e+01
-6.24166000 3.50167600e+01
-6.21166000 3.50102000e+01
-6.18166000 3.61654700e+01
-6.15166000 3.69133200e+01
-6.12166000 4.19033900e+01
-6.09166000 5.42969200e+01
-6.06166000 7.50511000e+01
-6.03166000 9.16400700e+01
-6.00166000 1.10319770e+02
-5.97166000 1.45547900e+02
-5.94166000 1.64103200e+02
-5.91166000 1.71272160e+02
-5.88166000 1.51297660e+02
-5.85166000 1.39323240e+02
-5.82166000 1.49985500e+02
-5.79166000 1.37501000e+02
-5.76166000 1.17746020e+02
-5.73166000 1.21876290e+02
-5.70166000 1.44541440e+02
-5.67166000 1.63027310e+02
-5.64166000 1.35154710e+02
-5.61166000 1.04127400e+02
-5.58166000 9.51564000e+01
-5.55166000 1.01875500e+02
-5.52166000 1.16146100e+02
-5.49166000 1.28440900e+02
-5.46166000 1.10623200e+02
-5.43166000 8.52125600e+01
-5.40166000 7.36772800e+01
-5.37166000 7.04047200e+01
-5.34166000 6.11377300e+01
-5.31166000 4.93478000e+01
-5.28166000 4.52222600e+01
-5.25166000 4.91866200e+01
-5.22166000 5.91835600e+01
-5.19166000 5.81938300e+01
-5.16166000 4.75976200e+01
-5.13166000 4.59924700e+01
-5.10166000 5.25009000e+01
-5.07166000 5.06831700e+01
-5.04166000 4.19994700e+01
-5.01166000 3.61370500e+01
-4.98166000 3.32556000e+01
-4.95087000 3.63599800e+01
-4.92087000 4.26519000e+01
-4.89087000 4.13538200e+01
-4.86087000 3.16123400e+01
-4.83087000 2.50804200e+01
-4.80087000 2.16054700e+01
-4.77087000 1.91098300e+01
-4.74087000 1.70539300e+01
-4.71087000 1.72067000e+01
-4.68087000 2.02539400e+01
-4.65087000 2.52086600e+01
-4.62087000 2.71429000e+01
-4.59087000 2.83051500e+01
-4.56087000 3.10024400e+01
-4.53087000 3.65842300e+01
-4.50087000 4.59377100e+01
-4.47087000 5.44859300e+01
-4.44087000 5.95455100e+01
-4.41087000 5.50107000e+01
-4.38087000 4.58503500e+01
-4.35087000 3.81680000e+01
-4.32087000 3.37809600e+01
-4.29087000 2.86081600e+01
-4.26087000 2.53790900e+01
-4.23087000 2.68173600e+01
-4.20087000 3.40848400e+01
-4.17087000 4.20425900e+01
-4.14087000 4.13135500e+01
-4.11087000 4.03292700e+01
-4.08087000 4.87013700e+01
-4.05087000 6.50679100e+01
-4.02087000 7.04290600e+01
-3.99087000 6.00811000e+01
-3.96087000 5.62367400e+01
-3.93087000 6.79221800e+01
-3.90087000 9.76846200e+01
-3.87087000 1.06577530e+02
-3.84087000 7.35892300e+01
-3.81087000 4.78666300e+01
-3.78087000 3.43041300e+01
-3.75087000 2.54200600e+01
-3.72087000 1.99160100e+01
-3.69087000 1.69698100e+01
-3.66087000 1.50729300e+01
-3.63087000 1.40575600e+01
-3.60087000 1.44512700e+01
-3.57087000 1.64135600e+01
-3.54087000 2.02416600e+01
-3.51009000 2.59414000e+01
-3.48009000 2.83623800e+01
-3.45009000 2.54437600e+01
-3.42009000 2.67043800e+01
-3.39009000 3.63395700e+01
-3.36009000 5.59039400e+01
-3.33009000 6.45666100e+01
-3.30009000 4.67446300e+01
-3.27009000 3.14607100e+01
-3.24009000 2.32976800e+01
-3.21009000 1.99505000e+01
-3.18009000 1.88848500e+01
-3.15009000 1.97171200e+01
-3.12009000 2.20953700e+01
-3.09009000 2.88072600e+01
-3.06009000 4.28500100e+01
-3.03009000 5.02848800e+01
-3.00009000 3.63757600e+01
-2.97009000 2.41923200e+01
-2.94009000 1.90323700e+01
-2.91009000 1.70383600e+01
-2.88009000 1.54022000e+01
-2.85009000 1.29318000e+01
-2.82009000 1.12321300e+01
-2.79009000 1.03989700e+01
-2.76009000 9.12566000e+00
-2.73009000 8.37422000e+00
-2.70009000 8.62748200e+00
-2.67009000 1.02588560e+01
-2.64009000 1.31273950e+01
-2.61009000 1.45439080e+01
-2.58009000 1.33096700e+01
-2.55009000 1.35831150e+01
-2.52009000 1.60514070e+01
-2.49009000 1.59375450e+01
-2.46009000 1.48123640e+01
-2.43009000 1.45212700e+01
-2.40009000 1.45591250e+01
-2.37009000 1.69549210e+01
-2.34009000 1.87144810e+01
-2.31009000 1.87285790e+01
-2.28009000 1.94253310e+01
-2.25009000 1.97586270e+01
-2.22009000 1.80275350e+01
-2.19009000 1.61419070e+01
-2.16009000 1.76390500e+01
-2.13009000 1.80985900e+01
-2.10009000 1.47398540e+01
-2.06930000 1.27525120e+01
-2.03930000 1.33813270e+01
-2.00930000 1.50665890e+01
-1.97930000 1.55231000e+01
-1.94930000 1.59014400e+01
-1.91930000 1.89548200e+01
-1.88930000 2.48799100e+01
-1.85930000 3.17886900e+01
-1.82930000 3.51552600e+01
-1.79930000 3.37184400e+01
-1.76930000 3.79228200e+01
-1.73930000 5.37343300e+01
-1.70930000 7.78054800e+01
-1.67930000 8.24011740e+01
-1.64930000 5.81326590e+01
-1.61930000 3.53462420e+01
-1.58930000 2.36077350e+01
-1.55930000 1.79852310e+01
-1.52930000 1.52061530e+01
-1.49930000 1.33604980e+01
-1.46930000 1.26838880e+01
-1.43930000 1.20320460e+01
-1.40930000 1.11455050e+01
-1.37930000 1.05437790e+01
-1.34930000 1.02610150e+01
-1.31930000 9.87397500e+00
-1.28930000 1.01170210e+01
-1.25930000 1.16088000e+01
-1.22930000 1.47299720e+01
-1.19930000 2.11081110e+01
-1.16930000 3.31818130e+01
-1.13930000 4.52226900e+01
-1.10930000 4.15021820e+01
-1.07930000 3.33773600e+01
-1.04930000 3.21857200e+01
-1.01930000 3.16932200e+01
-0.98930100 3.37479200e+01
-0.95930100 4.06184200e+01
-0.92930100 3.77494000e+01
-0.89930100 2.94745100e+01
-0.86930100 2.47829600e+01
-0.83930100 2.25883000e+01
-0.80930100 2.38381200e+01
-0.77930100 2.71201080e+01
-0.74930100 2.74152120e+01
-0.71930100 3.06349090e+01
-0.68930100 4.28400940e+01
-0.65930100 5.92247060e+01
-0.62851500 5.28736370e+01
-0.59851500 3.58808800e+01
-0.56851500 2.68392200e+01
-0.53851500 2.30501200e+01
-0.50851500 2.16770600e+01
-0.47851500 2.36171600e+01
-0.44851500 3.06394000e+01
-0.41851500 4.45749300e+01
-0.38851500 5.76318100e+01
-0.35851500 4.59961400e+01
-0.32851500 3.00596300e+01
-0.29851500 2.08768500e+01
-0.26851500 1.59030000e+01
-0.23851500 1.38336060e+01
-0.20851500 1.25855650e+01
-0.17851500 1.08154160e+01
-0.14851500 9.15676300e+00
-0.11851500 7.74366800e+00
-0.08851530 6.95957300e+00
-0.05851530 6.65653200e+00
-0.02851530 6.39422800e+00
0.00148466 5.76793000e+00
0.03148470 5.26337000e+00
0.06148470 5.00990000e+00
0.09148470 4.63826000e+00
0.12148500 4.28539000e+00
0.15148500 4.21254000e+00
0.18148500 4.42172000e+00
0.21148500 4.37159000e+00
0.24148500 4.02364000e+00
0.27148500 3.84275000e+00
0.30148500 3.64964000e+00
0.33148500 3.44970000e+00
0.36148500 3.56054000e+00
0.39148500 4.07930000e+00
0.42148500 4.56658000e+00
0.45148500 4.53214000e+00
0.48148500 4.55334000e+00
0.51148500 4.75717000e+00
0.54148500 5.31522000e+00
0.57148500 5.92415000e+00
0.60148500 5.80483000e+00
0.63148500 6.06809000e+00
0.66148500 7.54056000e+00
0.69148500 1.02604400e+01
0.72148500 1.35987400e+01
0.75148500 1.35855200e+01
0.78148500 1.16002100e+01
