# E(MeV)  S_NSDRNSDR(K=0) for Yb211_DDPCX
-13.59560000 1.48800000e-01
-13.56560000 1.71924000e-01
-13.53560000 2.15368000e-01
-13.50560000 2.99113000e-01
-13.47560000 4.01856000e-01
-13.44560000 3.66388000e-01
-13.41560000 2.62819000e-01
-13.38560000 2.02338000e-01
-13.35560000 1.72947000e-01
-13.32560000 1.58158000e-01
-13.29560000 1.50375000e-01
-13.26560000 1.46238000e-01
-13.23560000 1.44156000e-01
-13.20560000 1.43316000e-01
-13.17560000 1.43272000e-01
-13.14560000 1.43766000e-01
-13.11560000 1.44638000e-01
-13.08560000 1.45790000e-01
-13.05560000 1.47155000e-01
-13.02560000 1.48690000e-01
-12.99560000 1.50363000e-01
-12.96560000 1.52154000e-01
-12.93560000 1.54047000e-01
-12.90560000 1.56033000e-01
-12.87560000 1.58102000e-01
-12.84560000 1.60251000e-01
-12.81560000 1.62475000e-01
-12.78560000 1.64772000e-01
-12.75560000 1.67142000e-01
-12.72560000 1.69583000e-01
-12.69560000 1.72097000e-01
-12.66560000 1.74684000e-01
-12.63560000 1.77345000e-01
-12.60560000 1.80083000e-01
-12.57560000 1.82900000e-01
-12.54560000 1.85798000e-01
-12.51560000 1.88782000e-01
-12.48560000 1.91855000e-01
-12.45560000 1.95021000e-01
-12.42560000 1.98285000e-01
-12.39560000 2.01652000e-01
-12.36560000 2.05129000e-01
-12.33560000 2.08722000e-01
-12.30560000 2.12439000e-01
-12.27560000 2.16289000e-01
-12.24560000 2.20283000e-01
-12.21560000 2.24432000e-01
-12.18560000 2.28751000e-01
-12.15480000 2.33378000e-01
-12.12480000 2.38097000e-01
-12.09480000 2.43051000e-01
-12.06480000 2.48272000e-01
-12.03480000 2.53803000e-01
-12.00480000 2.59703000e-01
-11.97480000 2.66050000e-01
-11.94480000 2.72958000e-01
-11.91480000 2.80597000e-01
-11.88480000 2.89230000e-01
-11.85480000 2.99288000e-01
-11.82480000 3.11521000e-01
-11.79480000 3.27321000e-01
-11.76480000 3.49490000e-01
-11.73480000 3.84127000e-01
-11.70480000 4.45114000e-01
-11.67480000 5.57591000e-01
-11.64480000 6.90410000e-01
-11.61480000 6.46748000e-01
-11.58480000 5.25470000e-01
-11.55480000 4.59320000e-01
-11.52480000 4.31863000e-01
-11.49480000 4.22955000e-01
-11.46480000 4.23423000e-01
-11.43480000 4.29278000e-01
-11.40480000 4.38709000e-01
-11.37480000 4.50894000e-01
-11.34480000 4.65515000e-01
-11.31480000 4.82530000e-01
-11.28480000 5.01915000e-01
-11.25480000 5.23989000e-01
-11.22480000 5.49647000e-01
-11.19480000 5.80115000e-01
-11.16480000 6.17692000e-01
-11.13480000 6.66738000e-01
-11.10480000 7.29143000e-01
-11.07480000 7.80870000e-01
-11.04480000 8.21387000e-01
-11.01480000 8.83101000e-01
-10.98480000 9.73884000e-01
-10.95480000 1.10227000e+00
-10.92480000 1.28927000e+00
-10.89480000 1.58085000e+00
-10.86480000 2.07981000e+00
-10.83480000 3.00221000e+00
-10.80480000 4.45312000e+00
-10.77480000 4.95036000e+00
-10.74480000 4.02100000e+00
-10.71400000 3.57307000e+00
-10.68400000 3.84578000e+00
-10.65400000 4.56256000e+00
-10.62400000 5.91458000e+00
-10.59400000 8.75226000e+00
-10.56400000 1.46238000e+01
-10.53400000 2.48672000e+01
-10.50400000 2.95308000e+01
-10.47400000 2.00772000e+01
-10.44400000 1.20760000e+01
-10.41400000 8.47332000e+00
-10.38400000 6.76692000e+00
-10.35400000 5.02464000e+00
-10.32400000 3.78143000e+00
-10.29400000 3.17684000e+00
-10.26400000 2.85370000e+00
-10.23400000 2.44091000e+00
-10.20400000 2.09385000e+00
-10.17400000 1.88821000e+00
-10.14400000 1.77217000e+00
-10.11400000 1.71001000e+00
-10.08400000 1.68409000e+00
-10.05400000 1.68569000e+00
-10.02400000 1.71084000e+00
-9.99401000 1.75897000e+00
-9.96401000 1.83329000e+00
-9.93401000 1.94359000e+00
-9.90401000 2.11260000e+00
-9.87401000 2.36478000e+00
-9.84401000 2.57576000e+00
-9.81401000 2.59275000e+00
-9.78401000 2.63798000e+00
-9.75401000 2.78068000e+00
-9.72401000 3.00045000e+00
-9.69401000 3.29197000e+00
-9.66401000 3.66725000e+00
-9.63401000 4.15229000e+00
-9.60401000 4.75299000e+00
-9.57401000 5.42818000e+00
-9.54401000 6.29130000e+00
-9.51401000 7.48172000e+00
-9.48401000 9.14224000e+00
-9.45401000 1.15234000e+01
-9.42401000 1.50904000e+01
-9.39401000 2.07493000e+01
-9.36401000 3.03862000e+01
-9.33401000 4.80958000e+01
-9.30401000 8.12263000e+01
-9.27323000 1.38721000e+02
-9.24323000 1.79853000e+02
-9.21323000 1.31050000e+02
-9.18323000 7.63838000e+01
-9.15323000 4.90482000e+01
-9.12323000 3.83858000e+01
-9.09323000 3.86006000e+01
-9.06323000 4.62528000e+01
-9.03323000 4.96943000e+01
-9.00323000 3.81082000e+01
-8.97323000 2.44292000e+01
-8.94323000 1.67349000e+01
-8.91323000 1.27768000e+01
-8.88323000 1.07275000e+01
-8.85323000 9.81229000e+00
-8.82323000 9.81006000e+00
-8.79323000 1.09105000e+01
-8.76323000 1.38940000e+01
-8.73323000 2.03146000e+01
-8.70323000 2.81910000e+01
-8.67323000 2.48284000e+01
-8.64323000 1.64314000e+01
-8.61323000 1.16252000e+01
-8.58323000 9.37073000e+00
-8.55323000 8.37177000e+00
-8.52323000 8.04801000e+00
-8.49323000 8.16898000e+00
-8.46323000 8.66563000e+00
-8.43323000 9.54285000e+00
-8.40323000 1.08704000e+01
-8.37323000 1.29250000e+01
-8.34323000 1.62425000e+01
-8.31323000 2.19486000e+01
-8.28323000 3.25292000e+01
-8.25323000 5.12093000e+01
-8.22323000 6.61352000e+01
-8.19323000 5.72345000e+01
-8.16323000 4.90739000e+01
-8.13323000 5.27962000e+01
-8.10323000 7.02844000e+01
-8.07323000 1.10306000e+02
-8.04323000 1.90631000e+02
-8.01323000 2.78719000e+02
-7.98323000 2.30668000e+02
-7.95323000 1.37850000e+02
-7.92323000 8.79716000e+01
-7.89323000 6.85964000e+01
-7.86323000 6.94520000e+01
-7.83244000 9.07070000e+01
-7.80244000 1.10048000e+02
-7.77244000 8.64499000e+01
-7.74244000 5.57439000e+01
-7.71244000 3.69582000e+01
-7.68244000 2.73402000e+01
-7.65244000 2.26534000e+01
-7.62244000 2.08910000e+01
-7.59244000 2.15173000e+01
-7.56244000 2.50697000e+01
-7.53244000 3.35949000e+01
-7.50244000 4.73562000e+01
-7.47244000 5.11266000e+01
-7.44244000 4.59837000e+01
-7.41244000 4.59995000e+01
-7.38244000 4.50944000e+01
-7.35244000 5.01635000e+01
-7.32244000 6.81553000e+01
-7.29244000 1.01272000e+02
-7.26244000 1.41939000e+02
-7.23244000 1.62768000e+02
-7.20244000 1.23276000e+02
-7.17244000 9.00214000e+01
-7.14244000 7.85797000e+01
-7.11244000 5.82377000e+01
-7.08244000 3.79260000e+01
-7.05244000 2.67656000e+01
-7.02244000 2.11751000e+01
-6.99244000 1.82347000e+01
-6.96244000 1.69475000e+01
-6.93244000 1.69249000e+01
-6.90244000 1.91127000e+01
-6.87244000 2.47619000e+01
-6.84244000 3.52166000e+01
-6.81244000 4.97940000e+01
-6.78244000 5.99809000e+01
-6.75244000 4.65016000e+01
-6.72244000 3.19410000e+01
-6.69244000 2.72799000e+01
-6.66244000 3.11932000e+01
-6.63244000 4.02856000e+01
-6.60244000 4.11475000e+01
-6.57244000 2.92512000e+01
-6.54244000 1.99558000e+01
-6.51244000 1.63357000e+01
-6.48244000 1.67531000e+01
-6.45244000 2.09136000e+01
-6.42244000 2.50517000e+01
-6.39166000 2.05931000e+01
-6.36166000 1.60025000e+01
-6.33166000 1.39118000e+01
-6.30166000 1.13966000e+01
-6.27166000 9.28133000e+00
-6.24166000 7.55676000e+00
-6.21166000 6.03200000e+00
-6.18166000 5.06087000e+00
-6.15166000 4.62612000e+00
-6.12166000 4.54659000e+00
-6.09166000 4.73912000e+00
-6.06166000 5.34570000e+00
-6.03166000 6.75747000e+00
-6.00166000 9.89457000e+00
-5.97166000 1.45111000e+01
-5.94166000 1.40736000e+01
-5.91166000 9.50656000e+00
-5.88166000 6.79246000e+00
-5.85166000 5.92284000e+00
-5.82166000 6.33530000e+00
-5.79166000 6.98140000e+00
-5.76166000 6.19582000e+00
-5.73166000 5.47309000e+00
-5.70166000 5.64724000e+00
-5.67166000 6.80591000e+00
-5.64166000 9.44371000e+00
-5.61166000 1.48750000e+01
-5.58166000 2.41048000e+01
-5.55166000 3.06637000e+01
-5.52166000 2.52017000e+01
-5.49166000 1.53443000e+01
-5.46166000 9.40100000e+00
-5.43166000 6.46836000e+00
-5.40166000 4.94348000e+00
-5.37166000 3.97472000e+00
-5.34166000 3.38253000e+00
-5.31166000 2.98800000e+00
-5.28166000 2.75826000e+00
-5.25166000 2.72542000e+00
-5.22166000 2.79076000e+00
-5.19166000 2.77083000e+00
-5.16166000 2.79702000e+00
-5.13166000 2.98467000e+00
-5.10166000 3.40310000e+00
-5.07166000 4.12717000e+00
-5.04166000 5.34927000e+00
-5.01166000 7.60225000e+00
-4.98166000 1.19894000e+01
-4.95087000 2.01440000e+01
-4.92087000 2.91473000e+01
-4.89087000 2.92863000e+01
-4.86087000 2.00017000e+01
-4.83087000 1.28172000e+01
-4.80087000 8.22181000e+00
-4.77087000 5.72689000e+00
-4.74087000 4.48119000e+00
-4.71087000 3.97710000e+00
-4.68087000 4.10728000e+00
-4.65087000 4.90686000e+00
-4.62087000 5.30630000e+00
-4.59087000 4.31155000e+00
-4.56087000 3.60684000e+00
-4.53087000 3.64463000e+00
-4.50087000 4.31711000e+00
-4.47087000 4.84353000e+00
-4.44087000 4.82951000e+00
-4.41087000 5.59830000e+00
-4.38087000 8.02715000e+00
-4.35087000 1.20938000e+01
-4.32087000 1.39383000e+01
-4.29087000 1.10212000e+01
-4.26087000 7.29873000e+00
-4.23087000 4.85196000e+00
-4.20087000 3.60544000e+00
-4.17087000 3.06939000e+00
-4.14087000 2.97975000e+00
-4.11087000 3.31607000e+00
-4.08087000 4.25817000e+00
-4.05087000 6.11331000e+00
-4.02087000 8.88526000e+00
-3.99087000 1.01113000e+01
-3.96087000 8.20094000e+00
-3.93087000 5.99978000e+00
-3.90087000 5.36302000e+00
-3.87087000 5.68693000e+00
-3.84087000 6.19003000e+00
-3.81087000 5.66463000e+00
-3.78087000 4.36493000e+00
-3.75087000 3.64266000e+00
-3.72087000 3.22441000e+00
-3.69087000 2.84967000e+00
-3.66087000 2.83609000e+00
-3.63087000 3.24936000e+00
-3.60087000 4.25481000e+00
-3.57087000 6.34560000e+00
-3.54087000 1.02774000e+01
-3.51009000 1.57153000e+01
-3.48009000 1.69790000e+01
-3.45009000 1.12898000e+01
-3.42009000 6.84098000e+00
-3.39009000 4.73377000e+00
-3.36009000 3.88914000e+00
-3.33009000 3.60061000e+00
-3.30009000 3.55003000e+00
-3.27009000 3.42611000e+00
-3.24009000 3.02388000e+00
-3.21009000 3.09664000e+00
-3.18009000 3.85593000e+00
-3.15009000 4.77648000e+00
-3.12009000 4.29259000e+00
-3.09009000 3.23346000e+00
-3.06009000 2.71541000e+00
-3.03009000 2.54848000e+00
-3.00009000 2.36376000e+00
-2.97009000 2.48532000e+00
-2.94009000 3.28689000e+00
-2.91009000 4.67020000e+00
-2.88009000 4.66248000e+00
-2.85009000 3.20788000e+00
-2.82009000 2.14843000e+00
-2.79009000 1.64399000e+00
-2.76009000 1.35840000e+00
-2.73009000 1.11944000e+00
-2.70009000 9.02922000e-01
-2.67009000 7.56676000e-01
-2.64009000 6.66735000e-01
-2.61009000 6.04428000e-01
-2.58009000 5.63250000e-01
-2.55009000 5.41275000e-01
-2.52009000 5.39847000e-01
-2.49009000 5.39685000e-01
-2.46009000 5.29844000e-01
-2.43009000 5.46330000e-01
-2.40009000 5.90765000e-01
-2.37009000 5.98761000e-01
-2.34009000 5.98281000e-01
-2.31009000 5.77419000e-01
-2.28009000 5.15951000e-01
-2.25009000 4.79327000e-01
-2.22009000 4.71395000e-01
-2.19009000 4.81067000e-01
-2.16009000 5.10090000e-01
-2.13009000 5.72470000e-01
-2.10009000 6.72874000e-01
-2.06930000 7.49152000e-01
-2.03930000 8.08147000e-01
-2.00930000 9.66049000e-01
-1.97930000 1.30888000e+00
-1.94930000 2.00788000e+00
-1.91930000 3.24874000e+00
-1.88930000 4.08351000e+00
-1.85930000 3.12489000e+00
-1.82930000 2.08266000e+00
-1.79930000 1.45844000e+00
-1.76930000 1.21002000e+00
-1.73930000 1.23213000e+00
-1.70930000 1.20628000e+00
-1.67930000 9.30174000e-01
-1.64930000 7.22059000e-01
-1.61930000 6.16842000e-01
-1.58930000 5.61535000e-01
-1.55930000 5.42891000e-01
-1.52930000 5.37793000e-01
-1.49930000 5.62838000e-01
-1.46930000 6.32528000e-01
-1.43930000 7.26366000e-01
-1.40930000 8.56665000e-01
-1.37930000 8.18259000e-01
-1.34930000 6.74035000e-01
-1.31930000 5.99715000e-01
-1.28930000 5.48321000e-01
-1.25930000 5.26160000e-01
-1.22930000 5.33152000e-01
-1.19930000 5.64311000e-01
-1.16930000 6.20013000e-01
-1.13930000 7.06490000e-01
-1.10930000 8.76982000e-01
-1.07930000 1.20676000e+00
-1.04930000 1.72952000e+00
-1.01930000 2.11342000e+00
-0.98930100 2.49532000e+00
-0.95930100 3.32702000e+00
-0.92930100 4.15540000e+00
-0.89930100 3.88231000e+00
-0.86930100 2.61276000e+00
-0.83930100 1.64670000e+00
-0.80930100 1.14872000e+00
-0.77930100 9.02508000e-01
-0.74930100 7.88412000e-01
-0.71930100 7.52909000e-01
-0.68930100 7.55894000e-01
-0.65930100 7.83906000e-01
-0.62851500 8.72637000e-01
-0.59851500 1.04388000e+00
-0.56851500 1.38342000e+00
-0.53851500 2.03732000e+00
-0.50851500 2.83790000e+00
-0.47851500 2.92336000e+00
-0.44851500 2.97460000e+00
-0.41851500 3.76513000e+00
-0.38851500 4.35141000e+00
-0.35851500 3.23754000e+00
-0.32851500 2.12523000e+00
-0.29851500 1.46373000e+00
-0.26851500 1.05218000e+00
-0.23851500 8.29446000e-01
-0.20851500 7.18785000e-01
-0.17851500 6.82956000e-01
-0.14851500 7.17023000e-01
-0.11851500 7.99988000e-01
-0.08851530 8.42453000e-01
-0.05851530 8.82492000e-01
-0.02851530 9.41248000e-01
0.00148466 1.13115000e+00
0.03148470 1.55491000e+00
0.06148470 1.85688000e+00
0.09148470 1.73860000e+00
0.12148500 1.52269000e+00
0.15148500 1.56676000e+00
0.18148500 1.78524000e+00
0.21148500 1.69199000e+00
0.24148500 1.44868000e+00
0.27148500 1.39253000e+00
0.30148500 1.23168000e+00
0.33148500 1.12100000e+00
0.36148500 1.25878000e+00
0.39148500 1.63410000e+00
0.42148500 1.85152000e+00
0.45148500 1.49012000e+00
0.48148500 1.13474000e+00
0.51148500 1.05559000e+00
0.54148500 1.18874000e+00
0.57148500 1.29485000e+00
0.60148500 1.14201000e+00
0.63148500 1.05185000e+00
0.66148500 1.17892000e+00
0.69148500 1.45472000e+00
0.72148500 1.88486000e+00
0.75148500 2.54992000e+00
0.78148500 2.60215000e+00
