# E(MeV)  S_GAMTGAMT(Total=K0+2*K1) for Yb211_DDPCX
-13.59560000 8.94606000e-03
-13.56560000 8.83693000e-03
-13.53560000 8.64903000e-03
-13.50560000 8.59004000e-03
-13.47560000 8.63682000e-03
-13.44560000 8.79588000e-03
-13.41560000 9.11834000e-03
-13.38560000 9.43242000e-03
-13.35560000 9.23022000e-03
-13.32560000 8.92252000e-03
-13.29560000 8.76883000e-03
-13.26560000 8.70789000e-03
-13.23560000 8.69049000e-03
-13.20560000 8.69462000e-03
-13.17560000 8.71033000e-03
-13.14560000 8.73282000e-03
-13.11560000 8.75963000e-03
-13.08560000 8.78932000e-03
-13.05560000 8.82109000e-03
-13.02560000 8.85440000e-03
-12.99560000 8.88895000e-03
-12.96560000 8.92450000e-03
-12.93560000 8.96093000e-03
-12.90560000 8.99812000e-03
-12.87560000 9.03602000e-03
-12.84560000 9.07458000e-03
-12.81560000 9.11378000e-03
-12.78560000 9.15357000e-03
-12.75560000 9.19400000e-03
-12.72560000 9.23504000e-03
-12.69560000 9.27671000e-03
-12.66560000 9.31902000e-03
-12.63560000 9.36201000e-03
-12.60560000 9.40573000e-03
-12.57560000 9.45017000e-03
-12.54560000 9.49541000e-03
-12.51560000 9.54151000e-03
-12.48560000 9.58855000e-03
-12.45560000 9.63660000e-03
-12.42560000 9.68579000e-03
-12.39560000 9.73623000e-03
-12.36560000 9.78808000e-03
-12.33560000 9.84156000e-03
-12.30560000 9.89693000e-03
-12.27560000 9.95452000e-03
-12.24560000 1.00147500e-02
-12.21560000 1.00782100e-02
-12.18560000 1.01456900e-02
-12.15480000 1.02203500e-02
-12.12480000 1.03000400e-02
-12.09480000 1.03892600e-02
-12.06480000 1.04922500e-02
-12.03480000 1.06166000e-02
-12.00480000 1.07768300e-02
-11.97480000 1.10017200e-02
-11.94480000 1.13250200e-02
-11.91480000 1.16617100e-02
-11.88480000 1.19916700e-02
-11.85480000 1.26577800e-02
-11.82480000 1.40231100e-02
-11.79480000 1.62257500e-02
-11.76480000 1.75734200e-02
-11.73480000 1.64731100e-02
-11.70480000 1.46956500e-02
-11.67480000 1.38710300e-02
-11.64480000 1.40181500e-02
-11.61480000 1.51621300e-02
-11.58480000 1.69239800e-02
-11.55480000 1.65480100e-02
-11.52480000 1.48423300e-02
-11.49480000 1.39735600e-02
-11.46480000 1.38567400e-02
-11.43480000 1.43319800e-02
-11.40480000 1.54623500e-02
-11.37480000 1.74227900e-02
-11.34480000 2.06411500e-02
-11.31480000 2.29948100e-02
-11.28480000 2.18520000e-02
-11.25480000 2.03077600e-02
-11.22480000 1.82024400e-02
-11.19480000 1.66649300e-02
-11.16480000 1.55169100e-02
-11.13480000 1.49835200e-02
-11.10480000 1.51118500e-02
-11.07480000 1.59738900e-02
-11.04480000 1.79672900e-02
-11.01480000 2.07542000e-02
-10.98480000 2.09700800e-02
-10.95480000 1.91022000e-02
-10.92480000 1.80386800e-02
-10.89480000 1.82926300e-02
-10.86480000 1.79779000e-02
-10.83480000 1.70620600e-02
-10.80480000 1.65139800e-02
-10.77480000 1.66311000e-02
-10.74480000 1.73180900e-02
-10.71400000 1.81589700e-02
-10.68400000 1.87457300e-02
-10.65400000 2.01217900e-02
-10.62400000 2.33125200e-02
-10.59400000 2.95636600e-02
-10.56400000 4.06180400e-02
-10.53400000 5.07956000e-02
-10.50400000 4.55516000e-02
-10.47400000 3.47116400e-02
-10.44400000 2.87319600e-02
-10.41400000 2.47922000e-02
-10.38400000 2.16259500e-02
-10.35400000 1.94869600e-02
-10.32400000 1.81524000e-02
-10.29400000 1.74535100e-02
-10.26400000 1.72058900e-02
-10.23400000 1.73167600e-02
-10.20400000 1.78413600e-02
-10.17400000 1.90374400e-02
-10.14400000 2.12153800e-02
-10.11400000 2.27942200e-02
-10.08400000 2.20974300e-02
-10.05400000 2.21740900e-02
-10.02400000 2.39477800e-02
-9.99401000 2.64384700e-02
-9.96401000 2.79068100e-02
-9.93401000 3.08805200e-02
-9.90401000 3.55151400e-02
-9.87401000 3.60074600e-02
-9.84401000 3.12060500e-02
-9.81401000 2.80748700e-02
-9.78401000 2.89356500e-02
-9.75401000 3.36617000e-02
-9.72401000 3.95001400e-02
-9.69401000 3.75764700e-02
-9.66401000 3.42496200e-02
-9.63401000 3.53368000e-02
-9.60401000 3.70609000e-02
-9.57401000 3.40401000e-02
-9.54401000 2.96692000e-02
-9.51401000 2.70132600e-02
-9.48401000 2.50840400e-02
-9.45401000 2.45370700e-02
-9.42401000 2.56230400e-02
-9.39401000 2.89188000e-02
-9.36401000 3.57866000e-02
-9.33401000 4.32334000e-02
-9.30401000 4.01932000e-02
-9.27323000 3.47693000e-02
-9.24323000 3.25595000e-02
-9.21323000 3.16644000e-02
-9.18323000 3.30199000e-02
-9.15323000 3.46123000e-02
-9.12323000 3.50490200e-02
-9.09323000 3.45354800e-02
-9.06323000 3.43383600e-02
-9.03323000 3.21550000e-02
-9.00323000 3.14054800e-02
-8.97323000 3.20324000e-02
-8.94323000 3.24832000e-02
-8.91323000 3.44631000e-02
-8.88323000 3.83000000e-02
-8.85323000 4.48203000e-02
-8.82323000 5.54101000e-02
-8.79323000 6.48114000e-02
-8.76323000 8.09202000e-02
-8.73323000 1.12163100e-01
-8.70323000 1.31910900e-01
-8.67323000 1.08464700e-01
-8.64323000 7.36888000e-02
-8.61323000 5.35314000e-02
-8.58323000 4.37301000e-02
-8.55323000 3.92474000e-02
-8.52323000 3.63810000e-02
-8.49323000 3.41453000e-02
-8.46323000 3.33479000e-02
-8.43323000 3.37889000e-02
-8.40323000 3.49766000e-02
-8.37323000 3.64586000e-02
-8.34323000 3.81672000e-02
-8.31323000 4.17656000e-02
-8.28323000 4.91313000e-02
-8.25323000 6.36016000e-02
-8.22323000 8.43537000e-02
-8.19323000 8.92164000e-02
-8.16323000 8.49459000e-02
-8.13323000 9.48954000e-02
-8.10323000 1.15859200e-01
-8.07323000 1.09783200e-01
-8.04323000 8.57455000e-02
-8.01323000 7.37817000e-02
-7.98323000 7.66081000e-02
-7.95323000 9.26647000e-02
-7.92323000 1.04510300e-01
-7.89323000 1.03149800e-01
-7.86323000 1.13519500e-01
-7.83244000 1.13502000e-01
-7.80244000 8.98489000e-02
-7.77244000 7.26927000e-02
-7.74244000 6.48040000e-02
-7.71244000 6.26939000e-02
-7.68244000 6.53307000e-02
-7.65244000 7.11048000e-02
-7.62244000 7.67031000e-02
-7.59244000 8.25240000e-02
-7.56244000 9.32036000e-02
-7.53244000 1.15118400e-01
-7.50244000 1.56303400e-01
-7.47244000 2.30372900e-01
-7.44244000 3.61113000e-01
-7.41244000 5.00645000e-01
-7.38244000 5.36812000e-01
-7.35244000 4.54136200e-01
-7.32244000 3.05544800e-01
-7.29244000 2.15815400e-01
-7.26244000 1.58148400e-01
-7.23244000 1.17970600e-01
-7.20244000 9.41671000e-02
-7.17244000 8.11597000e-02
-7.14244000 7.47009000e-02
-7.11244000 7.19229000e-02
-7.08244000 7.20382000e-02
-7.05244000 7.47422000e-02
-7.02244000 7.85916000e-02
-6.99244000 8.43551000e-02
-6.96244000 9.06900000e-02
-6.93244000 9.59770000e-02
-6.90244000 9.53197000e-02
-6.87244000 9.44193000e-02
-6.84244000 9.79854000e-02
-6.81244000 1.07132600e-01
-6.78244000 1.09705300e-01
-6.75244000 9.96050000e-02
-6.72244000 9.09045000e-02
-6.69244000 8.98190000e-02
-6.66244000 9.13780000e-02
-6.63244000 9.62910000e-02
-6.60244000 1.09119300e-01
-6.57244000 1.27393000e-01
-6.54244000 1.39752300e-01
-6.51244000 1.47638600e-01
-6.48244000 1.43552700e-01
-6.45244000 1.41390000e-01
-6.42244000 1.48127600e-01
-6.39166000 1.49235000e-01
-6.36166000 1.53603500e-01
-6.33166000 1.68192600e-01
-6.30166000 1.93395000e-01
-6.27166000 2.30427000e-01
-6.24166000 2.84185400e-01
-6.21166000 3.70259200e-01
-6.18166000 5.19868800e-01
-6.15166000 7.94225000e-01
-6.12166000 1.26847400e+00
-6.09166000 1.84637000e+00
-6.06166000 2.35919200e+00
-6.03166000 2.60347400e+00
-6.00166000 1.98263200e+00
-5.97166000 1.44653700e+00
-5.94166000 1.28615100e+00
-5.91166000 1.07748000e+00
-5.88166000 8.26460000e-01
-5.85166000 6.73087000e-01
-5.82166000 5.20966000e-01
-5.79166000 3.88830000e-01
-5.76166000 3.04953600e-01
-5.73166000 2.60322800e-01
-5.70166000 2.38747400e-01
-5.67166000 2.30005200e-01
-5.64166000 2.30054400e-01
-5.61166000 2.41850000e-01
-5.58166000 2.69700800e-01
-5.55166000 3.23224600e-01
-5.52166000 4.25725400e-01
-5.49166000 6.20889200e-01
-5.46166000 8.65732200e-01
-5.43166000 8.15489000e-01
-5.40166000 6.27630800e-01
-5.37166000 5.60193600e-01
-5.34166000 5.82733600e-01
-5.31166000 6.54941200e-01
-5.28166000 7.99050600e-01
-5.25166000 1.10526700e+00
-5.22166000 1.74948800e+00
-5.19166000 2.94786000e+00
-5.16166000 3.99590400e+00
-5.13166000 3.13692800e+00
-5.10166000 1.85192800e+00
-5.07166000 1.14919000e+00
-5.04166000 8.03466000e-01
-5.01166000 6.25128800e-01
-4.98166000 5.38836000e-01
-4.95087000 4.89347600e-01
-4.92087000 4.54191000e-01
-4.89087000 4.52695800e-01
-4.86087000 4.94017000e-01
-4.83087000 5.92615000e-01
-4.80087000 7.67027000e-01
-4.77087000 1.00031700e+00
-4.74087000 1.20012900e+00
-4.71087000 1.40904800e+00
-4.68087000 1.35828100e+00
-4.65087000 1.14022300e+00
-4.62087000 1.09249000e+00
-4.59087000 1.17896300e+00
-4.56087000 1.33230200e+00
-4.53087000 1.72913000e+00
-4.50087000 2.60494400e+00
-4.47087000 3.87421500e+00
-4.44087000 4.09060500e+00
-4.41087000 3.66226800e+00
-4.38087000 3.84916500e+00
-4.35087000 4.78915200e+00
-4.32087000 6.54318700e+00
-4.29087000 7.04016300e+00
-4.26087000 4.74099500e+00
-4.23087000 2.88831400e+00
-4.20087000 1.92856300e+00
-4.17087000 1.45307500e+00
-4.14087000 1.23950100e+00
-4.11087000 1.18938900e+00
-4.08087000 1.26685700e+00
-4.05087000 1.46283700e+00
-4.02087000 1.84019000e+00
-3.99087000 2.64013800e+00
-3.96087000 4.09317000e+00
-3.93087000 4.92195600e+00
-3.90087000 3.90777800e+00
-3.87087000 3.10742600e+00
-3.84087000 2.78802000e+00
-3.81087000 3.02138000e+00
-3.78087000 3.96828500e+00
-3.75087000 4.62358500e+00
-3.72087000 3.83593900e+00
-3.69087000 2.74924400e+00
-3.66087000 2.21670200e+00
-3.63087000 2.18931500e+00
-3.60087000 2.57869700e+00
-3.57087000 3.54055200e+00
-3.54087000 5.62384600e+00
-3.51009000 9.61039590e+00
-3.48009000 1.22028517e+01
-3.45009000 8.82321250e+00
-3.42009000 5.25980490e+00
-3.39009000 3.32103140e+00
-3.36009000 2.32024540e+00
-3.33009000 1.81201490e+00
-3.30009000 1.59238650e+00
-3.27009000 1.56451290e+00
-3.24009000 1.72251450e+00
-3.21009000 2.16835490e+00
-3.18009000 3.18410970e+00
-3.15009000 5.07351690e+00
-3.12009000 6.12092300e+00
-3.09009000 4.46178980e+00
-3.06009000 2.94876310e+00
-3.03009000 2.04615580e+00
-3.00009000 1.38511740e+00
-2.97009000 9.92032100e-01
-2.94009000 7.71732900e-01
-2.91009000 6.46188300e-01
-2.88009000 5.86863200e-01
-2.85009000 5.75020000e-01
-2.82009000 5.44566500e-01
-2.79009000 4.92956100e-01
-2.76009000 4.77848200e-01
-2.73009000 4.86279500e-01
-2.70009000 4.92967900e-01
-2.67009000 4.67159600e-01
-2.64009000 4.32339100e-01
-2.61009000 4.02793200e-01
-2.58009000 3.80767800e-01
-2.55009000 3.81729100e-01
-2.52009000 3.96713200e-01
-2.49009000 4.29471000e-01
-2.46009000 4.90249300e-01
-2.43009000 5.94400700e-01
-2.40009000 7.44955900e-01
-2.37009000 9.11805900e-01
-2.34009000 1.04600910e+00
-2.31009000 1.28629060e+00
-2.28009000 1.81325850e+00
-2.25009000 2.90385580e+00
-2.22009000 4.96886690e+00
-2.19009000 7.03798790e+00
-2.16009000 5.88488980e+00
-2.13009000 3.53136970e+00
-2.10009000 2.11859810e+00
-2.06930000 1.38118310e+00
-2.03930000 1.02167500e+00
-2.00930000 8.55593000e-01
-1.97930000 8.24225000e-01
-1.94930000 8.53436000e-01
-1.91930000 8.24881000e-01
-1.88930000 7.18901000e-01
-1.85930000 6.16117000e-01
-1.82930000 5.78141000e-01
-1.79930000 5.89531000e-01
-1.76930000 5.94264000e-01
-1.73930000 5.46797000e-01
-1.70930000 5.51832000e-01
-1.67930000 6.30314000e-01
-1.64930000 7.61312000e-01
-1.61930000 9.57896000e-01
-1.58930000 1.38142600e+00
-1.55930000 1.88096600e+00
-1.52930000 1.86564000e+00
-1.49930000 1.62951600e+00
-1.46930000 1.50392400e+00
-1.43930000 1.23731600e+00
-1.40930000 9.01946000e-01
-1.37930000 7.48093000e-01
-1.34930000 7.06233000e-01
-1.31930000 5.97962000e-01
-1.28930000 5.01542000e-01
-1.25930000 4.67591000e-01
-1.22930000 4.76785000e-01
-1.19930000 5.29758400e-01
-1.16930000 6.88460400e-01
-1.13930000 9.46942000e-01
-1.10930000 9.44221000e-01
-1.07930000 6.98781000e-01
-1.04930000 5.38570200e-01
-1.01930000 4.88265600e-01
-0.98930100 4.74521800e-01
-0.95930100 4.23303400e-01
-0.92930100 3.62136600e-01
-0.89930100 3.14900800e-01
-0.86930100 2.84311000e-01
-0.83930100 2.71750600e-01
-0.80930100 2.72440000e-01
-0.77930100 2.85272200e-01
-0.74930100 3.10176800e-01
-0.71930100 3.48974000e-01
-0.68930100 4.13497600e-01
-0.65930100 5.25979200e-01
-0.62851500 7.00334000e-01
-0.59851500 8.17663000e-01
-0.56851500 7.99563000e-01
-0.53851500 8.18958000e-01
-0.50851500 9.13481000e-01
-0.47851500 9.12957000e-01
-0.44851500 9.24693000e-01
-0.41851500 1.07959200e+00
-0.38851500 1.16711200e+00
-0.35851500 1.03207600e+00
-0.32851500 9.75482000e-01
-0.29851500 1.13838400e+00
-0.26851500 1.54602300e+00
-0.23851500 2.07235800e+00
-0.20851500 2.07575300e+00
-0.17851500 1.82804700e+00
-0.14851500 1.76958700e+00
-0.11851500 1.61670900e+00
-0.08851530 1.41183600e+00
-0.05851530 1.26267500e+00
-0.02851530 1.10883600e+00
0.00148466 1.07726300e+00
0.03148470 1.16573300e+00
0.06148470 1.44586300e+00
0.09148470 1.93024100e+00
0.12148500 2.46069600e+00
0.15148500 2.54299100e+00
0.18148500 2.40623700e+00
0.21148500 2.18152500e+00
0.24148500 2.03546300e+00
0.27148500 2.01631000e+00
0.30148500 1.89446800e+00
0.33148500 1.94636600e+00
0.36148500 2.05720100e+00
0.39148500 2.05437500e+00
0.42148500 2.43223500e+00
0.45148500 3.35160100e+00
0.48148500 3.69828900e+00
0.51148500 2.83352600e+00
0.54148500 2.05826100e+00
0.57148500 1.76333900e+00
0.60148500 1.75683400e+00
0.63148500 1.87691800e+00
0.66148500 2.05749700e+00
0.69148500 2.27078400e+00
0.72148500 2.77840700e+00
0.75148500 3.24305200e+00
0.78148500 3.21467000e+00
