# E(MeV)  S_NSDRNSDR(K=1) for Yb211_DDPCX
-13.59560000 2.23303000e-01
-13.56560000 2.59286000e-01
-13.53560000 3.24762000e-01
-13.50560000 4.53339000e-01
-13.47560000 6.76582000e-01
-13.44560000 7.83790000e-01
-13.41560000 5.79093000e-01
-13.38560000 3.98048000e-01
-13.35560000 3.06193000e-01
-13.32560000 2.60397000e-01
-13.29560000 2.36103000e-01
-13.26560000 2.22538000e-01
-13.23560000 2.14793000e-01
-13.20560000 2.10454000e-01
-13.17560000 2.08239000e-01
-13.14560000 2.07427000e-01
-13.11560000 2.07589000e-01
-13.08560000 2.08459000e-01
-13.05560000 2.09865000e-01
-13.02560000 2.11694000e-01
-12.99560000 2.13872000e-01
-12.96560000 2.16346000e-01
-12.93560000 2.19082000e-01
-12.90560000 2.22055000e-01
-12.87560000 2.25253000e-01
-12.84560000 2.28665000e-01
-12.81560000 2.32289000e-01
-12.78560000 2.36125000e-01
-12.75560000 2.40176000e-01
-12.72560000 2.44450000e-01
-12.69560000 2.48957000e-01
-12.66560000 2.53708000e-01
-12.63560000 2.58719000e-01
-12.60560000 2.64008000e-01
-12.57560000 2.69596000e-01
-12.54560000 2.75509000e-01
-12.51560000 2.81775000e-01
-12.48560000 2.88428000e-01
-12.45560000 2.95507000e-01
-12.42560000 3.03056000e-01
-12.39560000 3.11130000e-01
-12.36560000 3.19789000e-01
-12.33560000 3.29107000e-01
-12.30560000 3.39170000e-01
-12.27560000 3.50083000e-01
-12.24560000 3.61970000e-01
-12.21560000 3.74984000e-01
-12.18560000 3.89313000e-01
-12.15480000 4.05632000e-01
-12.12480000 4.23414000e-01
-12.09480000 4.43441000e-01
-12.06480000 4.66225000e-01
-12.03480000 4.92455000e-01
-12.00480000 5.23087000e-01
-11.97480000 5.59495000e-01
-11.94480000 6.03724000e-01
-11.91480000 6.58975000e-01
-11.88480000 7.30543000e-01
-11.85480000 8.27804000e-01
-11.82480000 9.68720000e-01
-11.79480000 1.19081000e+00
-11.76480000 1.57763000e+00
-11.73480000 2.29306000e+00
-11.70480000 3.29246000e+00
-11.67480000 3.42728000e+00
-11.64480000 3.00018000e+00
-11.61480000 2.78909000e+00
-11.58480000 2.49040000e+00
-11.55480000 2.43049000e+00
-11.52480000 2.69584000e+00
-11.49480000 3.31079000e+00
-11.46480000 4.45723000e+00
-11.43480000 6.59014000e+00
-11.40480000 1.02506000e+01
-11.37480000 1.40020000e+01
-11.34480000 1.80841000e+01
-11.31480000 2.70187000e+01
-11.28480000 3.18887000e+01
-11.25480000 2.18979000e+01
-11.22480000 1.27791000e+01
-11.19480000 7.90452000e+00
-11.16480000 5.25725000e+00
-11.13480000 3.78144000e+00
-11.10480000 2.91096000e+00
-11.07480000 2.36502000e+00
-11.04480000 2.00793000e+00
-11.01480000 1.77001000e+00
-10.98480000 1.61302000e+00
-10.95480000 1.51581000e+00
-10.92480000 1.45960000e+00
-10.89480000 1.42748000e+00
-10.86480000 1.42885000e+00
-10.83480000 1.46967000e+00
-10.80480000 1.55505000e+00
-10.77480000 1.69786000e+00
-10.74480000 1.92402000e+00
-10.71400000 2.29500000e+00
-10.68400000 2.88036000e+00
-10.65400000 3.82721000e+00
-10.62400000 5.54332000e+00
-10.59400000 8.94061000e+00
-10.56400000 1.46356000e+01
-10.53400000 1.83603000e+01
-10.50400000 1.63747000e+01
-10.47400000 1.09425000e+01
-10.44400000 6.94955000e+00
-10.41400000 5.12269000e+00
-10.38400000 4.66896000e+00
-10.35400000 4.70086000e+00
-10.32400000 3.88757000e+00
-10.29400000 3.02351000e+00
-10.26400000 2.55601000e+00
-10.23400000 2.19502000e+00
-10.20400000 1.95091000e+00
-10.17400000 1.82961000e+00
-10.14400000 1.79112000e+00
-10.11400000 1.82247000e+00
-10.08400000 1.92875000e+00
-10.05400000 2.14300000e+00
-10.02400000 2.55237000e+00
-9.99401000 3.32363000e+00
-9.96401000 4.35689000e+00
-9.93401000 4.64468000e+00
-9.90401000 4.47908000e+00
-9.87401000 4.62297000e+00
-9.84401000 4.45932000e+00
-9.81401000 3.85590000e+00
-9.78401000 3.60425000e+00
-9.75401000 3.73029000e+00
-9.72401000 4.15521000e+00
-9.69401000 4.91407000e+00
-9.66401000 6.17629000e+00
-9.63401000 8.34786000e+00
-9.60401000 1.23644000e+01
-9.57401000 2.01642000e+01
-9.54401000 3.21824000e+01
-9.51401000 3.54544000e+01
-9.48401000 2.71721000e+01
-9.45401000 2.08235000e+01
-9.42401000 1.78002000e+01
-9.39401000 1.86462000e+01
-9.36401000 2.49860000e+01
-9.33401000 3.94577000e+01
-9.30401000 5.34005000e+01
-9.27323000 4.13950000e+01
-9.24323000 2.51470000e+01
-9.21323000 1.65972000e+01
-9.18323000 1.27030000e+01
-9.15323000 1.12249000e+01
-9.12323000 1.13522000e+01
-9.09323000 1.31521000e+01
-9.06323000 1.71868000e+01
-9.03323000 2.27528000e+01
-9.00323000 2.74566000e+01
-8.97323000 3.74094000e+01
-8.94323000 5.67106000e+01
-8.91323000 6.28214000e+01
-8.88323000 4.45901000e+01
-8.85323000 2.83583000e+01
-8.82323000 2.06437000e+01
-8.79323000 1.85876000e+01
-8.76323000 2.12448000e+01
-8.73323000 2.98117000e+01
-8.70323000 3.91460000e+01
-8.67323000 3.19573000e+01
-8.64323000 2.05023000e+01
-8.61323000 1.43218000e+01
-8.58323000 1.15593000e+01
-8.55323000 1.07001000e+01
-8.52323000 1.12994000e+01
-8.49323000 1.31516000e+01
-8.46323000 1.63179000e+01
-8.43323000 2.27340000e+01
-8.40323000 2.96034000e+01
-8.37323000 2.65449000e+01
-8.34323000 1.90842000e+01
-8.31323000 1.47524000e+01
-8.28323000 1.33916000e+01
-8.25323000 1.39322000e+01
-8.22323000 1.63562000e+01
-8.19323000 2.17709000e+01
-8.16323000 3.12456000e+01
-8.13323000 3.75162000e+01
-8.10323000 3.64268000e+01
-8.07323000 3.78562000e+01
-8.04323000 4.40453000e+01
-8.01323000 5.84080000e+01
-7.98323000 7.28409000e+01
-7.95323000 7.20481000e+01
-7.92323000 7.75705000e+01
-7.89323000 1.00760000e+02
-7.86323000 1.05663000e+02
-7.83244000 9.27330000e+01
-7.80244000 9.67855000e+01
-7.77244000 9.94241000e+01
-7.74244000 1.00648000e+02
-7.71244000 9.84941000e+01
-7.68244000 9.60394000e+01
-7.65244000 1.16688000e+02
-7.62244000 1.62639000e+02
-7.59244000 1.86952000e+02
-7.56244000 2.00266000e+02
-7.53244000 1.75228000e+02
-7.50244000 1.15840000e+02
-7.47244000 7.45487000e+01
-7.44244000 5.37931000e+01
-7.41244000 4.64055000e+01
-7.38244000 4.95098000e+01
-7.35244000 6.47324000e+01
-7.32244000 8.62480000e+01
-7.29244000 7.99596000e+01
-7.26244000 5.52923000e+01
-7.23244000 3.75466000e+01
-7.20244000 2.83480000e+01
-7.17244000 2.44701000e+01
-7.14244000 2.39470000e+01
-7.11244000 2.63930000e+01
-7.08244000 3.28886000e+01
-7.05244000 4.68156000e+01
-7.02244000 7.48578000e+01
-6.99244000 1.14113000e+02
-6.96244000 1.10219000e+02
-6.93244000 7.58921000e+01
-6.90244000 5.92813000e+01
-6.87244000 5.79929000e+01
-6.84244000 7.04453000e+01
-6.81244000 8.14696000e+01
-6.78244000 6.34872000e+01
-6.75244000 4.62526000e+01
-6.72244000 4.17435000e+01
-6.69244000 4.90546000e+01
-6.66244000 7.22876000e+01
-6.63244000 1.09778000e+02
-6.60244000 1.08002000e+02
-6.57244000 6.75146000e+01
-6.54244000 4.05103000e+01
-6.51244000 2.67987000e+01
-6.48244000 1.96000000e+01
-6.45244000 1.57188000e+01
-6.42244000 1.38096000e+01
-6.39166000 1.33429000e+01
-6.36166000 1.37142000e+01
-6.33166000 1.30255000e+01
-6.30166000 1.23379000e+01
-6.27166000 1.30103000e+01
-6.24166000 1.37300000e+01
-6.21166000 1.44891000e+01
-6.18166000 1.55523000e+01
-6.15166000 1.61436000e+01
-6.12166000 1.86784000e+01
-6.09166000 2.47789000e+01
-6.06166000 3.48527000e+01
-6.03166000 4.24413000e+01
-6.00166000 5.02126000e+01
-5.97166000 6.55184000e+01
-5.94166000 7.50148000e+01
-5.91166000 8.08828000e+01
-5.88166000 7.22526000e+01
-5.85166000 6.67002000e+01
-5.82166000 7.18251000e+01
-5.79166000 6.52598000e+01
-5.76166000 5.57751000e+01
-5.73166000 5.82016000e+01
-5.70166000 6.94471000e+01
-5.67166000 7.81107000e+01
-5.64166000 6.28555000e+01
-5.61166000 4.46262000e+01
-5.58166000 3.55258000e+01
-5.55166000 3.56059000e+01
-5.52166000 4.54722000e+01
-5.49166000 5.65483000e+01
-5.46166000 5.06111000e+01
-5.43166000 3.93721000e+01
-5.40166000 3.43669000e+01
-5.37166000 3.32150000e+01
-5.34166000 2.88776000e+01
-5.31166000 2.31799000e+01
-5.28166000 2.12320000e+01
-5.25166000 2.32306000e+01
-5.22166000 2.81964000e+01
-5.19166000 2.77115000e+01
-5.16166000 2.24003000e+01
-5.13166000 2.15039000e+01
-5.10166000 2.45489000e+01
-5.07166000 2.32780000e+01
-5.04166000 1.83251000e+01
-5.01166000 1.42674000e+01
-4.98166000 1.06331000e+01
-4.95087000 8.10799000e+00
-4.92087000 6.75230000e+00
-4.89087000 6.03376000e+00
-4.86087000 5.80532000e+00
-4.83087000 6.13161000e+00
-4.80087000 6.69183000e+00
-4.77087000 6.69147000e+00
-4.74087000 6.28637000e+00
-4.71087000 6.61480000e+00
-4.68087000 8.07333000e+00
-4.65087000 1.01509000e+01
-4.62087000 1.09183000e+01
-4.59087000 1.19968000e+01
-4.56087000 1.36978000e+01
-4.53087000 1.64698000e+01
-4.50087000 2.08103000e+01
-4.47087000 2.48212000e+01
-4.44087000 2.73580000e+01
-4.41087000 2.47062000e+01
-4.38087000 1.89116000e+01
-4.35087000 1.30371000e+01
-4.32087000 9.92133000e+00
-4.29087000 8.79348000e+00
-4.26087000 9.04018000e+00
-4.23087000 1.09827000e+01
-4.20087000 1.52397000e+01
-4.17087000 1.94866000e+01
-4.14087000 1.91669000e+01
-4.11087000 1.85066000e+01
-4.08087000 2.22216000e+01
-4.05087000 2.94773000e+01
-4.02087000 3.07719000e+01
-3.99087000 2.49849000e+01
-3.96087000 2.40179000e+01
-3.93087000 3.09612000e+01
-3.90087000 4.61608000e+01
-3.87087000 5.04453000e+01
-3.84087000 3.36996000e+01
-3.81087000 2.11010000e+01
-3.78087000 1.49696000e+01
-3.75087000 1.08887000e+01
-3.72087000 8.34580000e+00
-3.69087000 7.06007000e+00
-3.66087000 6.11842000e+00
-3.63087000 5.40410000e+00
-3.60087000 5.09823000e+00
-3.57087000 5.03398000e+00
-3.54087000 4.98213000e+00
-3.51009000 5.11305000e+00
-3.48009000 5.69169000e+00
-3.45009000 7.07698000e+00
-3.42009000 9.93170000e+00
-3.39009000 1.58029000e+01
-3.36009000 2.60074000e+01
-3.33009000 3.04830000e+01
-3.30009000 2.15973000e+01
-3.27009000 1.40173000e+01
-3.24009000 1.01369000e+01
-3.21009000 8.42693000e+00
-3.18009000 7.51446000e+00
-3.15009000 7.47032000e+00
-3.12009000 8.90139000e+00
-3.09009000 1.27869000e+01
-3.06009000 2.00673000e+01
-3.03009000 2.38682000e+01
-3.00009000 1.70060000e+01
-2.97009000 1.08535000e+01
-2.94009000 7.87274000e+00
-2.91009000 6.18408000e+00
-2.88009000 5.36986000e+00
-2.85009000 4.86196000e+00
-2.82009000 4.54185000e+00
-2.79009000 4.37749000e+00
-2.76009000 3.88363000e+00
-2.73009000 3.62739000e+00
-2.70009000 3.86228000e+00
-2.67009000 4.75109000e+00
-2.64009000 6.23033000e+00
-2.61009000 6.96974000e+00
-2.58009000 6.37321000e+00
-2.55009000 6.52092000e+00
-2.52009000 7.75578000e+00
-2.49009000 7.69893000e+00
-2.46009000 7.14126000e+00
-2.43009000 6.98747000e+00
-2.40009000 6.98418000e+00
-2.37009000 8.17808000e+00
-2.34009000 9.05810000e+00
-2.31009000 9.07558000e+00
-2.28009000 9.45469000e+00
-2.25009000 9.63965000e+00
-2.22009000 8.77807000e+00
-2.19009000 7.83042000e+00
-2.16009000 8.56448000e+00
-2.13009000 8.76306000e+00
-2.10009000 7.03349000e+00
-2.06930000 6.00168000e+00
-2.03930000 6.28659000e+00
-2.00930000 7.05027000e+00
-1.97930000 7.10711000e+00
-1.94930000 6.94678000e+00
-1.91930000 7.85304000e+00
-1.88930000 1.03982000e+01
-1.85930000 1.43319000e+01
-1.82930000 1.65363000e+01
-1.79930000 1.61300000e+01
-1.76930000 1.83564000e+01
-1.73930000 2.62511000e+01
-1.70930000 3.82996000e+01
-1.67930000 4.07355000e+01
-1.64930000 2.87053000e+01
-1.61930000 1.73647000e+01
-1.58930000 1.15231000e+01
-1.55930000 8.72117000e+00
-1.52930000 7.33418000e+00
-1.49930000 6.39883000e+00
-1.46930000 6.02568000e+00
-1.43930000 5.65284000e+00
-1.40930000 5.14442000e+00
-1.37930000 4.86276000e+00
-1.34930000 4.79349000e+00
-1.31930000 4.63713000e+00
-1.28930000 4.78435000e+00
-1.25930000 5.54132000e+00
-1.22930000 7.09841000e+00
-1.19930000 1.02719000e+01
-1.16930000 1.62809000e+01
-1.13930000 2.22581000e+01
-1.10930000 2.03126000e+01
-1.07930000 1.60853000e+01
-1.04930000 1.52281000e+01
-1.01930000 1.47899000e+01
-0.98930100 1.56263000e+01
-0.95930100 1.86457000e+01
-0.92930100 1.67970000e+01
-0.89930100 1.27961000e+01
-0.86930100 1.10851000e+01
-0.83930100 1.04708000e+01
-0.80930100 1.13447000e+01
-0.77930100 1.31088000e+01
-0.74930100 1.33134000e+01
-0.71930100 1.49410000e+01
-0.68930100 2.10421000e+01
-0.65930100 2.92204000e+01
-0.62851500 2.60005000e+01
-0.59851500 1.74185000e+01
-0.56851500 1.27279000e+01
-0.53851500 1.05064000e+01
-0.50851500 9.41958000e+00
-0.47851500 1.03469000e+01
-0.44851500 1.38324000e+01
-0.41851500 2.04049000e+01
-0.38851500 2.66402000e+01
-0.35851500 2.13793000e+01
-0.32851500 1.39672000e+01
-0.29851500 9.70656000e+00
-0.26851500 7.42541000e+00
-0.23851500 6.50208000e+00
-0.20851500 5.93339000e+00
-0.17851500 5.06623000e+00
-0.14851500 4.21987000e+00
-0.11851500 3.47184000e+00
-0.08851530 3.05856000e+00
-0.05851530 2.88702000e+00
-0.02851530 2.72649000e+00
0.00148466 2.31839000e+00
0.03148470 1.85423000e+00
0.06148470 1.57651000e+00
0.09148470 1.44983000e+00
0.12148500 1.38135000e+00
0.15148500 1.32289000e+00
0.18148500 1.31824000e+00
0.21148500 1.33980000e+00
0.24148500 1.28748000e+00
0.27148500 1.22511000e+00
0.30148500 1.20898000e+00
0.33148500 1.16435000e+00
0.36148500 1.15088000e+00
0.39148500 1.22260000e+00
0.42148500 1.35753000e+00
0.45148500 1.52101000e+00
0.48148500 1.70930000e+00
0.51148500 1.85079000e+00
0.54148500 2.06324000e+00
0.57148500 2.31465000e+00
0.60148500 2.33141000e+00
0.63148500 2.50812000e+00
0.66148500 3.18082000e+00
0.69148500 4.40286000e+00
0.72148500 5.85694000e+00
0.75148500 5.51780000e+00
0.78148500 4.49903000e+00
