# E(MeV)  S_NSDRNSDR(K=1) for Zn99_DDPCX
-22.39870000 9.41798000e-02
-22.36870000 1.03859000e-01
-22.33870000 1.16831000e-01
-22.30870000 1.25790000e-01
-22.27870000 1.30569000e-01
-22.24870000 1.40443000e-01
-22.21870000 1.57275000e-01
-22.18870000 1.82846000e-01
-22.15870000 2.21897000e-01
-22.12870000 2.84731000e-01
-22.09870000 3.94008000e-01
-22.06870000 6.00340000e-01
-22.03870000 9.83253000e-01
-22.00870000 1.39226000e+00
-21.97870000 1.41734000e+00
-21.94870000 1.21476000e+00
-21.91870000 8.36982000e-01
-21.88870000 6.01621000e-01
-21.85870000 5.19382000e-01
-21.82870000 5.41692000e-01
-21.79870000 6.73533000e-01
-21.76870000 9.88238000e-01
-21.73870000 1.64124000e+00
-21.70870000 2.44679000e+00
-21.67870000 2.12405000e+00
-21.64870000 1.26402000e+00
-21.61870000 7.57184000e-01
-21.58870000 5.02462000e-01
-21.55870000 3.66304000e-01
-21.52870000 2.87211000e-01
-21.49870000 2.37908000e-01
-21.46870000 2.05434000e-01
-21.43870000 1.83125000e-01
-21.40870000 1.67307000e-01
-21.37870000 1.55832000e-01
-21.34870000 1.47377000e-01
-21.31870000 1.41097000e-01
-21.28870000 1.36428000e-01
-21.25870000 1.32986000e-01
-21.22870000 1.30502000e-01
-21.19870000 1.28781000e-01
-21.16870000 1.27684000e-01
-21.13870000 1.27106000e-01
-21.10870000 1.26970000e-01
-21.07870000 1.27220000e-01
-21.04870000 1.27810000e-01
-21.01870000 1.28712000e-01
-20.98870000 1.29901000e-01
-20.95870000 1.31363000e-01
-20.92870000 1.33090000e-01
-20.89870000 1.35079000e-01
-20.86870000 1.37332000e-01
-20.83870000 1.39857000e-01
-20.80870000 1.42668000e-01
-20.77870000 1.45783000e-01
-20.74870000 1.49227000e-01
-20.71870000 1.53035000e-01
-20.68870000 1.57249000e-01
-20.65870000 1.61922000e-01
-20.62870000 1.67124000e-01
-20.59870000 1.72943000e-01
-20.56870000 1.79490000e-01
-20.53870000 1.86911000e-01
-20.50870000 1.95397000e-01
-20.47870000 2.05200000e-01
-20.44870000 2.16664000e-01
-20.41870000 2.30258000e-01
-20.38870000 2.46647000e-01
-20.35870000 2.66786000e-01
-20.32870000 2.92097000e-01
-20.29870000 3.24760000e-01
-20.26870000 3.68258000e-01
-20.23870000 4.28407000e-01
-20.20870000 5.15471000e-01
-20.17870000 6.48758000e-01
-20.14870000 8.67399000e-01
-20.11870000 1.25710000e+00
-20.07760000 2.45588000e+00
-20.04760000 4.20661000e+00
-20.01760000 5.24065000e+00
-19.98760000 3.66743000e+00
-19.95760000 2.13699000e+00
-19.92760000 1.34627000e+00
-19.89760000 9.48027000e-01
-19.86760000 7.32835000e-01
-19.83760000 6.08688000e-01
-19.80760000 5.33951000e-01
-19.77760000 4.88353000e-01
-19.74760000 4.61372000e-01
-19.71760000 4.47345000e-01
-19.68760000 4.43244000e-01
-19.65760000 4.46708000e-01
-19.62760000 4.55296000e-01
-19.59760000 4.70428000e-01
-19.56760000 4.93655000e-01
-19.53760000 5.26425000e-01
-19.50760000 5.71628000e-01
-19.47760000 6.34462000e-01
-19.44760000 7.24051000e-01
-19.41760000 8.59558000e-01
-19.38760000 1.08135000e+00
-19.35760000 1.46999000e+00
-19.32760000 2.09881000e+00
-19.29760000 2.85351000e+00
-19.26760000 3.69347000e+00
-19.23760000 3.70384000e+00
-19.20760000 3.55007000e+00
-19.17760000 4.34802000e+00
-19.14760000 5.16334000e+00
-19.11760000 4.15227000e+00
-19.08760000 3.16189000e+00
-19.05760000 3.05800000e+00
-19.02760000 3.86519000e+00
-18.99760000 5.38693000e+00
-18.96760000 5.30200000e+00
-18.93760000 3.62432000e+00
-18.90760000 2.55891000e+00
-18.87760000 2.11327000e+00
-18.84760000 2.02809000e+00
-18.81760000 2.18407000e+00
-18.78760000 2.41772000e+00
-18.75760000 2.84149000e+00
-18.72760000 3.87965000e+00
-18.69760000 5.97220000e+00
-18.66760000 7.96154000e+00
-18.63760000 6.51487000e+00
-18.60760000 4.44004000e+00
-18.57760000 3.43706000e+00
-18.54760000 3.12465000e+00
-18.51760000 3.23405000e+00
-18.48760000 3.72903000e+00
-18.45760000 4.76100000e+00
-18.42760000 6.58945000e+00
-18.39760000 9.25695000e+00
-18.36760000 1.30536000e+01
-18.33760000 1.63593000e+01
-18.30760000 1.73981000e+01
-18.27760000 1.47316000e+01
-18.24760000 1.34297000e+01
-18.21760000 1.61073000e+01
-18.18760000 2.29022000e+01
-18.15760000 3.24393000e+01
-18.12760000 3.01136000e+01
-18.09760000 1.95905000e+01
-18.06760000 1.26543000e+01
-18.03760000 8.96804000e+00
-18.00760000 7.27488000e+00
-17.97760000 6.74865000e+00
-17.94760000 7.11881000e+00
-17.91760000 8.44654000e+00
-17.88760000 1.08097000e+01
-17.85760000 1.52410000e+01
-17.82760000 2.41599000e+01
-17.79760000 3.34572000e+01
-17.75650000 2.35641000e+01
-17.72650000 1.59293000e+01
-17.69650000 1.33433000e+01
-17.66650000 1.38492000e+01
-17.63650000 1.34270000e+01
-17.60650000 1.12724000e+01
-17.57650000 1.05023000e+01
-17.54650000 1.14304000e+01
-17.51650000 1.42442000e+01
-17.48650000 1.94738000e+01
-17.45650000 2.50002000e+01
-17.42650000 3.06864000e+01
-17.39650000 4.33854000e+01
-17.36650000 5.63265000e+01
-17.33650000 5.73397000e+01
-17.30650000 6.74350000e+01
-17.27650000 9.51772000e+01
-17.24650000 1.37030000e+02
-17.21650000 1.35376000e+02
-17.18650000 8.40884000e+01
-17.15650000 4.83533000e+01
-17.12650000 3.03212000e+01
-17.09650000 2.10876000e+01
-17.06650000 1.62621000e+01
-17.03650000 1.41619000e+01
-17.00650000 1.44431000e+01
-16.97650000 1.61091000e+01
-16.94650000 1.47893000e+01
-16.91650000 1.16929000e+01
-16.88650000 9.21191000e+00
-16.85650000 8.07911000e+00
-16.82650000 8.23456000e+00
-16.79650000 9.87144000e+00
-16.76650000 1.29032000e+01
-16.73650000 1.34672000e+01
-16.70650000 1.15169000e+01
-16.67650000 1.15288000e+01
-16.64650000 1.40495000e+01
-16.61650000 1.86799000e+01
-16.58650000 2.69484000e+01
-16.55650000 3.24586000e+01
-16.52650000 2.97871000e+01
-16.49650000 2.53047000e+01
-16.46650000 2.27995000e+01
-16.43650000 2.50391000e+01
-16.40650000 2.51354000e+01
-16.37650000 2.30435000e+01
-16.34650000 1.81480000e+01
-16.31650000 1.31116000e+01
-16.28650000 1.14336000e+01
-16.25650000 1.23355000e+01
-16.22650000 1.27483000e+01
-16.19650000 1.23916000e+01
-16.16650000 1.22116000e+01
-16.13650000 1.26332000e+01
-16.10650000 1.52602000e+01
-16.07650000 1.78132000e+01
-16.04650000 1.39050000e+01
-16.01650000 9.81371000e+00
-15.98650000 8.49552000e+00
-15.95650000 8.98043000e+00
-15.92650000 9.86094000e+00
-15.89650000 1.12579000e+01
-15.86650000 1.37768000e+01
-15.83650000 1.38672000e+01
-15.80650000 1.01692000e+01
-15.77650000 6.92401000e+00
-15.74650000 5.34127000e+00
-15.71650000 4.92912000e+00
-15.68650000 5.22036000e+00
-15.65650000 4.99244000e+00
-15.62650000 4.32039000e+00
-15.59650000 4.17786000e+00
-15.56650000 4.52377000e+00
-15.53650000 4.67837000e+00
-15.50650000 4.46631000e+00
-15.47650000 4.49281000e+00
-15.43540000 5.26884000e+00
-15.40540000 5.82347000e+00
-15.37540000 6.90368000e+00
-15.34540000 9.80184000e+00
-15.31540000 1.59218000e+01
-15.28540000 2.59236000e+01
-15.25540000 3.06773000e+01
-15.22540000 2.08096000e+01
-15.19540000 1.18456000e+01
-15.16540000 7.20884000e+00
-15.13540000 4.83330000e+00
-15.10540000 3.51801000e+00
-15.07540000 2.73586000e+00
-15.04540000 2.24842000e+00
-15.01540000 1.94167000e+00
-14.98540000 1.76141000e+00
-14.95540000 1.68961000e+00
-14.92540000 1.74308000e+00
-14.89540000 1.99217000e+00
-14.86540000 2.54054000e+00
-14.83540000 2.99764000e+00
-14.80540000 2.64693000e+00
-14.77540000 2.34151000e+00
-14.74540000 2.46955000e+00
-14.71540000 3.08578000e+00
-14.68540000 4.39778000e+00
-14.65540000 6.60324000e+00
-14.62540000 9.58178000e+00
-14.59540000 1.11632000e+01
-14.56540000 9.13678000e+00
-14.53540000 7.26500000e+00
-14.50540000 5.62983000e+00
-14.47540000 4.44924000e+00
-14.44540000 3.74935000e+00
-14.41540000 3.07975000e+00
-14.38540000 2.69450000e+00
-14.35540000 2.12253000e+00
-14.32540000 1.50688000e+00
-14.29540000 1.13446000e+00
-14.26540000 9.20669000e-01
-14.23540000 7.90994000e-01
-14.20540000 7.10247000e-01
-14.17540000 6.62262000e-01
-14.14540000 6.41767000e-01
-14.11540000 6.53333000e-01
-14.08540000 7.13620000e-01
-14.05540000 8.63245000e-01
-14.02540000 1.14683000e+00
-13.99540000 1.34192000e+00
-13.96540000 1.21648000e+00
-13.93540000 1.19040000e+00
-13.90540000 1.35749000e+00
-13.87540000 1.71279000e+00
-13.84540000 1.92775000e+00
-13.81540000 1.69388000e+00
-13.78540000 1.64345000e+00
-13.75540000 1.67469000e+00
-13.72540000 1.34450000e+00
-13.69540000 1.13464000e+00
-13.66540000 1.21328000e+00
-13.63540000 1.32245000e+00
-13.60540000 1.05343000e+00
-13.57540000 7.86875000e-01
-13.54540000 6.98582000e-01
-13.51540000 7.57654000e-01
-13.48540000 8.33562000e-01
-13.45540000 7.06585000e-01
-13.42540000 5.54805000e-01
-13.39540000 4.73613000e-01
-13.36540000 4.55764000e-01
-13.33540000 4.95326000e-01
-13.30540000 6.15632000e-01
-13.27540000 8.82286000e-01
-13.24540000 1.25353000e+00
-13.21540000 1.28183000e+00
-13.18540000 1.00210000e+00
-13.15540000 6.88565000e-01
-13.11430000 4.38702000e-01
-13.08430000 3.56752000e-01
-13.05430000 3.16477000e-01
-13.02430000 3.03084000e-01
-12.99430000 3.11018000e-01
-12.96430000 3.43854000e-01
-12.93430000 4.22070000e-01
-12.90430000 5.18866000e-01
-12.87430000 5.67511000e-01
-12.84430000 6.88159000e-01
-12.81430000 8.18601000e-01
-12.78430000 6.68227000e-01
-12.75430000 4.57165000e-01
-12.72430000 3.40308000e-01
-12.69430000 2.94111000e-01
-12.66430000 2.79187000e-01
-12.63430000 2.51569000e-01
-12.60430000 2.12037000e-01
-12.57430000 1.84306000e-01
-12.54430000 1.68253000e-01
-12.51430000 1.58760000e-01
-12.48430000 1.53294000e-01
-12.45430000 1.51046000e-01
-12.42430000 1.52482000e-01
-12.39430000 1.59618000e-01
-12.36430000 1.73799000e-01
-12.33430000 1.81436000e-01
-12.30430000 1.79469000e-01
-12.27430000 1.89734000e-01
-12.24430000 2.22886000e-01
-12.21430000 2.62886000e-01
-12.18430000 2.43450000e-01
-12.15430000 2.09259000e-01
-12.12430000 2.06035000e-01
-12.09430000 2.24109000e-01
-12.06430000 2.13830000e-01
-12.03430000 1.83660000e-01
-12.00430000 1.69077000e-01
-11.97430000 1.69650000e-01
-11.94430000 1.83753000e-01
-11.91430000 2.09781000e-01
-11.88430000 2.26255000e-01
-11.85430000 2.19151000e-01
-11.82430000 2.28200000e-01
-11.79430000 2.71133000e-01
-11.76430000 3.64011000e-01
-11.73430000 4.76803000e-01
-11.70430000 4.92740000e-01
-11.67430000 4.94532000e-01
-11.64430000 5.58332000e-01
-11.61430000 5.86511000e-01
-11.58430000 5.92188000e-01
-11.55430000 5.42024000e-01
-11.52430000 4.52738000e-01
-11.49430000 4.39632000e-01
-11.46430000 4.97413000e-01
-11.43430000 6.40870000e-01
-11.40430000 9.74175000e-01
-11.37430000 1.46974000e+00
-11.34430000 1.41753000e+00
-11.31430000 9.11609000e-01
-11.28430000 5.99353000e-01
-11.25430000 4.71732000e-01
-11.22430000 4.62359000e-01
-11.19430000 5.66415000e-01
-11.16430000 7.42171000e-01
-11.13430000 6.85507000e-01
-11.10430000 4.57470000e-01
-11.07430000 3.13740000e-01
-11.04430000 2.41143000e-01
-11.01430000 2.03198000e-01
-10.98430000 1.78353000e-01
-10.95430000 1.56856000e-01
-10.92430000 1.41781000e-01
-10.89430000 1.32158000e-01
-10.86430000 1.26028000e-01
-10.83430000 1.22346000e-01
-10.79320000 1.18926000e-01
-10.76320000 1.16856000e-01
-10.73320000 1.15143000e-01
-10.70320000 1.13997000e-01
-10.67320000 1.13781000e-01
-10.64320000 1.14413000e-01
-10.61320000 1.15796000e-01
-10.58320000 1.17923000e-01
-10.55320000 1.20852000e-01
-10.52320000 1.24707000e-01
-10.49320000 1.29676000e-01
-10.46320000 1.36033000e-01
-10.43320000 1.44065000e-01
-10.40320000 1.54039000e-01
-10.37320000 1.66905000e-01
-10.34320000 1.83751000e-01
-10.31320000 2.05558000e-01
-10.28320000 2.34589000e-01
-10.25320000 2.75177000e-01
-10.22320000 3.34162000e-01
-10.19320000 4.23511000e-01
-10.16320000 5.66554000e-01
-10.13320000 8.12384000e-01
-10.10320000 1.27164000e+00
-10.07320000 2.18722000e+00
-10.04320000 3.78034000e+00
-10.01320000 4.51248000e+00
-9.98321000 3.02750000e+00
-9.95321000 1.73535000e+00
-9.92321000 1.07859000e+00
-9.89321000 7.57815000e-01
-9.86321000 6.18197000e-01
-9.83321000 5.75828000e-01
-9.80321000 4.89931000e-01
-9.77321000 3.67617000e-01
-9.74321000 2.88992000e-01
-9.71321000 2.44920000e-01
-9.68321000 2.21226000e-01
-9.65321000 2.12514000e-01
-9.62321000 2.19302000e-01
-9.59321000 2.48527000e-01
-9.56321000 3.20562000e-01
-9.53321000 4.27595000e-01
-9.50321000 4.06332000e-01
-9.47321000 2.86275000e-01
-9.44321000 2.09863000e-01
-9.41321000 1.71464000e-01
-9.38321000 1.51826000e-01
-9.35321000 1.41707000e-01
-9.32321000 1.37011000e-01
-9.29321000 1.36746000e-01
-9.26321000 1.41072000e-01
-9.23321000 1.51137000e-01
-9.20321000 1.70059000e-01
-9.17321000 2.05612000e-01
-9.14321000 2.75228000e-01
-9.11321000 4.08873000e-01
-9.08321000 5.61770000e-01
-9.05321000 5.31307000e-01
-9.02321000 4.75303000e-01
-8.99321000 5.04976000e-01
-8.96321000 5.64420000e-01
-8.93321000 5.61016000e-01
-8.90321000 4.26698000e-01
-8.87321000 3.46417000e-01
-8.84321000 2.89103000e-01
-8.81321000 2.16754000e-01
-8.78321000 1.69984000e-01
-8.75321000 1.44721000e-01
-8.72321000 1.30763000e-01
-8.69321000 1.23037000e-01
-8.66321000 1.19291000e-01
-8.63321000 1.18618000e-01
-8.60321000 1.20917000e-01
-8.57321000 1.26858000e-01
-8.54321000 1.38315000e-01
-8.51321000 1.59697000e-01
-8.47211000 2.24237000e-01
-8.44211000 3.05264000e-01
-8.41211000 3.28625000e-01
-8.38211000 2.87064000e-01
-8.35211000 2.86747000e-01
-8.32211000 3.52967000e-01
-8.29211000 5.15879000e-01
-8.26211000 7.58749000e-01
-8.23211000 8.13230000e-01
-8.20211000 7.25602000e-01
-8.17211000 6.97185000e-01
-8.14211000 5.39005000e-01
-8.11211000 3.58126000e-01
-8.08211000 2.61061000e-01
-8.05211000 2.18655000e-01
-8.02211000 2.04400000e-01
-7.99211000 1.98424000e-01
-7.96211000 2.12044000e-01
-7.93211000 2.61248000e-01
-7.90211000 3.04539000e-01
-7.87211000 2.53869000e-01
-7.84211000 1.92236000e-01
-7.81211000 1.60870000e-01
-7.78211000 1.49775000e-01
-7.75211000 1.53650000e-01
-7.72211000 1.70988000e-01
-7.69211000 1.81576000e-01
-7.66211000 1.74502000e-01
-7.63211000 1.80985000e-01
-7.60211000 2.14592000e-01
-7.57211000 2.88432000e-01
-7.54211000 3.76577000e-01
-7.51211000 3.60591000e-01
-7.48211000 3.01219000e-01
-7.45211000 2.91547000e-01
-7.42211000 3.35336000e-01
-7.39211000 4.52622000e-01
-7.36211000 6.99505000e-01
-7.33211000 1.01916000e+00
-7.30211000 1.05171000e+00
-7.27211000 8.66565000e-01
-7.24211000 6.23809000e-01
-7.21211000 4.43271000e-01
-7.18211000 3.18069000e-01
-7.15211000 2.39406000e-01
-7.12211000 1.91953000e-01
-7.09211000 1.61927000e-01
-7.06211000 1.42486000e-01
-7.03211000 1.31585000e-01
-7.00211000 1.25505000e-01
-6.97211000 1.22666000e-01
-6.94211000 1.22782000e-01
-6.91211000 1.18034000e-01
-6.88211000 1.11438000e-01
-6.85211000 1.06846000e-01
-6.82211000 1.02575000e-01
-6.79211000 1.00457000e-01
-6.76211000 1.01017000e-01
-6.73211000 1.03586000e-01
-6.70211000 1.07467000e-01
-6.67211000 1.11606000e-01
-6.64211000 1.14942000e-01
-6.61211000 1.20818000e-01
-6.58211000 1.33009000e-01
-6.55211000 1.55685000e-01
-6.52211000 1.91919000e-01
-6.49211000 2.45564000e-01
-6.46211000 3.12050000e-01
-6.43211000 3.33855000e-01
-6.40211000 3.10276000e-01
-6.37211000 3.23260000e-01
-6.34211000 4.25843000e-01
-6.31211000 5.82471000e-01
-6.28211000 5.39115000e-01
-6.25211000 3.69917000e-01
-6.22211000 2.54492000e-01
-6.19211000 1.94339000e-01
-6.15102000 1.60231000e-01
-6.12102000 1.54822000e-01
-6.09102000 1.52178000e-01
-6.06102000 1.45142000e-01
-6.03102000 1.46956000e-01
-6.00102000 1.63966000e-01
-5.97102000 1.90454000e-01
-5.94102000 2.01439000e-01
-5.91102000 1.96798000e-01
-5.88102000 2.07176000e-01
-5.85102000 2.29835000e-01
-5.82102000 2.52797000e-01
-5.79102000 3.08116000e-01
-5.76102000 3.47512000e-01
-5.73102000 3.07264000e-01
-5.70102000 2.38769000e-01
-5.67102000 2.02106000e-01
-5.64102000 1.99470000e-01
-5.61102000 2.00882000e-01
-5.58102000 1.90609000e-01
-5.55102000 1.95178000e-01
-5.52102000 2.14375000e-01
-5.49102000 2.18194000e-01
-5.46102000 2.34454000e-01
-5.43102000 2.89021000e-01
-5.40102000 3.27815000e-01
-5.37102000 2.87612000e-01
-5.34102000 2.33511000e-01
-5.31102000 2.13802000e-01
-5.28102000 2.10514000e-01
-5.25102000 1.96328000e-01
-5.22102000 1.96551000e-01
-5.19102000 2.28383000e-01
-5.16102000 2.57161000e-01
-5.13102000 2.34611000e-01
-5.10102000 2.08731000e-01
-5.07102000 1.89966000e-01
-5.04102000 1.91660000e-01
-5.01102000 1.88377000e-01
-4.98102000 1.65404000e-01
-4.95102000 1.50207000e-01
-4.92102000 1.46286000e-01
-4.89102000 1.48811000e-01
-4.86102000 1.58989000e-01
-4.83102000 1.79756000e-01
-4.80102000 2.11992000e-01
-4.77102000 2.73180000e-01
-4.74102000 4.00144000e-01
-4.71102000 5.95913000e-01
-4.68102000 6.41204000e-01
-4.65102000 4.66660000e-01
-4.62102000 3.22352000e-01
-4.59102000 2.53721000e-01
-4.56102000 2.34536000e-01
-4.53102000 2.50737000e-01
-4.50102000 2.83977000e-01
-4.47102000 3.24504000e-01
-4.44102000 3.45802000e-01
-4.41102000 3.28237000e-01
-4.38102000 3.42536000e-01
-4.35102000 3.79644000e-01
-4.32102000 3.81672000e-01
-4.29102000 3.85722000e-01
-4.26102000 4.45142000e-01
-4.23102000 4.56124000e-01
-4.20102000 4.20396000e-01
-4.17102000 3.69079000e-01
-4.14102000 3.45836000e-01
-4.11102000 3.91024000e-01
-4.08102000 4.51566000e-01
-4.05102000 4.72356000e-01
-4.02102000 4.86436000e-01
-3.99102000 4.63855000e-01
-3.96102000 4.32341000e-01
-3.93102000 3.82966000e-01
-3.90102000 3.04635000e-01
-3.87102000 2.49768000e-01
-3.82992000 2.28710000e-01
-3.79992000 2.12608000e-01
-3.76992000 1.89796000e-01
-3.73992000 1.86860000e-01
-3.70992000 2.08543000e-01
-3.67992000 2.38442000e-01
-3.64992000 2.20797000e-01
-3.61992000 1.91782000e-01
-3.58992000 1.86017000e-01
-3.55992000 1.91720000e-01
-3.52992000 2.06359000e-01
-3.49992000 2.51515000e-01
-3.46992000 3.23937000e-01
-3.43992000 3.10628000e-01
-3.40992000 2.29814000e-01
-3.37992000 1.78777000e-01
-3.34992000 1.53796000e-01
-3.31992000 1.41943000e-01
-3.28992000 1.37394000e-01
-3.25992000 1.38258000e-01
-3.22992000 1.45202000e-01
-3.19992000 1.57451000e-01
-3.16992000 1.64019000e-01
-3.13992000 1.62824000e-01
-3.10992000 1.54733000e-01
-3.07992000 1.53248000e-01
-3.04992000 1.62963000e-01
-3.01992000 1.88403000e-01
-2.98992000 2.37629000e-01
-2.95992000 2.84955000e-01
-2.92992000 2.63374000e-01
-2.89992000 2.27125000e-01
-2.86992000 1.98666000e-01
-2.83992000 1.83623000e-01
-2.80992000 1.84223000e-01
-2.77992000 1.98983000e-01
-2.74992000 2.31682000e-01
-2.71992000 2.86997000e-01
-2.68992000 3.69036000e-01
-2.65992000 4.70125000e-01
-2.62992000 4.79258000e-01
-2.59992000 3.80684000e-01
-2.56992000 3.13364000e-01
-2.53992000 2.86853000e-01
-2.50992000 2.99432000e-01
-2.47992000 3.56333000e-01
-2.44992000 4.84186000e-01
-2.41992000 7.22079000e-01
-2.38992000 9.73338000e-01
-2.35992000 9.11924000e-01
-2.32992000 7.01167000e-01
-2.29992000 5.50314000e-01
-2.26992000 4.61742000e-01
-2.23992000 4.28167000e-01
-2.20992000 3.99641000e-01
-2.17992000 3.97887000e-01
-2.14992000 4.65622000e-01
-2.11992000 6.43659000e-01
-2.08992000 9.21794000e-01
-2.05992000 9.23866000e-01
-2.02992000 6.78295000e-01
-1.99992000 5.56380000e-01
-1.96992000 5.46770000e-01
-1.93992000 6.20421000e-01
-1.90992000 6.31886000e-01
-1.87992000 4.72161000e-01
-1.84992000 3.46839000e-01
-1.81992000 2.87652000e-01
-1.78992000 2.69805000e-01
-1.75992000 2.84495000e-01
-1.72992000 3.11881000e-01
-1.69992000 2.97896000e-01
-1.66992000 2.53809000e-01
-1.63992000 2.31524000e-01
-1.60992000 2.33950000e-01
-1.57992000 2.60702000e-01
-1.54992000 3.05229000e-01
-1.50883000 3.88639000e-01
-1.47883000 4.83198000e-01
-1.44883000 4.39202000e-01
-1.41883000 3.21290000e-01
-1.38883000 2.52789000e-01
-1.35883000 2.21254000e-01
-1.32883000 2.08801000e-01
-1.29883000 2.07039000e-01
-1.26883000 2.05413000e-01
-1.23883000 2.09952000e-01
-1.20883000 2.23977000e-01
-1.17883000 2.24929000e-01
-1.14883000 2.23606000e-01
-1.11883000 2.42033000e-01
-1.08883000 2.88479000e-01
-1.05883000 3.66273000e-01
-1.02883000 4.08286000e-01
-0.99882600 3.54382000e-01
-0.96882600 2.78855000e-01
-0.93882600 2.42655000e-01
-0.90882600 2.36389000e-01
-0.87882600 2.38534000e-01
-0.84882600 2.29763000e-01
-0.81882600 2.16455000e-01
-0.78882600 2.10359000e-01
-0.75882600 2.11139000e-01
-0.72882600 2.18533000e-01
-0.69882600 2.26460000e-01
-0.66882600 2.17873000e-01
-0.63882600 2.14238000e-01
-0.60882600 2.26492000e-01
-0.57882600 2.40816000e-01
-0.54882600 2.35407000e-01
-0.51882600 2.31495000e-01
-0.48882600 2.37756000e-01
-0.45882600 2.46201000e-01
-0.42882600 2.36608000e-01
-0.39882600 2.26913000e-01
-0.36882600 2.29358000e-01
-0.33882600 2.44745000e-01
-0.30882600 2.62182000e-01
-0.27882600 2.83849000e-01
-0.24882600 3.32653000e-01
-0.21882600 3.88976000e-01
-0.18882600 3.89383000e-01
-0.15882600 3.77431000e-01
-0.12882600 3.76274000e-01
-0.09882600 3.87715000e-01
-0.06882600 4.00046000e-01
-0.03882600 3.85618000e-01
-0.00882601 4.01334000e-01
0.02117400 4.85626000e-01
0.05117400 6.70164000e-01
0.08117400 8.67879000e-01
0.11117400 7.45725000e-01
0.14117400 5.38760000e-01
0.17117400 4.39942000e-01
0.20117400 4.08818000e-01
0.23117400 3.94579000e-01
0.26117400 3.98152000e-01
0.29117400 4.24744000e-01
0.32117400 4.87976000e-01
0.35117400 5.53562000e-01
0.38117400 6.33990000e-01
0.41117400 7.29493000e-01
0.44117400 8.83933000e-01
0.47117400 1.15600000e+00
0.50117400 1.14100000e+00
0.53117400 8.12187000e-01
0.56117400 5.88976000e-01
0.59117400 4.76347000e-01
0.62117400 4.26864000e-01
0.65117400 4.12561000e-01
0.68117400 4.32217000e-01
0.71117400 4.99886000e-01
0.74117400 6.45353000e-01
0.77117400 9.08873000e-01
