# E(MeV)  S_GAMTGAMT(Total=K0+2*K1) for Zn99_DDPCX
-22.39870000 4.79273000e-03
-22.36870000 4.81225000e-03
-22.33870000 4.83189000e-03
-22.30870000 4.85169000e-03
-22.27870000 4.87162000e-03
-22.24870000 4.89169000e-03
-22.21870000 4.91190000e-03
-22.18870000 4.93226000e-03
-22.15870000 4.95277000e-03
-22.12870000 4.97343000e-03
-22.09870000 4.99424000e-03
-22.06870000 5.01520000e-03
-22.03870000 5.03631000e-03
-22.00870000 5.05758000e-03
-21.97870000 5.07901000e-03
-21.94870000 5.10060000e-03
-21.91870000 5.12235000e-03
-21.88870000 5.14427000e-03
-21.85870000 5.16634000e-03
-21.82870000 5.18860000e-03
-21.79870000 5.21102000e-03
-21.76870000 5.23363000e-03
-21.73870000 5.25640000e-03
-21.70870000 5.27936000e-03
-21.67870000 5.30249000e-03
-21.64870000 5.32581000e-03
-21.61870000 5.34932000e-03
-21.58870000 5.37301000e-03
-21.55870000 5.39689000e-03
-21.52870000 5.42097000e-03
-21.49870000 5.44524000e-03
-21.46870000 5.46971000e-03
-21.43870000 5.49439000e-03
-21.40870000 5.51928000e-03
-21.37870000 5.54436000e-03
-21.34870000 5.56967000e-03
-21.31870000 5.59520000e-03
-21.28870000 5.62093000e-03
-21.25870000 5.64688000e-03
-21.22870000 5.67307000e-03
-21.19870000 5.69947000e-03
-21.16870000 5.72611000e-03
-21.13870000 5.75299000e-03
-21.10870000 5.78011000e-03
-21.07870000 5.80746000e-03
-21.04870000 5.83506000e-03
-21.01870000 5.86293000e-03
-20.98870000 5.89103000e-03
-20.95870000 5.91942000e-03
-20.92870000 5.94805000e-03
-20.89870000 5.97696000e-03
-20.86870000 6.00614000e-03
-20.83870000 6.03559000e-03
-20.80870000 6.06535000e-03
-20.77870000 6.09538000e-03
-20.74870000 6.12569000e-03
-20.71870000 6.15632000e-03
-20.68870000 6.18726000e-03
-20.65870000 6.21851000e-03
-20.62870000 6.25009000e-03
-20.59870000 6.28198000e-03
-20.56870000 6.31421000e-03
-20.53870000 6.34677000e-03
-20.50870000 6.37970000e-03
-20.47870000 6.41299000e-03
-20.44870000 6.44664000e-03
-20.41870000 6.48067000e-03
-20.38870000 6.51508000e-03
-20.35870000 6.54989000e-03
-20.32870000 6.58511000e-03
-20.29870000 6.62076000e-03
-20.26870000 6.65685000e-03
-20.23870000 6.69339000e-03
-20.20870000 6.73039000e-03
-20.17870000 6.76788000e-03
-20.14870000 6.80588000e-03
-20.11870000 6.84440000e-03
-20.07760000 6.89806000e-03
-20.04760000 6.93793000e-03
-20.01760000 6.97844000e-03
-19.98760000 7.01960000e-03
-19.95760000 7.06146000e-03
-19.92760000 7.10407000e-03
-19.89760000 7.14748000e-03
-19.86760000 7.19180000e-03
-19.83760000 7.23704000e-03
-19.80760000 7.28335000e-03
-19.77760000 7.33085000e-03
-19.74760000 7.37969000e-03
-19.71760000 7.43002000e-03
-19.68760000 7.48214000e-03
-19.65760000 7.53632000e-03
-19.62760000 7.59300000e-03
-19.59760000 7.65276000e-03
-19.56760000 7.71640000e-03
-19.53760000 7.78504000e-03
-19.50760000 7.86036000e-03
-19.47760000 7.94497000e-03
-19.44760000 8.04308000e-03
-19.41760000 8.16179000e-03
-19.38760000 8.31403000e-03
-19.35760000 8.52521000e-03
-19.32760000 8.84929000e-03
-19.29760000 9.40661000e-03
-19.26760000 1.04099500e-02
-19.23760000 1.15966600e-02
-19.20760000 1.14977000e-02
-19.17760000 1.11468500e-02
-19.14760000 1.18199000e-02
-19.11760000 1.33205000e-02
-19.08760000 1.31418000e-02
-19.05760000 1.14097300e-02
-19.02760000 1.03166000e-02
-18.99760000 9.81679000e-03
-18.96760000 9.61316000e-03
-18.93760000 9.56658000e-03
-18.90760000 9.62426000e-03
-18.87760000 9.77735000e-03
-18.84760000 1.00529900e-02
-18.81760000 1.05334900e-02
-18.78760000 1.14125900e-02
-18.75760000 1.29877500e-02
-18.72760000 1.46921200e-02
-18.69760000 1.53455500e-02
-18.66760000 1.59739400e-02
-18.63760000 1.59799900e-02
-18.60760000 1.52537200e-02
-18.57760000 1.43911700e-02
-18.54760000 1.33375500e-02
-18.51760000 1.21474900e-02
-18.48760000 1.15296000e-02
-18.45760000 1.13481600e-02
-18.42760000 1.14745000e-02
-18.39760000 1.18517600e-02
-18.36760000 1.23878000e-02
-18.33760000 1.33257000e-02
-18.30760000 1.40822500e-02
-18.27760000 1.39088400e-02
-18.24760000 1.40366000e-02
-18.21760000 1.47224900e-02
-18.18760000 1.47347300e-02
-18.15760000 1.44310100e-02
-18.12760000 1.51682300e-02
-18.09760000 1.68242600e-02
-18.06760000 1.69963700e-02
-18.03760000 1.56286500e-02
-18.00760000 1.49417600e-02
-17.97760000 1.47524900e-02
-17.94760000 1.46632800e-02
-17.91760000 1.47524200e-02
-17.88760000 1.54046000e-02
-17.85760000 1.69957000e-02
-17.82760000 2.03235600e-02
-17.79760000 2.66132000e-02
-17.75650000 3.18603200e-02
-17.72650000 2.55951700e-02
-17.69650000 2.05597400e-02
-17.66650000 1.82990900e-02
-17.63650000 1.76086500e-02
-17.60650000 1.76110400e-02
-17.57650000 1.84235700e-02
-17.54650000 2.06781900e-02
-17.51650000 2.35096600e-02
-17.48650000 2.30902000e-02
-17.45650000 2.20725900e-02
-17.42650000 2.33435800e-02
-17.39650000 2.76704600e-02
-17.36650000 3.66852800e-02
-17.33650000 4.74374000e-02
-17.30650000 4.81439000e-02
-17.27650000 4.57587000e-02
-17.24650000 3.86421400e-02
-17.21650000 3.31864600e-02
-17.18650000 3.27271400e-02
-17.15650000 3.14985600e-02
-17.12650000 2.93639100e-02
-17.09650000 2.97460100e-02
-17.06650000 2.79622900e-02
-17.03650000 2.53045200e-02
-17.00650000 2.53636400e-02
-16.97650000 2.76142200e-02
-16.94650000 3.02239400e-02
-16.91650000 3.08315800e-02
-16.88650000 2.87786400e-02
-16.85650000 2.68672700e-02
-16.82650000 2.38229900e-02
-16.79650000 2.19530400e-02
-16.76650000 2.13610400e-02
-16.73650000 2.17742600e-02
-16.70650000 2.32985200e-02
-16.67650000 2.47659400e-02
-16.64650000 2.35092400e-02
-16.61650000 2.20114600e-02
-16.58650000 2.17249800e-02
-16.55650000 2.23679300e-02
-16.52650000 2.24186400e-02
-16.49650000 2.15177400e-02
-16.46650000 2.10488200e-02
-16.43650000 2.10035300e-02
-16.40650000 2.11346700e-02
-16.37650000 2.15064600e-02
-16.34650000 2.16850100e-02
-16.31650000 2.18315100e-02
-16.28650000 2.20572800e-02
-16.25650000 2.24100900e-02
-16.22650000 2.29032100e-02
-16.19650000 2.32474300e-02
-16.16650000 2.31862700e-02
-16.13650000 2.33884700e-02
-16.10650000 2.38059400e-02
-16.07650000 2.39692700e-02
-16.04650000 2.39859600e-02
-16.01650000 2.41734900e-02
-15.98650000 2.46091100e-02
-15.95650000 2.52035200e-02
-15.92650000 2.55682100e-02
-15.89650000 2.58296200e-02
-15.86650000 2.62512600e-02
-15.83650000 2.66048500e-02
-15.80650000 2.69130900e-02
-15.77650000 2.73178500e-02
-15.74650000 2.77996800e-02
-15.71650000 2.83308600e-02
-15.68650000 2.88988100e-02
-15.65650000 2.95015600e-02
-15.62650000 3.01360800e-02
-15.59650000 3.08036500e-02
-15.56650000 3.15065000e-02
-15.53650000 3.22466000e-02
-15.50650000 3.30264000e-02
-15.47650000 3.38490000e-02
-15.43540000 3.50496000e-02
-15.40540000 3.59864000e-02
-15.37540000 3.69766000e-02
-15.34540000 3.80291000e-02
-15.31540000 3.91594000e-02
-15.28540000 4.03825000e-02
-15.25540000 4.17185000e-02
-15.22540000 4.31905000e-02
-15.19540000 4.48609000e-02
-15.16540000 4.68410000e-02
-15.13540000 4.93629000e-02
-15.10540000 5.29297000e-02
-15.07540000 5.80396000e-02
-15.04540000 6.29937000e-02
-15.01540000 6.37399000e-02
-14.98540000 6.39923000e-02
-14.95540000 6.46723000e-02
-14.92540000 6.49047000e-02
-14.89540000 6.61697000e-02
-14.86540000 6.84130000e-02
-14.83540000 7.13883000e-02
-14.80540000 7.49988000e-02
-14.77540000 7.92263000e-02
-14.74540000 8.41264000e-02
-14.71540000 8.99029000e-02
-14.68540000 9.68357000e-02
-14.65540000 1.05264300e-01
-14.62540000 1.15593500e-01
-14.59540000 1.28784900e-01
-14.56540000 1.46617600e-01
-14.53540000 1.72669300e-01
-14.50540000 2.14141600e-01
-14.47540000 2.86823900e-01
-14.44540000 4.18633000e-01
-14.41540000 5.86246800e-01
-14.38540000 5.72932800e-01
-14.35540000 4.64506000e-01
-14.32540000 4.40169000e-01
-14.29540000 5.08704000e-01
-14.26540000 6.92207000e-01
-14.23540000 9.61865000e-01
-14.20540000 1.05836000e+00
-14.17540000 1.12856600e+00
-14.14540000 1.31363700e+00
-14.11540000 1.68267200e+00
-14.08540000 1.99515700e+00
-14.05540000 1.53800800e+00
-14.02540000 1.03500700e+00
-13.99540000 7.93308000e-01
-13.96540000 7.16138000e-01
-13.93540000 7.41217000e-01
-13.90540000 8.65594000e-01
-13.87540000 1.13849100e+00
-13.84540000 1.68507700e+00
-13.81540000 2.61048200e+00
-13.78540000 3.45644200e+00
-13.75540000 4.00943000e+00
-13.72540000 3.66773500e+00
-13.69540000 2.42789900e+00
-13.66540000 1.64336600e+00
-13.63540000 1.29463400e+00
-13.60540000 1.17752600e+00
-13.57540000 1.19956700e+00
-13.54540000 1.33592900e+00
-13.51540000 1.60553100e+00
-13.48540000 2.10016800e+00
-13.45540000 2.98571100e+00
-13.42540000 4.41077000e+00
-13.39540000 6.77070000e+00
-13.36540000 1.04768500e+01
-13.33540000 1.16039100e+01
-13.30540000 9.42784000e+00
-13.27540000 7.87238000e+00
-13.24540000 8.74763000e+00
-13.21540000 1.08606400e+01
-13.18540000 1.03128900e+01
-13.15540000 7.95569000e+00
-13.11430000 6.80423000e+00
-13.08430000 5.46920000e+00
-13.05430000 4.25966000e+00
-13.02430000 4.11625000e+00
-12.99430000 4.91865000e+00
-12.96430000 5.33746000e+00
-12.93430000 5.00606000e+00
-12.90430000 4.31151800e+00
-12.87430000 3.22001200e+00
-12.84430000 2.60448600e+00
-12.81430000 2.63549200e+00
-12.78430000 3.32529800e+00
-12.75430000 4.87375000e+00
-12.72430000 7.26378000e+00
-12.69430000 7.30625000e+00
-12.66430000 4.70571000e+00
-12.63430000 2.89863000e+00
-12.60430000 2.07088600e+00
-12.57430000 1.76585500e+00
-12.54430000 1.72102700e+00
-12.51430000 1.67113300e+00
-12.48430000 1.37858700e+00
-12.45430000 9.69086000e-01
-12.42430000 7.04509000e-01
-12.39430000 5.45041000e-01
-12.36430000 4.47485000e-01
-12.33430000 3.88852000e-01
-12.30430000 3.50156600e-01
-12.27430000 3.12509800e-01
-12.24430000 2.84392600e-01
-12.21430000 2.70590800e-01
-12.18430000 2.73391700e-01
-12.15430000 3.00033400e-01
-12.12430000 3.58038800e-01
-12.09430000 3.97159900e-01
-12.06430000 3.62988200e-01
-12.03430000 3.61469600e-01
-12.00430000 4.17873800e-01
-11.97430000 4.17088500e-01
-11.94430000 3.50178000e-01
-11.91430000 3.29259600e-01
-11.88430000 3.06560200e-01
-11.85430000 2.63796200e-01
-11.82430000 2.55855200e-01
-11.79430000 2.62531800e-01
-11.76430000 2.78883200e-01
-11.73430000 3.47696000e-01
-11.70430000 3.98375000e-01
-11.67430000 3.12559400e-01
-11.64430000 2.19385900e-01
-11.61430000 1.72955700e-01
-11.58430000 1.56644700e-01
-11.55430000 1.47935000e-01
-11.52430000 1.29774800e-01
-11.49430000 1.18777100e-01
-11.46430000 1.20218500e-01
-11.43430000 1.34155500e-01
-11.40430000 1.41215100e-01
-11.37430000 1.32587100e-01
-11.34430000 1.22111400e-01
-11.31430000 1.09121200e-01
-11.28430000 9.67374000e-02
-11.25430000 8.47644000e-02
-11.22430000 7.73470000e-02
-11.19430000 7.24305000e-02
-11.16430000 6.78455000e-02
-11.13430000 6.52468000e-02
-11.10430000 6.39301000e-02
-11.07430000 6.22722000e-02
-11.04430000 6.12921000e-02
-11.01430000 6.16440000e-02
-10.98430000 6.25428000e-02
-10.95430000 6.12719000e-02
-10.92430000 5.91535000e-02
-10.89430000 5.88612000e-02
-10.86430000 5.94146000e-02
-10.83430000 5.96891000e-02
-10.79320000 6.49082000e-02
-10.76320000 7.39124000e-02
-10.73320000 7.43525000e-02
-10.70320000 6.52636000e-02
-10.67320000 5.89963000e-02
-10.64320000 5.71033000e-02
-10.61320000 5.70372000e-02
-10.58320000 5.69862000e-02
-10.55320000 5.72219000e-02
-10.52320000 5.82543000e-02
-10.49320000 6.25802000e-02
-10.46320000 7.00535000e-02
-10.43320000 7.03657000e-02
-10.40320000 6.42818000e-02
-10.37320000 6.21476000e-02
-10.34320000 6.71696000e-02
-10.31320000 8.11003000e-02
-10.28320000 9.52611000e-02
-10.25320000 8.54645000e-02
-10.22320000 7.20711000e-02
-10.19320000 6.40602000e-02
-10.16320000 5.72022000e-02
-10.13320000 5.42293000e-02
-10.10320000 5.49614000e-02
-10.07320000 5.62907000e-02
-10.04320000 5.45800000e-02
-10.01320000 5.43550000e-02
-9.98321000 5.77361000e-02
-9.95321000 5.94959000e-02
-9.92321000 5.58359000e-02
-9.89321000 5.38612000e-02
-9.86321000 5.47545000e-02
-9.83321000 5.54384000e-02
-9.80321000 5.62808000e-02
-9.77321000 5.74406000e-02
-9.74321000 5.78432000e-02
-9.71321000 5.66863000e-02
-9.68321000 5.47982000e-02
-9.65321000 5.63220000e-02
-9.62321000 5.96169000e-02
-9.59321000 6.18631000e-02
-9.56321000 6.16297000e-02
-9.53321000 6.28224000e-02
-9.50321000 6.58470000e-02
-9.47321000 6.60659000e-02
-9.44321000 6.62103000e-02
-9.41321000 6.71799000e-02
-9.38321000 6.21826000e-02
-9.35321000 5.68732000e-02
-9.32321000 5.43393000e-02
-9.29321000 5.31407000e-02
-9.26321000 5.25610000e-02
-9.23321000 5.18678000e-02
-9.20321000 5.10798000e-02
-9.17321000 5.10909000e-02
-9.14321000 5.19454000e-02
-9.11321000 5.37251000e-02
-9.08321000 5.70224000e-02
-9.05321000 6.29689000e-02
-9.02321000 7.09269000e-02
-8.99321000 7.42353000e-02
-8.96321000 7.10698000e-02
-8.93321000 6.59562000e-02
-8.90321000 6.19497000e-02
-8.87321000 6.05205000e-02
-8.84321000 6.04527000e-02
-8.81321000 6.09718000e-02
-8.78321000 6.22721000e-02
-8.75321000 6.44964000e-02
-8.72321000 6.74680000e-02
-8.69321000 7.13675000e-02
-8.66321000 7.79862000e-02
-8.63321000 8.60818000e-02
-8.60321000 8.86864000e-02
-8.57321000 8.70106000e-02
-8.54321000 8.69364000e-02
-8.51321000 8.90504000e-02
-8.47211000 9.86849000e-02
-8.44211000 1.14804500e-01
-8.41211000 1.38899500e-01
-8.38211000 1.57167200e-01
-8.35211000 1.65863300e-01
-8.32211000 1.90675400e-01
-8.29211000 2.20545900e-01
-8.26211000 2.01906200e-01
-8.23211000 1.75980700e-01
-8.20211000 1.66943800e-01
-8.17211000 1.70379000e-01
-8.14211000 1.82949700e-01
-8.11211000 1.98542500e-01
-8.08211000 2.21898800e-01
-8.05211000 2.70664200e-01
-8.02211000 3.67591300e-01
-7.99211000 5.30269700e-01
-7.96211000 6.77200000e-01
-7.93211000 7.85274600e-01
-7.90211000 8.58224500e-01
-7.87211000 6.79317900e-01
-7.84211000 5.19792400e-01
-7.81211000 4.81981000e-01
-7.78211000 5.36811000e-01
-7.75211000 6.75371000e-01
-7.72211000 9.23229000e-01
-7.69211000 1.38926900e+00
-7.66211000 1.73014300e+00
-7.63211000 1.43429100e+00
-7.60211000 1.05636600e+00
-7.57211000 7.71236000e-01
-7.54211000 6.26744000e-01
-7.51211000 6.18978000e-01
-7.48211000 6.49382000e-01
-7.45211000 5.71845000e-01
-7.42211000 5.05292000e-01
-7.39211000 5.11130000e-01
-7.36211000 5.47039000e-01
-7.33211000 6.08767000e-01
-7.30211000 7.50481000e-01
-7.27211000 9.41407000e-01
-7.24211000 1.22161200e+00
-7.21211000 1.60482000e+00
-7.18211000 1.99317200e+00
-7.15211000 2.31166900e+00
-7.12211000 2.17010900e+00
-7.09211000 1.83474000e+00
-7.06211000 1.78243500e+00
-7.03211000 1.98204100e+00
-7.00211000 2.48361800e+00
-6.97211000 2.89936800e+00
-6.94211000 3.18439000e+00
-6.91211000 3.42965400e+00
-6.88211000 2.73028000e+00
-6.85211000 2.02323700e+00
-6.82211000 1.86978000e+00
-6.79211000 2.10292900e+00
-6.76211000 2.07334000e+00
-6.73211000 1.92977400e+00
-6.70211000 1.87374000e+00
-6.67211000 1.84822100e+00
-6.64211000 2.04349700e+00
-6.61211000 1.84429700e+00
-6.58211000 1.40479000e+00
-6.55211000 1.09072300e+00
-6.52211000 9.82688000e-01
-6.49211000 9.62608000e-01
-6.46211000 1.02947200e+00
-6.43211000 1.13905600e+00
-6.40211000 1.17740200e+00
-6.37211000 1.28507000e+00
-6.34211000 1.35993800e+00
-6.31211000 1.28868000e+00
-6.28211000 1.21434500e+00
-6.25211000 1.25982800e+00
-6.22211000 1.49520500e+00
-6.19211000 1.94499400e+00
-6.15102000 2.83824400e+00
-6.12102000 2.66794300e+00
-6.09102000 1.98436300e+00
-6.06102000 1.56093800e+00
-6.03102000 1.45608500e+00
-6.00102000 1.59123700e+00
-5.97102000 1.88192300e+00
-5.94102000 2.33052600e+00
-5.91102000 3.26901000e+00
-5.88102000 4.31542200e+00
-5.85102000 4.56623000e+00
-5.82102000 4.84929000e+00
-5.79102000 4.40158000e+00
-5.76102000 3.76073000e+00
-5.73102000 3.73570600e+00
-5.70102000 4.33165800e+00
-5.67102000 5.14052400e+00
-5.64102000 5.77239000e+00
-5.61102000 6.65051000e+00
-5.58102000 7.94571000e+00
-5.55102000 8.55623000e+00
-5.52102000 7.19840000e+00
-5.49102000 5.75551000e+00
-5.46102000 4.46422000e+00
-5.43102000 3.46886000e+00
-5.40102000 3.00773000e+00
-5.37102000 3.12033100e+00
-5.34102000 3.78641000e+00
-5.31102000 5.10180000e+00
-5.28102000 6.43215000e+00
-5.25102000 6.37262000e+00
-5.22102000 6.73815000e+00
-5.19102000 8.26954000e+00
-5.16102000 8.86384000e+00
-5.13102000 7.74800000e+00
-5.10102000 7.54350000e+00
-5.07102000 7.51141000e+00
-5.04102000 6.02321000e+00
-5.01102000 5.21202000e+00
-4.98102000 5.12134000e+00
-4.95102000 4.51656000e+00
-4.92102000 4.07961000e+00
-4.89102000 3.73234600e+00
-4.86102000 3.45511800e+00
-4.83102000 3.48665400e+00
-4.80102000 3.13258000e+00
-4.77102000 2.89516800e+00
-4.74102000 2.97378200e+00
-4.71102000 2.98254600e+00
-4.68102000 3.08962500e+00
-4.65102000 3.66980800e+00
-4.62102000 5.07684400e+00
-4.59102000 6.15552700e+00
-4.56102000 5.43309000e+00
-4.53102000 4.05375200e+00
-4.50102000 3.13801900e+00
-4.47102000 2.87214300e+00
-4.44102000 2.99916600e+00
-4.41102000 3.45690800e+00
-4.38102000 3.94240300e+00
-4.35102000 4.32321100e+00
-4.32102000 5.03648000e+00
-4.29102000 6.58025000e+00
-4.26102000 7.67028000e+00
-4.23102000 7.16373000e+00
-4.20102000 6.92767000e+00
-4.17102000 7.51913000e+00
-4.14102000 6.99400000e+00
-4.11102000 6.31144000e+00
-4.08102000 5.34260000e+00
-4.05102000 4.32930100e+00
-4.02102000 4.00617600e+00
-3.99102000 4.28160200e+00
-3.96102000 4.08960900e+00
-3.93102000 3.90388900e+00
-3.90102000 4.35589600e+00
-3.87102000 4.93464000e+00
-3.82992000 5.96303000e+00
-3.79992000 6.32237000e+00
-3.76992000 6.68333000e+00
-3.73992000 6.27489000e+00
-3.70992000 6.36465000e+00
-3.67992000 7.08295000e+00
-3.64992000 6.73842000e+00
-3.61992000 6.84886000e+00
-3.58992000 7.50515000e+00
-3.55992000 7.07713000e+00
-3.52992000 6.73431000e+00
-3.49992000 6.41442000e+00
-3.46992000 6.19798000e+00
-3.43992000 6.18793000e+00
-3.40992000 7.24397000e+00
-3.37992000 1.04700060e+01
-3.34992000 1.57431490e+01
-3.31992000 1.74028970e+01
-3.28992000 1.51693600e+01
-3.25992000 1.25893800e+01
-3.22992000 8.76473000e+00
-3.19992000 6.07259000e+00
-3.16992000 4.92872400e+00
-3.13992000 4.85902100e+00
-3.10992000 5.35418800e+00
-3.07992000 5.40741300e+00
-3.04992000 4.90101000e+00
-3.01992000 4.90027000e+00
-2.98992000 5.58509000e+00
-2.95992000 6.41422000e+00
-2.92992000 6.50243000e+00
-2.89992000 5.21508000e+00
-2.86992000 4.24178000e+00
-2.83992000 4.01605000e+00
-2.80992000 4.40758000e+00
-2.77992000 5.35510000e+00
-2.74992000 6.64792000e+00
-2.71992000 8.03106000e+00
-2.68992000 9.55784000e+00
-2.65992000 1.24670600e+01
-2.62992000 1.63758200e+01
-2.59992000 1.94764100e+01
-2.56992000 1.98866100e+01
-2.53992000 1.93936800e+01
-2.50992000 1.63153000e+01
-2.47992000 1.18842100e+01
-2.44992000 9.40707000e+00
-2.41992000 9.01849000e+00
-2.38992000 9.74154000e+00
-2.35992000 9.82375000e+00
-2.32992000 1.01524400e+01
-2.29992000 9.94139000e+00
-2.26992000 9.96722000e+00
-2.23992000 1.16673800e+01
-2.20992000 1.60006300e+01
-2.17992000 2.40899700e+01
-2.14992000 3.46219000e+01
-2.11992000 4.49576000e+01
-2.08992000 5.21180000e+01
-2.05992000 5.55588000e+01
-2.02992000 4.84857000e+01
-1.99992000 3.30274000e+01
-1.96992000 2.18184900e+01
-1.93992000 1.63497900e+01
-1.90992000 1.29839700e+01
-1.87992000 1.00659200e+01
-1.84992000 8.35596000e+00
-1.81992000 7.89641000e+00
-1.78992000 7.85154000e+00
-1.75992000 7.40399200e+00
-1.72992000 6.68661100e+00
-1.69992000 6.18666600e+00
-1.66992000 5.28116700e+00
-1.63992000 4.21385000e+00
-1.60992000 3.60194000e+00
-1.57992000 3.08740000e+00
-1.54992000 2.71024100e+00
-1.50883000 2.33621000e+00
-1.47883000 2.30836100e+00
-1.44883000 2.47218800e+00
-1.41883000 2.71336400e+00
-1.38883000 2.76826800e+00
-1.35883000 2.94276600e+00
-1.32883000 3.06461000e+00
-1.29883000 2.70002300e+00
-1.26883000 2.49947400e+00
-1.23883000 2.45266800e+00
-1.20883000 2.19843100e+00
-1.17883000 1.82695800e+00
-1.14883000 1.55574500e+00
-1.11883000 1.38404800e+00
-1.08883000 1.26155800e+00
-1.05883000 1.21633600e+00
-1.02883000 1.18970700e+00
-0.99882600 1.22695600e+00
-0.96882600 1.28464200e+00
-0.93882600 1.17339400e+00
-0.90882600 9.49236000e-01
-0.87882600 7.66767000e-01
-0.84882600 6.65479000e-01
-0.81882600 6.19054000e-01
-0.78882600 6.10368000e-01
-0.75882600 6.34018000e-01
-0.72882600 6.42781000e-01
-0.69882600 5.92876000e-01
-0.66882600 5.50861000e-01
-0.63882600 5.40624000e-01
-0.60882600 5.37602000e-01
-0.57882600 5.26840000e-01
-0.54882600 5.33273000e-01
-0.51882600 5.81894000e-01
-0.48882600 6.42130000e-01
-0.45882600 6.50729000e-01
-0.42882600 5.83654000e-01
-0.39882600 5.55655000e-01
-0.36882600 5.86902000e-01
-0.33882600 6.01236000e-01
-0.30882600 5.82955000e-01
-0.27882600 5.45057000e-01
-0.24882600 5.33857000e-01
-0.21882600 5.85193000e-01
-0.18882600 7.10292000e-01
-0.15882600 7.95146000e-01
-0.12882600 7.09941000e-01
-0.09882600 6.24692000e-01
-0.06882600 6.30899000e-01
-0.03882600 7.26392000e-01
-0.00882601 8.37024000e-01
0.02117400 9.18009000e-01
0.05117400 9.22625000e-01
0.08117400 8.90278000e-01
0.11117400 9.33948000e-01
0.14117400 9.88792000e-01
0.17117400 8.99704000e-01
0.20117400 8.55844000e-01
0.23117400 9.32423000e-01
0.26117400 1.05027000e+00
0.29117400 1.12211700e+00
0.32117400 1.20917900e+00
0.35117400 1.12904800e+00
0.38117400 9.45685000e-01
0.41117400 8.13700000e-01
0.44117400 7.80623000e-01
0.47117400 8.19026000e-01
0.50117400 8.48764000e-01
0.53117400 8.07594000e-01
0.56117400 7.50613000e-01
0.59117400 6.97814000e-01
0.62117400 6.96431000e-01
0.65117400 7.66712000e-01
0.68117400 9.34747000e-01
0.71117400 1.15145000e+00
0.74117400 1.14149500e+00
0.77117400 1.00383500e+00
