# E(MeV)  S_GAMTGAMT(K=1) for Zn99_DDPCX
-22.39870000 1.59882000e-03
-22.36870000 1.60533000e-03
-22.33870000 1.61188000e-03
-22.30870000 1.61848000e-03
-22.27870000 1.62513000e-03
-22.24870000 1.63182000e-03
-22.21870000 1.63856000e-03
-22.18870000 1.64535000e-03
-22.15870000 1.65219000e-03
-22.12870000 1.65908000e-03
-22.09870000 1.66602000e-03
-22.06870000 1.67301000e-03
-22.03870000 1.68005000e-03
-22.00870000 1.68714000e-03
-21.97870000 1.69429000e-03
-21.94870000 1.70149000e-03
-21.91870000 1.70874000e-03
-21.88870000 1.71605000e-03
-21.85870000 1.72341000e-03
-21.82870000 1.73083000e-03
-21.79870000 1.73831000e-03
-21.76870000 1.74585000e-03
-21.73870000 1.75344000e-03
-21.70870000 1.76110000e-03
-21.67870000 1.76881000e-03
-21.64870000 1.77659000e-03
-21.61870000 1.78443000e-03
-21.58870000 1.79233000e-03
-21.55870000 1.80029000e-03
-21.52870000 1.80832000e-03
-21.49870000 1.81641000e-03
-21.46870000 1.82457000e-03
-21.43870000 1.83280000e-03
-21.40870000 1.84110000e-03
-21.37870000 1.84946000e-03
-21.34870000 1.85790000e-03
-21.31870000 1.86641000e-03
-21.28870000 1.87499000e-03
-21.25870000 1.88364000e-03
-21.22870000 1.89237000e-03
-21.19870000 1.90117000e-03
-21.16870000 1.91005000e-03
-21.13870000 1.91901000e-03
-21.10870000 1.92805000e-03
-21.07870000 1.93716000e-03
-21.04870000 1.94636000e-03
-21.01870000 1.95565000e-03
-20.98870000 1.96501000e-03
-20.95870000 1.97447000e-03
-20.92870000 1.98401000e-03
-20.89870000 1.99364000e-03
-20.86870000 2.00336000e-03
-20.83870000 2.01317000e-03
-20.80870000 2.02308000e-03
-20.77870000 2.03308000e-03
-20.74870000 2.04317000e-03
-20.71870000 2.05337000e-03
-20.68870000 2.06367000e-03
-20.65870000 2.07407000e-03
-20.62870000 2.08458000e-03
-20.59870000 2.09519000e-03
-20.56870000 2.10591000e-03
-20.53870000 2.11674000e-03
-20.50870000 2.12769000e-03
-20.47870000 2.13876000e-03
-20.44870000 2.14994000e-03
-20.41870000 2.16125000e-03
-20.38870000 2.17268000e-03
-20.35870000 2.18424000e-03
-20.32870000 2.19593000e-03
-20.29870000 2.20776000e-03
-20.26870000 2.21973000e-03
-20.23870000 2.23185000e-03
-20.20870000 2.24411000e-03
-20.17870000 2.25653000e-03
-20.14870000 2.26911000e-03
-20.11870000 2.28185000e-03
-20.07760000 2.29959000e-03
-20.04760000 2.31276000e-03
-20.01760000 2.32613000e-03
-19.98760000 2.33970000e-03
-19.95760000 2.35349000e-03
-19.92760000 2.36751000e-03
-19.89760000 2.38178000e-03
-19.86760000 2.39633000e-03
-19.83760000 2.41116000e-03
-19.80760000 2.42632000e-03
-19.77760000 2.44185000e-03
-19.74760000 2.45779000e-03
-19.71760000 2.47419000e-03
-19.68760000 2.49115000e-03
-19.65760000 2.50876000e-03
-19.62760000 2.52716000e-03
-19.59760000 2.54656000e-03
-19.56760000 2.56724000e-03
-19.53760000 2.58961000e-03
-19.50760000 2.61430000e-03
-19.47760000 2.64232000e-03
-19.44760000 2.67536000e-03
-19.41760000 2.71636000e-03
-19.38760000 2.77085000e-03
-19.35760000 2.85008000e-03
-19.32760000 2.97861000e-03
-19.29760000 3.21243000e-03
-19.26760000 3.65019000e-03
-19.23760000 4.14519000e-03
-19.20760000 3.92984000e-03
-19.17760000 3.44572000e-03
-19.14760000 3.17870000e-03
-19.11760000 3.05760000e-03
-19.08760000 3.00565000e-03
-19.05760000 2.98825000e-03
-19.02760000 2.99049000e-03
-18.99760000 3.00592000e-03
-18.96760000 3.03230000e-03
-18.93760000 3.07008000e-03
-18.90760000 3.12255000e-03
-18.87760000 3.19741000e-03
-18.84760000 3.31136000e-03
-18.81760000 3.50174000e-03
-18.78760000 3.85224000e-03
-18.75760000 4.47976000e-03
-18.72760000 5.02734000e-03
-18.69760000 4.77312000e-03
-18.66760000 4.34869000e-03
-18.63760000 4.15415000e-03
-18.60760000 4.23542000e-03
-18.57760000 4.52011000e-03
-18.54760000 4.42573000e-03
-18.51760000 4.04257000e-03
-18.48760000 3.83713000e-03
-18.45760000 3.79407000e-03
-18.42760000 3.87041000e-03
-18.39760000 4.04329000e-03
-18.36760000 4.25965000e-03
-18.33760000 4.62293000e-03
-18.30760000 4.85217000e-03
-18.27760000 4.70455000e-03
-18.24760000 4.76565000e-03
-18.21760000 5.00730000e-03
-18.18760000 4.97856000e-03
-18.15760000 4.84487000e-03
-18.12760000 5.05636000e-03
-18.09760000 5.50897000e-03
-18.06760000 5.44707000e-03
-18.03760000 5.12805000e-03
-18.00760000 5.05637000e-03
-17.97760000 5.04790000e-03
-17.94760000 5.01099000e-03
-17.91760000 5.09320000e-03
-17.88760000 5.42768000e-03
-17.85760000 6.16171000e-03
-17.82760000 7.67010000e-03
-17.79760000 1.05048000e-02
-17.75650000 1.26927000e-02
-17.72650000 9.76238000e-03
-17.69650000 7.44349000e-03
-17.66650000 6.36596000e-03
-17.63650000 5.92421000e-03
-17.60650000 5.64624000e-03
-17.57650000 5.46619000e-03
-17.54650000 5.45616000e-03
-17.51650000 5.60113000e-03
-17.48650000 5.92065000e-03
-17.45650000 6.50774000e-03
-17.42650000 7.59132000e-03
-17.39650000 9.66943000e-03
-17.36650000 1.35786000e-02
-17.33650000 1.75416000e-02
-17.30650000 1.50863000e-02
-17.27650000 1.11179000e-02
-17.24650000 9.31312000e-03
-17.21650000 9.09493000e-03
-17.18650000 9.69462000e-03
-17.15650000 9.68938000e-03
-17.12650000 9.76326000e-03
-17.09650000 1.06745000e-02
-17.06650000 1.00547000e-02
-17.03650000 8.67844000e-03
-17.00650000 8.30577000e-03
-16.97650000 8.43671000e-03
-16.94650000 8.02887000e-03
-16.91650000 7.90069000e-03
-16.88650000 8.52447000e-03
-16.85650000 8.78059000e-03
-16.82650000 7.86755000e-03
-16.79650000 7.20506000e-03
-16.76650000 6.92598000e-03
-16.73650000 6.88000000e-03
-16.70650000 7.04786000e-03
-16.67650000 7.36877000e-03
-16.64650000 7.23651000e-03
-16.61650000 6.91793000e-03
-16.58650000 6.83994000e-03
-16.55650000 6.97194000e-03
-16.52650000 7.00660000e-03
-16.49650000 6.93460000e-03
-16.46650000 6.95996000e-03
-16.43650000 7.04946000e-03
-16.40650000 7.14533000e-03
-16.37650000 7.30630000e-03
-16.34650000 7.31450000e-03
-16.31650000 7.27774000e-03
-16.28650000 7.36785000e-03
-16.25650000 7.54918000e-03
-16.22650000 7.76414000e-03
-16.19650000 7.90100000e-03
-16.16650000 7.84577000e-03
-16.13650000 7.86067000e-03
-16.10650000 7.95755000e-03
-16.07650000 8.05442000e-03
-16.04650000 8.10977000e-03
-16.01650000 8.20384000e-03
-15.98650000 8.39175000e-03
-15.95650000 8.64327000e-03
-15.92650000 8.77054000e-03
-15.89650000 8.83942000e-03
-15.86650000 8.98348000e-03
-15.83650000 9.09144000e-03
-15.80650000 9.17368000e-03
-15.77650000 9.29989000e-03
-15.74650000 9.46056000e-03
-15.71650000 9.64199000e-03
-15.68650000 9.83786000e-03
-15.65650000 1.00471000e-02
-15.62650000 1.02681000e-02
-15.59650000 1.05012000e-02
-15.56650000 1.07472000e-02
-15.53650000 1.10067000e-02
-15.50650000 1.12805000e-02
-15.47650000 1.15700000e-02
-15.43540000 1.19947000e-02
-15.40540000 1.23271000e-02
-15.37540000 1.26786000e-02
-15.34540000 1.30528000e-02
-15.31540000 1.34566000e-02
-15.28540000 1.38964000e-02
-15.25540000 1.43806000e-02
-15.22540000 1.49185000e-02
-15.19540000 1.55379000e-02
-15.16540000 1.62891000e-02
-15.13540000 1.72793000e-02
-15.10540000 1.87417000e-02
-15.07540000 2.08865000e-02
-15.04540000 2.27842000e-02
-15.01540000 2.23221000e-02
-14.98540000 2.15091000e-02
-14.95540000 2.15082000e-02
-14.92540000 2.20267000e-02
-14.89540000 2.28239000e-02
-14.86540000 2.38061000e-02
-14.83540000 2.49793000e-02
-14.80540000 2.63563000e-02
-14.77540000 2.79605000e-02
-14.74540000 2.98384000e-02
-14.71540000 3.20660000e-02
-14.68540000 3.47609000e-02
-14.65540000 3.80667000e-02
-14.62540000 4.21531000e-02
-14.59540000 4.75299000e-02
-14.56540000 5.50769000e-02
-14.53540000 6.64079000e-02
-14.50540000 8.49889000e-02
-14.47540000 1.18535000e-01
-14.44540000 1.80693000e-01
-14.41540000 2.59245000e-01
-14.38540000 2.44776000e-01
-14.35540000 1.78133000e-01
-14.32540000 1.44922000e-01
-14.29540000 1.40261000e-01
-14.26540000 1.56257000e-01
-14.23540000 1.95588000e-01
-14.20540000 2.72645000e-01
-14.17540000 4.02248000e-01
-14.14540000 5.49504000e-01
-14.11540000 7.58946000e-01
-14.08540000 9.25416000e-01
-14.05540000 6.99150000e-01
-14.02540000 4.44291000e-01
-13.99540000 3.14510000e-01
-13.96540000 2.59807000e-01
-13.93540000 2.44737000e-01
-13.90540000 2.57983000e-01
-13.87540000 3.01551000e-01
-13.84540000 3.91331000e-01
-13.81540000 5.69871000e-01
-13.78540000 9.27556000e-01
-13.75540000 1.47255000e+00
-13.72540000 1.51256000e+00
-13.69540000 9.96799000e-01
-13.66540000 6.53678000e-01
-13.63540000 5.01046000e-01
-13.60540000 4.48272000e-01
-13.57540000 4.52918000e-01
-13.54540000 5.01634000e-01
-13.51540000 5.97516000e-01
-13.48540000 7.70742000e-01
-13.45540000 1.08102000e+00
-13.42540000 1.65642000e+00
-13.39540000 2.78627000e+00
-13.36540000 4.47659000e+00
-13.33540000 4.66403000e+00
-13.30540000 3.41606000e+00
-13.27540000 2.98018000e+00
-13.24540000 3.65054000e+00
-13.21540000 4.71450000e+00
-13.18540000 4.27854000e+00
-13.15540000 2.76738000e+00
-13.11430000 1.51667000e+00
-13.08430000 1.18961000e+00
-13.05430000 1.13186000e+00
-13.02430000 1.31294000e+00
-12.99430000 1.73571000e+00
-12.96430000 1.75272000e+00
-12.93430000 1.22061000e+00
-12.90430000 8.04879000e-01
-12.87430000 6.03626000e-01
-12.84430000 5.34343000e-01
-12.81430000 5.65501000e-01
-12.78430000 6.99119000e-01
-12.75430000 9.24950000e-01
-12.72430000 1.31871000e+00
-12.69430000 1.48382000e+00
-12.66430000 1.03906000e+00
-12.63430000 6.74460000e-01
-12.60430000 5.22723000e-01
-12.57430000 4.89651000e-01
-12.54430000 4.99030000e-01
-12.51430000 4.51493000e-01
-12.48430000 3.50644000e-01
-12.45430000 2.50933000e-01
-12.42430000 1.88166000e-01
-12.39430000 1.47539000e-01
-12.36430000 1.21811000e-01
-12.33430000 1.06326000e-01
-12.30430000 9.70928000e-02
-12.27430000 8.93214000e-02
-12.24430000 8.43253000e-02
-12.21430000 8.39339000e-02
-12.18430000 9.01390000e-02
-12.15430000 1.07073000e-01
-12.12430000 1.38729000e-01
-12.09430000 1.60030000e-01
-12.06430000 1.43644000e-01
-12.03430000 1.42278000e-01
-12.00430000 1.68052000e-01
-11.97430000 1.61690000e-01
-11.94430000 1.15087000e-01
-11.91430000 8.31348000e-02
-11.88430000 6.62931000e-02
-11.85430000 5.86251000e-02
-11.82430000 5.71591000e-02
-11.79430000 6.18479000e-02
-11.76430000 7.66351000e-02
-11.73430000 1.05691000e-01
-11.70430000 1.21700000e-01
-11.67430000 9.37872000e-02
-11.64430000 6.69063000e-02
-11.61430000 5.47769000e-02
-11.58430000 5.23364000e-02
-11.55430000 5.09329000e-02
-11.52430000 4.30689000e-02
-11.49430000 3.72869000e-02
-11.46430000 3.56801000e-02
-11.43430000 3.75727000e-02
-11.40430000 3.77688000e-02
-11.37430000 3.36011000e-02
-11.34430000 3.18142000e-02
-11.31430000 3.19881000e-02
-11.28430000 3.02430000e-02
-11.25430000 2.67620000e-02
-11.22430000 2.43174000e-02
-11.19430000 2.24561000e-02
-11.16430000 2.08023000e-02
-11.13430000 1.98447000e-02
-11.10430000 1.91974000e-02
-11.07430000 1.88915000e-02
-11.04430000 1.89037000e-02
-11.01430000 1.92454000e-02
-10.98430000 1.98093000e-02
-10.95430000 1.95377000e-02
-10.92430000 1.86314000e-02
-10.89430000 1.81096000e-02
-10.86430000 1.75660000e-02
-10.83430000 1.69764000e-02
-10.79320000 1.68962000e-02
-10.76320000 1.75903000e-02
-10.73320000 1.82392000e-02
-10.70320000 1.77667000e-02
-10.67320000 1.70972000e-02
-10.64320000 1.70120000e-02
-10.61320000 1.68967000e-02
-10.58320000 1.67410000e-02
-10.55320000 1.70513000e-02
-10.52320000 1.83991000e-02
-10.49320000 2.10660000e-02
-10.46320000 2.46884000e-02
-10.43320000 2.41815000e-02
-10.40320000 2.01209000e-02
-10.37320000 1.74187000e-02
-10.34320000 1.62149000e-02
-10.31320000 1.57350000e-02
-10.28320000 1.56749000e-02
-10.25320000 1.63018000e-02
-10.22320000 1.77317000e-02
-10.19320000 1.80417000e-02
-10.16320000 1.65484000e-02
-10.13320000 1.55578000e-02
-10.10320000 1.53019000e-02
-10.07320000 1.55691000e-02
-10.04320000 1.56896000e-02
-10.01320000 1.58787000e-02
-9.98321000 1.65233000e-02
-9.95321000 1.65165000e-02
-9.92321000 1.62457000e-02
-9.89321000 1.67724000e-02
-9.86321000 1.78424000e-02
-9.83321000 1.85113000e-02
-9.80321000 1.90807000e-02
-9.77321000 1.97354000e-02
-9.74321000 1.99578000e-02
-9.71321000 1.90273000e-02
-9.68321000 1.71271000e-02
-9.65321000 1.60615000e-02
-9.62321000 1.57630000e-02
-9.59321000 1.60237000e-02
-9.56321000 1.68031000e-02
-9.53321000 1.78272000e-02
-9.50321000 1.81052000e-02
-9.47321000 1.83738000e-02
-9.44321000 1.99178000e-02
-9.41321000 2.15985000e-02
-9.38321000 2.06168000e-02
-9.35321000 1.89456000e-02
-9.32321000 1.81410000e-02
-9.29321000 1.76464000e-02
-9.26321000 1.72180000e-02
-9.23321000 1.68887000e-02
-9.20321000 1.67184000e-02
-9.17321000 1.67923000e-02
-9.14321000 1.71032000e-02
-9.11321000 1.76982000e-02
-9.08321000 1.87665000e-02
-9.05321000 2.06815000e-02
-9.02321000 2.33710000e-02
-8.99321000 2.47030000e-02
-8.96321000 2.43544000e-02
-8.93321000 2.27362000e-02
-8.90321000 2.10945000e-02
-8.87321000 2.04562000e-02
-8.84321000 2.04241000e-02
-8.81321000 2.05814000e-02
-8.78321000 2.09894000e-02
-8.75321000 2.16871000e-02
-8.72321000 2.25055000e-02
-8.69321000 2.33214000e-02
-8.66321000 2.47140000e-02
-8.63321000 2.67624000e-02
-8.60321000 2.88345000e-02
-8.57321000 2.96776000e-02
-8.54321000 3.03340000e-02
-8.51321000 3.13342000e-02
-8.47211000 3.50847000e-02
-8.44211000 4.13935000e-02
-8.41211000 5.13782000e-02
-8.38211000 5.98645000e-02
-8.35211000 6.29359000e-02
-8.32211000 7.17536000e-02
-8.29211000 8.21123000e-02
-8.26211000 7.42254000e-02
-8.23211000 6.47013000e-02
-8.20211000 6.09763000e-02
-8.17211000 6.32228000e-02
-8.14211000 7.06947000e-02
-8.11211000 7.86506000e-02
-8.08211000 8.94754000e-02
-8.05211000 1.12280000e-01
-8.02211000 1.57923000e-01
-7.99211000 2.34887000e-01
-7.96211000 3.05732000e-01
-7.93211000 3.59503000e-01
-7.90211000 3.93744000e-01
-7.87211000 2.99149000e-01
-7.84211000 2.10359000e-01
-7.81211000 1.75993000e-01
-7.78211000 1.76775000e-01
-7.75211000 2.07441000e-01
-7.72211000 2.91562000e-01
-7.69211000 4.51199000e-01
-7.66211000 5.32054000e-01
-7.63211000 3.90275000e-01
-7.60211000 2.60802000e-01
-7.57211000 2.03359000e-01
-7.54211000 1.92754000e-01
-7.51211000 2.21633000e-01
-7.48211000 2.52805000e-01
-7.45211000 2.20997000e-01
-7.42211000 1.88756000e-01
-7.39211000 1.87254000e-01
-7.36211000 1.93341000e-01
-7.33211000 1.99580000e-01
-7.30211000 2.32339000e-01
-7.27211000 3.09689000e-01
-7.24211000 4.47788000e-01
-7.21211000 6.11091000e-01
-7.18211000 7.74235000e-01
-7.15211000 9.37418000e-01
-7.12211000 8.55230000e-01
-7.09211000 6.55562000e-01
-7.06211000 5.66287000e-01
-7.03211000 6.44713000e-01
-7.00211000 8.68381000e-01
-6.97211000 9.30934000e-01
-6.94211000 7.54850000e-01
-6.91211000 6.47142000e-01
-6.88211000 5.86255000e-01
-6.85211000 5.48603000e-01
-6.82211000 6.31908000e-01
-6.79211000 8.18334000e-01
-6.76211000 8.24044000e-01
-6.73211000 7.36374000e-01
-6.70211000 7.04273000e-01
-6.67211000 7.25119000e-01
-6.64211000 8.28006000e-01
-6.61211000 6.96233000e-01
-6.58211000 4.77070000e-01
-6.55211000 3.71289000e-01
-6.52211000 3.49591000e-01
-6.49211000 3.58161000e-01
-6.46211000 4.01536000e-01
-6.43211000 4.51825000e-01
-6.40211000 4.48052000e-01
-6.37211000 4.57327000e-01
-6.34211000 4.71598000e-01
-6.31211000 4.57970000e-01
-6.28211000 4.32563000e-01
-6.25211000 4.52491000e-01
-6.22211000 5.48575000e-01
-6.19211000 7.32299000e-01
-6.15102000 1.11077000e+00
-6.12102000 9.73759000e-01
-6.09102000 6.70984000e-01
-6.06102000 4.95851000e-01
-6.03102000 4.36145000e-01
-6.00102000 4.56354000e-01
-5.97102000 4.94818000e-01
-5.94102000 4.95178000e-01
-5.91102000 5.48945000e-01
-5.88102000 7.26116000e-01
-5.85102000 1.09585000e+00
-5.82102000 1.48791000e+00
-5.79102000 1.35162000e+00
-5.76102000 1.04955000e+00
-5.73102000 8.79413000e-01
-5.70102000 7.82834000e-01
-5.67102000 8.35072000e-01
-5.64102000 1.08932000e+00
-5.61102000 1.45729000e+00
-5.58102000 1.65502000e+00
-5.55102000 1.75671000e+00
-5.52102000 1.78114000e+00
-5.49102000 1.68900000e+00
-5.46102000 1.37337000e+00
-5.43102000 1.07064000e+00
-5.40102000 9.65310000e-01
-5.37102000 1.06883000e+00
-5.34102000 1.37616000e+00
-5.31102000 1.92062000e+00
-5.28102000 2.42656000e+00
-5.25102000 2.22790000e+00
-5.22102000 2.10679000e+00
-5.19102000 2.52000000e+00
-5.16102000 2.74499000e+00
-5.13102000 2.38663000e+00
-5.10102000 2.20516000e+00
-5.07102000 2.15862000e+00
-5.04102000 1.69016000e+00
-5.01102000 1.34555000e+00
-4.98102000 1.19528000e+00
-4.95102000 1.04290000e+00
-4.92102000 9.79465000e-01
-4.89102000 8.85198000e-01
-4.86102000 7.64504000e-01
-4.83102000 7.12877000e-01
-4.80102000 7.14240000e-01
-4.77102000 7.73379000e-01
-4.74102000 8.89776000e-01
-4.71102000 1.02389000e+00
-4.68102000 1.17861000e+00
-4.65102000 1.49956000e+00
-4.62102000 2.16571000e+00
-4.59102000 2.60366000e+00
-4.56102000 2.20470000e+00
-4.53102000 1.61349000e+00
-4.50102000 1.20557000e+00
-4.47102000 1.04718000e+00
-4.44102000 1.09938000e+00
-4.41102000 1.33541000e+00
-4.38102000 1.51982000e+00
-4.35102000 1.66208000e+00
-4.32102000 2.00772000e+00
-4.29102000 2.70947000e+00
-4.26102000 3.14679000e+00
-4.23102000 2.83426000e+00
-4.20102000 2.86212000e+00
-4.17102000 3.24139000e+00
-4.14102000 2.93745000e+00
-4.11102000 2.53774000e+00
-4.08102000 2.10910000e+00
-4.05102000 1.75173000e+00
-4.02102000 1.68422000e+00
-3.99102000 1.85179000e+00
-3.96102000 1.73931000e+00
-3.93102000 1.58451000e+00
-3.90102000 1.69786000e+00
-3.87102000 1.80535000e+00
-3.82992000 2.01977000e+00
-3.79992000 2.09402000e+00
-3.76992000 2.16885000e+00
-3.73992000 2.17500000e+00
-3.70992000 2.44567000e+00
-3.67992000 2.82922000e+00
-3.64992000 2.46461000e+00
-3.61992000 2.04620000e+00
-3.58992000 1.89836000e+00
-3.55992000 2.00272000e+00
-3.52992000 2.33330000e+00
-3.49992000 2.39665000e+00
-3.46992000 2.31809000e+00
-3.43992000 2.41693000e+00
-3.40992000 3.11838000e+00
-3.37992000 4.81987000e+00
-3.34992000 7.46172000e+00
-3.31992000 8.21135000e+00
-3.28992000 6.89300000e+00
-3.25992000 5.38682000e+00
-3.22992000 3.62076000e+00
-3.19992000 2.51332000e+00
-3.16992000 2.06203000e+00
-3.13992000 2.06889000e+00
-3.10992000 2.31009000e+00
-3.07992000 2.28442000e+00
-3.04992000 1.91111000e+00
-3.01992000 1.67282000e+00
-2.98992000 1.64544000e+00
-2.95992000 1.63571000e+00
-2.92992000 1.53754000e+00
-2.89992000 1.34089000e+00
-2.86992000 1.20253000e+00
-2.83992000 1.21228000e+00
-2.80992000 1.38924000e+00
-2.77992000 1.71965000e+00
-2.74992000 2.24064000e+00
-2.71992000 2.85815000e+00
-2.68992000 3.30454000e+00
-2.65992000 4.23744000e+00
-2.62992000 6.01217000e+00
-2.59992000 7.27592000e+00
-2.56992000 6.35733000e+00
-2.53992000 4.47629000e+00
-2.50992000 3.40948000e+00
-2.47992000 3.03200000e+00
-2.44992000 2.91095000e+00
-2.41992000 3.25041000e+00
-2.38992000 3.85949000e+00
-2.35992000 4.01020000e+00
-2.32992000 4.19666000e+00
-2.29992000 4.03472000e+00
-2.26992000 3.88816000e+00
-2.23992000 4.41882000e+00
-2.20992000 5.98468000e+00
-2.17992000 9.00381000e+00
-2.14992000 1.29551000e+01
-2.11992000 1.66899000e+01
-2.08992000 1.79167000e+01
-2.05992000 1.73104000e+01
-2.02992000 1.58801000e+01
-1.99992000 1.13443000e+01
-1.96992000 7.79417000e+00
-1.93992000 6.17520000e+00
-1.90992000 5.09410000e+00
-1.87992000 3.99973000e+00
-1.84992000 3.38189000e+00
-1.81992000 3.30481000e+00
-1.78992000 3.37940000e+00
-1.75992000 3.20605000e+00
-1.72992000 2.87901000e+00
-1.69992000 2.64278000e+00
-1.66992000 2.16485000e+00
-1.63992000 1.56506000e+00
-1.60992000 1.19213000e+00
-1.57992000 1.01158000e+00
-1.54992000 9.35083000e-01
-1.50883000 8.00932000e-01
-1.47883000 7.48449000e-01
-1.44883000 7.54611000e-01
-1.41883000 7.78242000e-01
-1.38883000 8.47159000e-01
-1.35883000 1.04612000e+00
-1.32883000 1.14998000e+00
-1.29883000 1.01197000e+00
-1.26883000 9.47589000e-01
-1.23883000 9.01239000e-01
-1.20883000 7.40091000e-01
-1.17883000 5.93138000e-01
-1.14883000 5.05143000e-01
-1.11883000 4.55711000e-01
-1.08883000 4.32424000e-01
-1.05883000 4.49161000e-01
-1.02883000 4.64462000e-01
-0.99882600 5.01997000e-01
-0.96882600 5.46616000e-01
-0.93882600 5.01082000e-01
-0.90882600 3.94519000e-01
-0.87882600 3.05615000e-01
-0.84882600 2.57679000e-01
-0.81882600 2.39102000e-01
-0.78882600 2.37872000e-01
-0.75882600 2.50802000e-01
-0.72882600 2.53906000e-01
-0.69882600 2.25004000e-01
-0.66882600 2.00395000e-01
-0.63882600 1.90979000e-01
-0.60882600 1.85523000e-01
-0.57882600 1.82270000e-01
-0.54882600 1.83770000e-01
-0.51882600 1.98535000e-01
-0.48882600 2.09644000e-01
-0.45882600 1.99882000e-01
-0.42882600 1.81027000e-01
-0.39882600 1.76924000e-01
-0.36882600 1.87783000e-01
-0.33882600 1.99993000e-01
-0.30882600 2.07095000e-01
-0.27882600 1.96485000e-01
-0.24882600 1.90594000e-01
-0.21882600 2.08079000e-01
-0.18882600 2.57972000e-01
-0.15882600 2.98755000e-01
-0.12882600 2.65976000e-01
-0.09882600 2.27252000e-01
-0.06882600 2.24004000e-01
-0.03882600 2.51331000e-01
-0.00882601 2.67177000e-01
0.02117400 2.81468000e-01
0.05117400 3.11150000e-01
0.08117400 3.17868000e-01
0.11117400 3.37826000e-01
0.14117400 3.58553000e-01
0.17117400 3.24919000e-01
0.20117400 3.09439000e-01
0.23117400 3.54218000e-01
0.26117400 4.18316000e-01
0.29117400 4.63777000e-01
0.32117400 5.13899000e-01
0.35117400 4.73792000e-01
0.38117400 3.77726000e-01
0.41117400 3.00076000e-01
0.44117400 2.64621000e-01
0.47117400 2.63330000e-01
0.50117400 2.74047000e-01
0.53117400 2.64644000e-01
0.56117400 2.47075000e-01
0.59117400 2.32803000e-01
0.62117400 2.35850000e-01
0.65117400 2.66354000e-01
0.68117400 3.37785000e-01
0.71117400 4.29522000e-01
0.74117400 4.15338000e-01
0.77117400 3.43122000e-01
