# E(MeV)  S_NSDRNSDR(K=0) for Zn99_DDPCX
-22.39870000 6.14272000e-02
-22.36870000 6.25395000e-02
-22.33870000 6.38086000e-02
-22.30870000 6.53014000e-02
-22.27870000 6.71284000e-02
-22.24870000 6.94835000e-02
-22.21870000 7.27290000e-02
-22.18870000 7.75980000e-02
-22.15870000 8.56948000e-02
-22.12870000 1.00658000e-01
-22.09870000 1.28643000e-01
-22.06870000 1.58454000e-01
-22.03870000 1.43034000e-01
-22.00870000 1.13973000e-01
-21.97870000 9.88987000e-02
-21.94870000 9.31188000e-02
-21.91870000 9.23629000e-02
-21.88870000 9.51920000e-02
-21.85870000 1.01945000e-01
-21.82870000 1.14855000e-01
-21.79870000 1.39745000e-01
-21.76870000 1.89628000e-01
-21.73870000 2.74126000e-01
-21.70870000 3.04846000e-01
-21.67870000 2.24950000e-01
-21.64870000 1.60018000e-01
-21.61870000 1.27374000e-01
-21.58870000 1.11039000e-01
-21.55870000 1.02348000e-01
-21.52870000 9.75019000e-02
-21.49870000 9.47583000e-02
-21.46870000 9.32546000e-02
-21.43870000 9.25305000e-02
-21.40870000 9.23248000e-02
-21.37870000 9.24811000e-02
-21.34870000 9.29019000e-02
-21.31870000 9.35241000e-02
-21.28870000 9.43058000e-02
-21.25870000 9.52185000e-02
-21.22870000 9.62429000e-02
-21.19870000 9.73655000e-02
-21.16870000 9.85773000e-02
-21.13870000 9.98725000e-02
-21.10870000 1.01248000e-01
-21.07870000 1.02701000e-01
-21.04870000 1.04233000e-01
-21.01870000 1.05846000e-01
-20.98870000 1.07542000e-01
-20.95870000 1.09326000e-01
-20.92870000 1.11205000e-01
-20.89870000 1.13187000e-01
-20.86870000 1.15282000e-01
-20.83870000 1.17505000e-01
-20.80870000 1.19872000e-01
-20.77870000 1.22406000e-01
-20.74870000 1.25137000e-01
-20.71870000 1.28104000e-01
-20.68870000 1.31358000e-01
-20.65870000 1.34972000e-01
-20.62870000 1.39047000e-01
-20.59870000 1.43728000e-01
-20.56870000 1.49233000e-01
-20.53870000 1.55894000e-01
-20.50870000 1.64245000e-01
-20.47870000 1.75181000e-01
-20.44870000 1.90290000e-01
-20.41870000 2.12584000e-01
-20.38870000 2.48212000e-01
-20.35870000 3.10749000e-01
-20.32870000 4.31030000e-01
-20.29870000 6.59271000e-01
-20.26870000 8.87372000e-01
-20.23870000 7.34865000e-01
-20.20870000 4.87093000e-01
-20.17870000 3.51592000e-01
-20.14870000 2.85379000e-01
-20.11870000 2.51502000e-01
-20.07760000 2.29039000e-01
-20.04760000 2.21361000e-01
-20.01760000 2.17697000e-01
-19.98760000 2.16590000e-01
-19.95760000 2.17223000e-01
-19.92760000 2.19112000e-01
-19.89760000 2.21962000e-01
-19.86760000 2.25591000e-01
-19.83760000 2.29883000e-01
-19.80760000 2.34769000e-01
-19.77760000 2.40211000e-01
-19.74760000 2.46192000e-01
-19.71760000 2.52715000e-01
-19.68760000 2.59799000e-01
-19.65760000 2.67478000e-01
-19.62760000 2.75804000e-01
-19.59760000 2.84850000e-01
-19.56760000 2.94716000e-01
-19.53760000 3.05547000e-01
-19.50760000 3.17554000e-01
-19.47760000 3.31034000e-01
-19.44760000 3.46337000e-01
-19.41760000 3.64338000e-01
-19.38760000 3.86944000e-01
-19.35760000 4.17437000e-01
-19.32760000 4.55410000e-01
-19.29760000 4.80349000e-01
-19.26760000 4.98274000e-01
-19.23760000 5.30857000e-01
-19.20760000 5.82383000e-01
-19.17760000 6.59764000e-01
-19.14760000 7.80845000e-01
-19.11760000 9.86582000e-01
-19.08760000 1.36953000e+00
-19.05760000 2.07370000e+00
-19.02760000 2.79043000e+00
-18.99760000 2.69362000e+00
-18.96760000 2.27108000e+00
-18.93760000 1.66170000e+00
-18.90760000 1.26211000e+00
-18.87760000 1.07494000e+00
-18.84760000 9.98169000e-01
-18.81760000 9.80229000e-01
-18.78760000 9.99867000e-01
-18.75760000 1.05051000e+00
-18.72760000 1.13544000e+00
-18.69760000 1.27022000e+00
-18.66760000 1.49452000e+00
-18.63760000 1.89520000e+00
-18.60760000 2.52366000e+00
-18.57760000 2.78133000e+00
-18.54760000 2.40141000e+00
-18.51760000 2.18165000e+00
-18.48760000 2.19212000e+00
-18.45760000 2.31851000e+00
-18.42760000 2.58245000e+00
-18.39760000 3.04669000e+00
-18.36760000 3.84367000e+00
-18.33760000 5.09240000e+00
-18.30760000 5.96684000e+00
-18.27760000 5.95165000e+00
-18.24760000 6.43368000e+00
-18.21760000 7.86122000e+00
-18.18760000 1.06395000e+01
-18.15760000 1.59004000e+01
-18.12760000 2.52667000e+01
-18.09760000 3.44826000e+01
-18.06760000 3.83661000e+01
-18.03760000 4.84304000e+01
-18.00760000 5.09539000e+01
-17.97760000 3.67939000e+01
-17.94760000 2.78424000e+01
-17.91760000 2.72131000e+01
-17.88760000 3.44918000e+01
-17.85760000 5.36732000e+01
-17.82760000 8.81721000e+01
-17.79760000 1.00438000e+02
-17.75650000 5.46052000e+01
-17.72650000 3.35781000e+01
-17.69650000 2.24160000e+01
-17.66650000 1.56866000e+01
-17.63650000 1.19230000e+01
-17.60650000 9.91445000e+00
-17.57650000 9.02096000e+00
-17.54650000 9.05918000e+00
-17.51650000 1.02345000e+01
-17.48650000 1.33441000e+01
-17.45650000 2.00666000e+01
-17.42650000 2.92352000e+01
-17.39650000 2.72124000e+01
-17.36650000 1.81203000e+01
-17.33650000 1.29105000e+01
-17.30650000 1.09520000e+01
-17.27650000 1.09363000e+01
-17.24650000 1.25826000e+01
-17.21650000 1.65068000e+01
-17.18650000 2.46700000e+01
-17.15650000 4.12205000e+01
-17.12650000 6.54155000e+01
-17.09650000 6.71796000e+01
-17.06650000 5.19539000e+01
-17.03650000 4.06542000e+01
-17.00650000 2.73205000e+01
-16.97650000 1.86792000e+01
-16.94650000 1.37557000e+01
-16.91650000 1.08322000e+01
-16.88650000 9.12477000e+00
-16.85650000 8.50327000e+00
-16.82650000 8.95660000e+00
-16.79650000 1.08117000e+01
-16.76650000 1.51787000e+01
-16.73650000 2.40007000e+01
-16.70650000 3.35095000e+01
-16.67650000 2.83427000e+01
-16.64650000 1.82331000e+01
-16.61650000 1.29661000e+01
-16.58650000 1.12597000e+01
-16.55650000 1.20807000e+01
-16.52650000 1.59454000e+01
-16.49650000 2.40123000e+01
-16.46650000 2.94635000e+01
-16.43650000 2.27054000e+01
-16.40650000 1.64910000e+01
-16.37650000 1.50341000e+01
-16.34650000 1.70786000e+01
-16.31650000 2.05306000e+01
-16.28650000 2.08895000e+01
-16.25650000 2.11188000e+01
-16.22650000 2.49782000e+01
-16.19650000 3.04649000e+01
-16.16650000 3.10904000e+01
-16.13650000 3.66268000e+01
-16.10650000 4.24686000e+01
-16.07650000 3.25222000e+01
-16.04650000 2.20394000e+01
-16.01650000 1.64833000e+01
-15.98650000 1.45408000e+01
-15.95650000 1.59355000e+01
-15.92650000 2.12084000e+01
-15.89650000 2.95233000e+01
-15.86650000 3.17572000e+01
-15.83650000 3.24725000e+01
-15.80650000 4.27411000e+01
-15.77650000 5.03451000e+01
-15.74650000 3.74057000e+01
-15.71650000 2.59314000e+01
-15.68650000 2.09656000e+01
-15.65650000 1.81656000e+01
-15.62650000 1.82560000e+01
-15.59650000 1.65936000e+01
-15.56650000 1.12804000e+01
-15.53650000 7.41266000e+00
-15.50650000 5.30141000e+00
-15.47650000 4.10072000e+00
-15.43540000 3.16805000e+00
-15.40540000 2.77340000e+00
-15.37540000 2.54489000e+00
-15.34540000 2.46827000e+00
-15.31540000 2.46802000e+00
-15.28540000 2.35099000e+00
-15.25540000 2.24291000e+00
-15.22540000 2.29013000e+00
-15.19540000 2.52301000e+00
-15.16540000 3.02473000e+00
-15.13540000 4.01745000e+00
-15.10540000 6.02890000e+00
-15.07540000 1.00424000e+01
-15.04540000 1.50437000e+01
-15.01540000 1.32764000e+01
-14.98540000 8.06555000e+00
-14.95540000 5.01069000e+00
-14.92540000 3.56121000e+00
-14.89540000 2.94107000e+00
-14.86540000 2.87300000e+00
-14.83540000 3.37952000e+00
-14.80540000 4.48697000e+00
-14.77540000 4.86361000e+00
-14.74540000 3.48863000e+00
-14.71540000 2.35424000e+00
-14.68540000 1.78386000e+00
-14.65540000 1.52424000e+00
-14.62540000 1.45204000e+00
-14.59540000 1.55451000e+00
-14.56540000 1.89996000e+00
-14.53540000 2.40676000e+00
-14.50540000 2.35492000e+00
-14.47540000 2.04291000e+00
-14.44540000 2.10222000e+00
-14.41540000 2.66581000e+00
-14.38540000 4.03663000e+00
-14.35540000 6.31856000e+00
-14.32540000 6.77759000e+00
-14.29540000 4.55980000e+00
-14.26540000 2.81518000e+00
-14.23540000 1.92937000e+00
-14.20540000 1.49691000e+00
-14.17540000 1.28369000e+00
-14.14540000 1.20159000e+00
-14.11540000 1.22977000e+00
-14.08540000 1.38523000e+00
-14.05540000 1.74323000e+00
-14.02540000 2.47977000e+00
-13.99540000 3.77878000e+00
-13.96540000 5.43163000e+00
-13.93540000 6.28536000e+00
-13.90540000 4.57973000e+00
-13.87540000 2.88745000e+00
-13.84540000 2.06627000e+00
-13.81540000 1.76538000e+00
-13.78540000 1.73836000e+00
-13.75540000 1.69455000e+00
-13.72540000 1.71985000e+00
-13.69540000 2.10153000e+00
-13.66540000 3.10358000e+00
-13.63540000 4.93100000e+00
-13.60540000 5.66578000e+00
-13.57540000 3.90352000e+00
-13.54540000 2.48495000e+00
-13.51540000 1.85724000e+00
-13.48540000 1.53476000e+00
-13.45540000 1.27500000e+00
-13.42540000 1.02871000e+00
-13.39540000 8.68840000e-01
-13.36540000 7.99654000e-01
-13.33540000 8.05742000e-01
-13.30540000 8.65055000e-01
-13.27540000 9.36136000e-01
-13.24540000 1.11007000e+00
-13.21540000 1.51692000e+00
-13.18540000 2.32445000e+00
-13.15540000 3.37051000e+00
-13.11430000 4.32300000e+00
-13.08430000 3.77324000e+00
-13.05430000 2.38928000e+00
-13.02430000 1.54300000e+00
-12.99430000 1.09952000e+00
-12.96430000 8.57435000e-01
-12.93430000 7.55757000e-01
-12.90430000 7.71676000e-01
-12.87430000 9.40434000e-01
-12.84430000 1.32057000e+00
-12.81430000 1.55050000e+00
-12.78430000 1.14347000e+00
-12.75430000 7.36349000e-01
-12.72430000 5.17332000e-01
-12.69430000 4.00890000e-01
-12.66430000 3.33339000e-01
-12.63430000 2.90992000e-01
-12.60430000 2.63393000e-01
-12.57430000 2.46263000e-01
-12.54430000 2.39262000e-01
-12.51430000 2.43255000e-01
-12.48430000 2.41239000e-01
-12.45430000 2.16519000e-01
-12.42430000 1.94798000e-01
-12.39430000 1.81297000e-01
-12.36430000 1.72487000e-01
-12.33430000 1.66364000e-01
-12.30430000 1.62138000e-01
-12.27430000 1.59663000e-01
-12.24430000 1.59353000e-01
-12.21430000 1.62508000e-01
-12.18430000 1.72353000e-01
-12.15430000 1.95301000e-01
-12.12430000 2.27775000e-01
-12.09430000 2.18904000e-01
-12.06430000 1.81664000e-01
-12.03430000 1.58275000e-01
-12.00430000 1.46514000e-01
-11.97430000 1.40904000e-01
-11.94430000 1.39241000e-01
-11.91430000 1.40468000e-01
-11.88430000 1.45509000e-01
-11.85430000 1.58411000e-01
-11.82430000 1.69732000e-01
-11.79430000 1.58973000e-01
-11.76430000 1.43660000e-01
-11.73430000 1.32536000e-01
-11.70430000 1.26576000e-01
-11.67430000 1.23948000e-01
-11.64430000 1.23388000e-01
-11.61430000 1.24647000e-01
-11.58430000 1.28857000e-01
-11.55430000 1.36491000e-01
-11.52430000 1.41307000e-01
-11.49430000 1.40188000e-01
-11.46430000 1.44622000e-01
-11.43430000 1.60677000e-01
-11.40430000 1.96987000e-01
-11.37430000 2.58736000e-01
-11.34430000 2.79904000e-01
-11.31430000 2.22047000e-01
-11.28430000 1.74442000e-01
-11.25430000 1.47933000e-01
-11.22430000 1.34125000e-01
-11.19430000 1.27162000e-01
-11.16430000 1.23985000e-01
-11.13430000 1.22420000e-01
-11.10430000 1.20796000e-01
-11.07430000 1.20072000e-01
-11.04430000 1.20500000e-01
-11.01430000 1.21636000e-01
-10.98430000 1.22839000e-01
-10.95430000 1.24492000e-01
-10.92430000 1.26862000e-01
-10.89430000 1.29942000e-01
-10.86430000 1.33786000e-01
-10.83430000 1.38545000e-01
-10.79320000 1.47038000e-01
-10.76320000 1.54805000e-01
-10.73320000 1.63311000e-01
-10.70320000 1.72542000e-01
-10.67320000 1.84198000e-01
-10.64320000 1.99206000e-01
-10.61320000 2.18355000e-01
-10.58320000 2.42945000e-01
-10.55320000 2.75020000e-01
-10.52320000 3.17778000e-01
-10.49320000 3.76367000e-01
-10.46320000 4.59439000e-01
-10.43320000 5.82317000e-01
-10.40320000 7.73352000e-01
-10.37320000 1.08784000e+00
-10.34320000 1.64941000e+00
-10.31320000 2.72971000e+00
-10.28320000 4.82439000e+00
-10.25320000 7.41157000e+00
-10.22320000 6.46315000e+00
-10.19320000 3.75486000e+00
-10.16320000 2.15272000e+00
-10.13320000 1.35106000e+00
-10.10320000 9.25441000e-01
-10.07320000 6.80379000e-01
-10.04320000 5.29867000e-01
-10.01320000 4.34146000e-01
-9.98321000 3.72880000e-01
-9.95321000 3.26027000e-01
-9.92321000 2.83705000e-01
-9.89321000 2.52729000e-01
-9.86321000 2.31631000e-01
-9.83321000 2.17826000e-01
-9.80321000 2.10354000e-01
-9.77321000 2.09746000e-01
-9.74321000 2.17994000e-01
-9.71321000 2.35061000e-01
-9.68321000 2.45544000e-01
-9.65321000 2.52714000e-01
-9.62321000 2.82016000e-01
-9.59321000 3.49662000e-01
-9.56321000 4.90091000e-01
-9.53321000 7.68024000e-01
-9.50321000 1.10186000e+00
-9.47321000 9.76632000e-01
-9.44321000 6.38765000e-01
-9.41321000 4.52637000e-01
-9.38321000 3.82303000e-01
-9.35321000 3.84904000e-01
-9.32321000 4.61606000e-01
-9.29321000 6.58767000e-01
-9.26321000 1.02318000e+00
-9.23321000 1.20389000e+00
-9.20321000 8.63020000e-01
-9.17321000 5.34953000e-01
-9.14321000 3.62736000e-01
-9.11321000 2.75750000e-01
-9.08321000 2.29580000e-01
-9.05321000 2.04830000e-01
-9.02321000 1.93198000e-01
-8.99321000 1.91492000e-01
-8.96321000 1.99591000e-01
-8.93321000 2.20327000e-01
-8.90321000 2.60926000e-01
-8.87321000 3.39095000e-01
-8.84321000 4.96649000e-01
-8.81321000 7.97634000e-01
-8.78321000 1.08048000e+00
-8.75321000 8.86398000e-01
-8.72321000 6.28397000e-01
-8.69321000 5.67997000e-01
-8.66321000 6.64936000e-01
-8.63321000 6.70695000e-01
-8.60321000 4.64660000e-01
-8.57321000 3.08067000e-01
-8.54321000 2.25753000e-01
-8.51321000 1.81184000e-01
-8.47211000 1.48034000e-01
-8.44211000 1.33965000e-01
-8.41211000 1.24616000e-01
-8.38211000 1.18378000e-01
-8.35211000 1.14403000e-01
-8.32211000 1.12287000e-01
-8.29211000 1.11947000e-01
-8.26211000 1.13628000e-01
-8.23211000 1.18057000e-01
-8.20211000 1.26864000e-01
-8.17211000 1.43766000e-01
-8.14211000 1.77114000e-01
-8.11211000 2.36871000e-01
-8.08211000 2.81058000e-01
-8.05211000 2.54819000e-01
-8.02211000 2.46785000e-01
-7.99211000 2.91888000e-01
-7.96211000 3.90817000e-01
-7.93211000 5.41104000e-01
-7.90211000 5.25811000e-01
-7.87211000 3.49479000e-01
-7.84211000 2.33380000e-01
-7.81211000 1.75810000e-01
-7.78211000 1.46554000e-01
-7.75211000 1.31692000e-01
-7.72211000 1.27367000e-01
-7.69211000 1.34427000e-01
-7.66211000 1.52255000e-01
-7.63211000 1.53578000e-01
-7.60211000 1.28977000e-01
-7.57211000 1.10093000e-01
-7.54211000 1.00479000e-01
-7.51211000 9.54059000e-02
-7.48211000 9.30854000e-02
-7.45211000 9.32990000e-02
-7.42211000 9.71356000e-02
-7.39211000 1.06797000e-01
-7.36211000 1.17762000e-01
-7.33211000 1.11100000e-01
-7.30211000 9.90027000e-02
-7.27211000 9.29828000e-02
-7.24211000 9.11103000e-02
-7.21211000 9.03393000e-02
-7.18211000 9.03376000e-02
-7.15211000 8.93707000e-02
-7.12211000 8.77055000e-02
-7.09211000 8.67453000e-02
-7.06211000 8.73072000e-02
-7.03211000 8.93374000e-02
-7.00211000 9.15784000e-02
-6.97211000 9.30761000e-02
-6.94211000 9.10263000e-02
-6.91211000 8.97852000e-02
-6.88211000 9.08173000e-02
-6.85211000 9.42638000e-02
-6.82211000 9.97465000e-02
-6.79211000 1.03683000e-01
-6.76211000 1.07502000e-01
-6.73211000 1.13884000e-01
-6.70211000 1.20855000e-01
-6.67211000 1.34938000e-01
-6.64211000 1.65227000e-01
-6.61211000 2.24856000e-01
-6.58211000 2.86409000e-01
-6.55211000 2.52639000e-01
-6.52211000 1.91539000e-01
-6.49211000 1.61177000e-01
-6.46211000 1.53663000e-01
-6.43211000 1.62083000e-01
-6.40211000 1.79190000e-01
-6.37211000 1.85644000e-01
-6.34211000 1.87412000e-01
-6.31211000 2.00677000e-01
-6.28211000 1.99730000e-01
-6.25211000 1.98962000e-01
-6.22211000 2.20935000e-01
-6.19211000 2.75983000e-01
-6.15102000 4.53908000e-01
-6.12102000 6.94286000e-01
-6.09102000 8.56590000e-01
-6.06102000 7.60792000e-01
-6.03102000 6.74963000e-01
-6.00102000 6.44001000e-01
-5.97102000 5.20751000e-01
-5.94102000 3.64453000e-01
-5.91102000 2.85785000e-01
-5.88102000 2.60572000e-01
-5.85102000 2.40978000e-01
-5.82102000 2.11024000e-01
-5.79102000 1.90485000e-01
-5.76102000 1.82793000e-01
-5.73102000 1.76700000e-01
-5.70102000 1.70346000e-01
-5.67102000 1.73094000e-01
-5.64102000 1.86555000e-01
-5.61102000 2.12629000e-01
-5.58102000 2.63541000e-01
-5.55102000 3.53998000e-01
-5.52102000 4.86516000e-01
-5.49102000 6.01701000e-01
-5.46102000 5.31389000e-01
-5.43102000 4.29918000e-01
-5.40102000 4.26926000e-01
-5.37102000 5.39303000e-01
-5.34102000 8.00178000e-01
-5.31102000 1.06338000e+00
-5.28102000 1.01432000e+00
-5.25102000 8.19505000e-01
-5.22102000 5.78627000e-01
-5.19102000 4.28769000e-01
-5.16102000 3.41036000e-01
-5.13102000 2.66246000e-01
-5.10102000 2.22302000e-01
-5.07102000 2.03115000e-01
-5.04102000 2.02019000e-01
-5.01102000 2.20857000e-01
-4.98102000 2.71556000e-01
-4.95102000 3.64573000e-01
-4.92102000 4.31010000e-01
-4.89102000 3.79723000e-01
-4.86102000 3.45914000e-01
-4.83102000 3.86267000e-01
-4.80102000 4.10890000e-01
-4.77102000 3.61187000e-01
-4.74102000 2.80139000e-01
-4.71102000 2.34120000e-01
-4.68102000 2.30790000e-01
-4.65102000 2.54393000e-01
-4.62102000 2.60505000e-01
-4.59102000 2.58271000e-01
-4.56102000 2.91253000e-01
-4.53102000 3.49029000e-01
-4.50102000 3.54183000e-01
-4.47102000 2.84575000e-01
-4.44102000 2.18080000e-01
-4.41102000 1.87372000e-01
-4.38102000 1.83149000e-01
-4.35102000 1.99810000e-01
-4.32102000 2.23432000e-01
-4.29102000 2.34730000e-01
-4.26102000 2.24107000e-01
-4.23102000 2.08456000e-01
-4.20102000 2.11972000e-01
-4.17102000 2.18046000e-01
-4.14102000 2.38135000e-01
-4.11102000 3.04981000e-01
-4.08102000 4.40807000e-01
-4.05102000 5.41447000e-01
-4.02102000 4.45892000e-01
-3.99102000 3.17530000e-01
-3.96102000 2.45546000e-01
-3.93102000 2.07185000e-01
-3.90102000 1.78290000e-01
-3.87102000 1.63503000e-01
-3.82992000 1.68695000e-01
-3.79992000 1.83987000e-01
-3.76992000 1.88619000e-01
-3.73992000 1.98908000e-01
-3.70992000 1.91288000e-01
-3.67992000 1.58763000e-01
-3.64992000 1.37315000e-01
-3.61992000 1.27308000e-01
-3.58992000 1.23931000e-01
-3.55992000 1.25892000e-01
-3.52992000 1.31961000e-01
-3.49992000 1.32851000e-01
-3.46992000 1.30633000e-01
-3.43992000 1.36441000e-01
-3.40992000 1.54061000e-01
-3.37992000 1.70781000e-01
-3.34992000 1.55933000e-01
-3.31992000 1.36891000e-01
-3.28992000 1.25889000e-01
-3.25992000 1.18888000e-01
-3.22992000 1.15292000e-01
-3.19992000 1.13815000e-01
-3.16992000 1.13569000e-01
-3.13992000 1.14252000e-01
-3.10992000 1.15744000e-01
-3.07992000 1.18119000e-01
-3.04992000 1.21854000e-01
-3.01992000 1.27736000e-01
-2.98992000 1.37367000e-01
-2.95992000 1.54277000e-01
-2.92992000 1.86416000e-01
-2.89992000 2.48202000e-01
-2.86992000 3.22973000e-01
-2.83992000 2.98137000e-01
-2.80992000 2.29539000e-01
-2.77992000 1.94584000e-01
-2.74992000 1.82537000e-01
-2.71992000 1.89261000e-01
-2.68992000 2.21349000e-01
-2.65992000 2.81917000e-01
-2.62992000 3.03533000e-01
-2.59992000 2.44651000e-01
-2.56992000 2.00874000e-01
-2.53992000 1.88024000e-01
-2.50992000 2.00384000e-01
-2.47992000 2.35816000e-01
-2.44992000 2.49202000e-01
-2.41992000 2.14542000e-01
-2.38992000 1.92403000e-01
-2.35992000 1.91836000e-01
-2.32992000 2.12671000e-01
-2.29992000 2.43146000e-01
-2.26992000 2.42867000e-01
-2.23992000 2.18226000e-01
-2.20992000 1.85799000e-01
-2.17992000 1.68080000e-01
-2.14992000 1.65402000e-01
-2.11992000 1.77279000e-01
-2.08992000 1.95779000e-01
-2.05992000 1.86225000e-01
-2.02992000 1.64446000e-01
-1.99992000 1.53429000e-01
-1.96992000 1.52028000e-01
-1.93992000 1.55867000e-01
-1.90992000 1.61327000e-01
-1.87992000 1.68171000e-01
-1.84992000 1.70151000e-01
-1.81992000 1.76820000e-01
-1.78992000 1.92382000e-01
-1.75992000 2.13776000e-01
-1.72992000 2.05590000e-01
-1.69992000 1.76170000e-01
-1.66992000 1.58595000e-01
-1.63992000 1.49151000e-01
-1.60992000 1.43241000e-01
-1.57992000 1.40508000e-01
-1.54992000 1.39575000e-01
-1.50883000 1.38409000e-01
-1.47883000 1.37646000e-01
-1.44883000 1.37703000e-01
-1.41883000 1.38562000e-01
-1.38883000 1.40365000e-01
-1.35883000 1.43640000e-01
-1.32883000 1.48941000e-01
-1.29883000 1.52862000e-01
-1.26883000 1.50112000e-01
-1.23883000 1.47458000e-01
-1.20883000 1.47201000e-01
-1.17883000 1.48639000e-01
-1.14883000 1.51397000e-01
-1.11883000 1.55141000e-01
-1.08883000 1.60905000e-01
-1.05883000 1.71259000e-01
-1.02883000 1.90351000e-01
-0.99882600 2.17919000e-01
-0.96882600 2.27725000e-01
-0.93882600 2.29769000e-01
-0.90882600 2.54120000e-01
-0.87882600 2.73678000e-01
-0.84882600 2.52843000e-01
-0.81882600 2.27854000e-01
-0.78882600 2.16729000e-01
-0.75882600 2.18545000e-01
-0.72882600 2.40643000e-01
-0.69882600 2.86313000e-01
-0.66882600 3.20264000e-01
-0.63882600 2.92085000e-01
-0.60882600 2.39970000e-01
-0.57882600 2.09177000e-01
-0.54882600 1.94987000e-01
-0.51882600 1.89574000e-01
-0.48882600 1.89794000e-01
-0.45882600 1.95528000e-01
-0.42882600 2.09506000e-01
-0.39882600 2.37448000e-01
-0.36882600 2.71219000e-01
-0.33882600 2.64472000e-01
-0.30882600 2.47301000e-01
-0.27882600 2.52025000e-01
-0.24882600 2.55669000e-01
-0.21882600 2.45341000e-01
-0.18882600 2.29051000e-01
-0.15882600 2.15221000e-01
-0.12882600 2.11577000e-01
-0.09882600 2.17275000e-01
-0.06882600 2.29953000e-01
-0.03882600 2.37540000e-01
-0.00882601 2.46210000e-01
0.02117400 2.65664000e-01
0.05117400 2.91730000e-01
0.08117400 3.21169000e-01
0.11117400 3.32053000e-01
0.14117400 3.63854000e-01
0.17117400 3.89388000e-01
0.20117400 3.56006000e-01
0.23117400 3.04413000e-01
0.26117400 2.84534000e-01
0.29117400 2.81533000e-01
0.32117400 2.73936000e-01
0.35117400 2.58617000e-01
0.38117400 2.47805000e-01
0.41117400 2.47245000e-01
0.44117400 2.55386000e-01
0.47117400 2.79023000e-01
0.50117400 3.29583000e-01
0.53117400 3.82789000e-01
0.56117400 3.48915000e-01
0.59117400 2.91467000e-01
0.62117400 2.60680000e-01
0.65117400 2.46890000e-01
0.68117400 2.41545000e-01
0.71117400 2.40834000e-01
0.74117400 2.41397000e-01
0.77117400 2.44106000e-01
